50.64898800771836
46.71054011904464
43.468437518937336
45.4305375804648
41.26497440731857
37.89018981437249
28.972961816499406
25.507146545265066
24.111289887834868
16.92068106906091
14.508875398608245
13.010061476196796
6.799147731993244
5.612515659270353
3.6740061734903584
1.392696899424262
0.33487823857250626
2.8002243884126035
74.57927520447507
127.1220037192857
151.06594671580675
188.65455810415096
218.114405645233
250.8686374383864
304.81312730834986
311.28302563100067
309.03961801500117
305.9912759668191
309.6953172101686
307.78683014681184
