0.97320488755
0.983158687625
0.9787682698749999
0.9695164899750001
1.066660932675
1.0610354899499999
1.035680020075
1.03873698495
0.9890891051749999
0.9915252951250002
1.026974160075
1.07668598495
1.048452067725
1.043410099975
0.9791033024000001
1.0050641698749998
1.012792034825
1.027773925125
1.039627927475
1.0068518798500001
1.0254375275499998
1.0231668774250005
1.013203787375
1.0179219525999996
0.9751834898749999
0.9844720050500001
0.9563790624499999
0.798881659875
0.60283114265
0.263259844925
0.09438744734999999
0.048573922475
0.044028375025000004
0.047628562575
0.05283939747500001
0.06485943512499999
0.08894133757500003
0.13775902512500002
0.237604634875
0.4220381049250001
0.846757472375
