1.169554745337984
1.1590041062831231
1.162121526240987
1.1617743940137193
1.156928842160123
1.158995374610974
1.1666560247996318
1.1658862923751618
1.1706242414105832
1.171253830771402
1.168187572731044
1.1642891820446997
1.1733362155909968
1.1746406026421283
1.183573176977346
1.184048448894815
1.1927305822882022
1.2001555182199906
1.209520351012734
1.23037661566898
1.251416661056297
1.2813626590233456
1.316520195620675
1.365238269439159
1.4387655071502417
1.5218512834373032
1.6366112935818937
1.8578872677110971
2.2517339604016606
3.113406439628319
3.6631551631419645
3.84713432975335
3.878745698637156
3.873543621968886
3.8843478058394396
3.884061528936159
3.8928330149614156
3.8725997322295385
3.9076657035575066
3.8600523111661564
3.912509624526708
