0.1244221649730604
0.12459499638593886
0.12433762008238437
0.12464070228619105
0.12483280293300396
0.12450287296658112
0.12465784248606943
0.12483498500489792
0.12515516066939372
0.12485133348749981
0.1252963509209954
0.12532765988855607
0.12588566676932103
0.12621451633754033
0.12687807682455465
0.12729886204108834
0.12810419245170465
0.1287684174256961
0.13028755802857084
0.13162365736701792
0.13349260617391503
0.1353762219102826
0.13858840184330776
0.14139609960026073
0.15774999327504483
0.25102796598255106
0.5518506026529282
0.0
0.0
0.0
0.0
