0.2555558753608276
0.23220189202359434
0.18032404679295583
0.15425761431517723
0.13173786197767826
0.12385915204285032
0.12394910490880218
0.12447446016519272
0.12429513565107711
0.12446960685796372
0.12450249477351276
0.12458403344040257
0.1249807671328291
0.12501679756350098
0.12534771308563025
0.12588255872678686
0.1263598112493566
0.12719173485319793
0.1286905237898755
0.13028730389064727
0.13244304130865026
0.1344965466833736
0.13769777896021942
0.14230334498442743
0.18068317886156368
0.40885886962916557
0.8363944032573866
1.0929653786302331
1.3694194122845655
1.5259366190565669
1.710623053684852
