2.5509663605839847e-5
4.0574082414021864e-5
4.3224480287960246e-5
5.556171121328564e-5
4.113757720306347e-5
5.9841099209562364e-5
4.308962094995756e-5
3.387254587134951e-5
4.784306243508756e-5
2.4523748378186335e-5
3.0114152463731215e-5
3.4794175364728516e-5
4.765163352994248e-5
2.701906835824664e-5
3.257999373799243e-5
6.510688812890424e-5
2.2272999501870964e-5
4.1378293438727584e-5
4.6431672359155334e-5
2.4970647449792635e-5
3.6821373022634895e-5
3.128343865585392e-5
3.7551606917699535e-5
3.4449398856613876e-5
4.32555386009114e-5
3.368169228770695e-5
3.8942037748785835e-5
3.098283152526231e-5
3.931168973078651e-5
3.6565672707831524e-5
3.348564095895388e-5
5.5367664494131323e-5
5.361530646667074e-5
4.064040067946444e-5
4.2255498966503716e-5
3.5569958745748364e-5
4.817850124667295e-5
3.3438209850894326e-5
3.325436003929939e-5
6.937121139731287e-5
8.277550397754883e-5
0.00026900773522369685
3.331471092869598e-5
6.0569749625094484e-5
0.00010769922006031104
2.2862859941882022e-5
4.685928112909455e-5
3.3855405977989806e-5
0.00034430706162626786
4.092961050637979e-5
1.967827624009502e-5
4.25319934392081e-5
2.6594343159628653e-5
2.3112819256567874e-5
8.941053430054588e-5
2.7781568994957732e-5
0.00011604871071657931
4.6627400074011245e-5
2.1755297096266077e-5
2.3750882104828636e-5
4.035881773552046e-5
4.64848828983743e-5
4.256471598937462e-5
5.6785441382279676e-5
0.00015611733370283107
3.9312854776831475e-5
7.901262673694343e-5
3.9491056344807535e-5
0.00014022847872955751
2.215252328788744e-5
5.018259451876727e-5
3.860509596022362e-5
4.958567793891091e-5
5.7747230531033005e-5
1.8794463609530828e-5
2.7759804543295104e-5
0.0004409712731352731
3.87208686575414e-5
0.0002152768453995706
3.129288256161849e-5
0.00018094085728516342
4.0381822047476e-5
8.385406172601147e-5
8.780847659760173e-5
6.968446628475955e-5
4.174851842425038e-5
0.00018922685121508919
5.020876396057445e-5
0.00012685319842739408
4.5217745848651657e-5
4.6097513523726285e-5
2.2956507471583054e-5
7.864046702998785e-5
7.542186296089608e-5
4.482963815124561e-5
4.1808191659053825e-5
3.883434341761939e-5
0.00022251451984115923
1.69688584874768e-5
4.768256799616379e-5
0.0002174347254103166
8.598914778490205e-5
2.3937438103762654e-5
6.791942691951494e-5
8.133171835189567e-5
0.0021079974582283987
6.139852616382702e-5
5.4630223860959104e-5
2.188215021074662e-5
5.84513187123377e-5
6.355603166277449e-5
5.8881738776467655e-5
3.41839941993803e-5
4.8948828647046555e-5
8.71077122945697e-5
7.859685118770992e-5
5.431965158856482e-5
8.66506018754428e-5
7.144752028690257e-5
2.1795468691173607e-5
2.5559635594551746e-5
5.4170049702967624e-5
0.0001699957054463668
7.670178033794949e-5
4.59830476284347e-5
9.771639811341578e-5
2.798909993082048e-5
3.317787524391885e-5
7.028248248486746e-5
3.938903867879139e-5
0.00022439489253801376
0.0002633314903707403
5.437510451779282e-5
0.00011202335086861612
1.740632699415049e-5
4.374390985976829e-5
5.2629301067370836e-5
9.127900876117416e-5
3.364023783146685e-5
5.166453860569343e-5
8.123443856120158e-5
5.3684296594831306e-5
3.7890547587383984e-5
0.00027727337503083763
4.7781401100545744e-5
3.2936271023356546e-5
4.8517609477302126e-5
3.0166309659417874e-5
7.921651821847361e-5
2.3924353866859633e-5
4.926237295851447e-5
0.00025241848112011697
0.00011507904854128017
3.4972902844492306e-5
8.464304768260439e-5
6.616188631400123e-5
3.077950639441536e-5
3.275958169518046e-5
2.9658586602504384e-5
3.100740651111925e-5
2.787312166519495e-5
5.323068277720951e-5
5.8669739400886564e-5
5.407313879832635e-5
3.2127291090563104e-5
3.6088473558164556e-5
6.0626944051032855e-5
4.4621006648810766e-5
8.415065747045327e-5
9.72359169064047e-5
2.246260048991711e-5
5.04723038154557e-5
1.7640750592134057e-5
8.361957402081942e-5
4.434666964323226e-5
2.6757388894499823e-5
3.0480175720764473e-5
0.00021882861971850878
7.052578046508624e-5
6.072797321084198e-5
3.449610989756736e-5
6.389008433703105e-5
0.00010124676996316946
7.724939984087435e-5
6.283871210891304e-5
5.082177741895801e-5
3.652248003019564e-5
8.004723179051543e-5
2.3637456849085435e-5
9.933649057709465e-5
3.941383197176167e-5
2.0109025233718073e-5
0.00013127171081724688
3.652653018202596e-5
2.4675067306704837e-5
5.5611645244430206e-5
3.79241880404178e-5
4.205893852409015e-5
0.0003262310372000074
2.87280087507835e-5
2.483320177653038e-5
5.44411373203758e-5
8.443142789604816e-5
5.931324690369642e-5
4.4323103686122184e-5
8.05953233038247e-5
4.402827795195187e-5
3.315804488179329e-5
0.0003740647285759606
5.343642742532576e-5
0.0001272324600765424
2.7691525516552386e-5
2.3416780937373173e-5
4.1553818990358394e-5
2.3888445814579076e-5
2.4982417544629788e-5
3.7616024256542115e-5
6.83220638584933e-5
3.14503541359417e-5
4.666292203734949e-5
2.0202068764538535e-5
3.7061380649928376e-5
5.465418388375337e-5
5.794614434540422e-5
0.00020158348470997745
4.934657535806159e-5
5.509735515858707e-5
3.932918596044717e-5
0.00018965097211783393
3.323381503795808e-5
5.9573459481470945e-5
5.2587468605813885e-5
4.044613361370527e-5
4.734547532278934e-5
5.5020227762639286e-5
0.00010017491021477896
3.5744338840028717e-5
0.00012040963420495668
3.504241839865485e-5
5.076049575515265e-5
2.4270443686032938e-5
3.3815450085652356e-5
5.4508555722214035e-5
4.8605245263502026e-5
2.865488850720077e-5
0.00010028560009005021
4.208549108253126e-5
6.566058828214418e-5
3.99594553706516e-5
3.7450166043558564e-5
6.200277927369265e-5
2.4725245940496858e-5
6.659359269969556e-5
0.0001118212990907155
6.390165949994735e-5
0.000305007680361703
4.073707369562927e-5
9.745375752203127e-5
3.492323529774323e-5
4.689715590462818e-5
0.00011270390360822782
2.131627494219828e-5
0.00012888738132904094
0.00015175070837996463
4.299265288819006e-5
4.891164538778895e-5
3.0628622012889646e-5
8.144789553378007e-5
5.60247292323454e-5
5.516117412141273e-5
3.439021814746831e-5
0.00019786644709626736
5.595380155088571e-5
2.4364848868519692e-5
0.00012639761353458107
0.0001655840459981785
4.632410127346024e-5
4.402609809443579e-5
8.930812837468478e-5
2.0062664804829082e-5
3.4480752052889095e-5
6.824701527741192e-5
3.0512493986858826e-5
4.424399920269998e-5
3.488494671375314e-5
7.66627612734817e-5
0.00014213599823084889
6.248725578785405e-5
6.666548231200351e-5
0.00014428080410996844
8.384363369908771e-5
2.4877692787373244e-5
6.37916346574788e-5
4.597553727161395e-5
2.343176542154589e-5
4.9472508513367994e-5
4.04004467655586e-5
3.236657635165187e-5
3.365360511843823e-5
2.7045144493563595e-5
0.00016818208483300324
0.00017724140888232122
2.3656707967571508e-5
3.869163463343586e-5
3.837929586183193e-5
5.157094258494494e-5
7.871206263759821e-5
6.128139511208907e-5
6.939773805247742e-5
3.3237712265237405e-5
6.175541835513217e-5
6.917511062262929e-5
5.1738421997875756e-5
5.8233178722971857e-5
6.51712167914715e-5
3.835181782406731e-5
8.7744742602716e-5
3.991410107554527e-5
0.00033179676422480126
0.00010102544603034387
3.081858304311506e-5
8.760873503061334e-5
4.734618738683713e-5
3.278037382833585e-5
5.9404893336150756e-5
6.139218612268519e-5
4.0745602755400026e-5
5.9685180904572784e-5
7.295231095403901e-5
4.198923825214403e-5
2.256014199128897e-5
5.056002604250382e-5
5.678474451094021e-5
7.692842836142677e-5
4.459612121379779e-5
6.942785710913715e-5
5.196588897516104e-5
6.613929930391237e-5
5.762022786334814e-5
0.00019696198890590576
2.6445064614665565e-5
4.783430165697155e-5
3.157060094117796e-5
2.5294388367297867e-5
4.9422566191540615e-5
4.050170655617047e-5
6.5504598603092e-5
4.623503480610566e-5
4.465010421542286e-5
2.840681261678575e-5
2.68670870355822e-5
3.1655678535226935e-5
5.404682149645663e-5
6.274534860122555e-5
6.928477367380712e-5
6.340594584019e-5
2.7021979819241944e-5
4.675311189740829e-5
5.8863986012108044e-5
0.00011568461568884616
8.964495440654582e-5
4.1702587700394475e-5
6.547424151314853e-5
4.047701958283716e-5
2.570917511883742e-5
8.343393852687668e-5
2.527671931679556e-5
4.598943185751973e-5
3.899119083365918e-5
8.882313914834778e-5
4.359879941147597e-5
9.854238547619706e-5
4.668333719641307e-5
0.00022067997266654512
4.5132791115563413e-5
0.00010098002208783216
4.759589461309073e-5
3.111648750796011e-5
9.450474592480298e-5
4.47918082152907e-5
4.4017916472550514e-5
4.177750246000304e-5
3.651421836261082e-5
4.8150433215187774e-5
4.7647815481940675e-5
3.432556138897201e-5
7.285493656296248e-5
4.1453213667084444e-5
0.0001076471717309583
4.129550892893969e-5
4.7227924972282294e-5
4.686742338876727e-5
6.19381771337781e-5
3.172275690029205e-5
2.4245669274846432e-5
0.0010519477394330676
8.044316157470072e-5
5.1734238428876424e-5
3.206943295985583e-5
3.525345163677885e-5
9.955340520670807e-5
2.704617235735561e-5
4.744280094340493e-5
1.1933629833100229e-5
6.347787370636083e-5
8.809678098089082e-5
0.00010965903701203843
3.2398503341194554e-5
3.344401849213407e-5
5.382110936483472e-5
3.050439685554847e-5
0.0001021692355175835
0.00013376180976069348
2.9588170743025972e-5
3.535776117005514e-5
0.00011429839802551265
7.407108117429796e-5
4.363477974553072e-5
3.1126552363812174e-5
3.6610148430689354e-5
6.870403527799817e-5
8.525071637456263e-5
0.00017547990636687636
9.504888050417742e-5
2.6082096675954025e-5
0.0001027021587522983
9.079623478133996e-5
0.00015721003930086442
4.356162858223871e-5
8.701670976708252e-5
0.0001359468507441348
6.083859885271327e-5
7.61260123835475e-5
3.389390001131643e-5
9.005292139813994e-5
4.078967079066781e-5
5.1968240947029176e-5
3.702676160222228e-5
3.260844174761698e-5
7.376136972281085e-5
3.3432660811566905e-5
8.245223332597798e-5
3.43037447959152e-5
8.070841580010877e-5
5.920022888193844e-5
0.00012927512294478338
9.797153247742913e-5
0.00016904784075162248
0.00012057871428841552
3.274108991184324e-5
3.308120927350908e-5
4.5025353445048806e-5
0.0021891538747941144
0.00011563995005324442
2.0292255523995644e-5
6.887953084872587e-5
5.2589237644802885e-5
6.586305356537271e-5
2.564168295333092e-5
2.0094783443025936e-5
3.252444839220564e-5
0.00016406918225351168
6.270591418231816e-5
3.84117673324708e-5
1.3639945596163102e-5
4.949083822092696e-5
5.2078200000552596e-5
9.453330156522431e-5
4.559383234527148e-5
6.341957210528469e-5
9.04799383965579e-5
8.690560483571684e-5
6.107941444624157e-5
5.564155335745503e-5
0.0002400106478072146
3.1118170814969803e-5
7.480347476320452e-5
5.922147239385239e-5
3.210883903592104e-5
5.219908591022006e-5
3.867312953484445e-5
4.89253967334865e-5
7.076107773889519e-5
0.0004913778650990823
1.7580933699023396e-5
3.061172739612414e-5
3.965963077040138e-5
3.2524311789449655e-5
0.00018474755623961453
9.23943116568074e-5
2.861530703246473e-5
4.9890772779930086e-5
9.057156637791492e-5
5.2815204064522816e-5
0.0003986150504268898
0.00013428544102808741
2.0422011524816094e-5
6.760232866857281e-5
3.545603621087229e-5
9.246373477117771e-5
4.218227662342235e-5
7.301051784328292e-5
0.00014851693618031102
1.8830444167767637e-5
6.628403986599429e-5
4.136219923130469e-5
3.379284316968862e-5
3.6898517098966604e-5
2.351931180277485e-5
5.7163067435536066e-5
3.614913266210881e-5
3.327356512240372e-5
0.0008121930503986189
4.729771785828633e-5
4.8778311345075006e-5
3.0484403501088304e-5
0.00013226931524696852
3.525184038267984e-5
0.00019002324919047852
6.430879791093416e-5
3.3535033963448715e-5
4.4603332510718917e-5
0.00028432017019127195
7.756012069294083e-5
6.748027067861029e-5
1.0021345885277184e-5
4.212272548075002e-5
4.820729367766128e-5
3.1582518856869494e-5
6.123114467419624e-5
0.0006358479615864453
4.579082954940617e-5
6.973674512161713e-5
5.260524387069592e-5
0.00010793568751689479
6.796779944535306e-5
8.306623610665436e-5
5.1826040523078276e-5
2.4417399883315856e-5
5.634688516154701e-5
8.200588055378206e-5
3.1038651151054974e-5
0.0005506472355772588
3.1682479960231504e-5
0.00017947386931301692
6.410895173879203e-5
1.5532155605627202e-5
5.356800008758704e-5
6.571549537300824e-5
0.0001252494636272489
3.860068175391872e-5
4.791469440471573e-5
3.325374169933002e-5
7.241854502051611e-5
3.5861107600915104e-5
4.4758162848683886e-5
4.068667780963277e-5
3.122865630155919e-5
0.00020012571895016196
4.551982054739447e-5
0.00010383732139165766
5.236941228554413e-5
3.947652570630947e-5
5.8872695919070026e-5
5.880413824137189e-5
6.636781110254914e-5
9.391190166724547e-5
7.551232774890671e-5
6.28320730328262e-5
3.1019293827225445e-5
6.862973084613849e-5
0.0004297260595480362
3.846021400975287e-5
5.322557767612239e-5
6.890106001540036e-5
3.7696995845718963e-5
3.2040893507106084e-5
7.766352398459389e-5
0.00028582245921529635
2.218537053016877e-5
0.00010301390088518564
4.364191107625798e-5
5.63908819682513e-5
5.488113750981585e-5
9.727339825804474e-5
8.294641804248855e-5
2.606036284629535e-5
2.3491725384593096e-5
4.421294803193331e-5
3.283812127438749e-5
7.596898689190754e-5
0.00011493434672756622
7.406313654474564e-5
7.087711671080163e-5
6.109907587852434e-5
3.970325419159701e-5
0.0001272838617984801
3.9926839706499765e-5
4.883583726422705e-5
6.335239070728915e-5
5.4593396727714866e-5
3.488826780164329e-5
4.943774170650376e-5
6.23727454931005e-5
4.960663622041716e-5
3.1535345163317404e-5
4.558897735755099e-5
6.290903574195195e-5
4.5879072277633354e-5
0.00016210278097622205
7.275926333976873e-5
1.9470976392487425e-5
8.206662700979556e-5
1.8821464542194467e-5
4.2243264359517724e-5
0.0001151921790266251
0.00011028787771908992
7.280534621936906e-5
2.6942138891732825e-5
3.131414506314956e-5
2.659788394686059e-5
8.052699828080861e-5
3.6410662837092565e-5
4.572301176184658e-5
2.1887423385161005e-5
2.5018116014037915e-5
0.00021707490093211024
7.430136967106946e-5
5.988600017079749e-5
2.5743832368274337e-5
4.808972842262587e-5
5.731766942025407e-5
4.515700523300449e-5
5.749263508110504e-5
4.0769453079957276e-5
2.566528520221071e-5
0.00021598401885621258
0.0001788290405165719
6.081695775494537e-5
3.5983586239438596e-5
5.480313255496261e-5
0.00015589267120520045
0.000145820612076284
8.903877041515902e-5
5.4455037061468463e-5
5.795632011731456e-5
0.00013349920751003132
2.2076742792983683e-5
0.00011042857699732242
2.6452227345136315e-5
0.00010611517107514184
4.075240855456216e-5
5.830824348747748e-5
3.336551656071976e-5
3.524668025898001e-5
5.89336582339032e-5
7.771848048461228e-5
4.523190253835076e-5
8.813948285633153e-5
2.4706536429571973e-5
1.222287419304458e-5
0.00020502976039321006
3.101006740972384e-5
4.296145430784351e-5
1.9917297798333454e-5
0.00010893924694558633
0.0008307572571842644
5.0914002654760445e-5
4.280741609417739e-5
3.055002627823611e-5
5.634147083337297e-5
4.395199451529361e-5
3.967111741575248e-5
3.333419584425396e-5
0.00022065352420470803
6.30372835181409e-5
3.022802857565995e-5
6.48520619142224e-5
4.593438171137402e-5
4.410812826280152e-5
4.185563631034868e-5
3.2864492170713976e-5
6.309747859296609e-5
8.62392617897422e-5
7.331108359650864e-5
5.296345802582673e-5
7.07218813597848e-5
3.417412309840722e-5
1.9695865781365508e-5
4.8483767573568626e-5
3.922320305018786e-5
3.387450001481252e-5
3.5592555468896405e-5
4.807543935301513e-5
5.5268215550976306e-5
6.771636954895567e-5
6.03579470003375e-5
4.842335054473772e-5
7.877932061279076e-5
2.2483763826465058e-5
3.311679443479576e-5
4.848096123842057e-5
3.541140661015662e-5
0.0002146625465564793
6.294362440359573e-5
5.121093075562926e-5
3.444665413080257e-5
6.653566760722403e-5
7.586067581150265e-5
2.9281919469067128e-5
4.6723186580833045e-5
5.496407813528052e-5
0.00011355055326069072
5.98249037109987e-5
2.4277550190185418e-5
3.9746776209173246e-5
4.2119860308991656e-5
3.1314438336304827e-5
2.3250651132706502e-5
3.7653233902696955e-5
7.534808245313678e-5
0.00010372565869935026
7.358688393648288e-5
3.782593670872012e-5
1.9078151987529884e-5
5.8754905210399226e-5
3.449551877904743e-5
0.00011760577410761993
0.00010463742926239177
3.636593611534463e-5
2.4649451305767674e-5
0.00031092672593963663
4.902083915868388e-5
0.0006421325020351348
0.0003093641690040988
4.5115884157321194e-5
1.9882931487991216e-5
0.00011152593030495442
5.083870065731244e-5
4.7760590906770004e-5
7.027819736188663e-5
3.490328475515779e-5
2.5913745115003437e-5
5.880588097388914e-5
4.4916617759442696e-5
4.565467310530813e-5
5.572832727394597e-5
4.022893611756715e-5
5.820750603525182e-5
5.4753491156579325e-5
4.412272968325869e-5
6.297817754828325e-5
7.351779397807999e-5
3.492690684122857e-5
9.801445780971257e-5
7.445931800652161e-5
2.6546970849992846e-5
2.625079293565273e-5
0.0001569326377944459
6.037966633988334e-5
7.137490085221205e-5
2.355643634594108e-5
5.2083078479240206e-5
6.154954799212942e-5
8.683927923644286e-5
3.4626831813013045e-5
3.1265498539220356e-5
0.00011176974307105761
6.732803226749784e-5
4.454808568183737e-5
0.00015353807191184016
2.8883117506322958e-5
4.611618646617586e-5
3.001528848435149e-5
0.0003858927452047361
0.00018358633224483469
3.66283322045606e-5
2.871896958676598e-5
4.750944309197296e-5
4.9422605092355286e-5
0.00012613653150197177
2.9309871841270974e-5
7.393028910569809e-5
0.00019527074663651506
3.664666496570651e-5
2.9511917034773238e-5
0.00010443813443647177
7.221536344331516e-5
3.891740609810269e-5
2.3764384775553695e-5
5.6359782527398444e-5
0.00017807298256119697
5.769797868185559e-5
0.00013020183313988882
7.903694511193235e-5
4.445913514324402e-5
2.5361742402963168e-5
4.066819350965604e-5
8.173406975929308e-5
0.0012630542653308421
5.1006180444296284e-5
0.0005216767516892289
8.858798913641299e-5
0.00016652125027585634
5.064135400525167e-5
4.861244723866656e-5
7.518721657156561e-5
3.850034091608596e-5
3.745506511133563e-5
3.686848320622637e-5
3.128731741278797e-5
7.112553660156393e-5
7.310994382128574e-5
4.4874178617477645e-5
0.00010899758716498395
3.238227324544929e-5
1.4064566893125146e-5
0.00011886778977807703
3.904589414373921e-5
5.001205199872505e-5
0.00010919091835210587
7.193177286763258e-5
6.72112652750425e-5
3.684277783617164e-5
4.2028700523538576e-5
2.4443877871991e-5
3.7954897836500055e-5
5.309558993441397e-5
5.5371255774651054e-5
6.769882689124841e-5
3.3995925567001543e-5
2.3493512274853356e-5
2.146431985087877e-5
0.00013943210568734485
3.908592453117332e-5
0.00017338520199542448
4.8450935065001156e-5
7.309760530027854e-5
1.1880746638228049e-5
4.25005192448642e-5
0.001979127497593046
0.0002645169782390874
6.269015470868855e-5
4.398054105447989e-5
8.346237354976395e-5
0.000154370514437489
4.036973785729162e-5
5.4701973981681064e-5
4.687629496712448e-5
5.860997107663596e-5
0.00011295910161834606
4.262587667655663e-5
2.2815351132836946e-5
7.032678428225882e-5
7.980889746202625e-5
1.7005489833568252e-5
0.00010413335911198375
5.930856598257987e-5
2.5335790019957436e-5
8.038694596365421e-5
8.980266433898311e-5
2.084637325891403e-5
3.099480999312304e-5
4.3296439461055315e-5
6.006109030115577e-5
5.654488611468768e-5
3.6419758760025965e-5
7.608902067377126e-5
3.2915984270861917e-5
3.587040353007484e-5
4.400076862250279e-5
6.140937243791568e-5
4.725721042977969e-5
6.260509449279028e-5
7.248855523632082e-5
6.640647007254063e-5
8.182378821455285e-5
3.383380257400097e-5
5.4105954869890654e-5
2.781487115237999e-5
4.2760177167140696e-5
0.00010223538642731625
5.7381021501439475e-5
6.38987429325665e-5
0.0001889458983783563
7.573356415382671e-5
2.5290449934383432e-5
3.109862153902783e-5
3.556740168474395e-5
5.8471907691193634e-5
9.921249111103031e-5
2.8919028934066686e-5
2.3472423078650626e-5
6.521215973058322e-5
6.237701617563703e-5
0.00010033166275437578
7.93732293742567e-5
0.0002098136550365503
0.00017578590264577892
2.8895634071299826e-5
3.520588403115412e-5
0.00012332945963893792
0.00010275138882244266
7.10635084642481e-5
5.1684915573264565e-5
5.805416038979329e-5
5.995589792519552e-5
3.242333909160872e-5
8.48111186222527e-5
4.684793316941058e-5
1.2828327314587036e-5
6.10647758181089e-5
5.5061460941289424e-5
4.330411508165421e-5
3.6498527883792344e-5
0.00020429132296182566
0.0005661003464972634
4.23206209841691e-5
6.424488144689178e-5
5.360197748239889e-5
2.0652470593204224e-5
5.1379145724108504e-5
6.227203648558005e-5
3.6721114588228e-5
4.084149579627077e-5
3.532039843825403e-5
1.9023735406497354e-5
8.533805442922854e-5
0.00012550200778085654
4.034991224756433e-5
5.9613803851193814e-5
2.4996472779439193e-5
2.593716742690594e-5
5.025257326384874e-5
3.602298499864234e-5
9.723347092578412e-5
2.5066771971847144e-5
3.201088229697071e-5
0.00023536582452570056
0.00012682595148813544
0.00018397973361298681
4.2691050479729414e-5
0.00012421686381588963
2.9188500302583466e-5
0.0001132715400985074
3.036159274542211e-5
4.2623623871154046e-5
0.000309966569509805
2.3572681607761664e-5
5.2421951202144785e-5
4.2850118531451796e-5
2.798014586394877e-5
4.888042474944024e-5
9.32743758954548e-5
3.300370816299449e-5
0.0012628630985030069
3.318830085484563e-5
8.617280391792344e-5
8.253557815553746e-5
6.161492491551104e-5
4.07723398520284e-5
7.803308348821368e-6
3.020829905400594e-5
5.596877373363811e-5
5.069036777648606e-5
1.9747384430324616e-5
8.22310993317039e-5
4.4898097563241316e-5
3.382763813298743e-5
5.964741024889981e-5
4.1604650448728655e-5
2.6516958849461918e-5
0.00013228457741983158
5.191790928176262e-5
3.642841840524426e-5
4.21614182837931e-5
0.0003216878353246736
0.00010636387460585426
6.408348983731772e-5
9.74884245559431e-5
4.9483958486823805e-5
0.0005077003952481425
7.669055026747583e-5
4.0024942385874125e-5
0.0001341941650820681
8.72767195152844e-5
0.00010753567443824767
4.9992000619552815e-5
6.776606294197825e-5
5.661373759126421e-5
9.087044389172605e-5
4.80371773560221e-5
7.846439928934859e-5
0.00011995234936751221
4.232718717383409e-5
0.00017725202840044384
0.00019709383651277142
4.7355786021703735e-5
6.229861424895269e-5
6.110176549055598e-5
