2.739054030377073e-21
4.075267754879045e-28
1.9636643349473467e-40
23.228992855279916
2.010197288382725e-20
54.64715666622837
10.113068776173229
3.0092847180943346e-18
0.06672137736662694
1.3119808330487645e-25
6.831163695451467e-22
7.348143620927635e-29
1.0759038927922614e-23
2.1662760712642067e-22
3.984228864943143e-19
1.0
2.724340380194044e-28
1.8556243810965073e-34
1.843003358707174e-32
2.4719227540122163e-27
5.661764517140212e-30
1.0
118.93077384353856
3.933592714808959e-21
1.3175039136193514e-18
6.956313663171466e-24
4.056307391572116e-12
19.056859366016344
1.1837452042204773e-19
5.63043124674075e-25
1.4167259334406535e-43
9.756695525069142e-26
9.090672514074239e-20
5.566445943510479e-24
8.0899494684843205e-22
3.828367075777071e-20
0.0032441235108283174
0.04754765948950178
1.7947171195270582e-13
2.510056195305739e-15
1.4452517477527992e-24
0.0030237769565844043
235.04462319520334
7.188547817871772e-28
1.221274033504989e-16
1.6539680022907238e-20
6.3273242104575965e-22
9.491110264306454e-16
2.3974386529925664
1.9158622561570727e-7
8.039269298791013e-33
1.907287195440514e-15
1.0764134754941898e-22
6.764489708753461e-10
3.3409994602886045e-16
2.0321200619912774e-15
1.4515131380644983e-18
5.614631351185825e-36
2.2546448653300905e-28
3.731556984120314
4.340004314095946e-14
3.988050069054163e-15
2.664583367852919e-33
6.213863798025188e-35
8.79134033298372e-15
0.0036292982036216026
5.0667425306018945e-21
1.0
6.258980860616156
1.946127178954798e-5
7.341845905102226e-21
4.183187542803298e-25
2.116424102009704e-31
2.309752319795167e-24
9.075510195111779e-14
6.033417280928199e-28
11.138114515815232
1.4482842382181844e-29
1.29931768539783e-45
0.15403041774853946
1.1805839835044043e-18
5.190094180702926e-5
5.18971931549955e-32
4.864870055080005e-24
6.559920967316688e-20
1.0458996130051542e-25
7.730018696612535e-31
1.556975236032931e-22
0.0011196248950006958
3.2579492238113435e-20
5.3549463391321145e-48
1.7882934111432197e-24
1.8096452582229764e-26
1.1450210676812416e-53
1.0068574722861093e-25
3.094829081115095e-35
1.169590373187336e-29
3.3009209236426075e-21
1.95816750758983e-26
8.729066321198784e-17
3.7645080439399414e-50
0.23188628293145352
2.770816761175277e-47
0.0013315797471172173
2.216706251392768e-8
4.685569287992469e-21
1.647576063654077e-37
6.15611756832573e-11
1.6006186128939024e-27
5.0632804884889793e-23
0.0003173377967466077
2.949286512036416e-11
1.2283391614830749e-24
1.2584839873921923e-13
7.870006275082401e-19
3.377441284068014e-21
9.266591374637224e-34
1.031104252220363e-32
6.291410252862153
3.0202140211926288e-40
8.012478594424352e-28
1.0
7.367052403511887e-26
6.312907207188421e-16
1.0381385431689414e-6
3.8186344378551255e-23
1.404083607946508e-19
4.372479719883087e-15
1.4659562197311972e-26
3.7561076609636204e-50
1.0950379922000554e-45
1.0
2.2156012295866035e-6
0.0012028248363861996
3.022567336115705e-36
0.00011294082397753491
3.7137923517103075e-39
8.5243961932866e-7
8.863101874393837e-26
3.9513882972760606e-26
5.844926828528454e-15
2.4547537338966493e-36
2.6005430835199485e-22
4.870981361476949e-17
2.1050788005033727e-19
8.667787297671087e-23
0.0003261951033087341
8.256414723771431e-30
0.09772409794040203
2.1593531082794613e-24
1.59139476423868e-14
0.002638370644096566
2.796628894343613e-31
0.002639675375620299
3.477098785056495e-24
1.6331657794044988e-21
8.784469713514649e-46
3.3996755267075426e-17
1.432249195436137e-20
8.614625254403443e-23
1.0412073047151239e-17
0.008708528908942399
0.5554223294460993
8.315834400216445e-16
8.579307827385605e-9
2.317892471231661e-18
1.6813067173778793e-28
2.894029141661027e-20
1.4599804738504788e-25
0.002007092271991901
0.4024053705725491
4.446111414237555e-41
0.1685969224195594
4.627744424266305e-37
4.8329179244502776e-15
5.745564504871688e-23
1.6363274047153362e-50
1.0055299635801304e-41
3.5850998995530904e-15
0.9566151556301812
3.251015425290024e-39
2.732961744069439e-5
0.055939272907653506
8.890404311426208e-5
0.004153632311989021
3.978363638892452e-10
6.897574079418581e-28
1.8481650086100802e-17
2.6839136186427463e-5
2.2886158644348415e-34
2.7068925108931704e-9
0.44933802942174544
3.3905483025607024e-19
8.717451072762408e-25
1.1461570830811687e-17
5.796427780861608e-24
1.0
4.266169820821888e-22
0.0011394262552216119
1.41562673482288e-21
2.8885607757266334e-6
4.619225845328984e-30
1.5777437715907943e-23
8.55148007868049e-19
2.1337900881427054e-30
1.6125152115630714
2.712881307536564e-5
16.312108909327208
1.9663367851093258e-16
7.573638132302272e-27
1.3560983004742374e-46
5.623220965313999e-31
3.335402391686134e-17
5.828518169913248e-7
7.096150407529951e-5
7.54262961684416e-18
4.557682112253496e-13
4.892156894140049
4.4693692949822096e-35
6.48926732802167e-9
1.0516269401808377e-16
6.605533788283145e-17
1.1064838891809076e-32
7.264822083988097e-17
7.224442991154006e-26
7.505172651361686e-5
1.529146580613332e-5
3.215522633283351e-34
0.1062095892275577
5.856347353397247e-19
1.6692971956790125e-10
4.442783765028037e-10
5.306317335845365e-14
1.3277858135545773e-18
2.0940620161575826e-5
1.0
4.657131559257938e-21
0.005126719708556654
4.694027751380245e-6
0.0005751969355551934
3.1573680962714683e-24
4.38539737646982e-30
1.0
4.73540243502082e-28
4.2109030822347196e-41
0.013793390910898214
0.004620414136538953
9.83128191198661e-38
0.2311721417073583
5.957735575388096e-10
0.00023921532404117367
1.57738003018025e-5
1.8679667791334005e-5
5.493471730567896e-37
1.7743230773173087e-25
0.01944720357955917
4.821925333054298e-27
3.373720464210847e-24
1.6299738135998147e-16
0.011274810167035656
1.1541831318197494e-19
1.8149037160592433e-19
1.8702432616086972e-29
4.528016529345886e-16
0.0005332569865170789
7.712991808723887e-7
1.0568247537545296e-31
0.005521231779418752
6.39075763900428e-8
3.2948020265876337e-10
8.444453826463084e-6
1.1889716757746763e-39
2.1780860457944786e-28
0.00021244008761131373
2.2847435095444616e-41
4.790902994539094e-44
1.0
7.00148189055701e-8
8.602178540357964e-17
1.2223434945430584e-24
2.903385719900296e-48
9.088759111536435e-5
3.178058763616095e-17
1.7811868562384616e-17
6.957082161158526e-6
2.6310827436600062e-23
0.0022519156052658177
6.732390646378261e-25
125.7558452230412
0.025288570777497146
1.261194005777252e-18
2.0467732024709406e-16
0.00032435639546762505
4.716049138006697e-35
6.1464256221192305e-33
7.954238653757056e-18
3.859760337678138e-25
1.0021698757544834e-26
1.1531697787803146e-24
1.3945991637111522e-13
3.2302190445074634e-20
1.2953837453608455e-21
2.1916200920494633e-25
1.0610955236136212
7.927263026878742e-5
1.4661806478313223e-14
0.007627566693480345
1.0
1.0582171996779907e-30
1.6967152215784647e-7
1.4901152691235311e-19
4.634981630606035e-18
1.9599377178109982e-20
8.19803522244505e-28
1.780233323350397e-41
3.643226106445056e-40
2.177345421500478
8.281300630755515e-41
5.8653851192520615e-27
0.002059224434467386
4.4095935692879024e-17
3.8971267293139224e-39
9.049106884845415e-27
5.537227573341087e-5
1.0
0.00042843072891049825
1.1335488465611465e-11
5.2854515893952325e-17
3.699672460743689e-38
1.967204672036733e-5
1.8377228381006384e-5
1.0246584401913972e-15
0.001531193308200013
2.575363051614109e-7
1.5160193872880213e-15
0.011418721870725472
0.018642341267656005
0.0014945221011021643
0.001711624501039246
2.4265318379842818e-15
8.356267723491714e-32
1.9951666997980535e-5
4.748605984223201e-20
3.902643809120374e-15
1.0
1.9036371320280479
0.06674879285082629
6.048821624065619
2.2508794097446663e-9
2.7464184726549683e-5
8.852921437187606e-43
7.596176761113941e-14
3.389775124445998e-26
0.0016513797497427446
3.9320701767522645e-22
1.3547991305664174e-20
5.099716799792436e-35
7.735689044461832e-7
1.16346449138954e-14
1.056604095403894e-18
1.0091211422089063e-33
3.815687020240812e-5
2.0368195113755302e-6
102.19619536127998
0.0004467794605119105
1.2816583106040242e-6
7.386795477484488e-21
5.10508846602604e-28
0.1180249027576739
2.276304437499679e-8
4.958193846088198e-26
1.968048257089173e-6
7.382283720050168e-16
0.00046083808674563274
2.384136414417239e-10
4.8753083157437255e-21
3.196227505421644e-7
4.957884931557939e-8
1.3263457389361836e-6
3.772610856389538e-5
6.048834946812643e-7
3.486165570493958e-5
7.383219498062926e-19
5.290378148466571e-45
1.0304167963872634e-15
1.6926866256476125e-10
0.00027886256914406695
2.885652841194628e-36
1.2937880417334893e-7
1.147844594617834e-30
1.0602795445627751e-20
8.477588736761886e-13
0.0015144985885011321
0.00039847974360614815
3.059818665738441e-11
2.9856851132617374e-33
4.601485352017936e-41
4.0897093520868895e-37
3.683803123318745e-7
6.79648581352448e-39
2.8612315568197285e-5
0.00010942223309758608
0.22481667099268876
2.528613775985442e-18
1.6289139495235757e-11
0.0022005402388783394
2.7653914116686907e-6
2.9685978099790755e-6
2.9682497347248815e-22
4.383012977070887e-9
6.485013233061223e-26
0.02322565425820366
4.691469767274384e-10
2.444687504456125e-41
1.7108671574262078e-35
0.0002690953831035846
1.1466182660721521e-6
1.502530497750484e-8
2.4815613254597923e-10
1.8689420305102746e-7
0.000776758410661516
7.555326367263141e-43
1.5886445955303746e-29
1.2764433544778747e-5
5.514304728645617e-29
1.945911730094217e-14
0.008266445073324944
1.0914789582950303e-24
7.399029912981982e-5
2.9833036660848156e-10
3.759201418641298e-8
7.680048477744526e-39
1.0
4.981590146246809e-10
3.292654615040469e-10
5.162886081983787e-12
0.008354738255372841
7.126902022834547e-15
1.1410135764098587e-31
2.0087760963359154e-12
2.847132951970293e-12
1.7516888722531062e-12
2.9658956479140522e-5
1.4756397741786714e-29
1.6023698318903911e-6
1.9590106018372486e-17
1.4524356741802732e-7
0.005887382030967674
5.68255336233344e-21
3.882155435910796e-13
5.156282736240804e-38
3.4668211992242866e-7
8.251162431142005e-31
2.445375252269802e-7
1.0173951495481054e-11
2.9379653150533876e-5
1.9336488365662544e-42
9.100774667617878e-18
9.534355300294846e-14
6.504005972799846e-35
6.187014849712609e-19
3.7043617052995143e-8
2.7380397131416265e-11
1.0
2.368841097079278e-10
1.481099709301859e-14
4.3233169677914586e-17
0.00010726499778349004
1.6211036409520836e-18
2.822426324686486e-22
0.0916435996487039
1.481289488336833e-8
4.34374340321463e-7
6.855577262746129e-7
7.821566955631683e-19
2.571583833394924e-29
2.0849533932517106e-19
6.305463581439675e-40
2.4583087014359722e-21
0.0003477100238683062
6.793686646620032e-7
5.555821279468595e-34
1.9820710327125595e-17
1.1059083610315278e-13
2.276272478012894e-27
0.02161511792633182
8.905571757438127e-25
49.552582371969805
6.950833538404549e-5
1.7252812960369308e-10
6.866354792872375
1.4363475978463714e-17
1.0
1.0571424002286769e-7
1.8227179646364548e-11
1.0608127530886933e-17
1.8938984373076203e-5
1.7455307571936853e-7
4.393844591572569e-15
2.241844313793481e-40
1.0695146084779307e-11
1.598800617448343e-17
9.808465207478729e-14
4.625505791874342e-14
1.5639696200846727e-18
2.7310647412866776e-18
9.668202086500172e-35
7.745721617917458e-15
1.0
2.6236796447901787e-38
2.8202988015510654e-17
7.85092222710307e-27
2.031660935443874e-21
5.073729216274746e-7
1.0
8.866165526016342e-14
8.338739498729556e-14
0.03242191349683699
3.7369321864029746e-20
1.0
2.9737563314779466e-12
4.656250040426329e-8
5.90371063657986e-43
7.325646903017794e-24
5.689663981765666e-24
1.0994797515896233e-9
0.001184170543786814
3.4802120803493507e-10
1.8140266493365078e-9
2.4736518167527317e-34
1.0
9.437614652475907e-10
1.4989702396406167e-21
2.2542006823530722e-5
6.538960243013908e-29
1.2467149535845726e-14
6.856733920894454e-11
1.0
8.853071560359495e-6
1.8903534460060704e-15
2.1237529675772603e-19
4.1382667314373123e-39
0.005495281430152788
5.545181076464091e-38
3.6517574952014375e-13
1.5453633657929506e-16
0.0038838847153922183
1.4718007679420885e-9
0.004608867627198139
4.222691413940539e-9
4.051292517043946e-15
9.34308031971365e-8
0.0020658378818949907
1.3419167356360305e-6
0.0001795575483585484
1.8506077887780726e-41
1.441361468984886e-11
1.3486064169867744e-11
5.242735096194755e-29
2.741113201998338e-13
1.0
2.4061702225358058e-11
4.974475051866511e-15
0.0011406385277083833
2.692975228556807e-47
3.464391181637219e-33
7.40217952959163e-11
2.73085440259025e-18
2.237761723788141e-17
1.251397430325981e-21
2.9624062430643745e-13
7.289321964995008e-7
0.0010996009150742742
1.400737822402584e-18
1.1007985801120706e-9
2.710459699041686e-8
1.126213479776048e-26
1.1418411924594463e-21
4.526287592372752e-9
2.1542992897863908e-22
1.416107920111265e-15
1.9892031702621446e-14
3.9872410538933054e-19
7.945597010901825e-15
9.831201115544861e-6
7.286876735317825e-15
1.4574538140383847e-16
3.9381082413142615e-19
1.6396604922649624e-31
1.0134022657426395e-30
2.4034983876321103e-24
3.5368515117667554e-13
4.9366944493479257e-14
7.809592202417308e-17
3.4436109464399095e-25
3.385258151940497e-31
1.488654067164645e-12
8.189180807394671e-8
7.042424397630032e-6
5.459219800593616e-8
1.0561158624978794e-35
1.0687324160499813e-16
2.3386035820257525e-18
1.7705087924286193e-19
6.615510809373776e-8
1.081919409770685e-23
5.29629231853231e-23
1.6740310657999876e-5
2.361779737752097e-35
7.203182895470538e-21
2.7702831053808167e-27
9.067566762051207e-22
2.488715829499997e-21
4.953515351094395e-9
4.3208147076440724e-7
4.862534674327215e-9
3.338263433097433e-15
2.1871805686599593e-8
1.6095412266640233e-19
2.742143133963823e-42
3.089602557963198e-26
1.5507689498105477e-15
7.248041996151567e-12
5.5103300784659995e-22
0.00023710999445240928
4.147756634595665e-8
4.169259194450063e-25
3.014664059457799e-26
4.867766011229566e-9
4.017561266196169e-18
3.7066241824027444e-9
6.075491361742276e-20
7.796272587795674e-24
1.250528941056906e-17
1.4960705386020395e-27
1.95953587507218e-39
3.5306633791557527e-39
3.914523894958046e-26
2.7155484241969216e-28
8.482068458662773e-18
9.001578704708266e-19
1.2136326504378685e-37
2.966926169086518e-47
8.120287726512264e-43
5.2398587670964644e-14
3.4595949427674134e-17
7.547089602943671e-14
2.228890364227051e-29
1.4882185417809456e-14
2.646576478163196e-8
1.4149328295324485e-27
5.024287516240387e-11
2.9277106972290705e-35
1.0801043814293058e-22
2.3130226788191053e-8
2.1128128925984304e-29
4.1462126882353723e-17
9.96547020430835e-12
7.320360230345988e-17
5.317937374695894e-11
1.2324361195561995e-30
1.659763504462131e-24
1.042868742505605e-20
6.157633406591696e-23
2.1137731959704955e-13
3.8524716777962516e-31
1.0935903126951724e-39
1.4007471857783409e-15
2.3894277555083806e-14
1.1237839824062876e-8
1.4071428680496543e-33
8.802420798377245e-26
1.0
3.565732222198687e-20
1.1648695198024355e-30
6.675164525279215e-14
1.2812439435909242e-8
9.229936550248187e-27
4.712926757020108e-17
4.685760032027543e-12
4.618708561514126e-33
2.608804585166637e-12
2.7735259440850034e-23
1.288466183392857e-22
8.316111733486557e-16
1.2817654380012202e-11
8.629081701736631e-35
4.9683919326811285e-6
3.648443008342824e-23
1.4728563946505173e-42
2.0157350931298254e-16
1.0360302566201658e-15
1.069501150394915e-6
4.2129915930060755e-19
3.650499593248528e-18
1.3946380785970718e-19
8.500811746265662e-27
3.293320529909466e-22
1.7195295967044622e-18
4.455246748660847e-8
2.598909520205639e-21
9.836956484949498e-11
3.1394200728666127e-35
1.0
8.031494358794652e-20
1.0
9.889038766417001e-14
8.657001208599387e-19
4.026611957832048e-6
3.4098236760955603e-10
1.6658634227731814e-19
1.0266144340728581e-17
2.1017151838662966e-16
4.457859280942377e-42
0.0034373854904362787
1.130296457373323e-34
4.4220408955144143e-16
8.353360134223856e-8
1.0
2.836800999140125e-34
1.901472294255267e-31
1.3342841655444563e-10
5.878246103526629e-14
8.3670750600961e-14
2.1200020028222066e-7
1.4256200866436167e-19
9.511592007381469e-11
0.0016309089418053862
3.1381399649747192e-24
6.815955507607515e-11
2.923040052069412e-14
1.508883404701793e-31
2.4327477562105972e-20
1.864830991771514e-24
2.347542241315177e-11
1.4085250668740043e-13
1.392994091280048e-26
3.4075691687409123e-43
1.0
7.599784971078181e-25
2.7189991099971144e-14
2.487533692311133e-31
2.8496389312632395e-26
3.352870822570486e-14
1.0
2.1681802980413913e-45
1.2363974937713857e-14
6.86412803590474e-24
7.821884277028433e-18
7.793820385877771e-19
1.4090945027904278e-23
1.8202428791260287e-41
4.892815557047776e-30
6.276968605653794e-37
0.00037103688602066194
1.8468612163581335e-7
2.7001090885015063e-6
1.4087076969657986e-44
6.157455919865695e-29
1.5801420651228654e-31
4.79608009939591e-18
5.231599364638428e-41
1.6870171592668015e-31
2.4474632485964122e-17
2.575384110928056e-18
7.179705626922326e-22
3.7336915481063645e-17
3.1137815931397875e-17
5.341839958201138e-20
3.228503008231862e-16
1.8044101210106253e-14
1.4719214779628497e-29
4.074683432866199e-20
1.4588347296476254e-9
1.757909343449552e-26
6.717731811957021e-22
7.949880956903152e-26
2.3133752048821605e-34
1.5793808237904614e-16
4.703761216940976e-18
6.955339806650453e-31
8.505071016207865e-22
9.827877870276847e-13
1.9414641976026004e-28
1.3660600778594978e-28
1.0563570107872358e-11
5.61190199656606e-12
3.1966252963013813e-28
2.8733270605105654e-26
0.00033722479843879973
1.5222435578311826e-12
0.000979885688978301
1.3125444918341416e-12
1.163759923269212e-20
1.7765418941372693e-46
2.047043653673352e-45
4.6688032297242565e-24
1.8255126224984277e-10
0.5982481335974177
2.6320265651108528e-5
5.612951682214568e-20
4.7744013899830575e-17
3.5347569207102175e-10
5.526022834487777e-12
1.1061059499604903e-53
3.2432464413243545e-22
3.427026643184603e-20
2.8732128674346194e-11
3.686625762200994e-41
1.1047080796491032e-16
3.579490224421149e-18
1.4768443963341817e-13
6.118470883146656e-42
2.870449534866335e-13
7.937819177999618e-9
1.0437900537359692e-35
0.0032114074196301877
1.0944629094428996e-31
3.206386622793845e-16
8.602832907084655e-40
1.5726669359565944e-31
3.333524392338585e-5
2.671172440076372e-27
1.038116480487051e-22
3.47788957177292e-32
1.9896331609804354e-21
1.1723026870787194e-29
1.2618869970699789e-23
1.7235080273520007e-32
3.902891447533747e-22
2.59303139793952e-10
2.7758066412360276e-13
7.252078584411694e-30
1.2653478036909573e-42
2.33148775043838e-36
0.0014403903790405031
5.008728029530257e-15
7.911496445450254e-16
2.0247280820492835e-15
3.25638739447982e-36
7.899122056359741e-15
9.23381238330671e-27
1.3316571887298772e-19
1.2277416701514058e-9
0.009111934094181193
9.669919426364106e-14
2.6693414195555434e-38
1.7443317093032988e-20
8.41420216452736e-34
1.129008001321791e-36
21.259700003719818
5.145751322911074e-13
9.355733884149053
2.908831748887756e-23
5.392927127226835e-23
9.099288742801216e-22
2.7557952924743916e-37
4.9456323725054564e-14
3.341866079163829e-38
2.934345298295897e-11
2.6702802757938758e-33
5.266259325886895e-8
8.90099555437105e-41
2.271098282295419e-36
1.815620337311549e-20
6.055229646628367e-17
7.730136368072855e-35
5.494286296937594e-13
1.9608105171308513e-15
1.4933750921935477e-23
5.12603438839477e-17
4.122296734932878e-45
8.213060003665668e-31
2.42072523321871e-25
2.85048448432943e-14
9.710961017624955e-10
5.476875559494312e-6
1.9228465533863008e-26
6.261619282757079
4.348092969094014e-43
5.117338175510307e-32
1.4455233264074573e-19
2.9415319596470463e-16
1.2268672448503853e-51
1.7413363209171427e-7
9.43032886424208e-8
8.709859032100203e-23
2.6040900870882363e-13
8.859963371494264e-42
9.474791105722372e-26
1.874468594057217e-10
2.7752359883951937e-11
3.452963520826727e-5
1.0
6.378320791987052e-13
8.243492678525116e-23
1.0
6.490216915822772e-31
8.680646319997957e-16
6.9881180526866e-12
7.738019130789849e-14
8.745486304998048e-11
2.90619560338275e-17
4.115657694783659e-35
2.5098791332306208e-30
1.9693288542747218e-26
4.625723980256688e-16
2.3785920954953062e-14
1.8250941329066465e-12
1.0916963149921775e-14
1.4894083271928242e-19
3.203666406830936e-9
2.1437541106912546e-31
1.0762032097276235e-27
1.918549763681604e-29
3.6298118320944903e-28
2.3502542650553305e-31
6.0401048810619895e-6
4.939680319561486e-13
5.499231717997589e-12
1.266093142570756e-22
1.5879851162491306e-31
3.7543279264141005e-13
2.4732434901338865e-22
6.904857152973326e-15
7.05598154067159e-17
4.6322970560453633e-17
1.004676378824648e-15
7.538353838483118e-42
1.7796808753878797e-14
4.49009610311602e-23
1.7974526815697167e-22
7.189978838278402e-15
3.223218091012168e-36
6.507134836106852e-20
1.4763649804797547e-38
8.970238324794548e-15
1.3582524748904e-5
9.940051599989626e-22
2.178003115007018e-19
5.568793308282289e-35
1.029541145815449e-11
1.1841037913143925e-7
1.4875436738028996e-25
1.355867610743962e-13
3.249500199806385e-13
4.199784893457659e-19
1.7560689788279706e-5
5.7419286572795135e-9
6.795926134416277e-11
1.128953743187896e-12
8.6260417835553e-9
4.792546591569952e-43
1.9115926792893432e-26
1.0
1.6671251810530164e-7
8.63264265070044e-6
1.97841900331373e-21
8.299917069551559e-18
5.996494342358447e-11
3.11570302254691e-7
1.2278603683498871e-17
1.289178019935154e-16
4.177122855157662e-6
2.4161379053607947e-17
2.079246760220134e-19
3.9536893507746303e-16
9.785830262430764e-15
5.716659617418364e-31
3.9540995922416526e-15
5.2015698101447074e-18
1.2816056517486502e-43
2.2333117272380237e-9
2.094291939723111e-21
8.039724869836337e-7
2.8030634541479877e-8
5.425145062236866e-9
2.3973419477724406e-29
1.0477384772595958e-19
4.578379696484486e-11
1.0615226400252706e-25
2.181845780705438e-19
6.218259908831239e-19
3.5963473464898617e-12
3.749710713701955e-24
2.376316184912407e-24
2.881845336072203e-11
2.0738585801965636e-15
1.5276856437099211e-25
1.1603728530118557e-32
3.863370453896166e-16
8.97107144002665e-6
8.836348619170913e-26
1.371923648973637e-6
1.4278365378031946e-28
2.7977169493902487e-13
5.862799395209025e-15
4.450685254862645e-17
1.283008999109769e-21
3.1724459087840746e-13
