1.6570781968766561e-46
5.5016459762861444e-24
6.242931005399865e-23
2.8650341173481943e-47
1.2096315767495873e-41
4.235738795052535e-23
6.747772884874095e-10
3.737651119557173e-43
2.0683074714523555e-18
1.2899981028161166e-41
8.167855108935259e-24
2.1495814941294198e-40
5.904756904896212e-45
3.4933017031797633e-12
1.0484548072144133e-7
8.86653028897323e-22
2.3718577067105905e-23
1.20452107786952e-41
5.85885697782439e-20
3.157306311121775e-24
3.654530473467108e-23
2.9268296299811724e-28
1.2000315298478523e-29
2.7551791372889255e-29
1.4761189135664204e-16
4.107391426469324e-17
1.6549219280455896e-19
3.711378188959516e-21
1.4973784168472175e-21
8.65458705472508e-44
1.8436080434372443e-10
7.789719994124837e-11
7.451325405198457e-11
3.0458012258840552e-24
3.614801739845333e-48
1.1496678942054376e-44
2.6694451626348948e-46
9.568608306744825e-8
1.8707560669110396e-30
1.5776777758726706e-19
6.54167913579918e-46
1.0373503887239665e-15
9.440342826556883e-24
1.6211919876011794e-44
5.739699572157847e-22
4.726013605644829e-10
1.49618758025721e-23
3.451925530510227e-24
1.339159622838126e-22
1.8296382178818334e-22
4.071097227374386e-24
7.524818361091437e-10
1.8637392021138566e-30
2.6698603391398995e-27
1.2375581008703594e-23
8.461922242104302e-9
8.265762095942055e-17
4.254863457255366e-22
3.316643185933157e-15
1.0416035425091304e-15
1.3063111068229052e-43
1.4868087513071845e-23
1.903200687670085e-46
4.690162998382993e-24
3.1773166442153383e-43
6.351853974128948e-16
1.632583362808675e-46
2.661172343520396e-9
7.504018666736728e-23
7.913741392131112e-24
1.0560390426973744e-10
3.4730163557878144e-44
2.4883417873824156e-44
1.184634816994745e-16
1.0308424031030842e-28
3.8695978210592257e-28
2.7306492775199823e-24
9.326659072280323e-19
2.0266024668924964e-24
8.229873286730188e-11
6.1648541391448705e-27
1.6443830608434687e-9
5.4207391983194124e-42
5.449660133156117e-10
3.9414037938925793e-22
7.514144224345906e-25
1.5876932615446998e-22
3.411410219065507e-9
3.1668514837424375e-6
2.722888925508277e-20
3.2569947821278402e-24
4.848413203222741e-23
4.431952232653439e-24
1.4088536159298173e-23
3.883448092366069e-43
3.150212093726158e-30
2.6146123073888465e-24
1.1208227995593084e-24
2.6143158742471176e-23
1.4092169605729376e-14
3.4431481942732676e-24
2.869686400304057e-28
1.6447497498655694e-27
3.6017036471775836e-10
4.694701350129164e-52
1.7103733769945214e-16
8.172635121936442e-43
1.3783574761283953e-22
8.867730453754721e-32
2.2437352713657252e-29
1.1588755085370631e-24
1.3574723085972178e-45
2.618466306860546e-30
4.4359996454168347e-17
7.374032640057679e-23
2.9114884583367407e-47
9.901624912694895e-25
3.554716916794785e-43
1.9648570863511266e-16
8.396719675053147e-23
1.764600023683749e-17
1.5374301141376083e-10
7.456633977068788e-11
1.0075259154889924e-22
4.976255743202969e-18
8.068763948978167e-10
6.069145236458383e-8
8.655047917366703e-23
9.312245093430222e-9
4.2005008667202545e-26
7.38994105068095e-30
1.1498549198805516e-46
3.6798240497708013e-79
3.2066246518621573e-9
4.329607469527135e-45
1.051658590477593e-42
4.5869269724813725e-8
2.8004144516448025e-42
6.381886254266787e-47
1.5834775915593175e-40
7.362038827171382e-10
1.758436673240442e-7
1.4776484870229074e-21
6.568883480829364e-10
1.811501696702589e-20
3.274253844776728e-77
1.8296116599049193e-21
7.744904408025708e-45
1.392772437532515e-23
1.8024732194335953e-9
6.681893783358731e-47
1.9308260467492915e-32
1.345754287697114e-42
6.082910895277179e-43
1.0279509691097564e-45
2.2335203598520274e-10
1.4021061219991618e-47
1.378697756318632e-9
3.357568785512196e-16
4.25331637568931e-10
7.711787212641047e-16
1.2829891089375072e-43
2.1387339993469438e-10
8.552107521564279e-11
1.7745168075276417e-43
1.0355576300517976e-7
1.5036266645080705e-23
1.3395991801132561e-22
1.1546928308583201e-8
1.7656811295021298e-9
1.1380457908309274e-21
1.75883626642851e-23
3.6798240497708013e-79
2.002389339182687e-8
1.5595337000570903e-8
8.551390392363272e-20
1.519225551087595e-44
3.106342845113861e-10
4.415697671558038e-19
1.46468013325113e-44
4.45314446528769e-18
2.4451515693311876e-22
1.6809643425352696e-29
7.584230790122186e-22
9.538852330776894e-17
1.6065346275368544e-46
5.8909849826908205e-43
7.911010089203485e-32
1.0105731490581708e-22
3.2494503674347554e-44
5.1045388244650925e-45
2.2485169066303563e-40
1.819012324967969e-10
4.368009509016742e-10
4.890407109305535e-44
1.349518865663915e-43
3.5727911856998778e-9
1.5711053690736713e-6
5.966060785840887e-23
6.558983072069101e-22
2.232638264954888e-7
4.5610106112594816e-24
2.860467601037114e-46
3.801188988512494e-47
3.6323670279061276e-19
1.3105182857288011e-28
5.120668861959384e-23
1.6069438232179038e-41
1.4662036485805437e-9
2.8315191552159898e-15
5.5651163921060305e-15
2.095986389945447e-22
8.369236655527082e-45
1.795462737952374e-20
6.554908390528205e-30
7.73252166595723e-11
1.0179029244478762e-45
2.2557702825207246e-10
5.1428400484368656e-15
1.6570781968766724e-46
8.549668342291064e-16
1.6040252157433222e-22
8.073790849309305e-47
1.0620368964820178e-22
6.753073842949457e-24
3.960007884463911e-9
9.39109334714661e-24
4.543521525636788e-24
2.5685796542347164e-23
3.175071743206842e-14
4.9714195414308243e-23
6.307649139278507e-49
5.597517116606949e-7
3.1457730682243935e-42
7.148384663093465e-45
5.751950270654345e-10
6.054356931431416e-30
2.6294951696561657e-44
3.088362770727925e-23
6.159627043740278e-23
1.5599289501459104e-16
9.95510099522045e-23
5.27798858488046e-46
1.3732080749033431e-22
1.7389055322461108e-42
1.746249759971531e-42
3.3652362792227687e-7
2.518547316235086e-15
8.649546785543549e-10
6.391652308855823e-24
2.1351107512351623e-8
1.735317558916539e-19
5.849524629921742e-28
3.967988617212152e-29
2.12963688932328e-23
3.401167647092189e-31
1.2173042788507395e-31
1.3504939116240603e-22
1.3085136406328182e-40
1.055266421866443e-45
1.6511111148195612e-24
4.3000919208224294e-23
2.2389012318615206e-42
1.5164314373068816e-19
4.835074926166194e-18
2.1368889879039713e-23
2.605845692244693e-42
6.683211563352295e-9
8.091539173077735e-29
6.054826915083727e-23
1.5317553586456399e-43
3.450592881116019e-17
3.730340676648169e-46
1.4969433166453382e-10
1.3507564977482334e-43
1.826560190206317e-30
2.6175504842386483e-7
2.5559663607783777e-45
3.803923385211217e-24
1.5612072870021204e-23
2.45135995114817e-22
1.4273624340262727e-8
2.419086656950442e-43
6.486534513040729e-24
2.0800348205978046e-15
1.25324551008749e-17
8.476725815596609e-30
4.713251922054382e-10
5.679524108902264e-11
3.2117918455810458e-43
2.659573743319049e-8
1.2720612219026128e-45
1.6121303723243766e-42
2.2540040535043974e-21
1.8654486328323815e-46
4.3620951896106055e-42
5.992920053395225e-23
1.0439539393753852e-29
1.0548794444923404e-46
2.485252247325772e-19
7.00428439658346e-43
3.793376962297326e-43
1.1122694831416461e-44
2.4750517663324538e-14
5.296433258853908e-47
5.7314204913383335e-42
1.8167665894977507e-10
4.124142984803006e-42
1.6071987988169736e-42
4.327663901568659e-8
5.160477047734908e-43
1.6725101472684208e-44
1.116971817026026e-10
4.914973242935403e-22
8.073790849309426e-47
3.96021428474669e-10
3.1948009686689407e-19
1.5520218542651103e-44
5.741730072787546e-13
7.554884738367671e-27
6.862479846024292e-24
2.2340955538327157e-10
6.146145254094525e-15
1.4789089925711376e-30
6.75633469515975e-29
2.375546828907965e-42
7.83962271240246e-29
4.1726181475401786e-20
1.6883252485026182e-20
1.6570439536274424e-23
5.679450351264394e-42
3.190961508536618e-22
9.566294878826503e-11
5.4962149583018683e-11
6.207007255531638e-49
7.790242302059472e-17
3.8153574590283933e-10
1.9137072499664918e-45
8.070404370292532e-9
8.620527590488183e-44
1.8477877908696283e-46
5.184795146710513e-23
2.48844541122037e-13
1.549275868121803e-40
1.4650786252493173e-44
2.2915387196752102e-48
1.2132373696172847e-23
2.0167413435094358e-10
1.4545107164019575e-44
1.916352129518425e-8
1.6325833628086643e-46
1.4241242808323475e-22
1.0884289246579059e-44
9.191931839005005e-30
2.9438731946931147e-22
2.764350402603154e-26
2.56586994799346e-10
7.992880856208223e-11
2.0788798060624707e-10
9.041129892055013e-47
6.01983682439934e-23
1.0032365774980598e-53
8.691037435708914e-43
2.1404671189999323e-10
3.104154989909176e-24
6.029540756585494e-10
5.403802521495939e-45
2.3470979295643026e-10
7.74402723507617e-51
4.057088106979801e-10
1.8919408701388837e-46
3.597700636446516e-45
1.120591080086121e-7
1.597159603901508e-19
4.63938853082956e-40
2.6816928256681383e-10
4.889084849707868e-44
1.0192859849631506e-43
4.838131164246571e-47
9.192413204799618e-79
6.038721851605425e-23
4.818972417681078e-28
6.918369250765351e-31
2.1922516937301465e-19
1.933556082284571e-9
2.1993722182646673e-9
1.5671275340079799e-43
2.988328703780515e-10
6.777081578581457e-44
1.0627829508129606e-9
1.0900021981464256e-10
4.164071925622821e-14
9.158221628461082e-24
6.491025250900254e-25
2.2229826672507954e-22
3.434039253371405e-10
1.8061132605126533e-10
1.12295149782405e-8
9.07547849812838e-43
3.487761019837247e-43
9.192413204799618e-79
2.3279763002428497e-44
2.190628227517165e-29
5.02251794083599e-28
9.075861482821318e-28
4.0602028943625147e-29
8.345453045067022e-22
2.527752562547474e-24
3.0458478753863178e-43
2.669748310499343e-23
3.761953788805267e-30
9.574752851902957e-48
9.528679018689808e-24
1.2927925703667353e-24
2.190581647466923e-16
3.737418259459743e-45
1.2196871966343497e-30
2.1526986644988378e-41
2.4615073996154635e-24
1.8209154522859543e-23
4.4147498989947664e-10
4.787899929750047e-42
3.5990222313681275e-22
4.9619385882058384e-24
3.452810186402219e-21
1.5418871693964795e-43
4.967581659810365e-44
6.467455057122934e-45
3.3957210720443635e-10
5.868057024057268e-24
3.0448787809750895e-44
6.0446169392509596e-43
8.365777042106026e-29
1.5881852085482507e-10
2.6633598066590556e-7
3.5106729773520706e-43
3.393355657758726e-24
1.7682131574727245e-18
1.382383555329567e-41
1.846691787180451e-21
4.977699664818124e-30
3.417913987250672e-43
1.266908938980865e-28
2.423760031209448e-10
2.6295952248700463e-16
6.759743435502323e-12
6.929506804470482e-39
3.5489768967283245e-43
2.6721943690973966e-43
6.182848850466235e-29
3.1822529157966937e-16
2.5407952775358343e-30
6.307649139278507e-49
4.993004301157469e-45
3.030088638682474e-9
3.3205632389583214e-31
9.984817406067711e-24
8.629500083794294e-44
5.74441694971108e-24
1.726709321908852e-42
5.014461863442297e-32
3.3186558795553028e-9
2.989168923264552e-24
4.6940113742503196e-26
1.0840652330122196e-43
1.3944427538898993e-23
1.8113647020659602e-22
7.545042727781639e-11
1.1617093114960754e-9
4.85499039741694e-44
1.2904957528508214e-42
9.573272941826034e-48
3.1717168701437966e-10
4.3946443287247096e-45
3.592298786341586e-23
5.165762990244411e-23
5.014393729661138e-10
4.3048255717177093e-79
1.1046379545739483e-10
6.560090367121385e-28
7.782207022160095e-24
8.043393430532016e-17
2.555985246172122e-10
1.8421017717645926e-20
7.693992336358272e-24
1.0147125552117402e-43
4.504101314195505e-16
3.330785371957586e-41
3.816508162971082e-21
1.3612080082691864e-14
1.9291468116783993e-8
2.365168371799243e-44
3.699232140460951e-43
1.4486497983533564e-21
8.484455200864312e-43
1.8318041519485564e-22
4.935666344120096e-30
2.371543957724255e-21
5.657890920615208e-23
7.296591723228372e-32
7.157799966989753e-11
7.145227473280885e-11
1.272049417555801e-45
1.1352609759340672e-23
3.2034444036979962e-21
2.099600377781219e-31
9.152227312753946e-23
8.025416931323438e-28
1.6106257803939425e-22
9.423040589233072e-10
3.875401465287221e-47
9.353867191048017e-10
2.2574805820136748e-24
5.083124093069984e-45
1.2491925704029093e-9
1.2796047881088618e-10
6.78263630449231e-44
3.2117918455810438e-43
1.8510711053602068e-8
1.7836458261702984e-42
2.851798971732833e-21
1.385492681802573e-20
1.1150047731763507e-28
2.576245223661598e-29
1.0179029244237529e-45
2.8741889645818905e-10
1.5654742604181057e-48
2.6364838780404512e-43
1.3952953686833052e-12
6.745203132008129e-24
1.8041599210892662e-42
4.940375354807533e-23
4.93882771752068e-44
2.2984685260015803e-10
1.0429334134983058e-22
2.4954621310083773e-21
6.299929521809148e-11
2.3614542228294473e-20
2.6752227803351134e-9
1.6747143101956485e-46
5.0802694603544014e-14
4.572736348548509e-44
1.3948701568030701e-22
3.8590610707618435e-43
1.2896615142556001e-15
1.7908169584033915e-24
3.893726969495926e-9
6.466177308448921e-31
6.3076491392785596e-49
1.9226018393193607e-15
3.0866040354798124e-24
5.255856481498931e-21
2.7557912769902015e-6
1.9310462866483813e-9
5.105328719615262e-45
2.7542717615187315e-9
4.279673720258819e-79
4.849023788077669e-44
1.0296135626187797e-45
4.928708841595975e-24
2.1978513838271176e-43
1.573542466283487e-23
9.098189234290514e-16
2.745286822788273e-10
1.4387328423264504e-28
3.0316993429073295e-21
1.0146501749666994e-9
1.9315158688118396e-29
2.4565156383053616e-43
3.737651119557173e-43
1.5261849675288571e-27
2.2618006591661878e-42
1.1890800863348652e-43
1.2435814196905133e-18
3.5977541985968087e-32
2.0843398196972285e-21
1.3398279351153447e-24
3.970259407649199e-40
1.4414859189808183e-9
1.5741801770133402e-10
1.2632532553835718e-7
1.0296135626187797e-45
6.365871084219533e-10
5.363567240770346e-46
4.162484762151613e-31
3.672719057802928e-45
1.4916209708012903e-10
5.3871094633710534e-48
3.2117242993804466e-7
1.2388239194601796e-18
5.955894284687924e-23
5.933971360284857e-11
5.0822018592692695e-45
4.123501642259761e-23
4.627291700156564e-44
7.433881546162783e-31
4.057621482465931e-23
8.405333011699098e-22
5.988800453897483e-43
1.6782057662675296e-10
2.3514869213773416e-42
5.3781035988594955e-24
1.3794828568442992e-45
1.2867991808997396e-45
1.4678254566870622e-45
4.6276109878229025e-23
9.972024661288294e-24
6.3076491392785596e-49
3.542813556952507e-42
1.4973087643647495e-10
5.652741625981842e-23
1.5180197603420848e-44
5.4492590985224056e-42
1.968102096078689e-30
1.0195988794849544e-8
1.377655356295439e-42
1.5184021359781897e-44
5.416635161988085e-10
2.9956997367587747e-24
7.049691248575273e-24
1.6612982208353722e-42
1.3815007536658368e-43
6.659880911860915e-8
7.279317061181201e-16
1.7938610405143415e-9
3.141754850139432e-10
6.268537658548765e-22
4.484383940937119e-11
4.218331009252529e-9
3.615656790924032e-22
1.2875568915783369e-20
1.738199567761142e-30
5.0015459000592525e-29
6.826706839173533e-44
5.0255104089345587e-23
1.280750649081376e-15
1.0505572120548208e-8
1.8507763551977397e-46
1.010813689992e-45
3.950953775610264e-10
6.577951572376299e-23
1.4821374500612906e-20
2.0457815422854084e-41
5.393111550206573e-15
5.09416460613994e-24
1.9784421306311063e-10
2.0264160312425965e-20
8.727508918214527e-43
1.712329342572683e-9
3.826146139746954e-43
1.5769540957986723e-42
3.807763722840494e-24
4.2712065075046646e-29
9.367657018590622e-48
3.510090371129599e-43
8.141620128291867e-11
1.3309640371205847e-29
6.782579193157879e-11
2.0996847794748315e-25
1.9729523530386475e-17
1.2841421624874333e-51
8.0367166764568e-23
1.9862856519999927e-28
3.3771385942832585e-43
2.4809893109558884e-14
2.5238719041700616e-9
1.922326245888563e-43
5.339966085603882e-41
1.6899896674832747e-18
5.214358215703717e-8
1.2367509784781756e-20
5.083124093069984e-45
1.1639236450553214e-15
4.817624176561639e-10
1.0032365774980641e-53
4.346800520947511e-45
4.991130637041894e-19
3.1546975535478835e-10
4.211826845142635e-21
2.836602227388127e-23
5.648010768650192e-31
4.686571745165133e-17
8.090530514438307e-39
3.7394895872799955e-79
7.083490709587448e-10
4.066756484634109e-8
6.390704385565478e-8
6.3076491392785596e-49
8.182985164429927e-31
1.1492825563456342e-29
8.194588073146254e-23
4.345415467330137e-42
3.67997900399295e-30
2.728480404500107e-24
3.621872787581189e-49
2.669257879274933e-10
1.7941667734357987e-20
1.2689172156046442e-8
2.4143309049965557e-9
4.2394866145718223e-29
1.660223706144796e-42
2.1140996708915156e-21
2.3031851881026135e-10
1.4341445307658763e-30
6.725778984912838e-22
3.9672639510307937e-10
2.6054586701379447e-9
5.014376460470113e-42
2.6600962510746185e-15
1.4435562422226555e-19
4.6564747392052373e-10
1.1830758523486267e-43
1.7821742932903246e-42
9.213397782644931e-18
1.159016581534036e-43
4.60190019563963e-44
2.3928362525867975e-23
4.838131164246562e-47
1.2861526779223274e-24
1.8504411422679724e-46
3.885974001633464e-19
6.918661629422454e-24
2.980160716491176e-77
5.3052000040860004e-30
1.0769616441520747e-42
4.842320064002672e-23
4.216533909751479e-9
7.605658018904241e-28
6.468666570644653e-78
1.1947528313576613e-43
5.1234236409407033e-45
2.478973624557527e-41
4.3153031779462367e-10
1.5423401012577203e-43
7.462256372233411e-11
6.412254013825838e-10
1.3815007536658368e-43
6.8902286624291154e-46
1.4881807858355214e-44
1.7340230276974423e-28
4.389181958750031e-24
2.3224208381297166e-41
1.951390024882362e-16
7.847162007026267e-42
2.024516065790327e-24
9.048514359208036e-11
8.937038785449568e-24
1.4578084154568397e-45
8.325902842880435e-7
1.3518098436367236e-43
1.0117437152901526e-45
3.4532209724175845e-23
5.416027313203605e-22
3.2328472821478084e-10
4.750995012809586e-24
1.7854588571611463e-27
9.533578897636379e-23
4.866522817627623e-43
1.297235426733124e-45
4.579304245342506e-24
3.6778697847543597e-48
4.091989688193531e-10
2.595847539735382e-6
4.103561638416795e-24
3.1044012375424346e-48
1.3539224244825347e-19
2.5001290649939065e-17
9.531385678132767e-48
4.349125371986255e-31
3.3746829462177926e-9
2.337659235930511e-42
4.302866152695157e-24
3.541319321648239e-42
2.8716692310267406e-45
2.7746885673967287e-9
1.9332218479042554e-31
3.6217438582694984e-46
4.717070492298068e-10
3.001652699140294e-23
2.0355399286834297e-24
1.0692082610604238e-21
7.794519135043068e-8
1.5363319820916203e-23
1.9197204275034484e-22
8.479361303640345e-44
1.8022005027581946e-10
1.4642738598432126e-15
8.74180305803414e-30
2.8129875086179696e-19
4.599610662027571e-44
2.5619088281968213e-43
3.641064003660094e-43
9.378905923994392e-23
4.798680254492629e-22
3.778937543639067e-43
4.860676474865971e-44
8.112846534878641e-17
3.203250143212646e-43
6.952918180932537e-29
1.0545015716123902e-16
7.786538125624798e-11
3.1465620153784447e-22
2.0509039829295856e-15
1.7645533247688252e-22
1.7454784561960492e-43
2.407228212741221e-10
3.6798240497708013e-79
2.96908872183776e-10
2.6201434157416738e-24
4.760936216874333e-47
4.860968717115489e-44
5.184441603224283e-9
2.2719288098612827e-45
5.812273526454591e-9
4.838131164246562e-47
3.4055968664908403e-23
9.665837171160248e-20
7.547091525542599e-22
1.1109116920247333e-9
9.232720064898605e-44
9.705647361653452e-29
1.2702945387304749e-31
6.560322348819412e-46
7.615414543803063e-23
3.5120080259324194e-44
1.457808453295111e-45
8.022870136350551e-21
3.817989444964923e-47
1.1560209599666216e-7
1.518236272738516e-16
9.703550627311549e-31
3.0506949359676285e-22
3.844920343852076e-47
4.0944413115400027e-10
1.2080385568361929e-23
6.890242097346224e-29
5.0452616596108794e-45
1.829060474727349e-9
2.1323117663434823e-9
2.628116136841049e-21
1.856232733105682e-30
5.737620143280841e-44
1.8486840009371587e-46
5.988800453897483e-43
8.629500083794294e-44
1.3505635733635065e-24
7.321796230230346e-41
8.740783148981966e-41
1.3651995505523536e-8
2.3747720817888917e-19
1.9859844401254913e-17
2.3153222252823253e-15
4.364767244589855e-24
9.71492349421027e-25
1.4718161400113496e-51
5.039281477652782e-11
1.5104271088824547e-10
4.235348049145689e-79
6.340641266171289e-24
2.9123473770601555e-44
1.033951067999126e-45
1.0640118266353546e-23
1.3885132410378184e-19
5.012456820044143e-30
4.30502527426584e-44
2.5173463655757908e-42
5.0822034379344825e-45
2.7173398153434467e-44
3.7484803279825636e-42
1.5059267816485821e-22
6.457953542338148e-23
1.151953336620049e-23
1.789250962418426e-41
4.697733702605807e-10
1.2746815896731411e-8
7.625634876452095e-43
1.0030648239326932e-44
2.6630428512264472e-42
1.7094681301853204e-19
5.20683072554123e-47
6.207007255531528e-49
4.534599197522255e-27
1.3120519088054138e-43
3.304637160189171e-47
1.6049657221648412e-42
7.388119457020115e-40
2.3849674810522845e-42
2.5763203432962076e-21
2.5449987818977046e-28
1.0648809219871954e-27
4.4911226298389814e-10
3.019203165601452e-40
3.1207169538360743e-9
4.212927656803049e-24
4.666603266852175e-10
6.46261452293438e-30
5.1234236409406996e-45
6.778144098668186e-24
5.448017229145153e-29
1.2009480038263356e-43
2.7351644125817543e-24
5.958979347597358e-23
5.283149246752458e-44
3.8617149165047857e-47
4.965608956984715e-44
1.4362973456641356e-24
1.5815760698403706e-23
4.340141793979896e-42
2.6517028131597476e-43
2.378973711987566e-44
1.1498549198805518e-46
5.026478883612144e-10
1.3253885592312615e-29
7.335462025757818e-30
7.023087134600773e-30
1.0953254422030733e-10
9.018195076519706e-23
1.557861728021077e-43
5.92409715630096e-11
1.5577925747944496e-43
2.3705951183844746e-29
1.0057729846948467e-13
1.1405898231943238e-40
3.830097066112622e-43
2.4000366964082087e-16
1.6621911326844978e-10
1.3976230171340445e-23
4.745753707648582e-29
2.9842461598157666e-24
2.543731134758273e-9
5.600280878638723e-10
8.578470729243424e-24
8.699487253237572e-44
8.28462673155579e-24
5.641856251426964e-10
3.460849276042733e-44
3.885587471831995e-24
1.6332773240369535e-22
1.7160981938929045e-24
5.189817355594032e-29
1.482068793234272e-20
1.6569730570287086e-42
1.0671710550174425e-9
4.8761116384271145e-23
2.976090719983555e-78
1.029376401386044e-43
1.2121835684216818e-41
6.207007255531638e-49
6.787726620911079e-19
6.517273004340403e-11
7.501527649922053e-21
7.399069380263628e-30
1.4646820454823385e-44
8.564084737193491e-23
1.370596833425042e-28
1.267868973644297e-23
1.1040369561052143e-30
1.1858240341052366e-14
2.4781777157675314e-17
8.291298054492334e-29
7.26270591188542e-8
1.0521670898119357e-9
1.442064793185946e-45
1.8867507379414769e-29
3.598818391799019e-8
4.727275353844614e-42
1.9664249418376545e-42
7.932008830233493e-24
9.121612279224394e-10
5.105328719615258e-45
1.7082040447357593e-10
1.633645175445568e-42
7.220765484712066e-16
2.2342375158969246e-24
1.125617313616262e-15
1.4731215460509456e-30
1.8205760405139124e-22
4.7469468951023305e-17
4.348672017683843e-46
3.025913982717987e-29
6.777657378360353e-44
1.818420627345988e-46
1.14350052147722e-42
5.991255875352722e-45
1.2368549802417235e-23
1.1229410646407187e-24
2.7452590471848465e-22
2.2644884469985905e-31
1.3622735569481403e-21
1.1575215601403412e-22
5.293922229857974e-13
5.444439297479744e-42
1.1672556002544412e-10
1.7431524354308597e-9
9.471705705642385e-48
5.261431314456721e-44
3.83873558568699e-20
6.648943582861886e-7
7.619889192575361e-10
8.362303916424081e-32
