8.120446890603007e-18
1.0115215211801486e-12
2.0689571537924088e-13
2.5491808328123376e-15
4.1588378318719505e-13
7.982554485088041e-15
1.7938907553064134e-14
8.326575711903562e-14
8.202818660103431e-12
2.293492750858888e-14
4.1872398777950714e-11
1.1588256617135848e-16
5.373265238504502e-15
8.84404978283698e-18
1.5957556607849394e-14
2.7811046933922222e-14
1.2137589636758e-13
3.0648893018553926e-12
4.722264746436672e-13
5.228150920126004e-13
2.471057304450704e-13
6.962576720793742e-14
8.128791623294524e-15
7.74830056028545e-15
4.491723360302097e-13
3.0984962294766025e-14
3.0576682519470665e-12
2.8149614963870157e-13
6.62336100208204e-14
4.420161714214335e-14
2.1719193267650043e-14
1.1966152922780118e-13
1.4318384414859528e-13
6.773964773565321e-14
1.0719788204109648e-14
2.853807236951039e-12
1.1358039610830832e-12
4.475547415035377e-13
9.241234023131804e-12
1.6453488890698297e-14
3.293468639881525e-15
5.302935678371721e-13
5.634780378117144e-15
2.490559420992509e-16
1.6705653817168108e-13
4.789995449567243e-15
1.0257310623153588e-14
1.4324137413989058e-13
2.416078886514345e-16
9.138555784918612e-15
1.8144214250886216e-15
4.519467633591885e-15
1.874411887094944e-14
3.3028542331309485e-14
2.0264487910459252e-13
2.314409227154745e-14
2.6321516615763167e-12
1.9526394531682538e-13
2.666025036083631e-13
8.895393394153392e-15
2.202978657085943e-12
2.0187421577032284e-14
1.8875359285018763e-12
2.048482421722736e-15
7.278490922371418e-13
7.027849764413619e-15
3.440036393636112e-14
7.989043620972135e-14
6.358184778537528e-17
9.761983661834608e-13
8.509977978145117e-15
5.903135355701028e-15
2.579953203616948e-13
1.609868965808872e-12
8.338273918197389e-14
3.007036676522607e-16
3.184453569822751e-16
1.3140644683632363e-14
1.2019191592827278e-13
3.2922364622125772e-15
1.7283401537127416e-14
1.1984444756209763e-14
1.1656584471510355e-11
6.056080206546867e-14
1.3722699317617477e-13
1.5080020788938268e-13
1.2817922554449437e-12
5.53500433172877e-14
8.313974109561408e-14
1.769419352726866e-13
2.2026276032396876e-13
3.3470849424068974e-13
1.838762708912074e-13
8.815976592813254e-15
3.068534802836561e-13
7.850570344818209e-15
1.688026737341093e-13
1.212085663178879e-11
3.964820602732986e-14
8.841538754732906e-11
4.021781291845319e-14
1.8500641009930804e-14
5.384584081870106e-13
4.014019175940595e-13
1.842791390835322e-14
5.77593272223599e-14
3.7831676133377847e-14
1.8708600621188614e-14
8.319964841109744e-15
2.900071576105071e-14
8.418285528162138e-14
6.710388353624013e-12
5.00321282501999e-14
3.8264715921662875e-15
1.1935672159115483e-13
6.926241805125926e-13
1.3594987640782887e-11
6.622421286005353e-14
1.5187469973450065e-13
5.278918310554009e-13
1.223190392702922e-13
2.914296842987472e-13
1.259370074779982e-13
1.8564483979198207e-13
1.7346820226818426e-14
4.85750501284979e-15
3.875301859149417e-12
5.267333060179595e-13
2.7199171118784787e-12
5.122341100577836e-10
5.534182509929469e-13
1.1198040924231242e-12
9.206496105434715e-14
1.111425107801882e-14
1.7249684767505187e-12
1.4779137492193267e-14
5.2267521405046185e-17
2.419409020195804e-17
6.559123102477808e-14
2.325873316391711e-11
1.6932885666659253e-11
9.314307150054294e-15
4.2908991373894075e-13
2.2652963867503708e-12
5.46622032024778e-15
4.933923029864843e-13
1.3018071145244345e-12
1.5001535262619244e-13
5.370545629487733e-13
7.862081023804943e-14
7.82634066296204e-14
3.27806976818473e-12
5.787490745911367e-13
1.6262452754196177e-13
2.553127153686456e-13
2.608486047284773e-14
9.977089148882802e-15
7.104268295131372e-14
6.495811993350814e-13
9.656244409687716e-14
4.061872343936181e-12
3.5125179933320086e-13
9.183639419343918e-15
9.959161217332982e-15
7.544791941296991e-14
1.9832028059549553e-13
1.0987125881286278e-14
9.68547903430193e-14
3.694602401234388e-14
3.735965672088104e-13
6.27664083825263e-14
4.05447979385157e-13
3.638528571861341e-14
9.688390203894597e-15
2.0209039235969516e-13
2.0008847120868154e-13
5.585925018024443e-16
2.1111483715861224e-14
1.3461073351724674e-13
2.6424187631540705e-15
3.59636289221066e-14
2.79254476950047e-12
1.558113106193686e-14
8.983302191122008e-13
6.4488620003219065e-12
9.069460195354152e-13
1.0186872452180681e-13
1.1262984635782039e-13
2.959225637769298e-11
1.2162517447153757e-14
7.658360645977833e-13
3.822305570455575e-13
1.0673165324815227e-13
1.7945989512102628e-17
2.0231740140739486e-13
4.608492098130638e-14
3.2459896092536507e-12
6.887347060443156e-14
6.145654283717689e-13
2.2573322716088017e-15
1.8526504173061588e-16
5.806736941120929e-15
1.100562135223548e-14
2.3592924693535118e-14
2.37171438273166e-13
7.172907542591212e-14
2.4410572471121145e-14
1.0770461380234795e-13
1.8076065145898775e-12
2.4471623154383288e-14
2.0374139661068515e-13
2.7044696753239482e-14
8.114470623535583e-17
6.219566144749658e-14
1.5475372780498573e-14
8.90371634165607e-15
3.7641386627017106e-13
2.405397874633062e-14
2.9625832287676493e-13
4.188986673752096e-15
7.40286562123818e-14
1.1119052714807218e-14
2.0238698451313416e-14
1.680418294584368e-13
7.541898769880661e-13
1.79717533723541e-13
1.2465218040510796e-13
1.3551993359967193e-13
1.752777826576707e-14
1.0087137233125245e-12
1.402749986204665e-14
3.8484228935667736e-14
5.079810825803713e-14
3.955341014831819e-17
6.59762438201865e-15
2.657416577927344e-14
2.3188880009579144e-13
5.826036080358602e-14
1.9423453376487546e-12
7.015662180966456e-17
4.711654217688051e-14
8.083537305789746e-16
5.866484253417664e-14
5.710515536778709e-14
5.930955081139481e-13
2.2150511810706672e-16
5.2329401129088716e-14
4.6623282529139285e-14
2.9311539907900077e-13
1.2434211827456743e-13
4.200035854800229e-14
7.712555186217258e-18
1.941303120914264e-14
8.142781158336146e-15
3.18236111122771e-13
6.5343390039618114e-18
2.670077983408643e-13
5.921982875044236e-12
4.130780933820257e-14
2.3782591787173243e-13
5.252062422724941e-15
1.5814000448958527e-13
1.607855273025877e-14
9.009046116331904e-13
6.190672493828085e-14
1.1047079451599739e-14
8.172439244264537e-15
8.751119133412804e-14
1.9564584989297018e-14
1.4063059236065534e-13
1.0004793061832712e-12
5.830893110746309e-14
1.1124624380922309e-13
5.171399827043345e-13
2.2607780808918715e-12
1.355308108012903e-14
9.397754987746422e-15
2.227454283662444e-14
8.268956642963223e-15
7.041784621411405e-14
2.997348465323316e-13
1.1123978679417414e-13
2.362000754913609e-14
7.340707191548146e-14
7.721654367074818e-14
4.848185535711441e-13
1.3768391376582804e-17
3.0879735888952495e-13
2.5123711718396045e-13
1.2438420664682073e-14
1.3266515582855815e-14
2.362330197946873e-13
2.084224971382706e-14
2.4026282292917275e-14
7.52209825015046e-14
1.4559542932328287e-14
5.392693815682759e-13
4.8293889619099707e-14
1.1590662560278205e-13
1.2791339632519222e-12
6.258556421129969e-15
2.7602554856066167e-12
1.4608955050780538e-14
3.930719887059523e-13
2.1045230479742148e-16
5.715580543237051e-14
6.067941137356697e-15
2.637939126856924e-13
3.32718626442569e-13
6.013217542603763e-15
6.22394095524361e-13
4.593177450151047e-15
2.1757187901655373e-13
3.9584041064033365e-14
8.278795293095645e-13
6.936808233028555e-12
7.586016260241382e-15
7.33062547386708e-11
1.1594406005268792e-14
1.3953630712835064e-15
6.220461003280931e-15
4.880916729090166e-14
1.4354377472475991e-13
3.396500432956613e-15
1.1540765324275014e-14
6.593558558274137e-12
6.434917383539896e-13
1.0893393422515848e-12
1.2012661537078035e-13
7.98894528872684e-14
4.643169777362316e-14
1.1450513808163958e-11
8.023766977624672e-14
8.006683623978254e-13
6.808666148786576e-15
2.2105562756562112e-13
4.515975087887991e-14
5.695586493095291e-15
3.849313832704206e-13
6.537952696343641e-15
3.592396105999107e-14
1.2209079272057133e-10
6.304828806566637e-14
5.619900415407373e-15
3.9986311548460266e-13
5.988739639274753e-14
3.227180378524648e-11
2.6165254124805906e-16
8.365463777370414e-15
4.5629909086164517e-11
5.512817515618066e-13
8.400855229791347e-13
7.63938521279324e-15
1.517336774832954e-13
4.263489322849192e-13
7.788616451634842e-13
4.0735712898960074e-13
5.06801489672244e-14
6.36180106890401e-13
5.57011939147602e-14
1.547360152473639e-13
8.876986059292549e-15
8.967811524633807e-14
3.11270235129418e-13
1.9861670847378656e-13
5.226581419335257e-15
1.3906580184753507e-12
6.205881907321676e-18
1.1279009471911017e-13
4.626124098616435e-18
9.469588141946333e-14
2.532642352690203e-14
2.773263639644403e-13
1.8291195135273325e-14
7.858613513395021e-14
4.91178665167104e-14
8.806061909649202e-14
1.5876992803206776e-14
1.7180905847086448e-12
5.734002517177215e-13
5.184818946831448e-14
1.5181208027631298e-15
7.061004305224968e-13
1.9813178190088803e-13
4.9254963589947225e-14
1.281406989000739e-14
1.0219240572796296e-13
6.709021210459879e-15
1.6204510133632143e-14
3.001946915743698e-12
6.783860717598924e-13
2.847471504977721e-13
1.674839787594009e-15
7.054803059192522e-15
5.417512470702588e-15
3.18411676739537e-14
4.25421762943845e-15
3.498233839714119e-14
5.993617994246652e-13
2.198196640814764e-13
1.0650574719742754e-12
1.509956026656598e-14
1.0683990521502489e-13
3.3327300628640305e-15
1.4128929251514203e-14
2.490824914796696e-12
9.252539437911565e-13
9.612080420647454e-12
3.9858535672202045e-13
2.2517071843964586e-13
5.579935709343604e-16
2.9349461502782953e-12
6.150712010538779e-14
2.021701679074999e-13
1.0139553548500464e-14
5.4743074908891466e-14
2.012418379258289e-12
4.5858844088555744e-18
2.275069741754819e-13
1.3284165044727851e-14
8.557708973907857e-15
6.744405180922052e-14
7.259904859273563e-14
3.9589955743199516e-14
1.7460314171736375e-14
1.5016770695891721e-12
1.4198451417117782e-12
2.4261948141976275e-13
2.1765804436764846e-14
2.6490638967373022e-15
4.4736775242937267e-13
2.8211528806812322e-15
2.11277991783979e-13
2.0883794190124686e-12
1.4646271121103826e-15
2.532557754646393e-17
1.4259433148234153e-13
1.4613203728893348e-13
2.4036231540235583e-14
6.8161158111953435e-15
3.098486287545899e-14
6.773061270745909e-13
7.82981856457607e-15
2.899613880525565e-13
1.8538848077201782e-14
1.1099999774713832e-14
2.911904965313993e-10
3.6200901347265465e-12
8.261454091541922e-12
1.6701090486610538e-13
5.14849887682818e-17
2.0640600530978268e-14
1.6645307317607802e-12
8.780312245125776e-15
5.283665044224517e-16
1.9872431558105146e-12
3.055361603240417e-13
1.5237898429958282e-12
1.501277763598918e-14
8.8577072542606e-18
4.491632608460796e-14
2.2070210169893664e-14
1.4367092512562694e-14
6.536382102634215e-14
2.079114592181966e-13
2.0159066981322734e-14
1.6078130081854264e-13
1.0742806143710253e-12
2.741989248669507e-14
1.0034832493415204e-13
2.6249671324167204e-13
9.070286440402957e-18
9.903554937403918e-12
8.594948746707291e-13
9.926303421901546e-14
2.7207592774826612e-14
2.8581336651877753e-12
1.1217656360960891e-13
6.787197706560447e-10
3.3794809158394164e-11
7.842674606630787e-14
4.45742758102844e-15
3.819680861768492e-11
9.645132958754214e-13
1.707376907917515e-13
1.395607386085641e-13
5.3216618820808664e-14
3.7666317571219914e-12
4.203680026771457e-13
4.366229886411951e-14
1.5762067296421045e-17
2.0815965705149605e-12
3.494849892919418e-13
5.493207826699455e-15
2.4574558369765398e-15
1.0437386375188409e-13
1.2871451086632292e-14
2.4567259792399532e-17
2.3846229665538076e-14
5.261934772206443e-13
2.6456949932638206e-12
8.853147310888717e-14
2.8010388238154736e-14
1.0825284349290573e-14
1.6290725328966758e-11
3.017436105839051e-13
7.386180741253646e-13
7.078036830165459e-14
6.644551598641067e-14
8.526880109289256e-13
8.369425125398014e-13
8.583132085948634e-15
4.0821238887676875e-15
4.6884079219772365e-14
4.608099120981489e-14
4.0778705188151086e-14
3.652448038184752e-13
9.554479963893386e-15
2.5045421743788547e-16
1.1234541004524909e-14
1.3430127346461478e-11
1.0531786355941141e-13
2.691507317918656e-15
1.2155780830081229e-14
1.2796319901244931e-13
1.0459312675763044e-13
9.13473236295317e-14
3.8881291718612736e-13
1.7795135743156497e-13
2.8982899654278956e-13
2.7214312666196387e-14
1.46166582951373e-17
1.578518032811325e-13
9.663982606847853e-15
2.329145336081993e-13
8.621462637110758e-11
1.4921068004070884e-13
1.1248681280898976e-12
3.1224124563948514e-13
2.1859878915899502e-14
2.923739672637207e-13
3.1241278031982727e-12
2.5412020055735587e-11
2.5664211520155614e-14
1.2300715211927556e-14
4.992220786763843e-14
5.2582946540466754e-15
2.9075847025369487e-14
8.200241701045688e-13
4.361021104204039e-14
5.134354937175841e-13
2.4490705895633206e-12
1.9157321117677104e-14
2.4365693299986146e-15
5.112047773609317e-12
3.84493671628655e-15
2.4715349581452674e-10
5.970390966340075e-14
6.015342534490275e-14
4.063206895372485e-14
4.616112661713969e-13
4.1120382057478576e-14
3.515811183444391e-11
6.292545731246511e-14
2.1622016500534447e-17
4.3223615970574667e-13
1.0476848321135774e-13
3.209064437213839e-14
1.0154090831022982e-17
7.23113939998216e-15
5.448239496762804e-12
5.655028717946684e-14
3.8647376891730477e-13
3.095217885311905e-14
6.519092095311775e-14
3.268395433519651e-14
1.4179081817268186e-14
1.961081564033739e-14
5.766070683111018e-14
6.457369242337949e-15
7.840983846699049e-14
2.5121011797371826e-12
6.5893334567543834e-12
1.2137137036233127e-13
1.7505433278902478e-14
1.8448447083394414e-12
4.607236029575563e-13
3.4407130213732605e-14
3.6967871525003345e-15
2.811596798780719e-13
1.962410885446368e-11
6.353031222404614e-15
2.2461517595287516e-15
3.1396226829997624e-13
4.4413732901912437e-13
5.865956835642094e-13
2.307202497493302e-14
2.846959533869638e-11
1.0962635645390147e-13
2.716526517384402e-12
9.722921890189004e-15
1.0819506055346457e-13
9.468793865970181e-12
1.2109865161956565e-14
1.8442878581623436e-12
2.601044833079469e-14
2.1024507524088105e-14
6.2206325334701256e-15
7.16656694603199e-15
1.2598901946742365e-13
4.349042270814484e-16
2.6387989075820136e-14
1.4499137622059964e-13
4.442114483595292e-13
1.026769237778636e-13
4.514646985596567e-13
3.545947356102795e-14
8.170637832316667e-11
1.7431949202796623e-14
1.7141201299571898e-13
9.04115003528414e-15
1.5021815246863192e-11
7.034901356111691e-13
3.8345529092583416e-15
2.3500285037412754e-14
4.86606269138385e-13
1.724512993325085e-14
3.7856369054116336e-13
1.6010337518460527e-14
1.3549171124821641e-12
7.370087433194327e-13
2.8665801498669917e-13
3.08831242703215e-14
8.520977497795676e-13
4.319717364230852e-13
2.273598752660801e-13
3.3323145546272986e-14
1.4193401187619902e-12
5.78967016171024e-14
7.099427299786762e-14
1.8576392442008232e-14
7.029174456951341e-13
1.4851748717059065e-12
1.2528023353757526e-13
2.9818932647289336e-13
6.581266729711199e-15
6.907087949983441e-14
1.7180395295551433e-13
1.4385114607943288e-14
5.434348760524966e-17
7.972494692368206e-14
1.2432664687459168e-14
1.8467750408770583e-13
6.797716970134481e-15
2.1519746724185066e-13
1.8941846631620146e-14
8.607785712412792e-13
6.180309348636311e-14
1.9526601909395894e-15
1.8907820663650755e-12
1.715289157127164e-13
2.658593711127889e-13
4.11086866983472e-15
1.3879077030977814e-14
9.115965593932904e-15
1.0680826042540243e-10
1.3462750342167309e-15
3.929264427168969e-14
4.1381071931745885e-14
7.233760351027239e-12
6.945186239468718e-15
1.094429735695943e-12
1.1566352866967954e-12
8.256024091706879e-13
4.002065912075277e-15
7.974636352425624e-14
5.947457715659298e-12
1.0570576554546253e-13
3.4825263912926985e-11
4.904877393104997e-13
2.839484520603655e-13
4.3558164800857305e-12
5.671954726336091e-14
2.6071570408050576e-13
1.7964128788318096e-15
1.5344073793311472e-14
3.151373650868613e-14
1.2509070492397902e-14
1.484079650516986e-11
1.4963273514129648e-14
7.82170269492333e-13
2.4640195486093904e-13
2.8321037289081624e-13
2.8611706441550004e-14
6.068894377109905e-14
1.4651483845140314e-12
2.2804847185153895e-13
6.588904691616604e-15
9.933019687603517e-15
1.4768596040245696e-14
4.338947645124703e-14
1.3332710277499749e-12
1.6751720249180297e-14
2.3807744740539307e-12
3.9292089234957446e-13
7.019164789624259e-11
3.753192408870314e-14
1.9897596569835333e-17
6.070469295702306e-14
3.653795324436833e-15
6.203879543306757e-15
1.9831899620723213e-11
3.631052522764343e-14
3.180868430630573e-12
1.171447481696357e-12
2.7104614180604594e-17
1.2224682281387237e-14
1.9099903374941756e-12
2.0338974631579328e-13
4.644668215648947e-13
2.1129181663280695e-13
6.334892547428267e-18
2.0237942326559258e-11
1.7772982574999422e-14
4.870806615759356e-15
3.005220053432824e-13
1.7230732774114036e-15
2.628560749521457e-13
1.7667609404306652e-13
1.1559648569931778e-12
4.100679567066199e-13
6.625013659747043e-14
1.7481767991538328e-15
3.831962130922616e-13
6.882351820441993e-14
1.308760231897565e-14
2.354654971980211e-14
1.1615787002345896e-13
5.140087124939162e-13
3.338774415023068e-14
5.074810921385178e-13
1.7795020394573347e-13
7.831579714480732e-14
2.5631033596297693e-14
1.5402996781771606e-17
7.992909661387607e-12
1.2004828333980356e-14
1.0564752696997117e-17
9.25856305861481e-15
3.2983248641799376e-12
5.331907722974617e-14
7.282811610921745e-13
1.7474377293328964e-12
4.317224159515493e-18
9.985248271203597e-14
1.5776552130051741e-12
1.4547316135583558e-11
8.329229289222562e-13
8.299641688801409e-12
2.6700205248076705e-14
9.914069271386505e-15
8.955015998678522e-14
5.313828459148657e-13
6.184361932675085e-15
6.277466877961789e-14
1.1017568070172645e-12
2.7424097358910035e-18
2.1357951725497606e-14
4.573488135018178e-13
1.1876019800113835e-12
2.0155480986935604e-13
2.85606009678593e-14
1.0174326426987348e-14
6.802938121266841e-10
1.2374274308449046e-14
7.737838420470701e-14
5.688901136798105e-14
4.297100136159524e-14
3.119340956764309e-12
8.062535657346546e-17
2.147312713633421e-14
6.737276929904112e-14
3.130239795218852e-11
6.638478663472619e-12
3.62844847437174e-13
2.557654454662782e-14
2.5035195132719065e-12
2.477054505043909e-14
2.8983771060613954e-13
6.840377889233245e-14
2.826221584896823e-13
2.1063773891516661e-13
2.7628955381834685e-17
6.8389671283067085e-12
3.2018269308204255e-18
9.023445566174979e-13
3.182820656174005e-14
1.2730239790610455e-11
2.4034039257743184e-14
1.1621776136900598e-14
1.387561030802352e-13
1.3742449601842565e-13
1.1613263712374066e-14
2.465272255199899e-14
2.5035874016504527e-12
3.72384588087886e-15
4.7819984633720984e-14
2.3360255750850773e-10
6.410329758558322e-14
1.3202336941413718e-12
1.1654849857738688e-14
3.2863967789305027e-13
3.004796364664846e-13
1.0693340307532302e-14
4.0804647729416195e-13
3.287318426401735e-14
8.095266228113603e-14
1.8228292966034714e-13
3.671137558544757e-12
2.584477020053081e-14
1.812540375190175e-13
3.811969223366081e-14
1.3577857110467845e-13
6.779682762199523e-10
5.390375745751942e-13
7.176101856680978e-14
2.4810571848763776e-14
1.5843078529471081e-12
3.337069756820171e-14
1.422991891617055e-12
1.3977195967711376e-12
9.384893562931596e-12
2.5491019743739096e-14
1.1912295366207155e-14
8.287429099398494e-15
5.175061392804133e-18
2.8646702364445287e-12
1.6763891845938784e-14
2.751419887187893e-15
1.7186580777242741e-13
1.75712566185875e-13
1.1221117797505165e-13
1.8047660176945282e-14
1.5646436609621343e-17
4.48050564680359e-17
7.459849794946023e-14
5.622077036074014e-14
1.6239861592849542e-14
9.205096561646017e-11
1.738085278790038e-14
5.567628422624985e-12
1.756845959019772e-11
7.07957191978475e-14
5.358886217526502e-14
3.08760560672494e-13
1.9174236486731152e-13
1.6179098581973146e-17
3.892760489332391e-12
2.4400626326068e-13
5.190508139245585e-14
4.7078113791048674e-14
4.208378616708892e-18
4.48533084796076e-13
6.146503929423155e-14
9.539864064781005e-14
5.150213221207522e-14
3.1158485659686943e-14
7.109516430801694e-15
1.3593360723942685e-13
6.503599535957527e-11
1.5779681014812321e-13
6.250281696842995e-13
4.233224349935372e-12
1.864725578686575e-14
2.0954874015506057e-13
1.8438542857871696e-14
4.7148237575238655e-15
3.2267143630414413e-14
8.695320746000281e-12
1.4621699963256045e-11
5.118627224893628e-14
1.5617514349007286e-12
1.455469099405286e-15
5.3189722843785685e-12
3.2487895422617584e-13
5.879635019514137e-13
5.604989268087803e-13
4.9631363697504394e-15
5.5569816757329275e-14
1.7944453604529345e-13
1.1299231523674971e-14
2.3071099495605127e-15
2.2741384651432607e-14
1.0397093393016008e-12
1.1160080314773969e-13
1.2596433449694407e-12
3.869686071912347e-14
7.39808577736853e-15
1.1372514831348691e-13
1.5377945078842526e-13
1.3956648194560296e-14
4.184934793801103e-15
1.798484787653973e-11
5.946678079664822e-14
1.3578270342680137e-14
1.382788437502423e-13
1.6581671672480167e-14
4.395246588866041e-14
2.656929858855812e-13
1.8991381168320577e-13
2.1450380400158587e-14
1.5371058580392042e-13
7.543436602776912e-15
4.739663852730818e-13
6.2632857258185174e-12
3.8475682801099245e-12
3.057760099200312e-13
1.423134352077027e-14
1.437585591311014e-14
5.91955149961078e-12
3.741085740052392e-15
3.922047673722687e-14
5.0719859081234994e-14
6.554742452417025e-12
3.921655334759899e-14
2.210986200544335e-12
1.4442715526885433e-13
2.3557549625932334e-14
4.5267119449314626e-13
4.461445254556945e-14
1.5103742029193327e-14
8.666646313186149e-13
9.194817144961431e-13
9.18774311714735e-15
1.4142754884408763e-13
1.9914900451068047e-12
3.467715123269326e-14
7.0447919901262385e-12
3.439990628530585e-15
2.2079759411809726e-14
7.905036742055628e-14
4.3172175994232455e-14
1.169366740597691e-13
1.853436202344479e-14
1.2200980998597004e-14
8.363489991210153e-14
4.671700594058801e-15
4.724773272448776e-13
1.7073970102151197e-9
7.976360203358134e-15
7.773790595818021e-15
1.8819099218750344e-12
1.894134541995487e-13
1.4580225318962383e-14
5.422406890301527e-14
3.100379231037434e-14
4.8104058218291867e-14
3.504076630480387e-13
1.0479580544762048e-14
2.906565085726143e-12
2.1637029914407525e-13
2.1238308535712555e-14
6.182616382720246e-14
4.651000151692868e-15
9.119504746774689e-18
4.2573881516572157e-14
3.177012378925122e-14
4.275033292316187e-13
4.9875369517578025e-15
6.440694946346213e-14
1.3342329517441653e-13
9.804440843688747e-15
1.314685082553026e-12
1.8119373626999105e-16
3.744601195955024e-12
7.014686478692458e-14
4.5123057555361154e-13
7.856525204669482e-13
5.301503305825301e-15
1.9078528911262995e-14
4.589634628465527e-14
6.3541085437486864e-15
3.298767927530081e-16
2.6420135784329666e-14
1.4893438099808387e-15
6.797129168406768e-14
6.317406640091101e-15
5.141201604654207e-13
1.3482591805791348e-13
8.867914419762043e-15
9.553542035025772e-15
1.1064222049506409e-14
1.2944816602434457e-12
5.930953758704669e-15
2.2120285445033583e-14
1.311067617929839e-13
1.0631366668879228e-13
5.784769834242974e-12
5.485065375525211e-13
2.494260650839447e-17
