24.314918305252462
5.690920885140149
1.7525494301750644
0.5138631201401779
2.1584010021646463
12.943151394399878
81.19160905621669
0.10103067475829887
12.203748128900852
48.74887607917125
4.639697534697845
0.09419559721564716
1.0
0.0064686365605533536
0.7669459128920846
0.7862193134755143
3.998274920771672
7.3400654681486515
0.18283454205216904
0.20890130417841693
2.1574416937015424
9.37395304465812
0.3923453611187542
0.6598912701523141
17.346540673684956
1.3009157470070094
0.5904077937316007
0.020557827029335625
94.41367351066192
16.610464158759655
3.8148660806114965
6.904401514551105
1.6813477759158653e-6
0.5727394829738656
7.606643533301865
51.50316979448471
0.00027348835428797576
5.616212593562311
1.9284588465093775
0.2898519930459577
1.122382286886019e-17
2.5088609689536714
6.889372714273228e-7
140.04705884717822
1.2469297975278382
7.611757628079855e-6
0.1115598455179166
0.005519752534684691
6.677775481935099
0.24487073922323624
0.006087268470284302
15.874815176341302
7.732888356982416e-5
0.00262999817558259
0.016285937679391873
0.01271442181806295
4.5492180282759564
0.0002048049161821647
1.1200268624953145
0.9880378622589129
1.0626033922136975e-5
0.1546891264265903
0.22181741936323365
9.614441890837718e-5
1.4215342561485391
0.002571871454923627
0.007850175537989246
8.567048700845261e-6
0.7894681671224618
1.3573077389913422
5.119170466117032e-5
5.4591033327298874e-5
3.2835423805209567e-7
0.00034709441637052144
0.6581795144043588
7.08499441607983e-6
0.005442929133922387
17.207438022376454
1.0047377964481349e-15
0.17700710779559176
0.11065909675559933
3.8289071218088813
0.018544696860359807
0.06340087788225589
0.0007557564782546264
0.5922116130156495
0.29961667414521287
0.0032223444634298867
0.005449127788517245
0.001786836054677264
8.9500607432694e-6
0.06671068582510169
14.108942577151728
5.134786993864751e-6
0.8429888856163978
0.0013985291121302787
5.5215307943258647e-8
0.03441609159612937
1.7334673012349385e-7
0.036857800838378356
13.060957579131308
5.46131674621649e-13
0.00016373662719077395
0.004309418388220944
0.02287432992505092
20.46194057406501
0.0007568021055127436
49.920558181546525
4.708256133524976e-6
106.23367258058632
7.3278880132306865
3.1928807851469886e-5
0.00024025013622582946
0.644798320035327
0.00020691613696144817
7.435068962316552e-6
0.08732526747551748
0.006094188054327062
0.00023875684973044623
0.10081022073191853
0.489329814875894
0.12819194986143648
3.8063053550663014e-6
1.0557885729291214e-6
1.738124336915904e-7
4.305035618402075
0.34689671519238185
2.917955189831333
9.430647855405017e-6
1.7679913937393316e-5
2.3498697059276505e-10
40.75554471999973
0.0009060931089792086
0.020548964938317735
3.400230742406376e-11
0.010323071514283468
2.3892477926833768e-11
0.0010744673489463737
0.002028461787211089
0.04998099419825564
1.8456738557015842
0.021640964291144812
0.014404432518232537
1.892448346848822e-14
1.0
2.7211724567368005
6.317003937414985e-6
1.7586755210606398e-6
5.70879027887801e-10
0.6544741873185536
0.002980129600303505
0.10007149731249639
1.4988601315841885
9.500063970679013e-8
0.009781845455146237
0.3061387427989052
0.0025700074194775465
4.092144624984305e-10
0.1157865040897309
0.0654114555239554
0.0002805056866029276
0.001689091958626938
0.0013157209616494149
1.9266145523808286e-5
1.9129125772536934e-7
0.00041392209312575537
3.2564009991278735
1.3864337851604291
2.4723549307935104e-7
7.5601033302691446e-6
1.3271796176941983
1.8301917459104564e-8
0.0016607407374222066
3.381136168651056
0.00024409041576508393
6.295470956730681e-5
0.0006540026059188472
1.3505609009517883
0.00020135027112148037
7.39669333164721e-5
8.630012486523242e-10
1.0
1.4583851085490788e-8
1.4821000375995041
0.012466662383684884
8.01852604525878
0.00482679600465026
0.17592652161524722
0.002214910793503824
1.7080453862980904e-7
0.0005578370878117814
0.47148210761841225
1.7252666611233005e-8
156.36833069238384
0.00046338739676991857
0.0003293614937164802
0.009677111758746061
0.05062485355540847
2.678225479910507e-5
4.177523476337183e-5
0.0002851993491644912
1.3248367545111375e-8
3.851058071644679e-5
0.0034290074809779905
4.855443766093387e-10
0.002049840327307632
0.00035303041144935294
6.221991537971418
0.07054057625881566
1.7566932738832601
0.00010923786025313656
0.003303883617269427
5.644384321074853
0.1578391339627583
42.1000606781372
0.0002219794213969578
3.155320600638297e-6
0.00018392247087149795
5.634408076795583e-5
0.003415401677353225
0.048789465358546426
0.03887977687723359
2.5533436727630565e-5
0.0006510457349734022
1.4228200835919362
4.719133380100312e-5
0.0024036831018342973
0.0541312196451075
0.020334831976277234
4.166195329137664
3.709882226045908
1.0608821848203936e-5
31.51423252591175
0.13918320663970096
0.0018038932346389302
0.00039107725408148777
0.0011359781059016804
0.002854834369469492
0.17030376766454272
0.03574583825812825
2.71680458830067e-8
0.06511341203413865
1.6318663878327684
0.22613191550032646
0.0001760283040485172
0.09477283068734638
3.5700545994165602
6.116407960746556e-5
12.292259074132703
1.4001006967708694e-6
0.00012111522518816778
1.0
0.6092824507812716
3.356782656720269e-6
0.22169991119993895
0.013824496104490974
0.03368088480111577
0.04967631278592281
0.005935479035917498
4.571941172710036e-5
7.82381404931184e-5
0.04056521261679571
3.509177725913568e-5
0.010624525069472125
0.9190788238534111
0.00037875867370882997
8.735720482945856e-10
1.512029674637922e-7
2.9463160732382244e-6
1.8377260095000637e-6
25.498341764931745
0.00017683379482056537
0.21484318077676973
0.08468655541179981
0.0005266340738733401
0.002385608401140454
0.0008800709638935579
0.08874596806052754
3.804178747420153
0.12596891441093871
0.0009134315227422539
0.17561988364545497
0.0002555045242430553
1.0
0.007186211847564434
0.00031693532360454297
0.01611439191942964
6.932125524399853e-9
1.8732950495076887e-6
9.629832679846994e-5
0.0025298300512585493
0.003147047686275084
2.8034915637819815e-8
0.33690582403994457
1.6462163114348483e-7
63.804128633378326
0.07449174439191601
1.0
2.0959641980452175e-9
6.61883369033912e-5
0.04854249743520215
0.04812839989484123
0.17509583125266484
0.013713345264564076
0.0032089426755071825
1.4661160071809092
7.295990518515245e-7
0.5584459236379091
0.00904485013114709
9.841793769838417e-6
1.0
43.30971555672069
0.000380272849159494
0.08684382779251498
4.735371197242957e-5
0.015699948404250305
0.009423934165548178
5.162384126271944e-10
3.0715035826673166e-10
0.01116672006534602
1.753328364084552e-8
0.0013432585324755942
9.364795827839671e-7
0.0075032291996515255
8.761850068107422e-5
0.006642110596899383
0.4444983122450444
7.375268538441199e-7
1.739524214213016
0.0016776060409307725
0.00012501002518282978
1.1677070003169219
0.00022443933250755328
0.0007723728311381
1.4738668681993755e-7
9.698353109879875
4.657900469589681e-6
0.28294994546443075
0.04255390209599086
1.7048496069719938e-7
9.76824186290694e-7
34.506405685434736
3.3315994749571597e-9
0.0010788854032369748
0.006004182581031988
0.41380324123833667
1.0
0.004626205207029812
0.1316753044449651
0.015491973566873185
3.6120206281106786e-5
0.00036834997271003634
0.8072489225219265
1.3340090532855516e-8
9.107027356086306e-5
0.02150303929063395
18.252443183184553
0.013761914782255755
21.09610942028683
0.03644118803132237
2.865546127545062e-7
4.587406098412529e-6
4.019261438153923
123.83747217457044
0.03163876146671433
0.17982646324534182
0.02114997197277787
2.29651613016758e-6
2.3740905912914063
0.007560697933539599
0.0007123081794517645
8.819364106051043e-6
0.0018658662017750952
15.09617044218772
0.032609636808665514
0.00288998264128195
0.007408431580594999
1.3216744835271655e-9
0.0035562900733624226
1.7385363484910215e-5
0.16379805790550978
0.4476205006107619
2.287693638927916e-5
0.00019271712407298216
0.335043361810092
9.888850479778499e-8
0.0008322617201344249
0.044191059882300876
0.005922738449797837
0.0029339594203555293
7.779878828700803e-6
0.0003236370266703855
0.020081251004048024
0.01021494781816084
2.0142571303014094
0.003640811093627997
0.00046689310162022885
0.01200675025723819
1.8884404955138397e-6
0.009595891336602082
1.4927324780376949e-5
0.020849114302659292
0.008244167138086468
0.0003112839757818969
9.022778740717493
5.535153776723421e-7
1.6702543648314551e-6
3.0936656299294875e-5
0.0002016650854078759
3.7990895362860058
0.3365846582264528
0.00093905217450008
5.0940128327290265e-5
0.0004515729258376363
0.25278327215981655
1.544844806926914e-9
0.013462912300992341
0.00018931342244784925
0.00013901079023042443
0.1885901955758671
1.1084834273562076e-5
0.00390154057515095
4.828332290013418e-7
7.336756978688128e-8
1.2009735078907449e-6
1.0831066593314633
7.81795913189439e-11
8.132490242432618e-5
0.0002957214836441135
1.2642444495184384e-11
2.2128485190676428e-7
0.3952838072167764
0.0004963026745050051
0.0015219854083193707
6.66345832445287e-7
47.027396964476345
0.002209846878644974
0.07269359006586047
6.150552396247964e-7
0.00010359988230496236
0.00040398850546802554
0.0036272204469674878
1.6532433230040138
1.6846905240717688e-6
0.0002534446743620933
0.002447078163923752
1.0502375280869596
0.04618200162548352
0.026192519068430786
0.07841257016079575
6.0417439279464706e-5
0.05606674847600942
0.0009339402065080846
6.78250780488596e-12
2.5584564316697613
0.05209825335995
1.4690285261143703e-5
0.0023170785121865113
0.00013920411730965218
0.0001415032264456037
0.0018643665165675523
0.04714785215948265
0.0493029003932266
0.29698923206891126
5.230324109747457
0.00043003765060632123
8.115662254492983e-5
1.0874750907925932
43.8763775678546
0.2483962891011412
0.027072164102713445
0.005917487848123673
0.0002748495672860627
2.4800793108096835e-10
6.33992394296762e-9
0.0053994708280333216
4.750135524793693e-8
1.3959918260614347e-10
0.011784485347626002
0.0003326249863095624
0.0007469174714845057
0.04698680543397791
0.0001406353924477271
0.08236535102661231
0.05714790977077368
3.3419098443673415e-6
0.05069199934187253
0.0011592238945563897
8.992649747740652e-6
0.1854441254041249
0.0011374984681906599
1.4224618878279374
0.000844819071443565
0.0003019557825317897
7.887564306474779e-9
1.5851038155598447
0.00021223628263120718
0.005763592269110406
1.2348339067760956e-6
4.1554149180094454e-5
0.05307668633341042
2.115495298702773
0.044506822700770714
4.905692776033205e-5
0.011899045556221018
0.3830013796154839
0.024239778361916577
0.026909437326309574
5.887382510976406e-5
0.0034600291051530437
0.003656706659359496
1.5388686249566185e-5
6.047959705609803e-5
96.25651300999576
1.0
0.008150616347770505
0.8129749233694834
4.308205381279279e-6
0.04240758675981584
3.246546661552664e-7
0.06240646389800115
2.7336628304733503
5.447412660310638e-7
0.03596489807860473
3.058793726180327e-6
8.80788008516186e-5
0.027489061981989915
0.38031112008759493
0.0004810800070003144
1.815894591047008e-9
0.0003911206541206823
0.0023056376717072585
0.00046855258113282037
1.4850959147909197
0.000499990593665789
0.014453037196621941
18.529538927878455
0.0003417320580118217
0.0016082810719685627
0.009354795494233363
0.0018476447503831717
0.00010898793721436554
0.0667343664979704
0.04305245862183723
8.15770679153702e-7
0.09383614986019831
0.05504204566163416
1.333049788924952e-8
8.000561156521398
3.5864287487323186e-6
0.138762943539498
5.233948348953208e-5
0.0008450232681134339
1.8410060060271214
0.0968077985911795
1.6296626898785927e-6
0.00012642044163527238
4.092661834224641e-5
0.02551594941095613
0.002096820525160932
0.13658522706849818
1.3539729253538384e-5
0.21529644770840162
0.11360155544918686
1.2437138819732317e-5
0.0006836053004187299
0.005340547226378118
0.12685983260373412
542.3662838975474
0.01587023001151102
0.004369255425197785
2.5899288345138094e-7
0.0114921242090982
0.10736375981214302
2.160645338517063e-5
7.2046427659157235
7.90329773834471
2.3103130373802867
0.08016201984755902
0.6949417196055635
0.00966208715820775
0.0031806720509603994
0.00047168533808502054
0.19231973064752061
0.00031661567570328555
8.634503629149622e-6
0.0005498644817928282
30.52559335092951
0.1013868905846921
0.003435697941636455
0.00019311881344401198
0.0009590689017519279
4.993931571975421e-14
2.922110624381874e-5
3.174764551453523e-6
6.803443944126337e-5
7.391081466682436
0.015556063752111186
0.0022035091732207227
0.17269761330704014
0.0010220134845661253
2.353743116054737e-6
64.04729692969555
16.771775822544246
0.00023995145286440718
0.0003354654321551432
0.033989118671004105
2.4703563222792657
0.010025668422349358
0.0104887984808736
1.4525402458611267
0.05689262511310447
1.383839170745911e-5
0.0003219129876246291
72.00004111366866
4.471364202811468
4.173219241398972e-6
4.096825374625753e-6
0.05700363524618112
7.461247192501139e-9
0.00021629933730614115
4.697113851906595e-6
0.0033511653918014014
0.02347117356617413
7.438117132193924e-8
4.726716922112984e-9
0.0007030124131126139
7.706647479014697e-9
5.967735183721296e-5
0.04900003875122658
5.740972408065754e-7
70.05273372776814
0.00011139922889463385
0.02557130563391077
0.021779968563359838
4.9812851742277386e-5
0.004371463968283059
8.922689940052656
0.3381017302054082
3.5861045805504663e-6
270.6618850901217
4.1962091336302503e-5
17.41169142214156
1.9984673573367794e-7
1.5343070916037743e-8
1.1184407269232077
9.730941009549317
1.0
2.5903482891432673e-6
0.03120709988762637
0.003134176378357157
0.022419154851480237
0.08975712567569308
0.0018054243481414158
3.3609337266508657e-6
0.022311035954140693
0.017590309625471416
0.00035410230021996046
0.09355082342302536
0.04626100284915213
1.1522521567490863e-5
0.0012564771629056109
3.635042317538576e-11
2.6689069300212007e-5
0.14796700917834943
0.00012977700321707673
6.386334195886062e-7
3.2428912645847572e-6
22.472337265209838
1.3759645168290193e-5
4.81168365335543e-11
3.248600674786034e-5
0.004978870449242948
8.054120301444298e-11
0.08875388629615226
9.344020970297469e-7
0.0016319609532332762
0.00010837949943031767
0.0013807772310079976
0.0002010398699753405
1.288260908262111e-7
0.0010959026615186007
0.1213596771190492
0.020987638873266875
7.764705275356086e-7
0.11796124823197238
0.011716934019808662
4.0387899952787724e-13
8.70885002392665e-5
4.82134517822261e-5
0.26461206322744263
9.601418308189965e-8
0.14410882259430646
0.1857699554741245
2.141775279147547e-9
0.0036518806292835703
2.5389480804962132
9.770263750512312
1.5677157687568607e-10
0.0059279849085000155
0.0039243224636918116
0.05978558057783918
48.6935556382953
0.0008239925655811771
0.0017788006908547077
0.00035217570886116414
0.003815244987977856
1.228919504656218e-5
0.1969313773789353
1.3780008171244153e-11
0.02433222789983867
1.3599684807687558e-5
0.11803502888132929
0.012096906572813593
218.49581971360485
0.0014361363671459566
0.0008364293436326565
0.00043190144092341117
2.0004822691388433e-10
2.170676904590639e-9
7.828008973671532e-7
0.00019359947137025771
1.0907743035016445e-5
96.17840251809642
1.0177311254533028e-6
0.001167951305112436
0.001259285278455628
4.204103390826566e-5
0.05818772725880867
0.000947148160109134
0.27246961715415985
0.00015716080386002427
0.10886033016073703
1.3257282485257895e-7
3.1329387018924135e-5
0.0007197725485816994
4.5101725050671e-6
0.07937822930490193
0.00030718575142653733
0.00019711828376178962
0.002534318201070595
4.263819047511681e-6
0.006375999838790573
0.010899066093384055
0.0003839927739222223
0.2008544387338054
0.01262914925389982
0.18886020871086667
5.545935192342817e-10
0.011818943044472108
0.001273307963512121
0.1355007467575718
2.09045789528155e-8
1.0
0.31430743206983347
2.31308930851106e-5
0.09850080959337118
0.0005194769863417309
8.809943274212062e-5
7.918695738278292e-7
0.039933861452039955
0.0006088771114841453
2.5048860279166996e-5
0.31422007321896217
4.89000452107489
0.000137138172982651
2.9279583395557717e-6
0.7656078493778065
0.0001705276345028671
4.2486246827374836e-7
2.0076755732768719e-10
15.11385302383116
0.0041654526584300414
2.976275784115503e-8
5.1356034239101384e-15
2.4768599729919036
0.030579055641198925
2.128173565501071e-8
0.00011183136287770898
12.256848395580192
8.45644279564553e-5
0.00010941355767260588
4.5334223147796854e-5
0.003126051526840804
0.05483451347289925
0.0047030982604183875
0.0002215567309503796
0.0488400063817961
0.0012463640784527523
0.018752140846382496
1.9191634141757973e-7
9.460186615344202e-9
0.00022031562224505998
8.714221686815188e-6
1.8076463234957492e-7
1.7735692375202177e-7
0.05702568769722079
0.019216560147903253
1.9877781883193013e-8
2.8258985310732454
0.0014460198221905227
0.0035885252040430142
0.003028569131775994
0.34723809580937004
1.4373696922724304e-9
4.584954911679273e-5
2.0895342654540283e-5
0.009267420338945606
4.906600724136744e-7
0.01473892255728195
0.5791706708407016
0.007074871650013537
0.01790136076082981
0.016241539199420008
0.0009064015092391538
0.00036554318845055303
0.271523209356077
0.0007024119945818621
0.06492182464162775
0.0001208570268753272
0.008723224751763126
6.805623512543494e-5
4.279182072897025e-6
0.7241153228240206
1.1020990286464465e-8
0.0011333036610313102
2.0187494809310943e-7
0.008975890447686664
2.5217984666480622e-6
0.023976730260199832
0.00032332824112875
0.002022827925599958
0.0003290843010998827
0.0026756441715479803
3.929308614389876e-5
0.0924940314678098
0.02564125644964948
0.00040519380455093876
3.2859850537933093e-6
1.1073508278254133e-7
1.9655418929451774e-6
1.6785379164201134e-5
1.034323286412631e-9
3.491005199010021e-5
0.014787845217155638
0.0013988182913660995
2.296120756923172e-6
0.0001102521138017498
2.4738202968460486e-5
14.614812404450504
0.00010624774026747734
0.006155476770425182
4.224483670345661e-10
0.2440781006190221
0.03960060317597959
7.636317974108077e-5
1.231445155243312e-5
0.00022417094024717736
4.584540587250031e-7
2.408471238174974
8.348810905002095e-7
0.0010069441279280161
0.04763562696444886
1.1994187872619345e-6
0.01571538317637272
1.3746040873797189e-8
0.016020114943640616
0.0002817796276124537
5.238265817323164e-5
1.109897579230583e-8
0.00047764654707420086
0.00018904896628692608
0.0554828322851043
0.003944987530542581
4.074039718576557e-6
1.08817580487384e-6
0.0005287565930356255
0.0006978513248348532
1.059715975142071e-6
6.505672591393003e-10
0.00023282647026140227
0.0020559671643087577
0.00491271523070743
0.011694228915893386
0.0011761377523376853
0.004408527848380457
0.00010774164498251192
4.738610331657542e-7
0.004902141603089204
0.0186481093135464
0.0004786322430745038
6.644730603836766e-5
0.9756306088123444
8.609191988332956e-5
0.01859147106130992
1.3202552662096471e-5
0.1100492424352219
1.1745497877001424e-6
0.038043185635313566
0.00032134887304894125
0.0030312156038794927
6.025406690152207e-5
0.0002681580609176321
14.786419431842226
1.5774875616137833e-5
0.07686218422677693
0.00010701205999788585
1.1022637930142274
2.2986508377228754e-7
0.0016140864439114588
3.829066512811341e-5
0.005161588617056047
3.349033206966032e-5
3.975900806609107e-6
0.003774051112386894
3.9159068954322037e-7
1.6658771032256144e-5
0.00032806546434915537
0.017199674089289005
0.01896537944006164
0.026316036820826793
2.6546121535598964e-5
0.0013390479324165347
1.6643860937574155e-5
1.6781642755153678e-7
1.8100808487120663
9.727656127435882e-11
0.001464767561908789
0.06330888515070193
1.934945838839391e-5
4.555299748668013e-8
5.548799254281232e-5
9.315684343446853e-8
0.0007326639030500992
0.008360350637987757
0.07532163352029346
0.30575228103763025
0.005111518997441778
3.2460599860928058e-9
0.00021823914245976754
0.008571289542262968
3.5574521866023577e-9
2.51035658648981e-5
0.00035749963988456325
3.0251441698305754e-5
0.002188035870742395
1.3840721169476476e-6
1.298725789135295e-7
0.7714142463068764
0.05840705527796845
0.0006598595273719783
0.6076447575791029
0.004662046087945491
0.08080835950316965
0.05574968391166614
7.12867675371124
0.0013462904301916494
1.5251838642274592e-6
0.0018169448190979605
0.006884366201796012
0.07550728255193104
0.00023069492910859698
0.02772032451403174
3.1668147705877328e-6
0.0034164931635956705
0.2706731227818996
0.00020597168820478713
0.002431195905188497
7.228541567846973e-5
1.0
6.07713499022697e-5
4.159756781324512e-6
0.0007275146209112671
6.164277517461957e-6
6.586030574201958e-6
0.00115448917682754
0.002427367627217364
8.1560707819959e-6
0.01565455394768479
5.325664800656435e-9
7.007362597957348e-5
4.29093636826217e-7
0.005905165568937066
0.018260140510281988
0.000544061691245894
0.00010349870891189821
0.00044753836507009355
0.5779563460826446
3.498325197733382e-6
5.6754049320145846e-5
3.6861534269051436e-5
2.3436506953026153e-6
0.00027602715968866207
0.005581737058683149
0.00027934160231857865
0.04535009792526305
1.0608603752694463e-8
50.82716179146274
0.1812879409444215
0.004731020942376484
