2.382822533912406
4.358549159298943
18.355255333643235
0.4181268844011781
0.7267352248332438
0.10618436642226488
27.864361017198277
6.191287015430314
2.7902206083781587
1.0
1.0
0.2684663820304426
6.2619774346109995
0.14294025300739363
21.289183357474865
1.685511154145264
0.013022562626610553
0.44518481332543175
0.24756460801665034
7.0798991560032
3.4666244338053427
0.2561173797517811
2.9007049191240477
0.25032342443128675
0.01848350511601645
0.003323153768797441
3.7607697182901694
45.925869505133306
0.11725211258815968
0.33742102411990565
0.9605982820166321
0.5867524910171013
0.0022657511857432423
0.0010439290378266462
1.436858490416795
0.0006290049160881407
1.5373549023029687
1.7211218564723085e-5
0.07565270325110518
0.43202220100733896
0.0020915982562239566
1.590850159490184
0.3019015594240475
0.00016740897136320856
122.57231236462648
4.988031864224482
8.665244442354174e-7
0.04261601646850107
0.11635256935568587
0.5774016169744031
0.5682108722890948
0.06812290682743369
0.40873873471520433
2.898901703732011e-8
0.06476634412270432
0.0008602351964027714
0.5500876650122883
4.165975289522974
0.012333679575488862
2.6428932189845424
2.1692978255134268
5.005584393630263
4.276368289019056
1.0801937755145812e-5
21.54998808281438
0.016448038382738672
0.08658049253920869
0.030682583331893245
0.00024967312278472093
0.0011834842558774094
0.7285091663409536
13.154750841897258
1.2222672521650706e-8
53.99744158373889
0.0007275872937269358
0.0028168594916854204
0.05115325548997931
0.9458827930600724
91.70113897387523
1.1037602053324226e-11
7.747544223523958e-5
1.394545049978314e-6
0.24988415959519744
0.2521078908193739
0.0037877935194498206
2.085545956010723
0.005195259381078933
3.495546906299963
0.0013632561013703346
1.908316204367527e-5
0.017153312241540562
0.0011296550473417703
4.784541046136227e-6
3.999600509569962e-6
0.0035697658719099066
0.00012580033514844187
1.1261179005126272
0.6168244280470447
0.8750331718405542
188.42021791244264
2.8538555113094662e-5
0.0005064601576665382
1.4180083156034123e-6
36.13711592708741
2.1757339360102814
0.0001789278876617488
0.0012818156663711997
3.1601123051428336e-7
0.0067397561738589745
0.49260086754744636
2.3740327731766238
1.206957058453703
0.00034015720919880227
2.0841372807450478e-5
0.010336745201430958
0.4434294217102852
0.0001364310695671452
0.9601281580684435
2.7504372128602516e-5
0.047977172748909135
1.1400878144437945
1.537175675712616e-6
0.022984865898385158
0.0008988965865527783
168.45567388477195
0.0266889019160526
0.000386711571416903
0.07015288126347502
18.155297761235396
4.33684609872453
0.01596326478289456
0.1333156193148784
0.13908533180105467
0.41540517454038095
9.102087366251824e-9
0.016106826679802407
4.1621899056700697e-7
0.0008483059840720222
0.024944827810059453
0.00013494546631027525
0.0001236124180557784
4.284842310998006e-5
1.2664344010951856e-9
0.13886716462172277
0.00979809882627921
0.010645662315951848
0.04013802419217557
2.149977480411012
0.004913351465023476
0.01638485270493881
12.886273838026677
0.32078294280410363
0.09622501642400307
4.900128856963684e-6
0.012203330391962489
33.504503062286936
0.008659675560680648
0.3106521727888354
3.348857522033565
5.882718777069967
0.27576096730147054
0.00011085158098240396
2.9194398897875655
9.83004564427382e-5
1.657451326555436e-5
0.02907019467752399
7.531884027420361e-9
9.786606323240648e-7
3.9270690747358645e-13
0.020202486734787566
0.1646959669276886
7.698673720279043e-6
0.13069467958361594
13.004728526771938
0.00020485535693202204
0.0072610621729903985
0.26979501015330964
0.0007034760344529244
0.009707632837407146
0.2725783654880717
0.006396274555678622
5.043830510362832e-5
0.00019620527935211967
9.274810370799017e-8
0.005203963783559545
2.078738945338255e-6
6.742445154976201
0.001518516466939685
0.003698088218360717
0.0587744632821631
1.5374116322384466e-7
0.0025775041016139
3.7654417461237795e-5
3.098286504222454
5.5489560815041063e-8
1.1975011129780951e-13
0.014242920151123788
5.6155280509386146e-5
2.6373673966471713
1.0
5.090622453935636e-5
1.201043790147671e-6
0.01671385603910093
0.04398095518172732
0.0005732646725590058
17.852726654385364
0.0033858641893042708
0.0074159377067545785
0.6020149733785041
0.0009118857509228163
4.165095595819974e-9
1.5987638806706241
0.00870677718823584
1.649609172605518e-6
0.002452708263600106
0.0016579214995622992
0.0008067024966818652
0.00015135298772279564
4.9102854404865656e-5
0.10053671625760124
0.9725104102944843
1.3125544443581767
3.230942995456268e-13
0.0011216568628977174
0.6571427513172893
4.731688592385297e-7
0.007330729388098462
0.0005219743102152523
159.3278909106751
0.059013926055249126
1.3726333858344374e-8
0.00019184687031378387
2.725272710855621e-7
0.08007958028276717
77.17125817094619
3.1275339826812063
0.7384402857242599
1.2389189193468786e-5
8.863510846948865e-8
0.0003096260744844905
0.00014545845257480907
0.02270665061526427
2.0411513444175416e-10
1.2282732987736762
0.003329160322398674
2.4424825744082147e-9
0.016380964691412443
8.646625747818944e-6
0.015609181010476036
4.7379415578653986e-7
8.827500214123911e-7
6.6355403831871e-5
0.05028445377746757
7.084412535967295e-6
0.001097342004595436
0.0002200922072917518
1.0433553393110622
1.2689609682491204e-6
0.07635771347934127
0.030320719320489044
1.7166315907100107
0.027174893185919886
0.00021601299500810582
0.016200495942500167
9.450821205676546e-7
5.198266725345341e-5
0.020576436451201344
0.006839622300875442
1.0
3.332654808032368e-5
7.401787142442951
0.0011342679833012345
8.852009461378723e-6
3.901041684613184e-5
0.013666216986092463
0.5583097474080777
0.2632811698571606
0.0034848642680071233
0.055344027964452994
6.247697766869782e-5
0.0008683040904685586
1.537733365912014e-6
1.741589224397025
1.6088574425829773e-8
0.0025251241545030793
4.919633185416612
1.0647337198067839
0.05034263733139457
0.006654475136960078
0.034951708551683024
0.0006656635624916189
0.0001737521665409281
0.0003868869526761839
0.1186300793427895
0.0024395229993260594
5.110436150496651
0.026659745382127915
5.39025270869135e-9
8.526915672184777e-5
5.591878703525987e-6
0.03306129243025827
0.00015521013211705726
0.053304913125546007
0.021599631290474104
1.2478429366916763
0.03979516956108171
0.2816052382309328
0.007564483280555236
0.0015938214495937648
0.009484856645557609
79.88468353929217
3.4704466383052814
1.2827769119435054e-5
0.0003616762276739917
75.31734382756574
0.5935952099657484
76.04179160429193
0.002151021359504557
0.14306059409426916
0.22867839216441146
1.9217844872104167e-6
0.000500473997764216
0.2287739346867529
6.64492599515407e-5
0.9229115569980582
0.24865571953033785
0.8657206339455815
0.5363116022521914
0.7090874541145572
0.0017303554238312538
0.17366672550220655
7.370089752714782e-5
0.9678878966490622
0.001234271313612525
0.009026075703676549
0.0029789757694056833
1.2410861806164243e-5
0.0068597389478317365
0.0004515937933898377
0.013197320982960463
0.03173800595471575
57.363135946279286
0.05629219336569574
5.677010743218609e-5
0.19226973198892178
0.0311734251413202
0.02495581345813882
2.486038924162921e-6
0.0010740691620996082
0.00027775041807745027
0.131046567508777
0.1665032127995315
0.00033468785118056333
0.00411492886835345
0.24223294881937082
9.105172656049683e-6
0.15224270990377647
0.01879946199156677
0.00811199574925202
9.410641944142276e-9
0.08896977974517231
0.0011541351757478838
1.0
0.03950371992981755
0.0010847733290473382
0.10696256656387383
0.21662304327563572
0.04841428928094356
0.00022037643421747108
0.1314365999366535
0.02190683285816891
0.0006543088790560856
2.8055560453168036e-7
0.003274296959560085
4.628985073157758
0.00017948140889130528
0.11482030453450687
0.11419306493999733
1.1000295163294835e-6
1.1284720180339824e-9
7.71689898730407e-6
0.013273973381893435
23.59195510421791
0.0013389193056401307
1.7845101283760374
1.5192338022938685e-5
0.0298697314058546
0.02034056802991444
0.004294524598039889
1.2531905140703557e-8
0.2526115793943558
2.4017504504659143e-5
1.269608281374187
0.31300219067890417
2.133207170768498e-5
8.998289215320813e-6
0.00011322780189989466
0.015387212419657254
0.00027685000326425067
8.712729240188525
0.003964760898926796
6.769362011291324e-5
2.3836233149903216e-8
0.0055408924092772305
0.10017985429950402
0.07261255573208654
0.0007641921174158982
0.41369297631191176
0.20925715260792072
3.466039550362348e-5
0.0006977788541985539
0.13648584293608423
1.53790535391601e-8
0.0017758700421957902
6.022379646649928e-8
0.01597292168133102
1.2512835692090654
0.3121306421468879
1.5004635210052984e-7
4.228804716950293
0.00010314916988205178
1.571251442629921e-5
7.311762032096242e-9
0.02284831225381825
0.00035417757738885017
0.027189355227663494
1.1390086872844597e-5
4.355169831980383
19.95693208105971
0.03913876379256044
0.0026316493792256676
0.032947513081313724
0.0046634458864515185
0.006899814154029685
1.1881308694469958e-5
0.01769667760865833
46.28911069761366
0.011875057672298642
0.15607467003664058
8.356175426842087e-8
0.0033548894178756887
0.23119779606525886
1.009484173791952e-6
0.016899739407147465
16.61001702550827
2.9832662977339785e-6
0.03533080779691101
0.0029319715850567142
0.08621045004132186
0.023719188833767883
2.7835014278507994e-7
0.05336653072872171
0.23125058441992338
0.000989535349895446
0.00036748009458732625
6.370170200269812e-6
2.296749087317327
1.9125069001752676e-8
3.859164929639244e-6
12.969795042971025
0.18498616201564264
3.526543535872206e-9
0.0003804807878118024
0.6437187798854229
16.957661576280003
0.004169764952488922
0.003276256854993015
0.15492641673555776
2.753660096306826e-6
0.0901057021202811
5.59995676960879e-8
5.032124006826979
4.839621447707867e-7
0.019537124983383652
0.03557591256087976
0.0046271753004546974
0.010667274060864792
1.2080387600077822e-8
0.04922948991494732
0.0016436420383931787
0.004673495547064597
0.0011362038939567857
0.009099496951310258
0.0007649282900853914
0.5337796188263477
0.005598796460808509
0.0050978143422210735
0.06857570580198499
0.03968590169574935
0.000209478503454458
0.004189944300758695
6.6883128802378e-9
1.0
1.0933185547350052e-5
2.9154364825190813
0.0007331341379126293
0.0067395053745334796
4.0847250422968567e-7
1.8182362024863778e-5
6.561924061936992e-5
1.4812095735929643e-5
8.329653649967121e-6
2.5042871594592096e-6
1.6041137137681983e-5
0.09022797052534527
0.1105194621019696
11.87373415388105
0.015041006796062238
0.004667503452523721
4.586246649106374e-6
2.3026555169865457
4.719211703973036e-13
0.0976836266752937
0.2947859494034379
0.24692600868698236
1.460043556983063e-7
1.318284781067153e-7
0.0005684315750363364
0.9727576037503953
0.0010338706449112274
1.9856663606015836
0.00034343999569932476
0.09108252125186805
0.10140989812268952
0.7839673145004541
0.15712453314379624
1.0
0.0004099559796864256
3.987974985874312
1.8626447797478174
77.81053601823665
0.00765400940599867
0.13532645311302136
0.04491940420392875
0.05612434460014853
0.024957275354007248
0.0007801745462988409
4.4042713571017716e-8
4.613231408102408e-6
1.8811054513385384e-7
0.3461255861976948
0.005603398406286168
1.439293840535808e-6
0.16987425277338958
0.0061640800766110905
6.17581601507802e-5
0.32994424916163884
0.0009410617418351054
12.420244181643781
1.819170014780333e-6
0.03341489660915993
3.708503517991891e-5
0.00010668122592847148
0.00010225455210804891
0.0026493814463378123
1.0647237304842856
0.009713459512034103
0.486829632069884
1.4622460626951685
0.0013774057799609727
0.0014426295856513538
5.243114013060236e-8
0.0031378602834536157
4.44486303253551e-7
0.009630344170161752
0.003407565303995793
3.2522227017849987
7.155455483054576e-6
2.4057394166312762e-6
0.013364988048128143
0.008383647574379557
0.00044029469874068823
6.31407413356398e-5
4.9961792341797694e-8
8.271878581711506e-5
1.327815182221561e-7
1.2026973680770354e-5
1.7967181514348194
0.6914404532747801
3.7734880518740894
9.484518593807846e-10
0.0015219000049400476
3.399428039098731
282.2875998687084
3.665004974295187e-10
100.75470299708259
0.014454308317651337
0.0003332120400811092
0.22768765876196223
0.0010600438868661795
0.08046866945905101
0.0011797905464989132
0.07152867644563377
0.0009193972938156914
1.119251174016823e-5
0.002198006870840546
0.019912195728086248
1.457476389903237
4.562731486211178e-6
0.00042159623929619836
0.13002845349519115
0.000867371103133434
0.32759159302834784
1.2938535157612752
2.9340122762652156e-5
1.300105163588155e-12
0.04564586453814866
7.95590585688688e-5
7.308119982673493e-6
359.3092278149606
0.08892211199902784
1.5206702939293036e-5
0.02238018375609035
0.03785827853693892
0.00037358700722054007
0.00026016654470198533
4.7405120928140714e-7
4.7021360406952853e-5
9.516079449082033e-9
4.532620051043756e-7
0.10411712576580534
0.0012246972002629532
2.7506990292053185e-5
0.0260170875939389
2.1340255837923866e-11
0.00857910136111608
0.006662937965590741
1.050937140025717e-7
0.0009802714910396454
0.009966170372521798
0.00018809358447646903
4.204416778308643e-7
0.020057031063860586
1.0
1.0827034703229494e-7
0.00010112051191513322
0.0021289765352105095
0.020676375521713048
0.0035786165751613913
3.0419319935789852
3.287614139229648e-11
6.343926262122637e-8
2.678404183763361e-6
7.536184841124088e-5
3.9422423395060504e-5
1.1189912854859628e-7
0.000689743865908213
9.721689576489101
0.004094883526724569
9.767605211397686e-7
0.092988627322271
0.03628835870901356
0.15625296259403787
10.63474919369915
0.019222919908383547
0.0012404425551477696
0.0016521522555997396
6.276833426889681e-7
0.28423113627822055
0.000218104455242381
0.004399011879617618
20.06737638390871
5.213577771890405e-7
0.009662930256449006
0.2578733584315479
2.3539784303783515e-10
1.743829570782766
3.1296706865106873e-7
2.719383886982828e-5
0.0004437623260976399
0.005169540082046953
0.004322120483809428
4.637610788468421e-10
0.006539325810117246
0.051583300892521874
1.4924459238276055
0.0305045511193076
0.05866920939893464
0.003579742094047995
1.367627674457685e-9
0.007062556416907952
1.0
0.005478623767078607
0.01436398082247602
0.0007160745470699374
2.859407184414938e-7
0.003436196421520618
3.8645370548961523e-7
0.0031742792684953
0.002376756367512556
0.45326217020400605
0.004618296383816593
0.0014251374598520201
1.2700926787124762
0.0003846502046151808
0.0004070043778631397
144.74638235070105
1.346427053682477e-13
0.09770658203288829
0.03261602145930536
0.1790625227713531
0.0001596335136325817
7.309643327043562e-10
0.005607110575101729
3.960406646077454e-6
0.0011298658167478838
0.00011297096026874353
0.2255066916109696
2.868966841360891
1.1571302923604867
0.07887066246548054
0.374416255939633
6.597120913645317e-5
0.0996712937590761
1.1792023226011588e-5
0.05281106720619471
5.150475131393386
0.0005589609766256403
10.5949058058329
0.0033636874361727626
0.017355059495132233
0.0007313997462602892
0.001370120244620963
0.6933891199727703
0.0001712300949194578
4.7700289304641975e-6
0.014423996254454022
4.891378645166583e-7
0.03902317036136438
0.7961469203741111
0.00011362740116625592
6.649016035181603e-7
0.0338767794169754
1.4949143398333701e-5
4.998619034259266e-9
27.31932603808212
0.0015015296515830628
0.006002150040820974
4.1873565271346184e-7
0.12480245064707927
0.008363145020539751
0.00011455494953840861
7.515607424576776e-6
0.3324479544108532
0.00017060513809584064
3.5362858001346265
0.0016162962050391009
2.9025238735062567e-8
0.004989549507050971
9.390824940700772e-9
0.00021154183145117886
0.004635656084836037
1.2406085039685382e-9
0.3014244234389156
0.021226797370472995
0.347300580776085
1.3349533320936268e-7
0.967980592740275
0.3882265350242333
0.0008625873048103124
4.581767772632967e-6
0.384393239984992
2.2045908722523973e-8
1.0356680356478098e-6
1.7567589424110804e-7
2.0494521719149996e-5
0.0002440859129063052
0.009164614191456094
0.01445218713139847
1.023164283706874e-7
1.3272451095379498e-5
0.22382045918037963
0.2718442026223493
9.233135942081425e-6
0.0037754354123084744
8.346369264688534e-8
0.015831944956699835
0.008168342683037648
0.026938635233479623
4.983011218407874e-5
0.05856323123568645
6.650814459343565e-5
2.7227939627674265
0.04253023820332395
9.489760724956349e-6
0.07206287761640362
3.440963396646711e-5
5.121193755803858e-5
0.00025176201655660504
0.02123436245712028
0.24337487087490847
16.388454269460215
0.0001821316492440527
4.739944215258438
0.001897346870697053
0.0020651937643870622
0.05006216415462888
0.0002606743945490807
0.0231071174186636
2.1642608842340992e-7
0.03437334846705452
0.005200327664543051
0.0181826065952455
4.829392226730305e-9
0.038865101375109595
0.0021300149999286615
0.018695966649616386
5.721966002815767
0.2832431458051968
1.5969966686413262e-5
0.01329780805661939
0.00736099995138221
0.08971742954028923
0.00944249806584992
214.41068107787325
0.00010596067257267501
0.00404598985252958
0.010100603045433115
0.002744088502617933
7.093171559392866e-8
0.06124343322251765
0.023496391593507714
2.6892710754663622e-8
0.011769614151266294
5.023490105643027e-6
3.590830507181382e-5
0.025627344078411773
1.751221651337222e-5
0.0002824763328725824
2.005106795030488e-6
0.006940992279629195
63.99881973154598
0.36828216485843907
0.023202805948455505
0.0002494054806815019
2.9108640434352485e-5
0.04025694941833674
0.00020470753162962096
1.0230478228008487e-5
1.503555465704431
0.004258873806253639
0.013579170820946515
7.375378661138341e-5
0.027811371010987847
8.088078798845674e-6
0.028874147228319293
1.0397266018463284e-7
0.009968445072189868
78.82205132425781
3.7602470698613355e-6
0.0005091263296509672
4.5743432794881936e-5
4.193460719399e-6
0.00015891509802055766
0.3470200668102633
5.365194205828602e-15
3.0460982359124974e-5
1.0752363845055713e-6
0.1771143682029511
4.497744623776754e-5
0.0004288440295486296
7.866583228070445e-6
4.9307286839625285e-8
1.977073433700307e-13
0.3501590270898918
0.0003975790153850066
0.03191630574394722
0.00045360219488146914
3.938022758911297e-6
0.05399537890189754
0.004621751825637259
0.00022286528389471748
0.0026555467170811227
302.1085028689564
0.0013477343787803198
0.002718385681846471
0.00022297722441285835
6.172240700502575e-5
1.4411130365645963e-5
2.283763042534372e-5
0.005904663966265059
0.002745025544309343
0.0003271282004085376
0.0017745295252151877
0.03876402606513938
0.012418157610402578
0.9941290198650099
8.345345523225404e-6
6.845174427071658e-5
3.3781705961962518e-6
0.010847574719956222
0.020151075942914393
4.3415489756071646e-5
0.002750809523720556
3.742767723632737
1.0378913579464308
0.0003880747218433082
0.018557945752807514
0.03435284421852743
0.002805070566861772
0.0004411022810085559
1.3146340948198496e-9
0.002224263212754232
0.031983462550236416
2.3574329632930544
2.4070783469363355e-5
2.691548195423594e-6
0.5019500694178167
0.5957287332219247
0.11886675273759124
0.46356973377802124
0.006325507779544775
0.00012748064773719262
7.9518779215149e-5
1.0
0.0023111225636109336
0.02960563966327966
1.8214155444414348
3.810415534319821e-5
0.011518553919240972
0.0003199249137681983
125.19390794187323
0.10173198190165966
1.1559442251251907e-7
0.0016371905333664775
0.21486131242452186
0.0001361492427397708
0.33786350345234556
2.2023487228612415e-7
0.010617824849928318
15.36889035634043
20.659407525969666
5.812758422223884e-7
10.456349078477931
0.0018109558219180243
0.03015379010483132
7.514998844185546e-8
0.23273502482859246
0.00267113199812822
0.08183186042128043
0.0006483076280596007
0.045303718668472125
0.0002932283362820115
0.07470330612622118
0.0004461908765583921
0.0008735360925107931
0.0020968504251129105
1.563947809327178e-5
1.7233519380423024e-5
8.098886904050636e-6
0.10248944337278208
0.0028553490999550886
6.104996723380759e-5
0.000636965958899221
0.0005366602030743796
4.996026098072626e-5
7.801856978933247e-10
0.0004231245356890822
7.3066796651208e-7
0.04713632682456841
3.7510170505715863e-6
5.811625056769691
1.958985204288912e-5
2.660422662032283e-9
0.0020541321611484732
0.0033224476046658552
1.2081343882667042e-7
0.00466313474476127
3.920045854439158e-6
0.1561896908681146
0.0008153156244498857
0.00024456814755752915
1.8314290058428913e-5
0.060977441200466595
0.00406895306691485
0.0002066221076651603
5.881321188192646e-10
0.00046787712768059326
7.004416252855747e-6
0.9475163216013848
4.456515261647244e-5
0.00259456329952981
0.00046772095291403585
0.00027726471635442667
0.0045107294238843215
0.18760920373908202
0.001873104097885489
0.0004973927114005382
3.291641898319231e-5
6.343230272530156e-11
709.059591974909
0.004081562917065186
5.624330242087255e-5
0.0005404864929053554
3.165483255840444e-9
5.679400561451101e-5
0.46817645761964
51.17523030250818
2.584501445123396
3.65475635030175e-8
