12.136660404767074
0.34236326260230937
0.06570574234184287
0.10838013466815484
0.18860524959139713
0.11326211521707158
0.5299066091583855
0.08491819835047805
0.07609935957641221
0.5012975140594585
0.26855864580871375
0.015085027224303056
0.2128893565919273
0.42715843726730524
0.3574725637424197
0.044504842681006095
0.24256093741339274
0.16553357419022696
0.025344329535046933
0.13084338948200516
0.022625828480296296
0.06370095889557331
0.048767944613756865
0.12117751470316991
0.025597689101248672
0.026715385891753533
0.19218120356841856
0.06580839726157003
0.0832738709704314
0.08704678437816946
0.13697708211971932
0.126829477904749
0.5124808644960437
0.010580741000225711
0.05941978456511519
0.4630413725579679
0.13860522899485414
0.13383935221424695
0.4218517398962592
0.12092662148872571
0.10287048440477926
0.7977032734226157
0.04212331655654502
0.049382080727558446
0.042162649204286244
0.23221274993896082
0.045445298769307474
0.05549342403746765
0.17516297909263717
1.0359971639746137
0.08618352338682307
0.10595444222308643
0.027052830663375247
0.013228876511349371
0.07129444946828928
0.07166147563509082
0.5952986328742532
0.0022303710666467984
0.08181196813385166
0.08760120267767775
0.5561271352564612
0.3649832582541108
0.009374037421908336
0.15644607753151707
0.3642204968138058
0.1367923550004199
0.6992976515785799
0.17884668893508976
0.13105416303381032
0.021241120916614602
0.006623944321012429
0.03949190553999833
0.03974144249180007
0.5453067962068174
0.40566451708783435
0.2572923957328081
0.030326675731713677
0.05111957997201326
0.3284819106633153
0.05064538234526958
0.28919942178442515
0.007965994974223333
0.05400409501812005
0.028285316331368906
0.09156031176681452
0.08658201015041142
0.18020426607967252
0.010735552176631441
0.06759123659583051
0.6830397085432318
0.025136247225892576
0.3555981657850974
0.022942391722690546
0.5545071501980092
0.6230908507671065
0.6374577458879634
0.09289663170468605
0.4181136351757502
0.2708413968101344
0.04443491592462419
0.1793406327557219
1.092770335471267
0.11281209192542611
0.7316048323637033
0.080546294540153
0.1569342032366958
0.30663930901435993
0.10259248315392326
0.5836045642274011
0.35922763718352557
7.631136380241543
0.028512460156577983
0.029007539350974446
0.021404084620025233
0.059307832721014295
0.08169691251303099
0.17827682407815781
0.14997759282821382
0.3272233668539303
0.037748481462628575
0.1969955044598545
0.026315115229641924
0.03245361841381414
0.6025499530918288
0.0068196619613485115
0.09032556126164706
0.0022351611498278388
0.047820157195824796
0.046837485583925004
0.010029070434554194
0.02748784484223737
0.10475452976126591
0.07657958907208492
0.03119872650306493
0.7970271731446158
0.07413651287908231
0.13525812832981188
0.07669807007261227
0.2153138971412787
0.06869370625075351
0.15463664301849014
0.1814808624947688
0.0531584761611775
0.11434081332862431
0.020811475975266044
0.16555800175518542
0.7042079336060987
0.03841410298582425
0.11087354162342382
0.13220125022074614
0.31905485256414
0.0077607904576609725
0.026569651718039614
0.02641269624015947
0.06523265047479614
0.4157527278661249
0.10506620464165436
0.09753095796229536
0.4204949892571944
2.4789969148974023
0.05127046271712036
0.41917229506435977
0.0022242495245616885
0.20044329117672405
0.4272748921179059
0.13052805544290513
0.02506423897753081
0.08785768087683427
0.002168282952952569
0.25355538616004636
0.0943973916707036
0.17598094453399382
0.0966834041168381
0.0023088222329210014
0.2950180826525378
0.2797658350576688
0.019877384236791307
0.028047298410262062
0.6989744649499706
0.18316184398965812
0.09442961875051699
0.08244930658245304
0.07119168316341791
0.11984478606752426
0.02679445516675813
0.00906717674558916
0.5809472915835479
0.050138779915946244
0.08615633686426696
0.1166847648709198
0.00895753998521553
0.3680889158391257
0.004515398730309466
1.5438597477352085
0.1863315605728117
0.05987581272817548
0.0008166409096299967
0.12672930689764716
0.4214010296228275
0.22670100707249813
0.04826693035459395
0.07589833719605636
0.47147422864805416
0.02349778547041128
0.6534926173427344
0.00880508687532411
0.004172644861029247
0.8750857290953029
0.16995243221290574
0.0657838064486436
0.48035101876402764
0.24644139630600007
0.1885735300952499
0.19246682456317687
0.7666660499569525
0.028219836205314472
0.0035231992761408236
0.1786249785400436
0.14481152221279275
6.685265596314567
0.13019635895093845
0.10091240408054905
0.24632574243128708
0.07732453922573297
2.244077347970506
0.11309707228785242
0.016786831464076137
0.09845233223905092
0.07619219750362678
0.0024237784008358933
0.03330848166153498
0.16811654131321896
0.11012883126888937
0.6577876750060012
0.08141324352909618
0.043222123375299716
0.2954083969703747
0.12683208700111992
0.15445032171269135
0.019302200674097738
0.4301345221805233
0.07118934567742893
1.3757159748822017
0.08072494367237608
0.03545935598226614
1.0210883955785686
0.037061160319340786
0.04144221794339016
0.0024387457645566987
0.1612801617492689
0.019020669569579433
0.009756012519578416
0.0016598286313596737
0.07022458192434979
0.0005920086757062806
0.06615150759957582
0.006317326803128594
0.010704030349077341
0.34535169297621343
0.2502909286730541
0.03511732598461937
0.3749507246631274
0.012119363184895102
0.06670794447256953
0.09745530450452208
0.12889166224750415
0.9942963823716432
0.12156731281796457
0.08513621539570175
0.6741417407856802
0.019702728386698124
0.03173977238743326
0.744561421375408
0.007889987638954833
0.12644891236283298
0.07302535388790117
0.11434707924444978
0.009223168492932077
0.30275393466851963
0.0029687961777004395
2.3948964446210312
0.004453009091757268
0.3288341611177002
0.17132025930418154
0.033059422967521526
0.03320247800498445
0.1008161493065237
0.0033349244622702307
9.07166844572714e-5
0.05540060577944776
0.05696493797871643
0.06104962596458181
0.00352161621254062
0.016229233769785342
0.028282225636617274
0.0906205901044349
0.023754870902924816
0.0252108951524143
0.6722470091687623
0.018483338883276954
1.3260493759271743
0.030374549433539746
0.6598954559160634
1.47639809577365
0.0048524859122377
0.12586057963716843
2.395044776155708
0.1725654627772875
0.0015663625823437812
0.004248410085954133
0.0009129287144353921
3.8739948712759453
0.050633118257020444
0.7310280221339328
0.29908526656564677
0.7402685215376615
0.04722724248722166
0.15795066994245213
0.022716488507672897
0.2669506864001301
0.16329205465911042
6.461430069336863
0.009857562943501175
0.10516669150044522
0.004552360486535605
0.32681836875416653
0.1419790139886344
0.03365745844812254
0.014609616572183256
0.2635449538628703
0.13654796877681755
0.011597527701416933
0.13412744188968675
0.25693516503334857
0.7413969183927553
0.5190045857024913
0.2757399317546121
0.21312819663867555
0.005866640762806054
0.6159911275649322
0.012060122001802712
0.04088087018702701
0.03307221512049424
0.0010842655477267139
0.008855078769332121
0.00824464673838982
0.01353241893063705
1.1981444635560246
0.044275130565168214
1.3748443326131452
0.016354690612412588
0.05048407741389522
0.653343549349212
0.24883948570330316
0.04308760571333767
0.00457740237624452
0.4203569667183334
0.10278763319757012
1.0315392406795685
0.4678880949531281
0.030957960975810363
0.018135161502012154
3.175396752348667
0.28377193526414174
0.4404127445546065
0.19864946041741846
0.0009563096698394309
0.3238387400179363
0.014597348904397857
0.0016803671433366916
0.08144529823444699
0.0004951770199629954
0.0010217371192962307
0.18478521451391486
0.4304533559472227
0.033489285475008373
0.13149862571213078
0.0032250940967812466
0.2536011566881235
0.24133157948354186
0.006666464849560127
0.52061498146968
1.4447767980211308
1.0
0.717470742235273
0.15063701814635003
0.5660268031623711
0.20437712796998456
0.02770906185648014
0.9178155735053061
0.0337665567324427
0.024081906193511846
0.02414459716263192
0.019474315205975732
0.06844907853985507
0.012973449139252463
0.34897029285012804
0.12464200508393979
0.0046176520908844144
0.012033759403054088
0.7092046852078646
0.043238931742781976
0.0009952758163765446
0.0056682158563359
0.22145247569979326
0.01346951929408384
0.09136698186396822
0.011164078268618751
0.06948188635122023
0.036571747331687554
0.06377913764551828
0.06311155574716341
0.0007340295512872467
0.0388135934400104
0.08351242657249539
0.0007144529249246759
0.7024950993135193
0.29111815473505226
0.24872341989739233
0.2825830749473331
0.010562231002917958
0.008869049245414047
0.06968282804480716
0.07274827646083358
0.10153907647600648
0.0664842392375117
0.009656165448233153
0.04526676339504956
0.023023903704917865
0.003213733272151839
0.09579736063193726
0.5858125957070502
2.1117191626870713
0.17392040200321432
0.02429908811956369
0.08752072116575059
0.47094511056070204
0.01061103243903607
0.002311916486646303
0.068131862877027
0.03191985841945324
0.008960978972205935
0.02653270796970947
0.11045894780438073
0.20021927924459718
0.015298905527328112
0.21802720815392654
0.0743968565431538
0.0013500964608714977
1.2403852479910404
0.0006811999174182485
0.44412395268758315
0.09071712539717469
0.03294201222642815
0.04711032116586533
0.05946305549326473
0.012880645349874542
0.21002090052745787
0.0025934346796137597
0.055904484541619906
0.018056812884678967
0.009233982091963213
0.006474148624677441
0.11147497584018506
0.0029783370196967314
0.05945781553032884
1.5744028188594827
0.004796411176844231
0.0013671837132098101
0.038417379116546226
0.010555496542381233
0.005003648594320313
0.031588349164083006
0.43752925537129983
0.05291051637534517
0.0006122491641628954
2.388556949486813
0.0020244926203053346
0.00121462300797171
0.39384820801209575
0.13026758282493522
0.05362405198795052
0.006178507050023444
0.0004224354046890943
0.04738035280469653
0.11612847334716801
0.0005853487425970951
0.010223386836050605
0.1771998513470272
0.036167523300023756
0.30168135668905066
0.3535458732895092
0.01388199904857071
0.009332685371211633
0.10347014418036837
0.0332527562388734
0.02476419953897965
1.2564541120230286
0.017291937552812164
1.9351552318259897
0.06035212481327892
0.06254316754775649
0.026923575253594744
0.228743019501823
0.006237576573894183
0.2502814994065877
0.015237442600835094
0.009442148843510396
0.05875322678546841
0.0001800077318944733
0.01045529033687679
0.29556920339962056
0.3277862954439037
0.04537699289293899
0.1595398509989391
0.020667587529407797
0.08575935864733528
0.039326230512099096
0.36571289942740437
0.024292786868205223
0.022651207184474137
0.218535907075128
0.5016156722148274
0.22408423620896822
1.046705024894005
0.007518071565510829
0.005019158669021076
0.029043892330145756
0.06011443702911969
0.03860884780451069
0.0038518307766433786
0.005305436082368292
0.021456889056148485
0.6273433994126283
0.40813033062971266
0.3583153362690595
0.014306566122528648
1.2278719307915882
0.0033995109206790552
0.014718813235566152
0.006408786354842778
0.10331633848932632
0.1626817297549657
0.03585665480192585
0.03910228897169609
0.4701002772072719
0.3635978270953052
0.008548876127979626
0.05409415331960529
0.2397356447931091
0.0004816186674341001
0.015549691786844911
0.1007574300211884
0.42253947165913275
0.15176487336932182
0.07646747517296715
2.6319979147848445
0.24196032458483932
0.26767530905765896
0.21770472649517922
0.0038229517742972017
0.02617605522231239
0.00032258934113445486
0.006820842644617807
0.02533584218777685
0.009899237036902528
0.014387843243206647
0.017134284527726834
0.006040415745094013
0.13657414851513555
0.13184024544641926
0.0020770359002598646
0.015906312402900413
0.0030988130614162447
1.3147088742687218
0.00014205214158602149
0.6551937544366795
0.41770172795477195
0.13130823183712712
0.0591333676791141
1.6504974543935587
0.1139116673849018
0.052094099735732126
0.043725142401664016
0.00910887336924318
0.004978934527545134
0.02426804538283796
0.0038465546603977064
0.12086659016844428
0.08916237138017472
0.06096568302482882
0.20191242054184386
0.0019759478778699517
0.005609350854930706
0.016549770272762835
0.041409677881590806
0.5497281151251523
0.0021192635338412496
0.1376696662937419
0.000813926844214425
0.006369254048529007
0.018329931120992633
0.10562080348112617
0.6461488491217173
0.11728400339127817
0.08374942984511104
0.016532445742450705
0.14618922413865856
0.002990293218758642
0.9292109772816288
0.35869017209955456
0.05150498621933346
0.0017872888033893107
1.3358416866453828
0.09085611491336175
0.1507588014616757
0.6737949312313412
0.7037646732140459
0.0009721627291608758
0.014747839377209547
0.06900236095293752
0.21307419639080638
0.0980231927476618
0.03648381103004037
0.11966476096924518
0.1170003551583016
0.42745640563760606
2.2907413641254677
1.264283988103611
0.03010518984855031
0.0024628005084347273
0.15754591772104845
0.0779036992187725
0.0006034349655463071
0.0011526166103084864
0.0010707342171569554
2.0094837138028767
0.31376684161986423
0.02388018691244578
0.0018858267648174305
0.16469188564015988
0.058179140562128626
0.007139545342628591
0.012371939700311222
0.0024539458295245093
0.0010491269609618353
0.0033683068401570947
0.10779475894860113
0.0033555850454128205
0.0026833731862442073
0.018691198009527534
0.03503647567657405
0.013359628853165493
0.023175480879650625
0.0009167096539309494
2.160691047178676
0.11151471513400008
0.060391762446409945
0.03384294389881888
0.3760651799185109
0.005702207531746428
0.03189682463322308
0.3058298921948427
0.019845245347853084
0.015074503081133419
0.001162978540289295
0.5023805240342671
0.29342586561374
0.014261957842030623
0.35800302339083606
0.0007709006274334532
0.002060791293341448
0.0004529956782208336
0.02279888307046995
0.028740810688865928
0.08024342517301969
7.83027395793426e-5
0.07859345398005016
0.009886645756497482
0.0100046671947538
0.2181003352973471
0.6183658275358744
0.0862976344907215
0.0008315699961612119
0.002540099269798044
0.035958032665533955
0.1401848434194175
0.0012360688714858907
0.00586309749656505
0.019359275871106134
0.03025360603487493
0.00190259562888847
0.0484791111001202
0.02527198154620456
0.005265981793093917
1.0333141135936996
0.007028860938318413
0.04496423194452144
0.02043702222513168
1.4212142059902775
0.009389910762968195
0.017846126782001124
0.1432654901526608
0.00795424746393135
0.011423223855223416
0.01336158304259936
0.10031323650208143
0.021940281990609364
0.7677303343117509
0.0008979951381206142
0.035324205759907815
0.004814989964904764
0.5735340059947945
0.0014173347922229764
0.05055742338029587
2.243890333644578
1.3914170044872034
0.18019762428310265
0.01424912746204484
1.6961099437754914
0.024595483246882197
0.08921548131208634
0.48508892334789244
0.010152278928304231
0.012297689344965898
0.15035024755020543
0.012586414312011346
0.24196516796855133
0.1804948151824346
0.309218853435117
0.04122688147545498
0.02465382452515618
0.3762185681289394
0.015152060691720563
0.03954066979341028
0.06340181950646667
0.011382997489808281
0.006192452471237899
0.02753990119005385
0.06288989211118336
0.0008884474555789884
0.27644192361749403
0.08517595438292705
0.01424184242025665
1.9022240688615393
0.11626108195005863
0.0010432776002495573
0.006276723482810993
0.1941797693379191
0.008461440883638236
0.028560604115948286
0.18847031814708534
0.03896119712949383
0.05316757709261994
0.017514052921870686
0.06300652230378619
0.7372715343584825
0.06326301748226057
0.007720143507987775
0.02694174616189515
0.012965488123460708
0.0629894564774541
0.22173815520932613
0.07068533951735442
0.010989457689973113
0.011465420580865495
0.0006237581164539159
0.10327863523157377
0.06569131822515328
0.10700202363866523
0.02394566030149811
0.00045579977298094586
0.15938281306479643
0.02440201773548189
13.208701810098598
0.3069571315220924
0.01495920149089008
0.05176726832645915
0.007776605383536203
0.01043759275228082
0.02795473538824675
2.195219635616469
0.07560063273339959
0.4296109289854372
0.29105848462809825
0.00029298355296216545
0.5206247840751573
0.00035293292286934277
0.12433339784613957
0.04505132830038263
0.8973273871943247
0.0292837163455067
0.013295099554407126
0.03657639062260041
1.9843275780774876
0.09158954005049826
0.0066574163084673395
0.051409238503415396
0.0007499722570170901
0.02870627171963376
0.007639099351103975
0.05120639844540564
0.02272406617429347
0.05959114226028177
0.47413041754648066
0.0010502625605166998
0.24578182121477116
0.0010263840853378878
0.006242757198448166
0.4635464840166126
0.008218111825937692
0.15432606384527855
0.01855337875621218
0.0669006145763108
0.011296863362066525
0.012458471289828618
0.006383732038038679
0.07771522209964092
0.014692325314679492
0.011864625466546302
0.037393146653852044
0.49849215393407414
0.004490773255226826
0.7027082212656844
0.025024177321834935
0.01540689811594948
0.1940067680338838
2.5849148221411107
0.03363192390881448
0.006539555955086458
0.6699107389078393
0.03621523818346489
0.6126255407966646
0.012565003952115988
0.0024042764345832287
0.04054616367118935
0.03168880914734755
0.17139373663321408
0.01422583911644839
0.04353486784115266
0.030919935879112005
0.0028133107908627068
0.02353462441412749
0.16866919898047222
0.007103781663147866
0.051643299946247584
0.0003504377403938263
0.06300217091163497
0.44372842347869285
0.0017155158050409659
7.187383525913315e-5
0.00022053105855615788
0.013266181907394316
0.01847346418543932
0.05010470841698586
0.0012721666473151606
0.0006021336488358652
0.4236154680483492
0.021894324534796596
0.4070898711777815
0.08908990871548421
0.004163377889006377
0.06000973229952794
0.0041515633596822185
0.0011431175933201846
1.1592718272263354
0.05946701260081221
0.2359523882962174
0.14494969610028757
0.0006533378957204227
0.056180178860258966
0.00293792388496236
1.0315092958250038
3.8645776642002466e-5
0.2161907325221424
0.012476376777028874
0.00022314142594767258
0.007590185216007714
0.2790175102368605
0.006801883708897629
1.79438107999638
0.009366324252692872
0.023886303018944666
3.1970561887755227
0.023512266079758145
0.8021543309431786
0.4746722953558644
0.0006172236076127716
0.9762219471882271
0.11587028325162496
0.0021694937979267596
0.4987214490946894
0.08068215831714641
0.006238986628782257
0.04788482270621559
0.016768758022394737
0.7234817704522669
0.02348311487128376
0.005521805158479798
0.010230809550808875
0.4650883316893988
0.37507995262966076
1.4386501109338492
0.00473944259750397
0.0009562764733507068
0.0034321670440278372
0.05898287386106575
0.003539642557724388
0.07567211502680933
0.01828676967910093
0.02066971544045744
0.2593159144208456
0.0007303551252589052
1.8649255991516037e-5
0.09481509494456589
0.038946364223132184
0.2686458122044412
0.014477748071678802
0.000666123238397919
0.2128505737976216
0.018369687282801483
0.020008693763555584
0.00014259680566148928
0.1199145459555647
0.07567354486449936
0.003838177767085955
0.004505921412672035
0.13068876696978118
0.16599202486884407
0.0032079813679874794
0.058930703765727635
0.0008598936816315624
0.013313997956611945
0.003909608869674698
7.703799575651151e-5
0.0010586911838404076
0.05811708138921377
0.2851853914653467
0.5301687193509906
0.4984319744035356
0.005380966397590345
0.018950877018403707
0.0019374376344168033
0.004825619180858488
0.005442271921150112
0.0008938503259078749
1.5416621303543272
0.09892457288500131
0.005204857049498469
0.07677712069149041
0.062067275062636144
3.6227108309191975e-5
0.4555642686648501
5.711461537952205e-5
0.060491940813881664
1.8007542101735492
0.054681754225126354
0.14165919568759652
0.010251081614287368
0.021821779637282074
0.16510394209400564
0.10820904910727994
2.0124235684094196
0.12800465719614965
0.018662730553734422
8.121960481023279e-6
0.0002634525605929708
0.04010366130043555
0.3535384293662907
0.018709616061785173
0.0015436278966573752
0.026534868185122004
0.2017843248803211
0.005295480123480354
0.25755392092981566
0.1502169983507837
0.15956350509361739
0.16493202772887883
0.0024670943912224216
0.4098511377710252
0.12711209059938927
0.01580835422973205
1.1783743359648526
0.38369714714935294
0.01940605175381021
2.6630380737720234
0.01844094306714808
0.008501425312525984
0.34910340322663835
0.003312024450856867
0.05753298504302214
4.867815693573789e-7
0.13208494319094355
1.1109904218922733
0.0010870535670512332
0.040508142508816555
0.11191872917995224
0.31221099834697946
9.541331064288829e-5
0.011355117942614913
