0.0005304953204394706
0.00013681637523103328
0.0005457834308237716
0.0852180573690857
0.00021342930383204877
0.00017863686076349542
0.00024214531485788364
0.0008135371874314381
0.0006391064497002708
0.0001768151542520714
0.0005976988799552409
0.00012648731313964477
0.0005392565841494914
0.0021546619495554074
0.00015686891417083203
0.0006698342260162954
0.0018212144061719082
0.0003170912280895511
0.00027594780178590375
0.00027362299102438864
0.00025712988663657664
0.00016411261437733983
0.00015766030101174643
0.0001432103245337626
0.0003376883840010293
0.00019966934359285076
0.0007107698958394218
0.0006692955186389215
0.00016520562509283568
0.0002854349230964098
0.00028960789349359394
0.00016589200287963843
0.0007382811419092749
0.00010408931609579796
0.00021433945431135622
0.00015663787423432688
0.00013897858481126538
0.0001053247295852731
0.0002879588799870578
0.000515893762664175
0.00024287745781368807
0.0002285194729221365
0.00019152498584293882
0.0012621230201626645
0.0006384741462873768
0.0004714349059949158
0.00017923959243480841
0.00029492714853037095
0.0003315558022901629
0.000345314971141084
0.00021264421482180792
0.0008106623894303795
0.00017326791559083747
0.00033216612352068067
0.00040628438326609315
0.00011460971535394345
0.00044096137070694563
0.0004801396827904335
0.003243523807592543
0.00017216123108183443
0.00023389637868250743
0.0016272624885333262
0.00017846378939496998
0.00011513590793283855
0.00035062824422854696
0.000159231496154893
0.0003765177703473415
0.00025731324137052015
0.00020734401131316878
0.00015491247703686736
0.00023507326142619653
0.00013085976081653606
0.00035667229451063066
0.0006192405322041205
0.0017023119183268
9.866196319296332e-5
0.0005410364291458188
0.0002297920372541771
0.0005070761535526884
0.0003145842561628513
0.0006101921216699707
0.0008548089350876128
0.00044663086936755754
0.000508705762307319
0.00026439623724121026
0.0019543737325328483
0.0002497818525848653
0.00022561539986716922
0.0017752798693888771
0.00038419551480924253
0.0008195308424123264
0.0001533868740775491
0.0002520809463220575
0.0004416365213925588
0.0004094572777568529
0.0002448726982400149
0.0003186000556029573
0.00052840646710186
0.0002464723885745193
0.0036884144285664324
0.00035508212484152286
0.00030753448322836687
0.0001372463441030796
0.00048103650289748554
0.0008385908548853154
0.0004868001496738056
0.00026876259554094373
0.00014697994214514187
0.0001544385140747822
0.0003018862667179225
0.00017897308305096289
0.00011066920722662194
0.00031849837961554816
0.000267663606539924
0.00016458777750758696
0.0006284672338283337
0.0001220548856187175
0.0003557268318823897
0.0002430204285117309
0.00045678490189809766
0.0001892150564992811
0.0006768605158192264
0.0005965556871978203
0.00030606076460831073
0.00011939706160396175
0.00039987196752580936
0.0006069672525593215
0.000150079975630613
0.0012388579470043425
0.0007002690324007078
0.00014938601173508236
0.00020530198729660742
0.0003411226783642421
0.00010875657972334421
0.00018368650878594392
0.0007387879788703027
0.0002625762434483736
0.00012816762017443665
0.0005990033057683592
0.00041324712755569663
0.0005377331019176058
0.00022047301153785292
0.00017824077937874698
0.00019992796688064938
0.0001778929345671333
0.0006890979357285598
0.0002140747826654954
0.00017561983152334629
0.00012052139083385758
0.0006366790872308658
0.0005378106493194126
0.0001771171156273064
0.00016104754840830072
0.00013161812383172833
0.000495864557863251
0.0005656817587874653
0.0001430758374297971
0.0004714113217411475
0.0004897467940385007
0.00035112693378891024
0.0012372512315961123
0.00033813911917554497
0.00041681106949052266
0.00016006757227464012
0.0007244199964599525
0.00017300675253548322
0.00023487246650026584
0.000305304585618633
0.004840315560719956
0.0007247062088057966
0.00014438636162754872
0.0002288633555087145
0.001215814446207968
0.0014597104824126878
0.0001292283026656664
0.00021321638736342206
0.017108083712271054
0.0003374336770597414
0.00011460241068252549
0.0002616529882875376
0.0002467438800126151
0.00035439859579065413
0.0005672114662601564
0.0004327809666739149
9.642567455470491e-5
9.983810282778524e-5
9.491183967271053e-5
0.00026302812749181897
0.0005044389109744136
0.0003560191061431291
0.00014156686582741243
0.00025773701696796465
0.00013586229735884273
0.0001616523403617104
0.0001438034232439895
0.00013589391160927266
0.00022968600882847479
0.00013943310484617932
0.00027004669242967504
0.00013284643351494434
0.00018968091169291543
0.0004297278796617762
0.00018518983447825922
0.0011558171245988295
0.0003014014708512203
0.00021598047133733827
0.00016745901951007808
0.0005113680734134752
0.00017123671225036487
0.0002025557863620037
0.000523835319723658
0.00027449026590772326
0.0005069982002060006
0.00035319863621069517
0.00015505947159050483
0.00033537621071596407
0.00018848414356454363
0.00047129676156677374
0.00025070302471558495
0.00019412333568456403
0.00022286634488664483
0.0006647727848317808
0.0003166342557285933
0.000286971370027792
0.00011250716726173463
0.0012613136973065706
0.0003457453561552113
0.0007294458961233332
0.00018086032993831582
0.000364307056390106
0.0001535101381870529
0.00032337406726316804
0.00041677580719567264
9.159412799043369e-5
0.00040854452276103514
0.0003439441095277139
0.00023785569339327276
0.0002550817903302804
0.00038625775708205854
0.0005710048497063872
0.0002468141671631745
0.0004135562519435118
0.0005250006423144403
0.0003233534859674308
0.00013225254959294604
0.002639638775311372
0.0007771669743652956
0.00017584815587785632
0.00027341742859979967
0.0013779436353194676
0.00012140221776172348
0.00040139572381607953
0.00038360955516614047
0.00019809916176324603
0.000799689368897654
0.00034375056336683195
0.0001814308365893621
0.00028065763273689073
0.0005827964810128531
0.000685510882252518
0.0002841577789837162
0.0002958225350814365
0.0015244512680997338
0.00013369696068994092
0.00015419191704931878
0.0002794491573101505
0.0006133269638329389
0.00019538599077979538
0.0005743753171219819
0.0009628733816081664
0.0015585146310501414
0.0003341961814717207
9.475738995667719e-5
0.00019512082348002637
0.00041115151943860325
0.0008019137759736193
0.0003199711440560215
0.0005181645707805601
0.0001410937606800855
0.0005485120705887921
0.00012110478066500256
0.00020725403708994625
0.0007693829298730659
0.0002161442357763662
0.00045953215978861557
0.00043990334700165626
0.0005802486538934556
0.00025433642567652856
0.0005279442178673896
0.0001298260653072947
0.0005484110588419767
0.00021992293854766488
0.00016829861359565532
0.0006030920768443633
9.702906953326847e-5
0.00012863441016841348
0.00033726780256300226
0.000467355056243223
0.0004136578587757153
0.00030949503623060463
0.00017252639826921307
0.0001793007491485616
0.0002620496494965065
0.00015300665595408306
0.0012264373318702912
0.00014836094033632928
0.00011776543687454478
0.01728326077324218
9.162941507985434e-5
0.000302270590650395
0.00014700297105338798
0.0014583802137695375
0.0001439984473940197
0.00019574172845481387
0.02537251564454631
0.0025853999437235927
0.0002748499543186623
0.00010835465869331642
0.00043204701843861025
0.0014406500464352828
0.0005437570811776519
0.00028411302817366073
0.000445071099677729
0.00014764497622650664
0.0004431157171116231
0.0004844183894109734
0.0004773032261160469
0.00028979317587908706
0.000799258108904817
0.00041642263864316033
0.000536929226834278
0.0005409702971398977
0.0007857999439714399
0.003640774083988454
0.00027632936530502263
0.000117104758557362
7.981895901634067e-5
0.00025578887911658987
0.0002595851187695622
0.00017126744848836408
0.00039559315453502607
0.00013445535226546705
0.001073250786655294
0.00029467311725570977
0.0003369278031228577
0.0001785329075754211
0.00016759400035363847
0.0002898062549768972
0.0001412798682874857
0.0007857013889174556
0.0002680247938953526
0.0006229264799906894
0.00020526349139924342
0.00013837959200213568
0.0004902490588745536
0.00042312402074370003
0.0006375256623454564
0.0003867193226973365
0.0009002456182862956
0.0006830303834085477
0.0006454166380930642
0.00024358087570252725
0.0001077084555722355
0.0005626816106017037
0.00015422329426297457
0.00020285250733158725
0.0002846609563562798
0.0001270169597604244
0.00043355345372683967
0.0001866897187560019
0.0002192202396367082
0.0008740789598119373
0.0003224451540600875
0.00024910296489525334
0.00020011834730928007
0.00033628833207585007
0.0010581765205690222
0.0001403608551596132
0.000533695042808805
0.0004018681384306011
0.0004339244259638911
0.0003455981437955695
0.0016799818258459484
0.0006335342617074574
0.0006337853798385818
0.00014714975965287
0.0003865142068456447
0.00014981543843366202
0.00033972524943965906
0.00013865004808809954
0.0011801920315201756
0.00025109617657597023
0.0006098771603542943
0.0006756485029160274
0.0005215633333772479
0.0001421136193375773
0.0007587016247508767
0.0001360501826152744
0.00030638355977279563
0.00010804240872169776
0.00010755507500981395
0.00028698760517513434
0.006444545974246685
0.0004021074139339099
0.0038832487999102116
0.0001871230462286739
0.00015248642069595427
0.0002308182438463083
0.0037143403992599667
0.00011410325597663277
0.00036179460429579084
0.00016375333885201512
0.011068168837050286
0.002305584307658435
0.00016467653684883236
0.000570943951276193
0.0020693374230759416
0.0003140847084325791
0.00023284501328426312
0.00020130127250130874
0.0018753032901694742
0.00021888790666205334
0.00018754822500153103
0.0006666615280919383
0.00016520866390578424
0.0003897325346110538
0.00022485538624640952
0.0001494124289557787
0.0013650890541171358
0.00022228165380783018
0.0008845695966034583
0.0006348928400010974
0.0002073995004242274
0.0003390884197236068
0.00019344410586143724
0.0001783133768722507
0.00041394404646601644
0.0007814944275842902
0.00011023296243813205
0.0004777661638953068
0.0001354516221032128
0.00015315676606485301
0.0012054433837296447
9.233662664081104e-5
0.00023703274340656144
0.0003468925475420067
0.000289597805769943
9.957627675019464e-5
0.000248314183686963
0.0009231067122014446
9.400506546599484e-5
0.00027808839112762845
0.0002656711214007261
0.00032330054158036844
0.00022099916390798312
0.00011419083819480156
0.0007581717746302143
0.00046715498765530244
0.0011641953070763063
0.0005964367089886768
0.0002656525202431439
0.00024337027086739475
0.001628658875609918
0.0012276921566372694
0.00011918339839313155
0.0006216509471052416
0.0004726256588085294
0.000119156591118292
0.00030931557716547503
0.00020838626634699176
0.001876679754020067
0.00020030707420132314
0.0010499497788961762
0.0001380024525962286
0.0032253634150322245
0.0002555775576347842
0.0004281965156696716
0.00012713304772053838
0.00010635190530338232
0.00011039378716769687
0.00018647137400263698
0.00020329408721963074
0.0006087923454822031
0.00014411043394608715
0.0005726022702924539
0.000580063532554822
0.0010692133428122134
0.00023796269648993274
0.0001305468342320939
0.00034427169984375066
0.0005239784041628514
0.0010618403883395507
0.00022083563679244718
0.00014440547969887755
0.00027197424844302686
0.00010636459900769765
0.00017988756247747342
0.0007413695891399456
0.00034531848575423214
0.0002321182467534139
0.0002919404566051763
0.00029259598062734434
0.00014293824923964501
0.00019095343029619806
0.0003265171796617983
0.0004468300025711532
0.00022481264288919217
0.00027934756810533637
0.05208761091937353
0.0003433264953423101
0.00037999981083635504
0.0006013213942539425
0.0007551531178605009
0.0001085970568235082
0.00044626503904641123
0.000322399468778088
0.00012331418018051126
0.002235871124331191
0.00011584893450995308
0.00011156986632760183
0.0002563211977919156
0.00023044794761475123
9.748122313443702e-5
0.0007279030423778699
0.00027984382105941127
0.0003868495375977978
0.0002477235283982358
0.00017295310789211492
0.0007481731798678713
0.0016289342516077924
0.00021547235340786287
0.00032864647913856155
0.0006551018497401619
0.00017396859745764725
0.0004262070921426856
0.0005741879926058214
0.0002081543927015874
0.0003289053488698956
0.0013431303412382415
0.0006389527190678829
0.0006541998992281859
0.000849907723276345
0.0006273118413557926
0.0001850516293351992
0.0006099775053237965
0.0006072775938863516
0.001251212290513413
0.0006430969086252011
0.0005550162385500532
0.00024147946760849477
0.0002670423460641903
0.0013373502583837041
0.00017321527401033807
0.0005260207818859791
0.0010719533938118322
0.0004078178031963964
0.0002515494652116426
0.0003943164615589938
0.00012235664506977782
0.00035252663496030003
0.0009886541192268572
0.0007473498385839392
0.00023159123444236218
0.00040585698635322995
0.0005171690783976492
0.0002727472225773745
0.001489346800823969
0.0009424509032688628
0.001685358300660779
0.0005242902416708094
0.00021837947694210025
0.00014327406228878094
0.002062548029601092
0.0010836717509118672
0.00017939504007292837
0.0010226986858955375
0.00016616479224122955
0.0001218764319793963
0.0002770529341218008
0.0016484415938075626
0.0005562320565754368
0.0001630339986867602
0.00012722140074452674
0.00010206473981989128
0.002085635118016151
0.00019692411208915427
0.00019333212224854524
0.00011197705642196338
0.0005049921843998276
0.00024510372562364346
0.0004733727064071612
0.000953462111442277
0.0003297329118321816
0.00025234020710879467
0.00019970833080494167
0.0006803921578928745
0.0008554900230185677
0.0008076159677662507
0.00016518341238916444
0.00026921423572495257
0.0006630168917815874
0.00024786656315155394
0.0004112612857345013
0.00026910023152893517
0.00018910526648119547
8.830694189562855e-5
0.00031765730485537976
0.00010038080930030167
0.0001503689759765882
0.00029032088454330644
0.0006573587228353272
0.0003407556863104768
0.0005039292203774515
0.00023980521879201182
0.0002414358348467188
9.519072904931926e-5
0.00013284282543070544
0.00033384854186685974
0.0007176118500828998
0.0008713499598560577
0.00026501319592089434
0.00012532164888589458
0.00036015934503534907
0.0014779096311047107
0.00026620649415480156
0.00013900938119700186
0.0003982545502605095
0.0011228494357709941
0.001081349517358111
0.0005851479811453563
0.0001267116891082605
0.0007559763928925222
0.0004817810070939898
0.00016238175219796886
0.00022469394117438906
0.0001520105152474303
0.0013024113998491669
0.0009323210897735883
0.000449475856797656
0.0007424494107767975
0.0001353442892548502
0.00023466958877631304
0.00028254853484293554
0.00019571409429432679
0.001169348243652653
0.0002914949516238919
0.006257439526301631
0.0011555220869865143
0.00013270493585404314
0.0009890774309559583
0.0006962351779656403
0.00030025325313873854
0.00012669533085647296
0.0015183392017625317
0.0003469194283871661
0.00012244036559252002
0.0006398953143208765
0.00026159605616472186
0.0008753967406984187
0.0001257557267869779
0.0008445611557179438
0.00018735562023252273
0.0001353883476490188
0.000207627768516424
0.000491692071844855
0.0001766008377325168
0.0005111327752511278
0.0005463262271395362
0.0005640078113305766
0.00011378570108688407
0.00047616900799643476
0.0005880697877147295
0.003812334716678667
0.0002894762994568126
0.00010155956703491624
0.00011937743785166618
0.0004031415789808924
0.0020836077620879673
0.00010792993462395187
0.0006717606728744526
0.0001089580351279012
0.0001642886024127382
0.0007112082871354041
0.00013367083346785058
0.0037848991010678906
0.00021214703719269986
0.0002982172763124805
0.00040266241635847155
0.00034230456228804467
0.0003115070174684994
0.0002643301809341189
0.00020401234207340012
0.000356017425001361
0.0010165968734389356
0.0001518260716599354
0.00023366777672727615
0.00040836641576314636
0.00014922964868074173
0.00010445701417967319
0.0002971684471630306
0.0003726174239779468
0.00025541978863281324
0.0023199856415944873
0.00032039778784452756
0.00042423129724049194
0.00014872216284835037
0.0001351989813614328
0.00034814430590806845
0.0008644807469451615
0.0001492649425708599
0.00045824774449025054
0.00071082503165904
0.00021208287637862616
0.00048237542656122374
0.00022971222060090646
0.0007404093207134161
0.0001080440600257764
0.001139534305443705
0.00017398438033919814
0.0001804962953594512
0.0006150585064520686
0.017846540660269833
0.0003630078445091823
0.0002876869065144365
0.0007705016928786717
0.002090407308745504
0.0005891680857107204
0.00015065540610292136
0.0006414161384999326
0.0003164175252148205
0.00031694405650824924
0.0009139239517435148
0.0006404173096862972
0.0006016173939731269
0.0005805681549674554
0.00010549108598004608
0.00029591557140069504
0.0002407929571497504
0.0003113496715766653
0.00045155954877156636
0.0001692563773390461
0.0005295018511043903
0.0004932688757354978
0.00012743255976509988
0.00036400017133121897
0.00033113432881824565
0.00011179725258445497
0.00014364004995332736
0.00048099812105782994
0.00013934708593062368
0.00463522737183223
0.00048120684974561586
0.0002166953836728354
0.0006069281350766383
0.00038752834646324226
0.0005467255424838925
0.0008381572036704863
0.00019945300453851102
0.0003321421081564887
0.00016314260247906034
0.00019756349210765656
0.00015285598287395367
0.001250500490104078
0.00020555725620694947
0.0026025287483412898
0.000317596963977359
0.0001959334639532313
0.0006946686591547036
0.00054921642159649
0.00016921138446656335
0.0004912831453444514
0.0002022791700400637
0.0009910377723594986
0.00012779758912835902
0.0013336495490215323
0.0002872658422269492
0.00015103830255609561
0.00014061443865330536
0.00010452174211937554
0.000593665871534528
0.0015253230402036781
0.0009657618709376431
0.0001908789526095692
0.00038048764855176583
0.0002454087415636673
0.0006230780270073863
0.0011245279321860395
0.00015228778882583853
0.0003984407266075272
0.00014984422036516432
0.0001621081011196082
0.0002421586973342815
0.00014728071531782089
0.00035534190637977024
0.00039486376568432797
0.00014994080104660865
0.0005175714268983749
0.00014256670775146052
0.0012114049720835039
0.00019044011057652312
0.0007600377138837003
0.00025118800410531516
0.00012141149494353113
0.00011870021724217767
0.00030136405277221936
0.00035553113352303786
0.0005392458610877539
0.00024244057228591594
0.00016455942266575986
0.0005212169070026217
0.0005091511256929232
0.0006142864824965835
9.604055744444218e-5
0.015793454536882058
0.00017648488325361294
0.00024432373571345995
0.000394161314715534
0.00017834779310894278
0.0006642232403770515
0.0012304401740072797
0.00019209513587150918
9.532846368953431e-5
0.0005286189362599424
0.0013537850773720221
0.0017148171053251678
0.0011030679983438808
0.0006562734976495691
0.0011065056721127856
0.00017589127754648288
0.00010300834124576378
0.00044192251861640647
0.00040683570649285616
0.0002933544567449301
0.0006762123880061313
0.00043662536934885126
0.0002986088286469735
0.0010397899211141135
0.0009003583982315896
0.00026829325344000137
0.00016045420323468793
0.00020937158013789164
0.00019297718499544314
0.00018955600524556078
0.0002247335583174668
0.00016752486869630784
0.0011861145984067378
0.0012882801431056935
0.00022525819195612817
0.00015252151611781241
0.0010532314623221447
0.0003172245040152616
0.0015162991524999701
0.0006137865787938375
9.580617472596877e-5
0.00018653291028943565
0.00022348497503415064
0.00018045621723925735
0.0006464218413689828
0.0001270323159425319
0.0008217516324562751
0.00022007621174912535
0.0007825810794051212
0.0007098475277693506
0.0004253880265235993
0.00018264166208592278
0.00037442184913789265
0.0009599863646286221
0.00042108593762136626
0.0001611354356745289
0.0005635041258378635
0.00038533082053242106
0.00011993931055494316
0.0002579016496322872
0.0003165644654746259
0.0003092924481288646
0.0018495864682976633
0.0004482916944058454
0.0010513476699757554
0.0003474360795557555
0.000185092787389902
0.00038055650309363
0.00029550611724563194
0.00010278741767467698
0.00014406829967289725
0.00047844135722894214
0.0002034167610339723
0.0002159352107603845
0.00012907979080296544
0.00165113601835723
0.0002613809163340576
0.00022302723589048062
0.0005271734539461019
0.000443853405772531
0.00021987220501784658
0.0012672561929437359
0.0001980951650312306
0.0002905535196699763
0.0026661513418826588
0.0005246051922185105
0.00014199590775610098
0.00018228214153902028
0.0006099726707214598
0.00037567679562122995
8.545462125644802e-5
0.0006077980699235907
0.00023726910049809828
0.00010701687143194258
0.00020444076618467028
0.00013783006135162582
0.0002670295889929309
0.0007648113183767483
0.0009873052720098378
0.00012174789879116194
0.0003412424864069008
0.00040076975411532003
0.0004483294078156377
0.00019181435349890065
0.0007241027528328108
0.002515126636200946
9.472167543105643e-5
0.00020936945878713734
0.00028760703418762186
0.0004357666795269329
0.0011929533419640364
0.00011224260039685359
0.004363163038372336
0.0001931738865956675
0.0004595430153222549
0.0001364710849873834
0.0022644597441900892
0.0003876689065556086
0.00024132353294104776
0.00034429513127993397
0.0001973065175884017
0.0004794240582412109
0.0010467053993519335
0.0007275915912603933
0.00026287194797632637
0.00023303185097664643
0.001178052109900247
0.0008538300915835372
0.000266760286840101
0.0024724917106185114
0.0006718312272028728
0.0003098782853117024
0.00040229192702159104
0.00038923583575340434
0.0008639276494992937
0.00015132191413919828
0.000227966928734856
0.00015916826713112468
0.00048143841160997505
0.0020819564142255166
0.00018421144850217907
0.00011146455843613973
0.00020570917979275148
0.0003848820869732217
0.00026960190359956
0.001178541458285835
0.00014575294818251587
0.00026361472867122293
0.0003817316874479713
0.00019733428963751787
0.0009681650841095785
0.0003301465683782402
0.00031833250251773034
0.00021373975531387986
0.0008718909400578493
0.003969026490191592
0.0006368589728480262
0.0001852822366851322
0.00011571649387455458
0.00018134008880272336
0.0008988077758398658
0.0002644944975451149
0.0001999732106289359
0.00018609190697460988
0.0002026236806580706
0.0012191448738849155
0.002389652017100749
0.00011258536819083315
0.0001894746126070713
0.0006161365858647343
0.0006565451142349395
0.00018980269981583442
0.0002961728677223273
0.00025160202425725665
0.0002102864562349337
0.00022903066160353896
0.00017134088535257776
0.0009364626194218477
0.00025516828711454563
0.0013608396345319513
0.00026605500151162184
0.00026676688764667886
0.0002197091214806822
0.0002487593133154716
0.0008331496377443705
0.00021199139190288265
0.00017744665927177296
