8.427086340354496e-27
4.542561338464522e-27
1.980204698766466e-22
4.548042715562183e-24
7.540697080443481e-26
9.553177977442212e-18
4.280157521555599e-25
3.33730075972767e-24
2.114961631028048e-26
1.6714800983813615e-16
7.142055530112568e-26
6.551101274287498e-26
3.5863313983270336e-26
1.3116769633416316e-22
1.7120422257333877e-27
7.369494024512426e-26
6.2744318480688e-23
2.376139425084791e-26
4.283332798104932e-25
2.228830873699877e-27
1.0431718526591134e-25
6.892109257240672e-27
1.3405027009737606e-25
1.753153078571989e-25
5.91139366815246e-26
1.0427738869635238e-25
1.771588416310523e-25
5.932681282100684e-25
4.943263745986324e-20
8.143490124906593e-27
1.0020184215683071e-25
4.905593335227898e-27
4.3679340054925644e-26
3.262544302137296e-26
3.884045258747494e-24
5.484721285151852e-25
1.3030905622412076e-26
2.538508751649627e-27
6.500569920051882e-27
2.8473679473891637e-23
2.0870810876101412e-26
2.807085843597989e-23
3.890772816323647e-24
4.620892354951014e-22
8.274164257561177e-26
7.178992588422166e-23
7.789591816241948e-25
4.238683939141213e-26
8.680788054712957e-26
1.9616286728918727e-17
2.092730274886394e-24
2.200100208398849e-14
5.202143826858048e-24
1.4056611829213438e-22
2.0715238640966915e-27
4.3354959934276415e-26
7.583161003113729e-27
1.6833746530585372e-27
5.136980850144689e-26
7.451892246794592e-24
2.718910308503176e-26
3.2943357801706184e-27
3.0973713437239227e-26
1.457114903208535e-26
3.0046228505034493e-25
1.4772942400498894e-27
4.12291670711486e-27
1.4243344007994923e-26
2.221088042286149e-26
3.708525659432316e-25
8.890357992048763e-27
2.3010147403659115e-26
2.8870906088130115e-23
4.427289077684796e-25
5.5420227625176884e-27
3.642188810499864e-26
4.6378942937422904e-26
2.8584345894448506e-20
1.1381489270870006e-26
1.4908732521957025e-27
9.809123691865879e-27
7.958644406242274e-27
1.870440119474898e-15
4.931584762908068e-27
1.0001745215021631e-25
1.0993391033425413e-24
2.266272940532009e-25
4.554192547373378e-24
4.7891445767868644e-27
6.4575743479305695e-25
6.300011440855517e-24
9.773470281326452e-27
7.392734003669847e-27
8.544303635487098e-26
1.587755385151727e-20
2.4488188467524206e-25
1.4911930316100124e-27
7.7075367778503e-27
3.9303002395644955e-27
1.3166661276731277e-25
6.064378909013387e-25
4.8387168252807176e-27
6.348090465740731e-26
2.7457164471065946e-24
8.811741831754697e-27
4.5421593626228096e-27
5.34570169073676e-26
8.361215604210799e-27
7.082733620074848e-27
6.003131935929537e-26
7.03331157540935e-26
6.152544239834022e-23
3.7852671207827735e-27
6.9571992296211935e-25
3.4539546651434644e-27
8.140075818521385e-26
3.059034823409284e-19
1.969950574844888e-18
5.500163823659428e-19
3.412090583256561e-27
2.8011067207778008e-27
1.097434672629597e-24
1.7803826892414413e-22
1.4307691930496589e-25
7.020043652856853e-23
1.2074608445947476e-23
1.943984641977312e-24
8.879193248637918e-27
8.556938141889488e-19
1.1671580379809428e-27
3.118167444049707e-26
4.9783957951394544e-20
1.2547627809964378e-24
1.4937842532827057e-19
4.882105426718985e-25
4.26336902044432e-20
4.850792670128682e-27
9.299333326708975e-15
2.2412505643351975e-22
1.418573695062148e-27
1.866027059708501e-24
4.204192509639652e-26
2.81413050525303e-25
7.961550181006404e-27
1.3492618261007683e-26
2.2311538279595017e-25
5.580018700822552e-26
1.7727566651469775e-25
2.3312972333530726e-26
1.2752696171321267e-24
3.112133677445921e-23
1.842176151707477e-25
4.503189848853622e-24
8.104000734657605e-23
6.268411793099715e-25
7.276652030099931e-26
9.941575182442165e-23
1.8985962332826407e-27
5.140375678723075e-25
1.4173658110264647e-26
7.011245935734532e-25
5.336242007111876e-24
8.05272761946797e-27
1.3338781489795207e-26
6.992906333319596e-26
8.154591173352629e-25
4.517345051689553e-20
4.110990026887768e-24
1.2344878051438442e-26
7.549089548253564e-19
3.4427944629647823e-25
5.90411095152746e-27
1.2428105354434784e-27
9.579576642665791e-27
4.798357319297023e-27
2.7665404878918172e-25
1.6001552926183354e-16
5.1843968625184465e-27
5.501630957397615e-27
6.31015147269619e-26
5.708891768314301e-26
5.63104735329967e-25
6.189519071968769e-26
2.5889629357188955e-26
9.799335440995364e-25
4.4055183663745595e-24
7.906283900945919e-26
8.383257163935024e-28
2.834856421495325e-26
8.858722589031796e-27
1.2481343732429807e-25
6.610307008597385e-24
2.1762353017101972e-17
1.2315254509592423e-25
7.849478865782034e-20
2.4908564724625945e-26
3.628291957254643e-27
2.0250230427192953e-22
1.9539654232446955e-27
1.4458763919816942e-26
1.139776484048267e-25
5.035251602417453e-27
4.5162808146363213e-13
3.563735398893333e-26
1.2281347350335621e-21
5.679529530734173e-27
1.3636281334277634e-25
2.197557891965783e-26
2.552410970916392e-27
8.43848472878053e-22
8.574674742891379e-28
6.647940213477281e-25
6.246467369008925e-25
3.2179062373470756e-25
5.7435249065254516e-24
1.0577461391888e-27
5.242929360739835e-26
1.291058917681064e-19
7.976261934590748e-26
1.3768451131978124e-27
3.3567140624888825e-27
1.597931031313324e-19
2.0648202019248154e-26
1.6689028595350964e-27
3.787254659886692e-24
1.8122675533016204e-27
1.2695361771792754e-25
2.69002875553915e-25
3.662745902053466e-27
3.1191851248362243e-21
3.75455468247001e-27
9.936322517240186e-24
3.3389101751052275e-27
1.6426639315520482e-19
1.0085260722870689e-27
1.227727773069509e-26
6.535986188713965e-26
5.496128915525718e-26
1.8256743339679835e-26
4.229719870010307e-24
1.8434044516867305e-27
1.4009617283910938e-25
2.625559170925402e-25
4.2943328613005485e-27
1.7397514960523267e-27
1.767140142806755e-27
9.043612589550331e-28
2.1088963367637466e-25
8.089919744531925e-27
4.840386242271047e-25
1.2732837480988152e-25
1.0037752146389425e-23
1.1218536105688802e-25
6.182334264824054e-26
3.263618754244293e-26
4.998739368377903e-26
3.8365068456719645e-27
1.0334497238808011e-26
9.708721089791595e-27
1.297344618736494e-22
1.3652202180114833e-27
6.82486002676807e-27
1.4298485709989844e-18
9.425647299948293e-25
3.695485650553356e-27
1.1776823961715313e-25
6.9759650679829605e-25
2.767699767497749e-26
1.6885376067201784e-20
1.9342071186210183e-23
2.458262603697475e-26
1.5802002053758094e-26
3.1736155014535683e-24
1.621897130819095e-26
1.8785688360279576e-26
2.3943201966685204e-23
6.117321887658955e-26
6.374887959544891e-18
9.310098942080433e-28
1.832050994308689e-18
3.9370954925036233e-22
1.2064855182469032e-25
2.502479725612585e-26
2.4743264735132244e-24
2.5425264266164936e-26
1.1994459044588779e-26
2.8264538889448454e-27
2.831489558405305e-26
5.263019689688423e-26
3.1508760375166773e-25
6.823748918173594e-27
5.380696129791446e-26
8.843867222276142e-18
6.325211129067311e-27
1.9029554366392728e-27
4.714751959979389e-27
7.94551480272355e-26
1.6553732635920788e-18
1.383317193556202e-27
8.375053735081273e-27
1.5339048318377598e-26
1.8919129799096463e-27
1.9194244735650688e-27
1.4356237900192236e-19
5.422942354750358e-23
3.295053747915318e-26
4.8735828579614235e-27
3.7418386323117963e-14
6.788691420891061e-27
3.954518150103323e-27
2.544521970487076e-25
1.2038698856980009e-24
7.007145355159364e-25
2.4364577020860617e-27
2.1458085633330563e-24
4.135996773957728e-27
2.6745909423714435e-27
4.473987479240558e-27
2.1257599167560054e-27
1.689883401232146e-25
1.2689415026262871e-25
3.927524276105536e-19
6.525593948467779e-26
2.0112719748199916e-26
1.3089682261460947e-23
1.8747277557154625e-24
6.651517667862522e-27
1.0618669962214243e-26
5.971073653736768e-19
1.0550420758171702e-23
3.4152030555119026e-27
8.147062374767454e-25
2.758164288698999e-19
1.3156201917703253e-26
8.145508909069816e-16
1.0061847121337306e-25
8.7462959444896e-27
2.5956656587705063e-17
8.560459522288667e-25
1.216347615698689e-26
4.10228614877013e-26
2.3915714773228267e-18
7.41034988164592e-18
8.174517910015339e-19
8.93279657650979e-24
4.172104282169038e-25
2.862278212538658e-26
2.761341837798465e-24
1.5449802082747362e-21
1.6530780914413049e-25
7.847802565407003e-26
6.836029632822996e-26
2.636287700951543e-22
2.4530658726263152e-27
3.616035761248852e-25
1.979574792264448e-19
6.083598204525484e-26
6.54765713811383e-26
4.661440075413276e-26
1.795338086640512e-25
4.8222114766437816e-26
2.2860658728542458e-26
2.0524628811931445e-24
7.12772120853718e-25
6.24531903837766e-26
6.753925469694122e-27
1.6186364795214823e-24
1.9033432051286367e-26
4.902420234731819e-27
3.50185822206779e-24
1.7459905506616305e-13
8.013657687903178e-26
9.626940868801635e-24
9.524001472610693e-23
3.599244379792534e-26
7.192072004465153e-26
3.0933301736738964e-21
7.405870487670668e-26
2.0008573309766137e-26
1.9763847440317142e-26
1.3801423415032589e-27
2.262013044453763e-25
2.3954254962078883e-25
2.4273962544510984e-27
1.0663082501431518e-18
1.6752849909678528e-26
1.5869984010454624e-25
3.284937796099833e-25
1.7104840469571352e-25
1.6562927468455494e-15
5.295072099095412e-25
4.641955816979706e-27
1.8945360055915456e-26
5.862374194453145e-27
2.3840819035844786e-25
9.313410756519615e-27
7.024428490016652e-25
2.1370825825064425e-22
1.708831606504415e-24
7.71149893435925e-25
5.77470067158521e-26
6.328910080282003e-19
1.896281804902105e-25
4.459414715592025e-25
1.4373839199507508e-27
1.9544219846034716e-27
8.338925155870708e-26
1.869751110798442e-27
6.624282759903539e-25
9.792178840578427e-25
9.312339546758526e-24
7.843804654943024e-25
9.373045209428648e-26
2.3960932345487745e-18
2.5248383360054232e-26
7.597358099592749e-28
2.7479782557941947e-27
4.598526496033113e-27
1.4950257594608812e-26
7.557327101675365e-25
1.364734541243317e-26
1.491311041078941e-26
2.943158368944899e-17
1.2963068656865153e-26
1.1653831517210164e-26
4.393829350445286e-26
5.393043157060619e-26
7.517835126662192e-26
1.795059132811489e-25
2.899804676070667e-25
5.0462662265798624e-27
1.641246462896709e-25
2.8073142846498752e-27
1.4585823685609749e-18
7.327364686301132e-16
3.485129283277179e-27
3.769645919822228e-25
2.3482704525319417e-23
4.900173651305658e-25
9.369310699214468e-27
1.2921250176334661e-27
3.2666715270300065e-26
1.2386433290426981e-23
8.725192336032206e-26
1.4957492052649299e-27
1.8868974440288915e-23
2.587920801192332e-24
8.605065974003259e-27
1.3072573215355297e-23
6.322902626159962e-25
1.7813081304482986e-27
4.919822209746785e-25
1.302248389572547e-24
1.862965274708232e-21
1.6023763014503633e-26
4.9050716908597874e-27
6.682221369805388e-27
1.775371177559849e-25
4.950184538080221e-21
3.833265243668961e-26
1.1841180926487739e-26
5.558960111526787e-27
7.727532251115078e-27
3.386160593317092e-25
9.869047683538948e-23
5.658762428814557e-27
1.8872970582610613e-26
6.36717315081293e-23
1.2317827180383865e-24
1.6547311115754297e-26
8.918367646561917e-17
7.605191292283077e-25
1.0965279100076817e-26
2.5148053617322584e-26
1.3828558140704368e-26
4.2369735303279454e-27
1.1372040696431234e-26
2.373811597404099e-26
2.8346815221854215e-27
1.86114113463369e-27
3.5010475640743353e-25
3.1472302573581236e-23
2.16279947815408e-19
3.881438011511553e-26
2.0233829154903088e-25
3.1216863013171785e-27
5.868818667545134e-26
4.7998429220154433e-26
5.8556240306818284e-27
1.783806420646748e-25
2.6841899326719547e-26
6.560405571493993e-27
1.4525912276606128e-26
7.152733762766824e-26
6.014967352677125e-27
4.33423698851051e-24
4.3694445984537704e-27
6.028451162918505e-20
6.352915960667107e-27
2.160735040463663e-25
3.7203234280919996e-27
1.2751379122866335e-26
2.1008592399146756e-27
1.4879387081439949e-25
4.477744488295723e-24
4.32602249984218e-25
4.394435510629225e-25
6.421312572792356e-23
2.2321245658290434e-26
1.2493293890713167e-18
1.2649342869089082e-27
8.193211062266112e-24
2.0610895251193511e-25
3.7623705889334627e-25
1.2128003472972959e-21
5.779621485227147e-27
2.375047865377786e-26
2.7688352223115696e-26
5.049674526135257e-27
1.9740985724006273e-26
1.5118228079167072e-26
9.78544729512724e-25
2.5267322409022627e-27
3.274049011504551e-24
5.187764219129862e-26
7.671703777455473e-27
2.983826909995701e-27
1.0715850775921672e-27
1.4560728818998429e-25
6.150219627018054e-27
4.3225025368685874e-23
1.2327222895076347e-26
2.2834563205925816e-22
7.973481896278041e-27
4.786735222586172e-19
2.2435715018100277e-22
4.4392862681021745e-27
1.2290438420060238e-23
2.1555336327075575e-15
7.034915361051247e-27
2.895413550337625e-27
3.648605265794903e-26
5.6771772450144036e-27
9.191430982982055e-26
3.7948604361639383e-26
1.6012371360691525e-26
1.2210085242528825e-25
6.430839732084119e-16
1.1393507193557994e-25
1.242306339222018e-26
8.494441962354773e-24
5.6817627675923186e-27
1.028870992776272e-25
1.8220491329477838e-25
3.08067004019246e-24
3.6214231488752076e-25
1.111371940990673e-25
1.5296879715032703e-26
1.376542168973929e-27
1.8540223551342434e-27
1.8854374139953312e-16
5.918075118973415e-26
8.068462593651582e-26
6.135222736052626e-25
1.7639718603279224e-26
1.747569409093656e-25
1.0703915538215821e-27
8.857134049636562e-22
3.581024730349942e-27
2.3114944084348693e-21
1.7054518473518404e-27
1.594891149903557e-26
1.060036853885896e-25
9.444347923742784e-20
1.5708204098321453e-27
2.1493626291418578e-26
1.4830205297916067e-21
1.8535059418636075e-25
2.0130263941239107e-25
1.5776032261327992e-26
3.573668704189269e-26
4.572730003648078e-27
4.3201838183649444e-27
1.5274469786900064e-27
1.2858909343120129e-24
2.226991928763413e-25
5.784236277249765e-19
1.753595948414448e-27
9.673997940819972e-28
1.1225378062569227e-25
6.19479463021176e-24
3.788856530722851e-27
6.156998204266785e-18
5.149913691120786e-27
8.954468119804013e-27
1.2714222046717262e-26
4.570710584152463e-27
4.85165834583206e-25
9.439640008378536e-24
5.158573242252001e-20
2.0645402369647565e-23
6.040594644848565e-26
1.6140403130746906e-24
1.731059920717608e-26
2.51596702686211e-25
2.767053714218581e-27
1.217759045747575e-27
1.4089466623402384e-26
4.7645263003603263e-26
1.876151458300691e-24
6.0203471952400715e-24
3.0155606426250062e-22
2.0813726700276335e-18
3.69172608301297e-25
2.223725169779756e-19
1.3567943146121332e-25
2.7404232543808236e-27
3.420429863156665e-27
5.981562217980021e-27
3.036580380374262e-19
4.7503217527742055e-26
8.958428557508481e-26
1.697069294757575e-24
2.721758748938762e-27
6.988207478314384e-26
1.3054242558014647e-25
2.3758691369715756e-18
1.2784799913681735e-25
4.3445311986862567e-23
3.3750381109184364e-22
2.106706792089801e-24
4.872219818135945e-19
2.197310373887378e-26
1.256511202265097e-25
8.592778455417163e-28
9.42174236116233e-26
5.746182330322413e-25
2.5130532875799707e-25
7.238412332454153e-27
1.9738862752575562e-26
4.8301884919428364e-27
8.510247873834282e-18
2.3514135982050415e-26
4.403512613506959e-27
1.6401797521621666e-27
6.370647334767603e-27
5.955231683122935e-23
5.9198932050691415e-15
6.562108162655586e-23
6.717150717070366e-27
1.9020546728382667e-27
7.48148596840059e-24
4.025452154280025e-27
2.2094159832258813e-26
1.472899586122851e-25
1.0812676563559944e-25
1.9671885145739294e-27
1.943265503352741e-25
9.214219850932546e-22
1.146095935329501e-24
2.128133154892419e-22
2.49802314165023e-24
2.5031665922943725e-26
1.675642880145563e-23
1.8244647840686827e-26
3.236020996476726e-26
3.1232725650979903e-25
1.697214173586814e-24
4.165325918489755e-27
4.157239860440424e-27
3.900657540913121e-26
4.154700506282007e-27
7.117883139931468e-27
3.191512628967675e-27
2.413567091921888e-16
1.313144141931192e-20
8.902169769988987e-28
5.265652819752028e-26
1.207240310730913e-17
4.1327329099823444e-27
1.1022287700947641e-25
1.472317570905528e-25
2.1930313624286277e-26
9.996133130964377e-28
1.7492187187041014e-25
9.220774198190812e-27
4.471452737371204e-26
2.0982941916617046e-26
1.3101793993691959e-18
4.431257924907209e-25
3.324434370749059e-25
5.071586141247767e-26
9.425794435057984e-26
6.93358898923291e-26
1.8608778186793637e-27
8.250030914498203e-28
2.3579952870060067e-14
2.277970597229237e-24
5.9358919890201774e-27
2.1045071608107653e-26
3.3534955699078533e-26
1.3328528844954684e-25
2.2058047456221953e-26
1.6671783246534829e-18
1.541471576490902e-22
2.5714700893599086e-18
9.49792869256774e-25
5.3087361805371725e-25
1.3120299966066552e-27
5.661612212591588e-25
6.68693688461823e-27
3.236681469187149e-26
2.9993003964321278e-24
3.2573600163833786e-25
9.877386561284163e-27
6.39902438065577e-26
5.4112012632044776e-24
3.7370357830765123e-26
4.772749673234253e-18
1.0932277141396358e-24
1.6890588522751524e-16
1.345024300177981e-27
1.7758360830958617e-26
1.0582449992790037e-27
7.122595761442432e-23
9.807638949142128e-27
1.8040051803328814e-26
1.1448095729385597e-26
4.730841989883394e-25
4.089430124626885e-25
1.866502032883838e-25
7.999826120944818e-22
5.928097306551753e-26
7.952409854616111e-27
6.035266883662044e-27
2.082604933084358e-27
1.66895991469073e-27
1.5901508399475647e-24
5.415973983356518e-27
6.439812750709047e-20
8.87569396926234e-24
2.2819382494706784e-19
1.0648109626173752e-25
3.447351294054467e-27
9.282833984217327e-26
8.723140943594337e-27
5.5430479434769415e-27
1.3723700856715024e-26
5.968664848197289e-26
1.9808849533749345e-25
9.806791835264959e-21
1.2823504730553565e-26
7.1543785592540275e-25
8.593490474849395e-26
4.302631330852176e-22
9.542609749115705e-25
7.629019243074683e-26
2.0905348390363264e-24
1.4623841736204557e-23
2.1891813890029137e-23
4.594847291381211e-27
1.952507823266789e-21
5.857853785001673e-25
1.8451983295959784e-25
1.3237441956329164e-23
2.1848564656004084e-27
1.4343508047590114e-22
5.287995094614816e-27
7.394082633005943e-26
1.927036726825873e-26
3.463918064697726e-27
2.3538829352502254e-26
2.2325320408590727e-17
2.122842034365497e-24
4.974934147806969e-25
6.546419695064968e-27
4.140356087661204e-27
2.5163107930981256e-27
3.2434803089939196e-23
1.5076882700976215e-26
7.155010728315866e-27
4.8990888759287446e-26
1.280829324943389e-27
7.023772983997702e-24
1.4140014710535978e-26
2.894220158075596e-26
3.393115713171273e-27
7.966614423769066e-27
9.917736252706214e-26
5.737838721567533e-23
8.055628563177208e-27
1.047378306974916e-24
3.2051467828322212e-25
1.5830518103829323e-25
3.226075939877677e-27
1.626132817465207e-19
3.775020713733897e-23
7.436850974885298e-27
1.7926943134259999e-19
4.027794049517022e-26
6.636545494647035e-24
1.4341610087547381e-25
5.929460563104804e-27
1.2864908769551678e-24
1.2381565174206626e-26
1.1981359579599218e-23
4.040914310636398e-24
9.727234960658562e-26
5.865335686654822e-24
8.472821272380161e-27
2.84503466472815e-25
3.1740159321795754e-18
1.5460126106233702e-24
6.062908270390984e-24
6.800437044727399e-25
2.5291388672375352e-24
4.822974059866757e-26
1.9927209801863393e-27
2.050115515360909e-27
1.5608959493244097e-19
2.7739415393362563e-25
5.686599771924597e-26
5.952993117941994e-25
3.719133708888508e-27
7.454324921906213e-27
6.100512746706559e-24
7.490322990744646e-26
2.694109596665568e-26
1.4547069841108196e-23
2.070514243459031e-26
1.7294160618525288e-27
1.155829470449659e-24
9.948255608227221e-24
8.772892426092226e-27
7.31696305202386e-17
5.099214207440998e-25
6.618210282592431e-27
3.7604592269967186e-18
2.84874022324607e-25
2.0843268940917513e-24
4.585463364635989e-27
4.783087999704033e-27
2.5897436207972984e-24
8.18928121359882e-25
1.950936773613191e-15
2.2870093867474402e-11
6.195350972102738e-19
9.164485722155185e-23
1.4218629711150452e-26
5.4661881178518456e-24
4.0174031234709914e-25
2.1590435802840537e-26
1.1267776651004056e-25
5.6044857445990014e-27
1.5162839425183406e-26
1.553681892284817e-25
3.069349906215992e-25
5.8171062110770946e-18
2.908479946883873e-24
9.821512016779376e-27
1.4686022781874685e-25
1.8437348690940346e-27
4.485982395944676e-19
3.9304123314917e-26
2.257743380426745e-22
1.378354806660222e-26
1.0354699021162999e-26
1.7900812409064038e-27
2.767245739782336e-23
4.107581524384804e-20
9.213590745724582e-26
2.474799511642596e-19
2.535648631543738e-20
2.8084854799279105e-19
4.038429589371732e-25
8.30150327121224e-28
1.110542885431113e-26
6.055688805192179e-27
3.9253516440355814e-17
3.240584798287192e-27
2.4867395563049905e-27
2.7411533579030446e-26
1.595196811296882e-20
3.4005603529587856e-24
3.456117351486257e-26
8.85651200942396e-27
4.410178549654856e-22
2.752410700266918e-26
6.003048645159464e-26
2.312605055884031e-27
6.52619533353456e-21
2.224727192579156e-27
2.8233693012232256e-27
2.917380382740568e-26
1.604262325474344e-26
1.3498522802915255e-26
4.869448351104489e-26
8.829877867202414e-19
9.395491726009542e-19
6.083665744226572e-26
3.6485631497284437e-25
1.4305541157486957e-26
1.1457377946155953e-26
4.87591460404246e-25
5.980141190824806e-26
3.196869030868073e-26
6.0253924370084424e-27
1.0798158400650425e-26
6.1744107985279305e-27
5.671786573069747e-25
8.587474118471324e-27
1.399413084430101e-25
1.4210719056895845e-27
5.587664939776557e-26
4.147326768434277e-27
4.919840095718289e-27
3.678704221422014e-20
1.2772294484827196e-27
1.692816035069048e-25
5.1323937431465555e-27
3.3304570380333875e-25
1.0719730612034602e-26
9.93346368516016e-27
2.583194883662391e-26
1.1355423800844032e-25
1.5894597662118603e-19
2.625123308524266e-13
8.982374918382658e-27
3.759620965941732e-19
2.019387042960385e-25
9.719218781216123e-19
9.110904511857325e-28
5.688406729025852e-19
1.1853823790914055e-18
4.200665247868761e-27
1.6127182942541552e-26
4.796928124300949e-15
1.1280983354947847e-25
1.566569678288093e-26
5.432698871129332e-24
6.374498003231297e-27
5.527050320806919e-26
2.7802955268169605e-26
1.4195258492770337e-25
1.4150911365598645e-27
2.7440967958972057e-25
1.5955193023208758e-27
2.436544794201665e-25
1.9891381676290832e-25
3.984210357972068e-26
6.312644142339575e-27
2.2432214572590548e-26
4.01656954470389e-26
7.148820105255497e-26
1.1115988630785785e-26
6.201882664288025e-25
3.3068009997096826e-27
9.417744161239625e-17
5.4081522605335405e-27
4.638199011994922e-27
7.417633052197241e-26
1.4482999436617041e-27
1.514146745699943e-24
8.242969322167681e-27
1.980922874499609e-22
8.678978145227958e-27
9.049530258800836e-13
9.543500322490027e-24
5.197327540869741e-25
3.3637250809132484e-23
4.583742082414146e-24
9.25114632974508e-26
5.034354781110724e-26
4.722631238243512e-25
3.620954690030866e-27
4.213729468019748e-15
3.194350487658157e-16
1.982841246020028e-26
1.390898720798588e-22
1.4408739561539401e-27
9.229129502529398e-26
2.9342337021100708e-27
2.6252267921000333e-27
4.796823526848844e-24
6.819692194228848e-27
7.777851912870365e-26
1.4586056274765298e-27
1.2410012078074906e-25
8.626562358683836e-27
2.9250861562102675e-27
1.2219518092535507e-23
1.357825243610462e-26
3.4509622540597193e-25
1.626789953479538e-19
3.729270273581656e-26
5.713998263030682e-26
3.176933162339318e-26
6.031701876402003e-25
3.324339738154932e-24
4.880453272023366e-26
