8.877504662389186e-23
3.809607574968764e-22
8.070758611056343e-20
2.6160844459478265e-29
6.436604037431013e-23
1.5886793150067806e-23
1.464898718944261e-25
5.601927237305084e-23
5.305579346023925e-24
5.577195284559608e-8
7.638592139763836e-30
1.8971449645376947e-24
2.571526695296743e-19
7.872072988949943e-28
1.1831592464877032e-23
4.402746619575374e-24
3.6830235583860926e-23
9.786297821778307e-28
6.179274902190915e-26
3.771183227891785e-20
1.4078203905242217e-29
2.48139674833867e-21
6.940837770406224e-23
1.8150329936508959e-22
2.5578628754725007e-20
5.374772822584846e-9
7.04323290631983e-25
2.058795656354091e-23
3.308304760367974e-22
2.2710571483107962e-25
9.383375304382636e-23
5.424680865060482e-30
3.7584648886437937e-22
9.9498389799238e-23
2.1194163296693066e-22
7.275622951920698e-22
1.7016020719335775e-21
3.8807862894843455e-25
9.317729719222851e-26
1.5387462488948286e-22
1.1124893933104977e-20
2.1978977518960063e-23
1.275724035415549e-22
2.5495393704660627e-22
3.84079396674393e-22
1.5267855620447883e-22
9.552852300970204e-23
1.3432409605360285e-18
5.366534011836007e-28
6.805503777203403e-21
2.4878444700047012e-27
2.4160058935306367e-22
2.0146056510501199e-23
1.4790507304959125e-22
2.0352789785921047e-22
1.3346215869558905e-23
1.5531826252727624e-20
7.056461959131261e-23
3.651032521668981e-20
2.433193138455658e-21
6.806951522037451e-25
7.392039525225579e-17
4.136417245698692e-23
4.707322867978148e-10
6.995172207849617e-24
1.712001101345008e-17
1.032147073318402e-25
1.193586454193511e-22
3.4990471568238625e-21
1.4355496227232295e-21
3.747983975593709e-22
5.557947463493888e-22
9.235143416972033e-25
3.8021869342523126e-8
3.998198097952231e-23
1.2512476701046374e-22
9.413998825382253e-22
1.0599651803358591e-22
1.0488785991203221e-22
8.489043455429755e-23
7.446795122605471e-22
5.065964540189696e-28
1.1268937095152334e-22
5.539542322158466e-22
9.818672769729184e-22
3.5311256021016364e-23
3.584176907729033e-22
9.726463113031753e-28
1.4933026589783396e-19
1.0508436593302572e-22
8.576229292117202e-24
5.906405364108092e-23
3.893292072940285e-20
2.551737463048342e-21
1.5176687234174142e-29
8.820762444380404e-19
1.1774953574759274e-22
4.797157601974971e-22
5.966310141035135e-21
1.5258388202973772e-22
6.351863898957377e-19
5.50184058567737e-23
2.0056425375965283e-19
5.5662168356280226e-21
8.681109715037725e-22
7.664603911235314e-18
9.645561612281764e-25
7.286959124030302e-24
1.1876849955867781e-23
5.168445555309484e-21
1.3718222338566873e-22
3.0281122985711076e-23
1.5065331848572654e-21
1.3101742533576392e-20
3.9674118515838796e-20
8.554911518348545e-24
2.257148657003479e-22
3.5196909433646045e-22
4.1667885581776756e-29
2.5343523835219293e-21
3.894235315771957e-21
5.645875055417258e-20
2.7444529221113157e-19
8.907022333542849e-23
1.5182556785160267e-21
6.30747708733992e-21
1.9330980738446035e-24
4.214813863773122e-21
7.689184007495106e-22
1.0648210694857905e-21
8.547305267880417e-22
1.1735733662619687e-23
1.1862121061421163e-20
7.394055992816528e-22
1.5315132528673502e-22
2.6816884850171307e-8
5.571970906224064e-22
2.1920398603902118e-21
2.3839943852853155e-21
1.4128527912868593e-21
1.6814980947071268e-20
3.7477062829536226e-22
2.253829526727083e-22
7.631483104227404e-21
1.537131247151626e-20
1.5423077215903317e-22
2.6750401786260118e-21
5.50654242991212e-22
1.829442560097445e-22
4.962464177250065e-24
3.368753472777154e-19
1.592046160862245e-21
3.809940736309065e-24
1.8489843093699073e-22
3.927468120385543e-22
5.835293175832417e-23
3.742763994246705e-22
9.401229316387962e-24
1.7551880365781843e-21
1.737580655972042e-24
8.245411446803303e-22
3.7492140462538236e-20
1.2858588914203065e-20
2.609346676892463e-20
7.023722630493773e-22
2.78071530953298e-21
3.720725475074642e-19
6.204841986506052e-22
3.5580739909907938e-19
2.0229303239937246e-22
1.7994833193793635e-22
4.939221211796062e-22
3.0579910374019675e-21
4.871840603838486e-21
2.3961237972246844e-22
8.520749932780114e-22
8.438712113792571e-21
6.720372385002807e-22
1.065322093993697e-21
1.6628932284275357e-20
4.959420085433227e-27
1.3841144879870181e-24
5.650428671679769e-22
2.1584340026341823e-20
4.564707932248133e-19
8.642181299300758e-19
5.0650605686260034e-26
1.037397159023531e-21
1.6443417156437418e-21
3.096214757191558e-22
1.891711964893707e-21
2.0378480575102656e-23
4.059061109546439e-26
6.440145933798556e-20
8.351648095492794e-23
3.2339611204106153e-22
1.7652138921389392e-20
9.619564857115554e-21
8.722551258729853e-23
1.849138627146e-21
2.8596962461319337e-23
7.002890791803839e-23
1.4638182154339034e-22
8.858765411659105e-22
3.4096664083005254e-21
3.048092979665635e-22
2.366991521778743e-22
2.791099102571487e-23
1.6456840068861947e-22
4.683493608151301e-21
3.8534193486066267e-20
8.167470480952181e-22
7.369174241120887e-23
1.4419562768705833e-22
3.4023313669588656e-21
2.2066978088458854e-20
6.94725355501818e-26
7.623840105227855e-21
9.637400984128797e-18
1.6766256700059302e-20
8.619482929828624e-23
1.6804227215123597e-18
2.1079865375203252e-22
3.8739878991909596e-18
4.4180604719583845e-21
1.2047944537620547e-20
1.4087216094393652e-22
8.94431922824357e-18
1.4299026562209222e-19
2.8832797650498295e-21
1.2948726285917425e-15
3.962690974150228e-21
2.9316311874449053e-18
2.072465006379019e-22
3.101899442784349e-22
2.1365081710985054e-22
3.0062808501033127e-22
4.79238355904917e-21
6.976377184173809e-23
1.428784709520809e-21
1.309684777836236e-22
6.669289016572342e-22
8.92810179043881e-21
4.0246600657946446e-22
4.936342624564596e-20
2.489821314439358e-24
5.744462598548226e-22
3.2454928145723455e-22
4.630388284048849e-22
1.5757257006202478e-24
1.9017811640419299e-22
3.8569358573229605e-21
4.2553815939200725e-22
1.07335402812589e-21
3.988974179962938e-23
1.6585898501282233e-16
6.52225858381313e-28
1.636700088103148e-18
2.669903873491854e-23
1.921894888724147e-22
1.3877863065330191e-22
4.050375623327941e-21
4.2602858515572314e-17
4.306331518585202e-22
2.8450475522873845e-27
1.2262741249947999e-24
2.7388726495180613e-21
2.521902475958989e-21
9.493376423795978e-22
1.7470899204201867e-21
2.1066692233839112e-22
1.4805960166021776e-21
8.102700224927518e-21
2.718401474240951e-24
9.214710652650187e-21
1.3833876547349737e-21
1.9007601502520823e-23
1.575790948402946e-22
2.792126999686294e-20
3.3813765483665444e-21
1.6225150969269708e-22
3.432650472413502e-21
4.573808063284217e-23
3.292383698378952e-21
3.158503130845095e-23
2.303640843388076e-22
1.1119130158210772e-22
1.2270356067659182e-18
1.8450293734966278e-21
4.300230286495172e-22
5.07087106002532e-22
1.647482618869213e-21
1.6984614595105014e-18
3.9542557311981005e-22
1.3993767042395737e-21
1.793297717326688e-21
3.1693067057112897e-17
1.5215835026569524e-19
1.1740062811591352e-22
1.1416077754635756e-20
1.2070397262285411e-19
9.721459339867851e-22
9.499678498693749e-24
1.967282533345901e-21
1.1563781141089502e-22
1.8488267399246204e-22
1.6732002896114913e-7
2.4923033902873042e-22
1.1621248103589009e-17
1.3132598850109824e-20
9.055834445105488e-23
1.5402167145847172e-21
2.669555720984633e-20
7.86332753645586e-18
4.7414606361362915e-22
3.515980176423991e-21
7.30253390502867e-26
6.715975160689821e-23
9.682049410142028e-22
1.1978475117384266e-19
2.0175072851450858e-28
3.1789979395462133e-28
2.793512966395701e-21
5.437893843862352e-22
1.5792281116700375e-19
5.131067954161234e-22
1.0499350122851553e-23
1.80336767176127e-21
9.570839839694118e-21
3.1719106107217432e-22
1.4010623186210842e-21
2.681942572597479e-22
1.5300046207390205e-21
8.637497536821235e-21
1.17265929412446e-22
1.704224173851559e-21
5.189218970426815e-25
7.6421515222531e-23
1.2679716982833603e-21
3.6926289394698725e-21
6.888710345208811e-21
3.7355319908842184e-22
9.606396841005851e-22
7.399460576758525e-23
7.789583698932397e-22
5.399501444518322e-22
1.3331457152864041e-20
2.92608421393523e-21
3.4785195707177216e-21
6.846713066077149e-22
5.081508631809144e-20
3.140643469973139e-22
9.022923765987335e-22
2.7099492003379946e-21
1.316447355986735e-22
6.624029700195548e-22
5.914300182865146e-18
2.2839604008011005e-19
1.6465031147720789e-18
3.410795552326489e-23
4.672446745256386e-22
5.648560925672188e-23
9.211563825458513e-23
1.208969375375185e-22
1.4854475555668165e-20
1.646137879183514e-22
5.021570806450753e-23
1.494873401321188e-23
1.1001512044507798e-24
6.202767647162477e-20
1.4898199685433264e-22
1.4074462896362182e-21
1.05548760686658e-22
2.742138336876604e-20
1.5942864411483792e-22
4.002892355321647e-21
8.99319454306057e-22
1.916838920018861e-20
9.935518862480713e-22
1.8483163063343384e-22
1.5137005058983285e-22
9.653616385148705e-22
2.2964607898939933e-22
8.282162395215613e-22
1.4303896750592687e-22
3.0212624220993936e-22
1.8397603998264318e-22
1.030693845295108e-20
1.7629559902108075e-22
1.0499694107343978e-21
1.460504457237323e-21
7.579542710394541e-23
1.5715975273357814e-21
1.270437417432889e-21
1.5002708209187108e-18
6.475156068326435e-23
3.6112972086044716e-25
3.432681861069551e-22
5.173884428046834e-19
8.303131536029581e-21
2.6716171646649487e-22
1.65001308894442e-21
2.2757834318554823e-23
1.852621955569213e-22
1.0152568585111779e-19
2.657057392241965e-22
2.681652457858927e-22
7.242405111758227e-21
4.764486120700376e-22
2.9929790983102423e-22
8.967006093971136e-22
8.86758310687951e-25
2.403772325925709e-23
3.170173776299318e-25
1.404709237551963e-22
2.715553050709407e-23
4.0089041552945945e-21
8.493668283026515e-22
3.848669962815902e-24
4.0914320015022183e-19
1.1428085336821253e-22
8.628993201751558e-22
2.1871142756946807e-23
7.106783286262955e-21
2.8978230319353793e-21
3.6110214588821265e-21
6.32816235380412e-20
9.348952476483251e-22
1.851535232479431e-21
1.4810663073808734e-21
1.1836314715499643e-19
9.046450068352029e-23
1.4320141046935433e-21
2.711521682871548e-22
2.9793425495988664e-22
1.376513110143242e-22
8.011990842394888e-25
2.182686056039307e-21
1.8615571875318363e-22
1.857419417957987e-21
7.786462162487658e-22
9.39470959891296e-22
3.500470684850905e-22
7.011336089828279e-22
4.072951869123195e-18
7.133588381201336e-21
1.6836348433254169e-22
2.4586749770392136e-20
1.3902826427304842e-22
1.1247148715567159e-22
3.9300756942219515e-28
7.182186019158952e-22
1.1566196849870713e-19
6.937529455390438e-22
1.9138291251787117e-22
1.1774540313630856e-21
2.3339948753018334e-22
9.110152141020246e-22
5.6313494558362145e-21
1.1217836618662567e-22
1.9049201474765572e-21
2.8908090610620656e-20
2.526873916724828e-19
1.0370501319497045e-21
9.00085706679241e-22
2.2706031325845595e-22
3.559592855179515e-20
4.48046180379521e-21
2.3481863836669753e-22
5.557570722458773e-25
3.4831333911872556e-22
1.1259717096997018e-21
6.742464096561776e-22
4.289616120096889e-21
1.3963596886164834e-21
3.147188364813787e-22
6.162141558206506e-26
3.619096939146819e-22
2.611752445485484e-22
1.196994906118872e-23
9.301287223478071e-23
5.433566637498444e-20
6.217300232846381e-22
6.037794877352402e-27
6.309874267771324e-19
4.0852121242420875e-22
1.7915489369404728e-22
4.297169935969588e-21
1.770056545491972e-21
1.294056550502093e-18
3.246672411907553e-21
2.1307293807178723e-20
1.0220273275682627e-21
4.347555721237932e-22
1.7240384369873853e-18
3.95158312580397e-20
3.9885491853733754e-22
1.0082010483869441e-21
1.161700648780624e-22
3.1187089221396845e-25
8.6865237236644e-23
1.0677661800040054e-20
2.407040668984647e-21
5.53020341003512e-21
3.3518868649286104e-22
4.0283567375038086e-22
8.61550902133666e-22
2.888348405203163e-23
9.794384354446684e-22
4.9070876371161894e-21
5.251258507496142e-21
4.859639006180521e-21
6.019101915404853e-22
8.82250049053255e-22
9.603561682601864e-19
9.120319169521373e-22
2.1713291649997245e-26
7.220383759528846e-23
2.0846408265968394e-22
1.725851504116765e-21
9.228491811926187e-24
2.558543657674899e-21
2.1707540632590948e-29
6.708575432725334e-22
7.751289081740586e-21
1.6970174005256031e-22
4.100339303633443e-22
4.83230248378372e-22
1.4891088043259218e-22
3.960944551024598e-23
5.267791078318477e-21
1.6633054024536892e-21
8.318985672707955e-20
1.7375404005104203e-21
2.900948220957542e-22
1.5631312684537054e-22
3.4711962279783607e-22
3.001620352780697e-20
1.406206500869951e-18
2.6094428720438136e-21
1.4147091046925615e-21
3.463143555504723e-22
1.425032609733217e-21
1.0501225345499446e-21
2.115176095392947e-21
1.83149153106801e-21
9.108274410362312e-21
4.0293076152363434e-22
8.092175062572262e-24
5.153636552398018e-21
1.1299820319537349e-19
9.559885847064462e-22
1.226675352523253e-18
7.077246331379493e-21
4.631257672148947e-20
1.2881059090318566e-22
2.4444847843416514e-22
4.1205288471881446e-25
7.532912395047952e-20
2.402635262487448e-21
3.169239387014993e-22
3.127696595905953e-20
2.4674296488457837e-23
8.21616658598832e-23
3.93257217490602e-21
7.183352025275779e-21
5.215227739319853e-22
7.103752200294704e-21
2.0420186446615933e-20
1.2849960232139047e-28
6.9950196952812085e-22
1.3108464187521444e-20
8.925313691921699e-22
2.027949295790877e-21
3.754182729388794e-22
8.490251196013724e-23
9.394488904436348e-22
3.5698980521021727e-22
7.393032901174854e-23
2.3882346047300913e-22
2.5036151784518207e-22
8.026842008114707e-23
3.786332297821607e-21
9.60064530298252e-22
9.017257380591253e-23
1.947672269716853e-21
1.0250480902710269e-22
7.53975775527398e-22
1.2616011953039228e-21
1.1760865970022514e-22
7.907667530684916e-21
4.326877767008355e-21
8.534222122411002e-22
4.0190044319003055e-22
1.2869437005432206e-22
2.3351384982340047e-22
3.792160069924817e-22
2.9987876214799057e-22
1.0815448183145573e-21
1.5957563092279618e-22
3.885712445826463e-20
1.4240735712129882e-20
1.1099287398079963e-22
1.2537031166970413e-21
2.168574083572789e-20
1.6171961457174533e-21
3.985569137155182e-22
1.309636528441364e-21
1.843655818887859e-22
2.6051770084169455e-22
1.37268580469028e-20
3.1500757570039804e-22
2.754892822567713e-19
2.844907617841767e-22
6.08772947227253e-23
2.9786423349292597e-21
1.6920273803158506e-22
7.702066657858368e-22
1.9534711693827527e-23
4.425522471198782e-28
6.847966616835889e-22
1.1690801987725096e-21
2.6720529848008477e-21
1.9666416728305176e-19
6.2136328186912005e-21
1.065875335544103e-21
1.2369466039457063e-21
3.096801338529278e-22
9.830293791711564e-23
1.2919953889726e-22
1.8559143027972582e-22
1.2903756492851775e-22
7.243888490789272e-22
1.428375010363924e-23
2.9685644540708438e-24
2.494575318944383e-21
2.1787193148692796e-24
5.300075885627099e-24
1.8896225042690203e-21
1.0887973140407287e-22
5.445876739362902e-22
1.048423497730429e-19
8.902780231143545e-23
2.435357615675507e-23
2.8337586552706956e-22
4.701598492237735e-30
2.745074926642114e-20
2.579295060107478e-22
2.5758540581038187e-20
6.698217143643738e-22
3.011240706553032e-21
3.1374727806244562e-21
1.837218355557709e-22
2.800444606555512e-22
5.687623353203126e-22
9.921403920291782e-22
2.176627487531395e-22
1.4970586693209285e-22
8.119133828486254e-23
9.932752726896381e-22
1.1343068735533482e-18
2.873294436697594e-22
8.796005031371523e-22
7.158838316609694e-21
1.8837058310863026e-22
3.2104191382087196e-22
1.1060686902951256e-20
2.749398456034083e-27
5.668388607818131e-20
1.544558976637835e-21
7.982457966022799e-22
2.5404908570478533e-22
1.4805927154554514e-22
3.562342296479434e-23
3.285534299400335e-20
5.74874122811412e-22
4.7589408203224187e-20
6.786357271114998e-21
1.781190774805866e-21
4.462105969626253e-22
1.7889180357676102e-21
1.727737087707471e-21
2.484640603365179e-17
7.088150558717555e-22
1.253964130840689e-19
2.2217036208330325e-21
3.571668430683687e-22
2.855794678180725e-23
4.9876109433208826e-17
6.874183401090103e-22
1.7227181764274237e-21
2.6548008359581347e-25
4.229745175735272e-24
1.0841223129588709e-21
9.970671722769526e-23
2.525657459891693e-22
1.8732160735557297e-29
2.849992194700861e-23
1.2255707678541041e-21
4.070755676485515e-21
7.871973471236961e-23
8.269974177190648e-21
3.132654058442477e-20
1.7441827010814834e-20
7.788217850629685e-23
1.7444885052089794e-21
6.387021159382518e-22
3.195637620075062e-22
1.4800899075006682e-22
8.900459599739662e-22
1.4130964235087884e-21
1.5606608587914819e-19
4.665621053653716e-22
1.6052177088911444e-19
1.0378147813164578e-21
1.3173795805954761e-21
6.670292727693197e-23
6.993930852105829e-20
3.527745416742719e-22
1.299044875444074e-19
4.593671619232585e-21
1.845278899220733e-20
2.424044185331963e-21
2.8187454141880078e-22
1.2875466178507267e-22
1.725846729826014e-15
5.852812898828175e-21
3.3047589692584644e-21
7.419465509990684e-22
4.336863673391366e-19
1.4456869638947577e-22
8.536998194370167e-22
1.3796779362549722e-22
1.6331159241297588e-21
9.06082784759485e-10
1.0411886334270794e-20
4.265005502065404e-21
8.658743742165963e-23
4.389064652036087e-22
5.716162609607323e-22
1.0537834409377377e-20
2.4745369336341034e-22
1.877387468415784e-21
9.320129368301229e-23
4.7419544724217975e-20
1.520289402267822e-21
6.77476519285343e-25
3.5163758165053805e-21
9.8058665646046e-22
2.453989115915625e-21
4.349137568047629e-24
5.658682658160202e-20
7.254669575630811e-20
4.286527889537359e-21
1.5499733176539525e-22
7.376951990302426e-21
7.097482021707145e-22
2.2259137051057567e-22
5.621203660990806e-22
1.0833607195883119e-18
2.536644351774578e-21
4.889353477998264e-23
3.48807135875318e-23
2.869795175262824e-21
8.225228383934557e-23
6.946673537206555e-22
2.966914327842563e-22
3.5971711441262966e-22
8.932535443172995e-21
7.931514883076431e-24
4.8254269471502976e-20
3.0655085518926053e-24
1.8366565891331403e-22
2.6743008500762825e-22
5.2832398586529194e-23
3.007517191816211e-29
1.4462521021008305e-22
7.653618914479084e-21
1.1049096665578006e-20
6.397160366025603e-28
1.0843201208563168e-22
9.27276974307058e-22
6.768226109263922e-21
3.424200849808082e-22
1.2421146502719322e-22
3.464842458316966e-22
3.2256429168246977e-21
5.090711473531737e-21
1.2586105493176284e-21
5.70946779943435e-21
1.1618102991288851e-22
5.548802742064082e-24
4.759211373475965e-21
6.809105766486387e-23
2.5415256611694062e-21
3.674109302361978e-21
1.5414338179657584e-22
7.159769536704186e-22
1.0010132466055184e-20
3.500463033550942e-22
3.979270377956783e-29
1.0948195957732539e-21
1.6650321223903702e-22
1.5032913140944633e-22
1.7953530903664895e-18
6.882512633248061e-19
2.3440843512209423e-21
2.9418804101313946e-21
2.0200577368746604e-22
9.010784251652411e-22
7.991810585646523e-23
3.91965282805209e-21
1.288782705954958e-22
1.8725009213613685e-19
2.424362531386743e-22
4.796776694053646e-18
4.540504387383062e-19
2.7252081545193015e-21
1.1911831431055858e-21
1.0305262418447851e-22
2.3361019075313918e-20
6.694548638622644e-22
4.14757986085091e-21
1.8383332718630448e-19
1.1483282187038298e-18
3.0859540048256964e-22
2.0775471838608125e-26
4.955013616596318e-24
5.016126815574519e-21
1.0049341359980499e-22
5.369600385020761e-22
4.626674372395016e-23
1.3126062379369886e-20
1.414785110560842e-23
1.4215490504597226e-19
7.54946037733442e-24
6.718493835673859e-22
2.642113087491913e-23
7.915054872573284e-23
5.8071137086567744e-24
2.325622441886533e-22
2.155598915874025e-21
8.78693533098659e-23
1.5531668956258067e-22
5.691490339221118e-22
1.3929782688661473e-22
2.3111130420687993e-21
7.373193538051124e-23
3.1216778812191045e-21
4.758656222032303e-22
2.4094838315457846e-22
4.306199516726045e-17
3.8085276753278456e-21
1.0371081644086079e-22
1.355230738963237e-22
1.6740741717051816e-20
8.300473828454967e-24
3.858753407129254e-21
8.55044607405427e-23
5.096896655981678e-24
8.91409950327118e-23
1.0332178895771136e-20
3.7766874254448453e-22
1.9665842431545187e-22
9.842409483383684e-20
3.607862226253602e-22
3.4515598051482665e-21
1.706648897441661e-20
1.0328706016994575e-21
1.3710133659855944e-21
1.0284582793305083e-23
9.38735957424137e-23
8.058883856709758e-22
2.581680573135496e-19
3.6824517003458092e-22
1.0267837990787574e-22
4.632304510695015e-18
1.2095885621796866e-23
6.066392000604198e-22
2.3615775975283915e-19
1.8960068162308737e-20
9.207300734459537e-23
6.546742737579821e-22
2.3455119757363446e-21
1.428472625955982e-22
5.13701627185537e-19
9.470676544882948e-22
4.207674495047513e-21
8.805329645148556e-21
1.3149868134513316e-22
8.954213602766762e-23
1.4729207709065298e-23
2.0945543494421234e-20
3.509218885990936e-22
1.3348469541291682e-20
7.258522589002094e-19
1.3822322593424867e-20
4.901609072048227e-21
9.140354748224155e-23
3.9471973863585826e-21
1.0421066226426774e-23
5.502248593852977e-22
1.2795070465194233e-20
2.4068257683976714e-22
2.655234796142097e-22
1.732411828974595e-22
2.1426738046976725e-22
7.943694738069233e-23
2.9912605866953958e-22
1.840676311894745e-20
4.81289903264998e-21
4.2564624156414996e-21
1.3359868507022016e-21
4.833899549962879e-22
4.070343769921809e-23
5.9784595979632374e-21
1.1134398768329097e-20
3.8094488117489424e-21
2.1145838111239055e-20
8.74970842224199e-23
8.030913211861358e-22
1.6113170104218716e-24
3.717903945782905e-22
3.352927886227819e-20
4.677439872348804e-21
1.4941080202029287e-22
3.829542719439252e-21
1.1032346448320012e-20
7.021604904806762e-20
5.932617524614148e-22
1.4149495493227165e-20
2.1357725037066413e-22
1.485979524413127e-21
3.5151272387797895e-21
2.141466340265943e-22
8.728123270960325e-22
7.501319073961029e-22
3.070543646753022e-22
7.393634756021859e-26
1.345050488490144e-23
3.5362182964136175e-20
4.338667480575683e-22
3.358495808522701e-24
1.2129399833625364e-21
3.103404695604279e-22
7.719789900795052e-21
9.391048013282506e-21
1.1195761306357605e-22
2.450429994649136e-19
4.548253359802029e-21
3.453140872408462e-17
2.731803501764761e-22
1.192773312159378e-22
5.5101603513436645e-21
1.7821086889046072e-20
1.5945514826962692e-7
1.8669639160405438e-19
7.985826003645755e-23
3.6559695082735433e-20
5.882105911943318e-22
2.3184064671306053e-22
7.758104141588131e-30
3.9378036931669944e-19
8.284599991546676e-23
8.016607844897238e-21
3.2401886672708354e-24
1.433612702433262e-22
1.1651873727609006e-20
2.411982198460625e-22
1.557596310782214e-20
1.1079838552885826e-22
1.7637503041568334e-21
8.273944834824104e-23
1.3192930440037647e-22
1.3286222827673984e-21
2.1229272304177086e-22
3.270351954394155e-20
1.4578209336828305e-21
4.571727631372525e-21
3.972009070447822e-20
3.0624373830415844e-20
3.856968930224116e-21
1.9287418551313877e-21
2.559974487603805e-21
8.137268932605325e-23
2.544137249157514e-22
5.888781168497111e-22
6.317099109230933e-21
4.499584906190791e-22
4.0687261062408856e-21
2.5918046037307055e-22
3.2528064020752484e-22
6.870353112947429e-22
1.4361775138885543e-22
3.7554355710837585e-23
8.919804821565725e-22
6.953147414631966e-22
2.7669650614026506e-21
1.109111389178435e-21
7.671789143647627e-27
