2.272536806294195e-5
0.00015209658052011497
0.0005177270421250856
2.5155075933096923e-5
3.5413119959293205e-5
8.353995867022936e-5
2.8985752559827536e-5
4.0486055891889104e-5
0.0003503298160617022
9.001301388108231e-5
3.625047736736667e-5
2.7323548195443825e-5
7.560734277399061e-5
6.420122413779814e-5
0.00010554145675668349
0.0001324750622786576
0.0003730698039434867
6.209804505496682e-5
2.8817409032298163e-5
9.470000091832189e-6
2.7691721340230535e-5
7.559141743095053e-5
3.69678257732102e-5
7.029326391984682e-5
2.8943795915554652e-5
3.336721243336239e-5
2.379195059456573e-5
3.463879414248917e-5
9.605422264064661e-5
2.375106123465341e-5
0.00011652474377562715
5.8422897795734034e-5
0.00012626513186362676
0.00017313998990103692
2.197596572135307e-5
2.9400620475171473e-5
6.160321519002155e-5
2.1810385163938144e-5
3.8259816829601944e-5
3.076668583419296e-5
2.2185795237218953e-5
6.72421795114471e-5
2.9563402652619093e-5
2.5708517629155873e-5
6.192516566067985e-5
2.47193107953474e-5
2.20196209563437e-5
2.5778699152257647e-5
0.00019811651200144734
0.00021235566178152838
4.850631082018657e-5
8.897173846581341e-5
2.4163904989875687e-5
3.398531814697934e-5
2.7812506375797915e-5
4.928264515973104e-6
0.00036539951166224814
3.718108230352452e-5
2.7473916130080813e-5
2.8043032516251182e-5
0.0002013511713105325
3.3122512810346676e-5
2.4952844117766297e-5
3.2328414495307495e-5
2.66941161376018e-5
0.00022438857585512542
3.3482745813144786e-5
3.449561884841813e-5
2.23572529283442e-5
5.642274348194161e-5
0.000189059343741278
2.736143834217487e-5
2.6949799950782714e-5
0.00014071357812483904
0.0001674167280976405
2.8907456800372064e-5
1.9561540766682475e-5
5.116246434836666e-5
4.7324613265931896e-5
3.482028823540392e-5
2.9501754656096356e-5
3.778473037809121e-5
4.975017078052122e-5
3.4184823665304564e-5
4.8226332832761937e-5
2.5946748095881034e-5
3.183644389898982e-5
0.00013763681851931538
3.453353312328861e-5
4.1494881168088236e-5
2.3653934552893875e-5
0.00018033727935609463
4.160797121737793e-5
3.49223077179784e-5
0.00036457851780847834
4.0824254441768125e-5
7.454083123441637e-5
2.6308874546251518e-5
2.527020175919582e-5
0.0002398875387034126
2.9934845907649596e-5
4.3989221571046214e-5
3.621663235562229e-5
3.5994160188863105e-5
0.0001274408096700538
6.443036693800763e-5
3.1482975156442345e-5
3.4974557426434446e-5
2.2411120874208035e-5
3.0032396189768767e-5
5.260003553896156e-5
3.3720431799392394e-5
0.00010951527389162845
4.453038255674068e-5
2.741256846303053e-5
2.6540282570997064e-5
4.921495915373173e-5
7.887146634677886e-5
2.762898547484754e-5
0.0003410690586296091
0.00021205212122069246
2.4033257651948766e-5
3.586717113315399e-5
0.00010892841878074992
3.0133288256721638e-5
0.00014027716725911892
2.586323426063186e-5
0.0001326304451083216
0.0003110573096419849
7.431176450471626e-5
3.3489696564189864e-5
3.131748916493279e-5
0.0002072022766779458
2.4598296124420534e-5
4.124189649322265e-5
2.486249681096558e-5
4.607213212484082e-5
3.950017041509285e-5
1.6010693474839257e-5
4.953890617376901e-5
3.807204713788561e-5
2.5226618558777724e-5
0.00019356360056892036
4.295604419635008e-5
0.000588866287265465
2.4160647887076364e-5
3.0063152781303217e-5
8.468942732222454e-5
2.1482222183866698e-5
3.5636966515881e-5
3.98049636894341e-5
0.00021699180406380673
3.941148875851208e-5
5.2165012182479275e-5
4.659375266926118e-5
5.9831475976911324e-5
3.2350063848634333e-5
2.2013498547316956e-5
3.862359000701167e-5
2.8062371228184484e-5
0.0001596937664829457
4.336764289331791e-5
5.90385041286993e-5
3.835993295574144e-5
3.804097467385264e-5
0.00043125569618270194
3.642398008793907e-5
2.4250380714825015e-5
0.0005009256880324765
4.030439879638298e-5
2.9408911122231526e-5
4.847505483772963e-5
2.5830291482684674e-5
3.7843316262027915e-5
8.042454229290256e-5
7.075806438736507e-5
4.277025192495809e-5
4.672993315284201e-5
0.0010895080866330272
0.00042052679056148195
0.0003076080357167329
3.5922336501231555e-5
4.77970425184269e-5
0.00017088861653371138
3.072284191425257e-5
3.1987919268645143e-5
4.730308296467566e-5
2.1413016897825285e-5
0.0001356460096160407
3.731441310226487e-5
3.3224190536160463e-5
3.5162708222132286e-5
1.0140688922216716e-5
3.749936556268277e-5
5.17089667766484e-5
4.5071263417973526e-5
2.2103031095363685e-5
5.140724683974612e-5
4.4758909460072e-5
2.6673802748234934e-5
7.865735817140836e-5
0.0003204023379591991
2.7391740293967833e-5
2.0585122353341977e-5
3.972757231745894e-5
3.316206803560018e-5
0.0004850230590050594
0.00041089165795964974
4.3018378942237825e-5
5.549010777332767e-5
3.2659605554822466e-5
9.15658681029081e-5
2.9542379417803338e-5
3.4240229974726976e-5
3.783810899475059e-5
2.3088819420197928e-5
0.0001594304098104235
6.414458926188901e-5
3.346172112884577e-5
4.28740440949249e-5
4.588069755617745e-5
0.0005795516782682506
2.309536394160051e-5
4.296318108780634e-5
2.650824125387647e-5
2.6900896298104712e-5
4.004042268148558e-5
5.164471610210421e-5
3.598648955622166e-5
0.0004757762486860523
0.0004107601336655778
0.0011810208805513058
3.37202265338411e-5
2.2351645305292288e-5
6.450188472756404e-5
3.387370860481372e-5
3.8404602215837724e-5
3.2671409339651957e-5
2.5076569119950546e-5
3.1313972136847756e-5
2.5587463334858942e-5
7.393785375877295e-5
2.3718073688217145e-5
2.4211153383966206e-5
0.00026584602666754304
2.3901483605615528e-5
7.349284757199322e-5
7.185721482637078e-5
2.259965880104693e-5
6.473099101274058e-5
3.56435541127462e-5
4.207950408170275e-5
3.6394337371163914e-5
3.315779077284565e-5
6.2330601959135956e-6
6.047468890547302e-5
0.00014380602111137145
7.315265868123422e-5
2.7291640400602766e-5
4.8930737458380164e-5
7.413864547919607e-5
2.825631127332384e-5
4.387735295340883e-5
6.250704865756785e-5
5.283293136623978e-5
0.0002130971225641621
9.647997652263245e-5
0.00011050942551341444
3.416083002217496e-5
3.2347873582216535e-5
4.69795414427918e-5
6.326879494585058e-5
3.056783653078397e-5
2.7818168207341295e-5
0.0011358518177591646
2.7869310464615832e-5
0.00032371021143853763
2.79461690304157e-5
3.752453920918165e-5
2.92891966095551e-5
3.850767999541823e-5
5.5542557338298515e-6
4.099497684497854e-5
6.829482298137346e-7
0.00038768032592065716
2.1363382677234402e-5
0.00015527494884096826
6.38709575061993e-5
0.00012442850421197292
9.278212386677668e-5
0.0001093839486753074
4.5274206665170736e-5
0.00012352537646012575
8.351439351853202e-5
2.7399230223739906e-5
4.9378430896382134e-5
0.00025876610913303676
3.781254824417952e-5
3.1669897280541607e-5
0.00011312179364983486
5.3278390293934027e-5
2.9780862194227126e-5
0.0010473467595676056
0.00022564650276284142
5.046071850740005e-5
3.541638002082808e-5
2.1584072487059207e-5
5.995486376292246e-5
8.275098145686592e-7
2.3526322820805923e-5
7.171020108863864e-6
4.185082137458807e-5
3.474243280134159e-5
3.758229250079065e-5
7.303879275045419e-5
0.00034503405124354064
0.00011146305308297107
7.023768036627225e-6
2.6079801880498677e-5
0.00017889084988140117
3.0064837209745045e-5
2.2035107201738692e-5
4.648768870707066e-5
0.0001492495051664346
6.0515023575103064e-5
0.0003058225891215153
4.962646745886504e-5
2.9609680627232567e-5
2.568035985340722e-5
4.261889962795121e-5
3.215735746023468e-5
0.00011058107023562482
2.4881599943824063e-5
8.085327232007115e-5
3.5636211095207275e-5
2.352744646819165e-5
6.8775996058462e-5
4.062573741372757e-5
3.50162298673648e-5
5.373047980043028e-5
2.507885457051834e-5
3.773051703306683e-5
5.019254112554852e-5
3.9554879978868454e-5
0.0004896315149008851
3.225432849260759e-5
0.00014034351502781921
9.842030481546102e-5
2.4880741525246946e-5
5.1660650661560286e-5
5.383181083807448e-5
8.579967471539525e-7
2.7898210797390766e-5
0.00019370712173584942
7.021465644227886e-6
2.7570907311980374e-5
6.774046120122552e-5
3.220898218507637e-5
3.053288041740684e-5
2.27736900851671e-5
0.0013167173499302144
2.453177377724133e-5
5.003875721230106e-5
5.1976559224807146e-5
2.870894419285782e-5
3.940492699216872e-5
3.233751013064006e-5
5.0567511338586245e-5
2.8606401291985197e-5
3.308203488905093e-5
0.00013931835689124305
2.673704734230489e-5
6.27511260974558e-5
7.010293758172912e-5
5.524703617237848e-5
0.00022933204096495835
2.9644112941768747e-5
5.1050112134470337e-5
0.00022364881916412134
3.129361922993765e-5
3.41579063897368e-5
3.4145887814508426e-5
3.06291712613886e-5
3.484376192716129e-6
2.7573543343747705e-5
3.716619166961169e-5
0.0003539217080212492
4.209731841255316e-5
4.628099611930387e-5
3.931924170937179e-5
9.076115515995511e-5
0.00025300255444036363
2.3451561172706404e-5
0.00016028015348751475
3.9305584485406245e-5
0.00028102378456304684
0.0001618891110595091
4.1115644278453635e-5
2.1838680368304193e-5
3.523595996669403e-5
3.618108547473346e-5
9.75809953185053e-5
3.0750863163262466e-5
5.733509621884211e-5
0.0002664042170014351
0.00015436592595045537
6.386357083097008e-5
2.7576691645005545e-5
0.0003736972417538687
3.214684710048328e-5
2.4550616993203792e-5
0.001538138126914826
4.426690961896551e-5
7.5981172737611985e-6
0.0004047972311774275
3.38624447162058e-5
4.503999010436251e-5
0.00019149252255958618
0.0002173193911021721
0.00010002249082349845
9.808272469404569e-6
3.7085197519185694e-5
3.2040609616095585e-5
0.0003525386991274092
9.637478987529865e-5
5.67702686233747e-5
9.457109101236445e-5
3.488145622077e-5
3.3846160811512226e-5
3.327293038140916e-5
5.945629746786363e-6
3.059381809207569e-5
7.55207049347665e-5
2.5598686925078205e-5
2.6508609812267337e-5
0.00015887851818191287
5.124456395728767e-5
3.6186617470722714e-5
2.9865599465290202e-5
4.426130213439054e-5
0.0001233104847449398
4.8793014116519814e-5
5.64380324387697e-5
4.771326792532091e-5
5.0573642035958515e-5
5.438253758529305e-5
2.2970453224957312e-5
4.794753677421398e-5
0.0001779701694174568
3.89245034827629e-5
5.302155115353329e-5
0.00010104850651321514
2.61635594685111e-5
2.1140762651775538e-5
3.2239950921563254e-5
0.0002653889557135139
4.408238436963618e-5
4.342636500923038e-5
2.538925371078426e-5
3.3929451029687794e-5
0.00019888496498336413
5.4484202438771965e-5
0.00028160482967735386
4.592873937966995e-5
5.96892188232932e-5
2.999648294623318e-5
3.236142971246164e-5
2.8169925297544495e-5
0.0001255035392986805
2.816738671219662e-5
3.888877317026328e-5
2.4330012181322932e-5
3.1514243355246364e-6
4.33063252289935e-5
5.425484889069395e-5
3.579641859222515e-5
3.015193843707435e-5
5.8451413140453854e-5
3.513322461328164e-5
6.070673469714939e-5
6.435576182501608e-5
4.3192935686729726e-5
3.089468338283913e-5
4.636106600303956e-5
2.9466677431101156e-5
3.5958525152140785e-5
0.0003856771458274485
7.0071115041056e-5
8.506144154175573e-5
5.337640740941835e-5
2.66545106307119e-5
0.0003489042965481176
7.653946271694501e-7
4.842274858180753e-5
5.2140932130461405e-5
2.443814007645012e-5
6.049789195025877e-5
3.6300804204374645e-5
4.8594326589806274e-5
0.00012078244211573741
2.3539084366612447e-5
0.0002211359075568398
2.166855860670145e-5
2.9437626848841944e-5
0.00029831688929500175
7.607241691446711e-7
2.7893758080096386e-5
6.875558094183986e-5
3.7332918360557374e-5
4.616068635615571e-5
5.64450888500956e-5
0.00017169583979649583
0.00015292820817374464
0.00037545098348767736
0.0001588888163497312
9.082739705868497e-5
4.0484323418662186e-5
6.052974570201139e-5
0.00015287454758959392
0.00042580274306298
0.00014832210815410898
3.6768949725575064e-5
2.6652854372944633e-5
5.119590678896207e-5
1.9525374592032144e-5
1.7860423011688752e-6
3.733272191309173e-5
2.8194755955806465e-5
7.428881573774087e-5
9.856354131331913e-5
9.491905372680772e-5
5.370588134772831e-5
6.040750479784849e-5
3.9754568420456184e-5
3.190575097098887e-5
2.199540829070284e-5
0.0009508480759914625
0.00011655656849534742
4.019753480859624e-5
4.017656612420221e-5
5.8751763924527484e-5
3.426022678787475e-5
5.88851236053755e-6
0.00010226515804912972
9.253220235742779e-5
3.359375940698278e-5
5.4971332232983616e-5
7.47024324076655e-5
2.3704621448865054e-6
3.46824222771066e-5
5.836996245435163e-5
6.472099190444411e-5
0.00018137008526589374
0.0005851925292183803
2.7562211491390103e-5
4.905465606652988e-5
0.00019197290867412634
0.00013872779849187863
0.00012554003883437858
3.419345813497784e-5
0.0005097128085729903
0.00011903960846028992
0.0009603857198782638
0.00034649474704775496
2.773725159232219e-5
0.00016377718631352395
3.958287298002394e-5
3.760780443818573e-5
2.738131992746512e-5
2.314122091790719e-5
2.9060143584208738e-5
4.0143964987897496e-5
4.737667735635603e-5
1.2879275334322738e-5
8.576409215157885e-5
4.628614092227981e-5
4.988577567320927e-5
4.012177884483511e-5
0.00035153273395616136
3.537711623116845e-5
8.093015017450465e-5
1.966238699303447e-5
0.00014593140231994735
2.795815153415313e-5
2.941713945677263e-5
0.00011206614643191237
6.394294793981905e-5
0.0006453344072984383
4.758528934327138e-5
8.017918135898427e-5
4.8232620819766256e-5
3.653942592519153e-5
0.00048218974457997244
2.886916731389432e-5
3.557479047518721e-5
3.001399313215071e-5
6.904388354338561e-5
4.819111251779768e-5
2.8168851823543534e-5
2.9674015486448706e-5
3.705305768067141e-5
3.770763892579942e-5
3.970034639389112e-5
0.0014442607122811854
0.00012142706400773287
3.6370351295948886e-5
4.519860769326166e-5
7.547522214011658e-5
5.056066902137123e-5
0.0003888843831181866
4.502429290130977e-5
6.915051647437758e-5
3.1867998819274534e-5
4.142259473157354e-5
8.488971247858968e-5
0.00044384790388524354
2.7370503490481228e-5
2.6267950543472703e-5
4.08679435113555e-5
2.304495956204231e-5
2.6841949791757056e-5
0.00011579177569180096
2.832932191329775e-5
0.0004549867991529637
3.4950964424906725e-5
4.9819730821519606e-6
3.4048351345952606e-5
3.101817741120467e-5
7.209841697725623e-5
2.7321954589939604e-5
0.0030144647671009506
3.338747356617175e-5
2.4403821036300338e-5
2.2690362454027957e-5
0.0005923867714945556
3.113336043428409e-5
3.5205981522798956e-5
4.8862169885018766e-5
0.00010008721712883059
3.285661154866361e-5
4.96660798828517e-5
3.388305962970158e-5
3.811766382078515e-5
3.342871711486398e-5
3.167328496554256e-5
0.00022401568003508008
5.954035824182497e-7
3.064643793057918e-5
3.3718953759619796e-5
2.557703092745397e-5
4.6318621673889944e-5
4.325456813499008e-5
5.4519594841015716e-5
0.00011495418903912245
0.00012198417111667541
4.967299871029319e-5
0.0005505552682516906
0.0001924577232030776
5.9498485157064505e-5
0.00018646451611295753
4.716972174233102e-5
4.943203003212953e-5
0.00011439932623478154
3.982707580820406e-5
1.3130536574812778e-5
4.0687446431355105e-5
3.396283662924997e-5
9.888398260623089e-5
4.9805428037026364e-5
2.8937833126929506e-5
3.2364247267487854e-5
5.5192282224495106e-5
8.402974508826598e-5
6.314058611066603e-5
0.00043417900150531305
0.0002080253484834077
0.0001290820150077116
9.259030481622031e-5
8.6185626111523e-6
3.862055109709191e-5
4.278057909670483e-6
4.5280383669744955e-6
7.721206723433356e-5
5.5935164109540484e-5
4.960663524753785e-5
0.0003297381667838781
0.0004409253891057928
2.5476201969283452e-5
3.350425343135199e-5
2.679837366457393e-5
8.381642504109712e-5
4.442668430682878e-5
3.473226469556347e-5
7.236967933361776e-5
4.089433192999004e-5
3.713136108421173e-5
3.4926148765362615e-5
0.0001610347407022156
3.6413281703145625e-5
7.89257027217951e-5
7.264804858388706e-5
2.711255707538426e-5
8.144500484954807e-5
4.236147794770105e-5
3.79624990024346e-5
3.3859521942883434e-5
9.667106067428184e-7
2.26225108705125e-5
2.9262930306632747e-5
0.00011273407782916733
0.00015365730653444488
8.790971896107064e-5
4.287478167739151e-5
2.9626521250197635e-5
2.9170411653634513e-5
2.1881021719334633e-5
4.961024782847923e-5
0.00012739009166104693
6.2178865813868e-5
3.828746567461135e-5
3.456371465010792e-5
3.694889570016453e-5
4.6416613374282075e-5
2.8584355666460014e-5
5.746304344028079e-5
6.32303812406883e-5
2.5822367680025818e-5
5.5108295248991625e-5
7.3207880671349e-5
2.584540976054929e-5
6.783259816853284e-5
1.6802003250505455e-5
2.52992692401347e-5
6.253439148249565e-5
3.077114888117689e-5
2.0686461981563608e-5
2.8367426008020494e-5
7.203532322503662e-5
1.6765660953651952e-6
3.350052041302952e-5
8.034031836688416e-5
2.154410710612596e-5
3.352347582592904e-5
4.980385365846651e-6
4.000451540409517e-5
8.651534785073844e-5
0.00044133861132081346
6.121535282653005e-5
1.514750598385416e-6
0.0001073247533817006
7.036337049941974e-5
3.2932039526341614e-5
0.00019974826243610459
0.0008025951903421729
2.8514165385345947e-5
0.00022094965940834066
7.43504688302849e-5
8.559437403135502e-5
0.0003571833621293655
0.00012062317586171641
3.810029816323863e-5
4.1029700898837006e-5
4.1832580600650065e-5
5.193362777330805e-5
4.274743133758642e-5
1.4601154155264118e-6
2.987494521571881e-5
1.153652848820555e-5
5.2554802137802746e-5
6.451408790566667e-5
3.156665994881285e-5
0.00013776023411616255
2.6475431289560685e-5
0.00014585818833634452
6.220423318612185e-5
5.9530765383522594e-5
9.905641976407652e-5
0.005687632661978275
2.4288261775742862e-5
0.00029654818259454034
6.827651504448961e-5
0.000153468137137605
3.335859819687332e-5
0.0004892141885688978
1.1365056828091316e-5
4.7911530246358576e-5
2.2394263011545488e-5
4.299543654548166e-5
4.7239505067333327e-5
2.6471204691729503e-5
4.249731848569172e-5
4.17335297085427e-5
4.450305725205227e-5
4.5613000586251423e-5
0.00034960517131422286
5.12305859005244e-5
5.816515500878564e-5
0.00019006791297147168
0.00014348663758143062
0.00022976170046079552
6.88831943615867e-5
7.070797372666136e-6
4.118432956309125e-5
2.4218161851806786e-5
0.0009306301115530054
7.997442204435232e-5
6.541364360263734e-5
7.317806698305694e-5
3.8518777856056875e-5
0.00041647508306557804
5.717481437124403e-5
4.339160482354284e-6
7.602773449115055e-5
3.754046121644882e-5
4.116753259449511e-5
3.628976335329921e-5
5.4639057457559886e-5
2.7148908457029585e-5
3.6718694028530355e-5
3.2068653294551145e-5
2.4951091308559938e-5
8.381280274675759e-5
0.0003532775203826997
2.4356171756124617e-5
2.6671436816640472e-5
2.760077286080306e-5
2.7754745571406305e-5
0.00013234561408342581
0.00034726294768275956
3.093245088551006e-5
4.7566622274972204e-5
0.0006737131272657452
2.925380000795516e-5
0.00016326972816176188
2.909054810916545e-5
9.995461026039574e-5
0.0001402871060817545
3.530799489777325e-5
4.6897796626074075e-5
5.782791625372294e-5
0.00013193084633554968
7.526062124764363e-7
0.00016530618548611016
5.869264423352103e-5
3.1783993180528295e-5
3.4218009338801925e-5
0.00011950515756659528
2.5689808395330346e-5
2.5095664474959074e-5
0.0001047057587299279
4.995234640388584e-5
4.030815135385718e-5
2.3088690599608563e-5
4.598710226304344e-7
3.7596977421140204e-5
0.000558984338058395
7.3015613189522e-5
3.637833590490592e-5
0.00010670219619212352
0.0001897581902570285
2.320531730273586e-5
3.3239990163724706e-5
3.26664251724586e-5
4.310866753562922e-5
0.00014628837097135022
3.72173342691109e-5
2.661312975211265e-5
5.505660929606084e-5
3.014548542898906e-5
5.182648349123256e-5
3.5747507648944476e-5
3.891513324825775e-5
0.0002089804254447206
3.9424181293368387e-5
4.680076630647809e-5
2.6067543832416945e-5
3.8621968183479645e-5
2.4340650574824065e-5
6.926165802792046e-5
2.649312459400511e-5
5.467070480576392e-6
2.223680968822533e-5
0.0004010177267338077
4.842628842915122e-5
8.718565287078925e-5
4.096589186797647e-5
2.547218953811024e-5
3.1038302348033115e-5
3.66617807774348e-5
0.001424328159156952
0.00028645233082928413
3.722184739692505e-5
0.0018404317907945481
0.0006976622180103549
3.6526712778589205e-5
0.0006895530225073257
3.705942649870675e-5
0.0002944311032726825
6.450487841869116e-5
3.270562008485112e-5
2.908026334454611e-5
3.604859951391115e-5
2.6872265695068275e-5
7.857008618966322e-5
0.0005830429608130828
3.971220694831146e-5
0.000367398754899708
5.046920235282446e-5
3.9820408793617096e-5
5.2092438443216956e-5
0.0006961004190339386
0.00011513979585658606
2.7650487291486043e-5
5.2827724086269745e-5
3.295577342243409e-5
3.872512336377315e-5
0.0046796456489318515
5.6556664426280635e-5
9.73217711655372e-5
2.5807194955598623e-5
2.8989924261933345e-5
7.706979708956284e-5
7.833775607546185e-5
5.336345680121852e-5
7.918960450613869e-5
3.6463911093064105e-5
0.00012764866953247033
0.00022385488057628032
6.820039110862628e-7
4.7342771179064123e-7
5.140210224043813e-5
0.00018940258414165405
5.723320925482018e-5
3.942846007573836e-5
2.2943261315421267e-6
9.376728436481724e-5
8.217642086969154e-5
2.796361582926713e-5
1.3656936532267178e-5
0.0003792344583125546
3.077799267591022e-5
9.353732337318138e-5
2.704456928254991e-5
0.0004944970605680059
5.162241149188969e-5
3.5323075872558027e-5
0.000722575977961407
5.934763042452654e-5
0.000178644947890789
0.00010227704223753673
2.9602784717568698e-5
0.0003248085860033812
3.792353967775733e-5
2.7107370298886565e-5
3.5052938654689195e-5
3.283227031053482e-5
2.514119097685015e-5
5.249255298627645e-5
4.4400460579076494e-5
9.028113642309886e-5
0.0008454201185078491
0.00023378029754618916
0.00038630132068659834
2.987651375317598e-5
7.493868832248403e-5
1.0685085162019567e-5
4.981827353740711e-5
5.190022822279336e-5
5.728626890202228e-5
0.0004581086185055497
9.683143443688333e-5
4.157286715629521e-5
0.003601052941136152
5.4305329498860775e-5
9.650570738239162e-5
0.00016766520446396507
0.00014225575365850367
4.4340229831782985e-5
2.5049903729825527e-6
6.769128762612727e-5
1.834902726217495e-5
0.001218446598672409
5.9997788955400036e-5
0.0005608293116710786
6.639533571640477e-5
6.08502085779711e-5
2.6403180251466535e-5
6.556689603879544e-5
2.5750573949812125e-5
3.7358023302978305e-5
0.00033639684587700774
3.476286710009659e-6
4.05040705825685e-5
0.0001158611567397591
0.00020423016434069363
3.617941031477842e-5
9.631767247679095e-5
3.441474289851084e-5
9.514356584694832e-5
2.6627851219161964e-5
