6.93207778088539e-14
2.6150011298545282e-11
5.3469911130415245e-11
4.61780515859526e-11
4.647080175491169e-13
8.988264109422208e-12
1.3669094868995318e-11
4.743024429227342e-11
1.6995391158156356e-13
1.6624125462871207e-10
8.985760255061957e-12
3.029760717786348e-11
2.541823925997963e-13
1.1247335807252495e-12
1.2429032254718742e-11
2.2432427648727067e-11
1.2412019800154988e-11
2.39108301592188e-12
3.7043520572086014e-11
8.078297323951906e-13
7.173459233039252e-12
1.3009995172564936e-12
3.779372097563336e-11
1.279961566298658e-13
5.306638684494642e-13
7.001909410896432e-14
6.453652019116902e-11
1.8998038817214922e-11
1.5732612578857713e-12
3.625666179111914e-13
9.193787335551138e-12
2.2000242635007514e-11
1.9771412692075484e-13
2.1802734983910856e-11
5.779023059160605e-10
5.8136755000346416e-12
2.26971820526356e-11
9.98656129001904e-13
2.2936040694300237e-11
5.46263904970427e-13
1.1224542149639478e-10
2.0478594258838355e-11
2.294198455115802e-10
2.5811659479362723e-11
4.655547049931823e-12
1.180272841506385e-12
4.950643801335897e-13
2.315962954161843e-13
2.9879684987936857e-12
3.1216014232805695e-11
5.2154808018864544e-11
2.5481358543451156e-11
4.129043407819234e-11
3.6061696995719e-13
1.531783589059903e-11
7.61497134427624e-14
3.5468130698255494e-11
9.080196102262181e-14
3.975959801413233e-12
1.1055503974514517e-10
2.139369433046433e-12
3.3511270693618673e-13
2.3549790088578584e-13
2.7083074585434424e-10
2.4643429996500386e-13
1.1041063795095224e-11
7.655893306048227e-11
3.982816527025901e-9
2.7756595660217047e-13
6.038900423086348e-13
6.394126490742158e-13
1.7414949749762952e-11
4.8979460021088123e-11
4.361041538560861e-12
1.791928158116634e-12
3.0885264013671324e-12
1.1093165003433559e-10
1.5100493970242138e-13
7.587131287196126e-13
8.37716640464231e-12
2.4452359026921626e-13
1.827440159699095e-11
1.2793815025797061e-11
2.372236413949063e-10
6.871657654486706e-11
8.046260053114585e-13
1.0516742208440622e-12
3.53164739564026e-12
1.1486218994308791e-13
6.532292701632496e-11
3.833268238332259e-12
3.0257745707255267e-13
1.1837748144654495e-12
2.988742005388445e-13
3.1236429418350767e-9
1.210448782424651e-13
4.2845640778653334e-13
3.338264401493327e-11
7.499214067021807e-14
4.219779425121336e-12
1.6769143574161684e-10
3.142749939656662e-12
8.219563335489969e-11
2.502041960834441e-12
3.921143982578741e-11
3.603326033986852e-12
4.075330369651833e-11
9.930694342314059e-12
2.139615128347905e-11
2.106294377587825e-11
9.996801929776877e-12
1.2853941401622193e-10
1.0787034643892654e-12
1.6398836646507316e-11
2.3152647205316356e-12
2.7514706363736067e-12
5.462682804382416e-10
2.946874824092837e-13
2.640730589568798e-13
1.4987499861477362e-12
2.8502622841108667e-11
1.8619535090962957e-13
3.2539134086285574e-12
4.3880066303943355e-11
3.728739133980998e-11
1.2102297389954654e-12
2.967256446099647e-13
2.4742671198090535e-11
2.1294818609772616e-13
8.67468775162104e-13
1.0803721554898493e-10
2.9333498636522707e-13
6.474417082637096e-12
3.5719446046208114e-13
3.78168231979989e-13
9.56016251934712e-11
1.0213220415249313e-11
8.497220297960031e-11
1.3869164819970797e-12
3.107290485665538e-11
2.318912060745294e-15
2.192359837055656e-12
1.3704034919599356e-11
1.0157548176457502e-10
1.0251559104146522e-17
9.819353394742348e-12
8.702135904986833e-11
9.64945517546751e-12
6.242180193100919e-11
2.543112084476627e-11
5.26286139147349e-13
3.141761756406514e-13
3.2234598710601923e-13
1.120248489987966e-11
7.660844844377518e-13
2.3520870031183126e-13
1.9258481756037667e-9
2.0128420813530105e-11
4.5633626136693787e-10
1.9521320939268103e-11
8.920921096008628e-12
4.891657167573088e-15
1.0056273081672947e-12
6.942194723460548e-12
3.656711618976342e-11
5.290236064270666e-11
5.192454431000654e-10
2.379575653113456e-10
1.6451581846805874e-13
2.534020863437185e-11
8.450149140243649e-13
7.064494864446659e-13
1.476627673265428e-13
7.16628486430628e-11
2.105829723701921e-12
4.977956235312726e-12
1.31626166668475e-10
2.4819023545773735e-12
1.3249012223517152e-11
5.27506366983747e-13
1.6980322337100336e-12
3.6606606332873136e-12
1.767465942061469e-11
8.440584780205623e-12
4.505786957707435e-12
1.0845740388692166e-12
1.3008386422286444e-11
3.9019799251088525e-12
1.0069286769629474e-10
7.467651314859603e-12
7.214879094336533e-12
4.792266025363184e-11
1.5110715977670766e-13
8.755020151033083e-13
1.1683185975893013e-11
1.752555546502675e-9
2.0369136852282444e-11
2.3961969302812146e-11
1.702748731122973e-12
1.27548078380104e-10
3.1723384919698447e-10
1.0145167948706225e-12
6.390929845694805e-11
1.922907306250769e-12
2.2147204442450138e-11
1.0283655918169216e-11
7.852051522290946e-12
1.8441004898629978e-10
9.983595073742234e-13
2.7048146159428302e-11
1.125647965594616e-10
7.980033514261324e-11
4.711997409201788e-12
3.7139094690535616e-13
2.3022412247180393e-11
4.437386175184843e-12
5.233847063774022e-13
4.410139723784816e-13
9.316608007742763e-13
1.9076004742112273e-11
7.882048698421339e-10
9.950581843522205e-11
1.6050400471184764e-13
2.704583551356798e-12
2.326822180606223e-13
4.534771374185542e-9
5.593997192665321e-12
1.6108128531452446e-11
1.1307977229090264e-12
2.6780852308194483e-12
2.5067536975432646e-13
5.568179955960791e-12
1.4632200452332721e-13
5.05201271463731e-11
1.0172118584576648e-12
7.553518538722635e-15
3.6037253443934286e-11
2.5161885610053286e-8
1.2770577822899567e-10
3.1136051787600405e-11
1.8611450132246607e-12
3.745249391102638e-12
1.0451682326919594e-12
2.0820333451436743e-13
3.722536268036216e-12
3.0579356008064184e-12
8.000343933743493e-12
9.805717094401397e-13
4.9315357024695734e-14
1.864414082720437e-12
2.282808821556717e-9
1.6881949291574582e-10
6.570005401870752e-13
1.6997345744326555e-10
3.698562116570071e-12
1.6271067442081403e-11
1.0471838564834837e-10
2.929569710844408e-13
1.2498909417567055e-10
4.258982541350591e-12
4.687387701979152e-10
6.783203320638875e-18
3.102472989526399e-12
1.3130597051574248e-12
1.2367202049708987e-10
7.2029912527382325e-12
2.94837317528031e-13
1.7162028117700804e-10
2.5590343827223695e-12
2.561878867001698e-13
1.349696552670783e-10
9.416589270526974e-12
5.703230099104567e-12
6.828040191093145e-11
4.878405614407464e-12
9.027154658309835e-13
4.672092470432318e-14
5.126693759121442e-10
1.1996988017964197e-12
9.037804800370082e-12
2.2126307860437367e-11
6.558593560889889e-13
3.400025492027958e-11
3.8518260311118306e-13
5.2529172420848175e-11
2.58974656394695e-13
7.95752433535931e-12
1.2690177996295834e-12
2.0794243517397646e-13
6.513165115987585e-10
3.856114817273033e-10
1.447719885093639e-13
1.4035546729944267e-13
1.5448236617860273e-13
2.4333794979565778e-11
3.2705503078433244e-11
2.592498724621236e-10
1.4823630056436726e-11
7.104286687683384e-11
2.6727911863498448e-12
6.723161053293715e-13
5.628626920910705e-13
8.524732605342582e-13
2.7574861133786718e-12
1.684368532907678e-13
6.232274663746919e-14
2.9374648396244295e-12
1.189225298558242e-9
1.024041266082157e-12
2.8440727491982265e-11
1.651020014582724e-14
5.516962772833416e-11
1.1176642006766288e-12
1.5289434982511414e-13
1.8118542318917514e-11
1.498493531238104e-12
1.5968725313229457e-9
5.414050580550367e-11
2.596901759503705e-11
8.894789784961499e-13
8.849915248943536e-13
6.500175733173996e-13
7.31009360398173e-12
2.6735094866273048e-12
1.156718979790438e-13
4.0995340472662833e-11
3.924113823024408e-11
1.3931689438970862e-11
4.880111072879157e-13
4.810749470554231e-13
1.0723852449416316e-13
2.589966657361499e-11
8.747356491847099e-13
2.223773327752657e-10
9.740385297408452e-11
3.7676313742907594e-12
8.68124234652402e-13
8.430721505213186e-12
5.102598403554342e-11
8.38233907522251e-13
2.3031370686579373e-12
1.1224622990235397e-12
2.2867205217738284e-11
1.8536590786259303e-12
3.4809763227407944e-11
4.710750393253376e-11
4.9388287702837316e-12
2.3656020109203078e-11
4.8865292444560056e-11
1.936915048410908e-12
2.0924630700477096e-12
5.098495558166568e-13
5.056657128111979e-11
8.902989986058968e-11
7.217665416672793e-12
6.22675315445325e-13
1.1876866097535784e-10
6.377405994363708e-13
6.539776793468959e-12
4.222114822428771e-10
4.0688428698481766e-11
4.4856164572212985e-10
6.440399021346282e-12
2.277662363143007e-11
5.335072117412345e-12
4.04315097227901e-11
1.432230688138881e-12
4.1798378448299956e-11
8.895643778681267e-14
6.091049950411933e-12
3.8618125003200286e-11
8.030787844122262e-12
4.991324450282897e-11
2.704329901840226e-11
8.564997686197761e-11
1.3500148700757802e-10
1.2433715686675833e-10
1.1151096994703525e-13
1.2276045775401939e-12
3.5120114170602456e-12
3.3000089106002655e-11
2.7750901593513416e-10
2.1291698488005828e-13
4.2341110353345576e-13
1.154217181393212e-12
1.8627096261266835e-10
1.2962917438635965e-11
2.318331896658031e-10
1.5941497714136156e-13
3.6643883864819206e-12
1.8307754286449812e-12
3.657815094802811e-12
6.013628806924763e-12
2.2478842619831888e-11
4.739480495557131e-12
2.7972189896157638e-11
5.661576434720283e-13
1.003002230027341e-12
1.872707321496453e-11
9.450688894184297e-10
6.765532738755865e-11
1.168364634542172e-11
2.7626491905042966e-12
3.5447953574830827e-12
1.3195512014465035e-12
4.4940734661354093e-13
1.4531923378617361e-11
9.703841699808202e-11
7.009338221484861e-14
5.921623435845308e-11
8.550930981904443e-13
1.6070123331261314e-13
4.770043211298951e-11
2.0170927719863565e-10
6.856387845912903e-14
6.634197807805588e-11
2.80156974738733e-18
5.426886571767231e-12
1.0051094376331868e-12
2.9112400041997143e-12
8.11103243708895e-13
3.11432349351342e-12
4.021497735532721e-12
6.526951224814764e-14
4.9562830572280196e-11
8.776971553645645e-14
5.840963709178512e-11
1.9119910731165708e-12
4.7529512064353e-12
2.9185219544631294e-13
4.7731379258936975e-11
9.3100568980431e-11
1.60855311853873e-13
4.539037038353249e-15
9.474633366666956e-12
1.414471024214899e-12
9.296652414851648e-13
2.295031028890414e-11
2.3214156613957908e-10
3.322176420511877e-12
1.3720605879066524e-12
2.280818148411919e-13
1.5852619642586572e-13
9.474900706594631e-13
5.127488345919234e-12
8.71112048699125e-11
4.76570790600277e-11
2.8540562876804093e-13
2.0143877987942072e-11
2.5590538162806867e-11
1.0245486372899027e-12
1.5643915108256948e-11
1.653475083123416e-11
5.574535206565324e-13
3.012164782711476e-13
1.1646945457327543e-12
1.201706238606705e-11
1.3522950755213935e-10
1.1640588349710972e-13
2.2476360228008963e-15
5.7973688249578115e-12
6.879980383092245e-12
1.369496094879041e-11
2.0581363578209845e-12
5.279433703417262e-11
3.3648938368714106e-12
1.8548652748739257e-13
5.065989121414949e-11
2.4479375786831802e-11
9.927196005425203e-11
1.9036274677917087e-13
3.5672311225620205e-10
5.44318358647625e-13
3.4296494752971458e-12
9.768242390660763e-12
4.257738728461341e-10
1.918941410935805e-11
4.312741661902566e-11
3.3177145560600776e-11
1.428441023431747e-11
2.8538295860095328e-11
2.2326966226246217e-13
1.9550953776726885e-13
1.6587864054503714e-12
2.1837777374900184e-9
9.832677278754444e-13
2.4660510312469563e-10
8.780020112205235e-13
1.8137635312141745e-10
2.808127100886236e-10
1.3562067505762795e-11
3.380599882302904e-11
9.702482630409772e-13
3.3378436402682374e-17
1.0058995844201813e-10
3.286855415299676e-11
2.939770910146644e-11
3.1898012383350145e-13
8.084511603065636e-12
8.890514170696752e-13
1.6652983224302244e-9
1.0905265851528325e-15
4.233236189460983e-13
4.554055827963054e-11
1.4731617923888117e-12
1.7005875428211405e-13
3.0823046512176193e-12
7.701590533274224e-12
9.902507485336992e-11
5.514659934095982e-11
1.1375615520122644e-12
8.008823856484538e-14
2.939014184967224e-13
1.831739933502864e-13
3.684108942842648e-15
4.32749608608525e-11
3.685761269071402e-12
4.4277607761939447e-10
4.4671188420916264e-11
4.4052769788480555e-11
2.709174668150039e-11
4.739904597958096e-13
2.4592324270590064e-13
1.6748863385056308e-10
3.0320440929151505e-10
3.470003487879411e-10
5.470838186785363e-13
4.823980870472091e-12
8.349593031048537e-11
7.723177483456888e-11
1.3093913201205269e-12
3.802264499892157e-13
6.903014192164667e-11
9.043089431762551e-13
1.1754440934586512e-10
2.747846448253041e-11
1.80610136979952e-12
2.013541951381187e-10
1.1738651985140154e-9
2.330278647785309e-10
6.900559624014341e-12
6.512580931165048e-13
5.858255570042329e-13
1.0386737503555202e-12
4.9963835386409436e-12
2.1393246137925652e-11
6.824078382248688e-13
1.392090996040922e-11
1.3932636572382266e-11
5.634576814549806e-13
1.3707550204500127e-10
1.327187433976869e-12
4.710424371536941e-10
5.41789203566084e-12
5.840249176887762e-13
3.2313692038812128e-12
2.2355016822731698e-13
4.666868674468532e-10
4.96379164415726e-10
2.3445278254868456e-11
1.4786445079329966e-11
3.1554417662697454e-11
7.337329219526855e-13
5.546706585313847e-12
9.735254846629914e-13
1.2819208385690693e-13
9.317234300225793e-11
4.205105864155197e-12
7.25539209569732e-11
1.5003165630649557e-10
1.3247680701722657e-10
1.1451178394291889e-9
1.9644879793026584e-13
3.0943376325519495e-12
5.175967457125035e-12
5.118789470691264e-10
6.397592931251913e-12
4.2656345693984367e-13
2.6664586776805377e-10
3.79858773841156e-12
5.353302500750539e-13
1.9666807642532214e-9
2.7501618231082334e-12
2.566532076524288e-11
1.661339246427395e-11
1.0202408006458794e-12
1.1135069869380065e-9
5.944499118719605e-12
2.2531233322372466e-12
6.9543876344000196e-12
3.590762431553123e-11
2.0445081449540728e-11
4.1984036699290034e-11
3.486437311451137e-11
7.808563515665144e-12
1.8793157402411058e-12
8.689372988153761e-13
1.3324248967155755e-10
1.3499692718302708e-11
2.3082457839028868e-10
1.3295541562390742e-11
1.6291062565526472e-10
2.2884046906403224e-11
4.477541966689265e-13
3.524715796384482e-13
2.364875678732421e-13
1.4365730670378806e-13
1.5273465131740177e-11
8.393997527833333e-11
1.222906058078895e-10
9.66273943196283e-13
4.25699255403334e-11
8.95707787608187e-11
3.7806838908069525e-13
8.472111983836704e-14
5.7619710041370284e-12
4.4611046296126954e-12
2.3246092114234528e-12
6.304061072874539e-13
1.1680568777804992e-10
1.624539814855222e-11
1.0188864702712046e-13
2.3260921949701355e-10
5.038810016158027e-12
5.613326409327998e-17
5.142755776474933e-12
4.676517804003759e-11
3.7217594547838876e-13
1.43377272344675e-13
7.551792898125447e-12
8.27213986231831e-12
4.4377624806478777e-14
3.7262652350473425e-12
8.116809203859499e-12
3.0468869058213866e-10
8.123789246326284e-11
2.3644779908251858e-12
4.869620401461871e-13
5.3759486589981595e-12
3.18861830370166e-11
1.771323707479513e-13
3.4354399836649977e-10
9.150340812930757e-12
7.955522669934983e-12
1.1429517945950976e-11
2.195015396175481e-11
4.117084932622248e-13
2.5495423346319906e-10
1.3894964160143096e-12
1.3239621073507408e-10
1.8570416565319302e-13
5.574508095866684e-12
1.9710245537175825e-11
1.4691793241990917e-11
5.386009300796846e-11
1.6714314429611824e-10
3.073158487642058e-12
1.2641581292339903e-13
1.554836053731057e-11
4.986559718702264e-12
1.1269685976849206e-12
2.2478602047644986e-10
4.5708007142761e-9
5.489053485107708e-11
6.977907288335089e-12
4.169749965889858e-11
3.076515245689878e-12
5.721517862832666e-10
4.326443010028511e-11
6.499771690249542e-13
5.086991430942939e-11
3.5846301504912415e-10
1.6128967389419688e-10
4.644662635351976e-11
1.22967931728707e-16
3.9193897217914383e-13
4.920291564489962e-13
5.7836726252528574e-11
2.885339192482689e-13
1.432486071682105e-13
5.074299669820534e-11
7.055282537416265e-11
6.946231242387906e-11
1.2891658049965773e-8
5.136589019675145e-13
1.4018979123056853e-11
1.9699797062616486e-10
3.4996569770379636e-13
3.0564206955148805e-10
2.162403016613111e-13
3.876983731376058e-11
1.5854158459934e-11
1.0735603136413633e-12
5.010650224135439e-13
3.902863876201648e-17
2.6448193200192168e-11
2.1589703461894066e-12
4.4914820109869454e-12
1.933137393206072e-11
7.67654928018582e-11
7.037676655178071e-12
7.701914054477451e-12
1.6355210127026174e-13
3.6315746477387486e-13
2.615119278625539e-11
3.391539403300376e-11
1.0144900275559078e-11
1.2040869279795875e-11
7.501227004996289e-13
5.697365664913978e-10
3.8467203204675366e-10
1.9856232700076734e-11
6.555873384501077e-13
2.9161680615116396e-11
7.030071178462776e-13
2.964399749575703e-13
3.4140511933743183e-12
6.315796330490183e-13
5.0651240556784065e-11
4.451111353358161e-12
2.4603574719787827e-11
1.888097634989331e-11
6.374304578437945e-10
6.816134728987188e-12
2.4845125236831294e-14
5.053370740202954e-11
8.64479962611328e-12
1.804527624692895e-11
6.55292537858958e-12
5.567310674281025e-13
1.243767733205262e-13
2.1289984334188733e-13
3.569611990679128e-11
7.022811379526421e-14
2.8596125427598004e-12
1.9884200223246058e-11
2.0347884671666968e-13
4.5616157181851526e-17
3.8931543809430664e-12
2.0211494486158852e-11
1.6470285462631328e-14
9.195515684215767e-11
2.1236195832486658e-14
7.353640286803401e-13
7.816882165802985e-11
1.3645743892522302e-10
2.9594998633900625e-12
8.555392984141564e-13
6.5771554907117854e-18
1.0163228412422904e-13
1.410027559926877e-13
2.8962440954007433e-13
2.6369728677600086e-13
5.954908527078103e-12
1.3599510206277399e-10
7.033072643670542e-12
5.915756113732311e-12
1.6809254597929555e-11
2.0821112162532393e-11
5.494497256923852e-12
9.161080471990665e-12
7.326543884370239e-14
2.9322618336249094e-12
2.722324149502792e-11
1.5279922804182394e-13
4.201502865913249e-10
1.6973874754756233e-12
5.6737804292058586e-11
5.188564771098129e-13
1.1998620636238811e-11
4.992546206534999e-13
3.5407695988615602e-12
2.0216589204474168e-13
1.817555062490279e-9
1.0988026515357933e-9
1.4113167203525352e-12
2.0616462289812654e-13
2.730971647910385e-12
8.073268490794915e-12
1.1514883930854306e-9
1.5584693926800272e-11
4.008346570002804e-12
4.4508236710651815e-13
8.340157586209038e-13
4.239817508299546e-12
3.053057979464817e-12
3.366458132295084e-11
1.8913551879504222e-12
5.082454094294082e-12
8.698526018586109e-12
1.534051042977291e-17
3.1784291018600036e-14
8.716083210553853e-13
6.773620513499404e-12
2.3934263650048743e-12
1.2850359011214063e-10
2.408025357708585e-11
1.3864473462788737e-9
1.3023091377214215e-13
1.6584658491914631e-10
7.735937161471177e-11
5.328839709448645e-12
2.654770496384016e-10
4.1704055994129763e-10
2.539560597803134e-10
6.606128292483805e-13
2.715883587686854e-10
1.3165914462466962e-10
1.6313092445182138e-13
1.3881364136049074e-11
9.45709370731245e-10
1.44828711929807e-12
2.361562303434264e-11
1.7852519883481635e-17
1.1909052319598434e-10
4.499187517943864e-12
3.9059848261176563e-10
8.909804372008324e-12
5.892223738454066e-11
2.15653278667878e-10
2.07293545093858e-10
1.903607996083097e-11
4.837229984710144e-12
3.973300397873941e-13
3.777007457978522e-13
2.3126119097983685e-13
1.3003548295301919e-13
6.733782056352725e-11
3.546096798831459e-14
9.71722668846316e-12
2.3823172815162457e-11
3.91109119197469e-12
9.116624320257175e-13
1.2665170628907948e-12
1.4121902053312295e-10
2.0372394021688823e-10
2.560432837431719e-14
2.987397416608082e-10
4.378476775044334e-12
4.899917190128219e-11
7.203767892849211e-11
4.406115721745339e-13
3.351568330378585e-13
6.939490540435259e-13
2.0492007028932156e-13
3.677682497810541e-13
1.9123889830309193e-13
2.264086064695704e-10
1.4120395701726955e-11
6.618282180805365e-13
3.3316508497967294e-10
1.2620690127683698e-12
2.0840571914941678e-13
2.3951956086888355e-14
5.765462955976566e-12
2.0141060350112785e-14
3.5377012234017346e-13
2.7174720474953005e-10
1.234913305638596e-12
4.56026684343612e-11
4.4880856147872636e-11
3.865063609804863e-14
2.8244047792730674e-13
7.190687863905505e-12
3.185513563565508e-11
1.6387545918684051e-12
2.996479138606498e-12
6.726153495678923e-11
3.022434745782716e-11
3.932808157851075e-11
1.9201005003101388e-13
6.1225471981621145e-12
1.6888106500641002e-11
3.5014610459340096e-12
4.873853956095629e-13
2.761474613121903e-12
2.5651236193298368e-12
1.1842233607637635e-13
3.861116611996746e-8
2.0773894079411487e-12
1.2173956794731363e-14
1.4348270351780356e-10
8.533489373476639e-10
3.4686671295301383e-17
4.49846726215882e-12
4.608756489182378e-11
2.926428100398204e-12
3.316208335942201e-13
1.539321485277914e-11
1.1035127723500783e-11
6.021243268466132e-13
2.1515024841325907e-14
1.0324841662629886e-11
1.2214720517063266e-12
3.8870441912355794e-11
2.142178656859467e-11
1.0225709013621808e-11
1.0958324578523698e-12
5.004219126764959e-13
2.7289809775951298e-11
1.2268822752367633e-12
3.1283652941707916e-13
4.8503729742211355e-11
5.8451518314747795e-12
1.5615334868079722e-12
4.4051616193336936e-12
2.662732414821463e-10
4.464341278778553e-11
9.105923096519646e-12
1.2261844576946628e-11
2.4079459795729713e-11
2.117191000037004e-12
6.609134342979097e-12
1.05969295984012e-12
2.3676258206130088e-11
4.016789694193337e-13
7.663873403852477e-15
1.421661473899044e-14
1.3976114851526225e-11
7.822974547177719e-13
6.568053082870583e-13
1.901418809488062e-12
1.0407567667932235e-12
1.7548470017701755e-11
3.361359636388566e-13
4.1702344941994346e-11
3.7373294501835004e-11
9.318510965853262e-10
8.156543615219738e-11
4.554748424024037e-11
3.630591597301234e-10
3.7985417395479613e-13
1.387466042798961e-12
2.1638930656086487e-13
4.2974239670916735e-12
1.0572842454894503e-12
4.435139911140643e-11
1.3939832352609952e-18
2.103425306478211e-10
3.4356149558412395e-11
4.657297261304416e-11
6.2692576891566e-12
3.914807008679924e-12
1.6572366419422634e-13
4.277317208348455e-12
4.506966340296329e-11
7.109188482572153e-11
1.52511540912603e-11
9.572617187889114e-12
2.1825261352760165e-12
1.271834062698745e-11
7.340322325908547e-12
5.788634012905942e-14
2.6784561534861874e-13
3.8458428377018576e-11
2.924690398767532e-11
1.3049290501450355e-11
3.3288382169695394e-10
2.6585195771231868e-11
6.807529960759516e-14
4.9342983677727985e-12
8.730612020170844e-12
1.7006197255736527e-12
1.6968083817149463e-11
1.31334340169355e-11
2.1318112444057675e-13
1.8660229761372285e-13
1.328718706055225e-12
7.31884826489655e-11
1.2230522802815703e-15
3.525573763711353e-11
5.833096579226755e-13
1.2729219771068455e-11
5.153921050895535e-11
1.812288916954633e-13
8.275128884097522e-11
1.5582967643374084e-17
1.0591848146536315e-11
1.0538126558256556e-13
4.369479327537968e-11
1.436831763456896e-11
3.290314824794553e-13
1.3679782999578924e-11
4.710585786513557e-13
2.6231561796518854e-12
4.218403117494944e-12
5.034728442441803e-11
1.0209474656787371e-9
2.1027398074356032e-11
3.2049907830175813e-13
1.5498128242426305e-13
4.872533370522744e-11
1.703744361771079e-10
9.33742442787483e-12
1.2196198704140905e-14
9.228863085595307e-14
4.7399455235995515e-11
4.95044287222592e-13
1.5330815599775685e-11
2.471362059760177e-13
