4.407209711224211e-8
5.980653481695227e-6
2.7303916241728553e-8
1.7887182397332918e-6
6.729279089538214e-7
2.0794192736272582e-7
8.368975285608926e-7
3.2420621357479395e-7
8.094733622317804e-7
3.7236936409074345e-7
2.011427667316927e-7
1.3134403060376505e-7
1.3114000672089298e-6
4.352305781107162e-7
3.341688131829646e-7
4.0617694501703855e-6
5.159560429795696e-6
2.4073661252026735e-7
1.3415551636890055e-6
2.177029894503754e-6
1.175481076539191e-6
5.040735561537952e-8
6.464229248123462e-7
4.043442453114283e-7
5.208314623207066e-7
9.056510292314425e-7
4.1752324802323745e-6
2.850431957450912e-6
3.2040482264799775e-6
1.1206547626985043e-7
2.3137388034858215e-5
7.581044809493918e-6
1.0089392737095003e-6
1.251592379132209e-6
1.2224109466511359e-6
8.36073040398639e-7
6.553616239361418e-6
1.0463987076872854e-5
2.225614100037284e-6
1.1440830635523164e-7
1.6790223811554967e-7
5.062171182982771e-6
1.2099864908144744e-7
4.502231590971514e-6
7.773368920280716e-7
6.1778305185769645e-6
1.4442381447989157e-6
2.4679570399296475e-7
8.068916094881454e-8
1.568387727205418e-6
6.267821863606085e-7
2.5202903366433402e-5
1.1870428179754351e-6
2.2379044457574758e-7
5.471939376024105e-7
5.022604513699909e-6
1.3832530631287315e-6
1.348005777369314e-7
4.772859942048328e-5
2.0920799064813565e-6
4.721580379838716e-6
1.7947879377057772e-6
1.061734338798214e-7
3.579194927476587e-6
6.511587569649334e-7
3.848698827123932e-7
7.896220067047027e-6
6.042745042590697e-6
1.0588379134146499e-6
6.089432263549554e-8
2.391054861428114e-7
7.027563363268986e-7
5.499526711987483e-6
1.3374537592236827e-6
4.5298456472915906e-6
7.472518753455116e-7
3.874501800586856e-5
4.525849550404446e-6
1.4712199565080815e-7
1.0048772295099975e-5
7.9216019659225e-7
2.472279076272528e-6
4.905901229238775e-7
8.079028757621048e-7
7.756347109724308e-8
6.496301842145495e-8
3.545391012640539e-6
8.734568672971834e-6
2.0507714997474587e-8
6.695295598269463e-7
1.7882228607922585e-6
1.480996472032116e-7
2.3231425870406866e-8
1.612649413671422e-7
2.8830032606181176e-5
3.7997805987860446e-6
2.859094827178229e-6
1.7585225523297906e-6
7.78464988790007e-5
6.637476791652811e-7
1.9014322149696195e-7
1.4682286365540753e-6
9.890202452467028e-7
1.3679628612095885e-6
5.74852599336652e-6
3.496938390720602e-8
4.079893827193353e-6
2.5248814712503573e-7
3.050726325448049e-6
1.354083170564462e-7
1.2403157628349507e-6
7.931230055625285e-6
5.1461080693100286e-6
7.341973744815531e-6
2.243812372736513e-7
9.842564173995955e-5
8.09573690868906e-6
9.347930486770286e-7
1.4701309627087864e-6
6.885611254237942e-7
3.2428707753984425e-6
2.029957999287473e-6
2.414409358004072e-7
4.094255132474912e-5
4.4949404222336196e-6
5.642982525443749e-7
9.486456697352569e-6
3.1025201869193464e-6
1.7822517954106702e-6
6.580948113818021e-7
7.890992240052733e-6
1.2285037973188738e-7
7.792940001034523e-5
4.121089500079815e-8
2.2523891698449105e-6
1.7589148042602006e-7
1.0309407286468973e-5
4.428054364320671e-6
3.8494235808208505e-5
1.4059972790329292e-5
1.3627220252867974e-6
8.910305210727535e-8
3.64166867825323e-6
2.093983290884593e-7
1.7070977666240626e-6
7.84620532608118e-8
4.49688372855027e-6
2.3356228309517865e-6
8.577789220152537e-8
2.8393106345758156e-7
2.6252051780677696e-5
4.363272703439902e-7
4.690837570705942e-6
4.061758094784527e-6
9.54683404835273e-6
1.3121100431853348e-6
1.7300568794715863e-7
4.7245654280280384e-7
5.602970103170207e-6
7.867855791905209e-6
8.314144215259437e-7
8.983254291205554e-7
4.019977787709514e-6
4.635654350596007e-5
2.487896657699655e-6
1.3204084438608975e-6
1.4992996151674658e-6
1.5620076295386016e-6
8.603495383386813e-7
3.533646452210556e-6
9.340584891397864e-7
2.780495167800198e-7
3.8619274170329493e-7
8.848944775541868e-7
2.7076425940571924e-8
9.398320513441699e-7
8.00307258137965e-6
1.8952997926233754e-6
3.930412852204332e-7
1.7332788111145052e-7
1.3408441523171107e-5
1.1233997223139423e-5
1.8461831531461369e-6
2.3154641552698147e-7
2.1770697185501923e-6
3.6402326076448325e-7
5.4042364032259315e-6
1.5587074158233248e-6
4.41673714978988e-6
1.031832276462152e-6
1.0768580116131947e-5
3.1405459010653627e-7
3.5876091054856785e-7
1.2506141824142109e-6
3.704213664812492e-7
2.2664049179761406e-6
1.4078829266956675e-6
1.6311331232390176e-6
4.329472926486119e-8
4.622470711665883e-8
9.228062896301143e-8
2.2987883567771782e-5
3.518268570072404e-6
1.7967625582176987e-7
1.8776481396371592e-6
1.843127065478035e-8
1.030866341076654e-5
3.1864184646195747e-6
2.7340501190959542e-5
1.4071011965700273e-6
4.10736816409659e-6
3.048980077395059e-6
4.5062777253886407e-7
3.5929458705090213e-7
4.3632588222126076e-7
1.2256811981687988e-6
1.4137000524659558e-7
1.5719523589918158e-6
6.081759705567969e-7
9.010301499643813e-7
2.2688256925410916e-6
6.265706973390879e-6
4.6370739193551216e-8
5.720217876341496e-8
3.8988364715443064e-6
3.6115282190931195e-6
9.572089404772442e-6
6.082416827847994e-8
4.6705502872501983e-7
2.147184551724644e-6
3.141624743397547e-6
3.299448422062573e-7
5.981407350230372e-6
1.8381226152679676e-7
2.2435220635301547e-8
2.318589323578087e-5
2.752513087040622e-6
5.179910019207977e-6
3.84360025637826e-6
1.5289003778913602e-6
3.256088293411034e-6
1.849377302639397e-7
1.8254948875924497e-7
3.858804903627846e-6
2.6165288124652068e-6
2.1754298840937373e-6
1.5069599012794909e-6
1.200818275427477e-7
4.875117394476381e-6
5.532065008895028e-6
1.4457431761493045e-6
1.7028382631533877e-6
1.4706024655711752e-6
7.097817786038258e-7
1.804485562829735e-6
7.62232023350962e-7
1.0789899330789236e-5
2.6451501369529404e-7
4.6719707236910875e-6
1.2654623441895111e-6
8.439526520193898e-8
4.596096928058459e-6
1.8790267175044172e-6
4.189036769318844e-6
2.6741337909309737e-8
5.882641651321837e-6
9.002339214755996e-7
1.0067201547167451e-7
6.848959451009764e-8
5.410573177529065e-7
4.582927763403986e-6
3.0646062626178584e-8
5.1954243639774756e-8
1.342306324408876e-6
5.5214778997240336e-6
2.658034398162113e-6
1.3055208217600135e-6
7.784071757226111e-6
2.1199395363470824e-8
9.391728440399809e-6
7.514597733190797e-6
1.3212477923442311e-6
2.1438978351356935e-7
8.499914505125473e-5
3.256841953873661e-6
4.415438778280032e-7
8.965205952468549e-7
1.0449223572613039e-5
7.417624807045141e-6
1.9140322499417843e-7
2.763953222764573e-6
3.050930877323212e-6
1.0101562892245472e-7
1.5840147733384497e-6
8.651266905191545e-7
2.573084382549975e-6
1.8477850306549287e-6
2.522025606161115e-6
7.6167683624845036e-6
2.4698601478085914e-5
9.453888176523936e-7
3.37457764532274e-6
1.3320712486004968e-7
1.3828434815637157e-8
2.0434253033639446e-7
2.7088033864656826e-6
1.0412216798284218e-5
4.952673761814362e-8
1.8791838239296904e-7
1.6654694926984442e-6
1.344004028532523e-6
2.009155447274581e-6
1.6507656368527563e-5
1.0515492458846402e-6
3.828875896119756e-7
8.943678391118258e-6
1.315967397879928e-7
8.211972339731461e-7
1.6023829838197136e-7
2.6131182896737326e-7
3.770871291677751e-6
1.3105864368737246e-6
1.5853791410171189e-6
1.1699376750089692e-5
2.0420687850067827e-6
1.5812897676406208e-5
3.0048095760326447e-7
1.7565579543191133e-6
1.463408356743353e-6
2.891021071435161e-7
1.8900220766487864e-8
2.6755645100436284e-8
1.0674723569183407e-7
4.952888850306009e-6
3.147804105388782e-7
7.826266471714977e-7
2.489250432668005e-6
0.00032727218324914544
7.215887925010215e-7
2.7617979810449056e-6
3.5343008369152643e-6
3.8797281181048997e-7
2.1507038976274613e-6
5.272367571901653e-5
1.004337717483888e-5
4.2283434366951695e-6
1.1051427100126716e-6
3.6785946192313416e-8
1.4683505916827598e-6
1.1686628781709588e-7
3.3317910043295106e-6
1.7668291079066265e-7
1.3151691211650623e-7
1.5004311764232722e-6
4.757433523467596e-6
4.542406483877493e-8
9.962647883193838e-6
2.4601998249806735e-6
6.03118920249033e-6
6.95998414419968e-8
3.9673854095317654e-7
2.8462235401477833e-6
3.727868584176957e-6
2.8251215291546664e-6
1.7337339371798297e-6
1.4360274131446996e-6
5.110390062106414e-7
3.154726407502533e-6
5.5994758901809054e-8
9.330046085046681e-6
1.1084450847225578e-6
1.4482664068167554e-7
1.31546213045654e-6
4.1752816010392846e-7
6.64739979200206e-6
3.1105815549005257e-6
6.079370932773781e-8
3.0413320216059997e-7
9.497686532495349e-5
6.895789051032895e-7
4.25843060168905e-6
5.345892939812367e-5
1.339157132674412e-6
2.5738970597660246e-7
1.1904854936045531e-6
2.805322171093887e-6
5.070844805557249e-6
4.7616319758983376e-8
1.8539614018437242e-7
2.608976600262096e-6
3.635042410183631e-7
6.268950451116581e-7
2.9785770052941615e-7
1.5353535713536544e-6
4.1339502616169985e-7
6.344837770421172e-8
1.4901043739151152e-7
1.0665119348281777e-6
0.0015381958885506202
5.63033051109467e-7
4.511595970653678e-5
5.435068120844186e-8
1.4571842949563927e-6
1.2569849129430957e-6
2.6824051701161403e-7
5.589756649662493e-7
1.4577630828115596e-6
4.642247909106114e-8
1.0253984189403689e-7
4.5465387985833157e-7
5.245017942384362e-7
3.629698020457335e-8
3.691088709762788e-8
1.409807210860618e-7
2.1948508874016776e-7
0.00011312582371740686
3.5469806621332616e-6
1.4147024340741877e-6
2.7947042448437366e-6
8.837408364288544e-7
2.5789505148741433e-5
9.318561475955249e-7
3.974273186322517e-7
1.2359455766095106e-6
2.4288284745885796e-6
1.2487055835673507e-6
5.692476694323439e-7
1.1599216590617893e-7
2.5798769594540423e-7
7.694147098771077e-7
1.0809968132093392e-7
1.3079197395479373e-6
4.5933247996000413e-7
4.852947227460392e-6
3.4072560411234907e-7
1.7795400379439114e-7
1.938725004019712e-6
6.143798542205897e-6
2.3457643087690807e-6
9.956919884434724e-8
4.2133280854397496e-5
4.095751074481525e-7
1.0508393350366395e-5
1.0240741958738222e-6
2.0022016697698887e-6
1.2179994966098717e-6
6.83284448638007e-7
8.312613827715787e-7
9.944601910261308e-7
8.741786252429858e-7
1.532177717892157e-7
3.420164752655138e-6
3.6789482012644546e-6
8.913001861808267e-8
4.439530719804808e-7
7.571932525257269e-7
1.0660072724748039e-5
7.097519503243172e-7
9.784430611590072e-7
9.257295659551666e-5
2.572059104653154e-6
5.144894288068903e-6
2.4000625950530055e-7
8.035538239451448e-8
5.709236959813823e-6
8.097975697002812e-8
1.796922620887932e-7
1.7414699866099204e-6
2.342058127319353e-6
6.385261241292953e-6
1.2263566090328228e-6
1.704613066465223e-6
1.8709817742529138e-6
0.0001496966690164807
2.567584665096799e-6
1.5519528960618037e-6
4.763807463135233e-8
8.178530622686605e-7
8.710294875043135e-6
5.7622834106599585e-8
2.8445401692601564e-6
2.7445106893945254e-6
2.8273311274671376e-7
6.946649645291169e-8
8.907176671007865e-7
1.4998663078942713e-5
3.789283280062642e-6
3.3381874972519363e-6
6.544541258711619e-6
1.0474664894159957e-6
1.9246159108476074e-5
1.6681677794915966e-6
1.4715393227598984e-6
6.726608136500927e-6
1.857845368546332e-5
2.9332746740202557e-7
2.6376697992206723e-8
4.8577807743548875e-8
1.0030946984322378e-7
6.990025696496958e-8
4.063295277699263e-6
7.746940825237618e-8
9.150759312576408e-6
1.1839562893060774e-6
4.287158345692298e-6
5.579618752784363e-5
1.1634590176560694e-6
3.6437771446238604e-6
1.070175550314549e-7
1.1022963125316629e-6
1.2638846010260075e-6
2.2982840265355306e-5
7.332043022617732e-7
5.136353970288707e-6
6.836506918926846e-8
4.822819977561785e-6
7.037997727252688e-8
2.232550915836845e-6
1.3328194118764381e-5
2.437960145686848e-7
5.975172851160746e-7
1.2639952128958207e-7
1.2032028678276864e-6
1.7492595630550672e-8
1.0707118843455576e-7
5.082834464089829e-6
5.336280101051017e-6
2.1570030401210505e-5
3.0723535857621764e-6
1.8200341444673971e-6
8.346887595569456e-6
4.286311050601395e-6
3.65897666146909e-8
3.5604178052696456e-7
1.1977329111897075e-7
1.934501729100284e-5
3.947569903777574e-5
1.285406773886586e-6
3.3620007172250355e-8
6.781209306313928e-8
2.0742800382212285e-6
7.714295381992616e-6
2.537877000315427e-6
9.916290637000023e-7
8.131201505175944e-6
1.1826429011602393e-5
1.7258171516283419e-6
1.5267592333649066e-7
1.6657086466356248e-6
5.2104925398160154e-8
0.0002669226930756323
3.4556711471499755e-6
1.1245849615296982e-6
2.7263132522300997e-7
6.078321517448947e-7
5.950209946068314e-6
9.627292220319006e-8
1.8369432838686348e-6
2.6222090121982756e-7
4.594450675596956e-7
3.466198382749358e-7
3.236406777038411e-7
7.680077871863709e-8
3.1094658915844543e-7
1.1589701231269166e-7
6.336584747247738e-7
2.3065555100500322e-5
4.186283111460464e-6
7.999424045971222e-8
2.3485618104359452e-8
1.371416609271826e-6
6.558652902639225e-5
7.419372474483001e-6
5.638403451880744e-7
5.403974689324779e-8
3.091564561580368e-6
4.7435648957431994e-6
1.4354243031160863e-7
1.6304746379248699e-6
1.0441037455989672e-5
3.3571012617025882e-6
7.4115485071894575e-6
1.6804421998412665e-6
1.029501009622673e-6
3.7838351060490442e-6
8.559674997488845e-8
4.1571267998543415e-7
3.396401543678468e-8
1.2085204845284483e-6
2.76076313740391e-6
1.5902328470785787e-6
1.9601467397093498e-6
4.307675334864337e-7
2.373613535490802e-6
1.2933796637637728e-6
8.189866348555969e-7
3.2029983644079553e-6
1.998635383587341e-6
9.988466984272994e-7
3.408955434489114e-7
2.4341227519924462e-8
3.0255752103227565e-8
4.3753083609460105e-6
9.741523514112739e-7
3.513243546280071e-5
2.0509886056038895e-7
4.660233360345654e-6
1.2602777121779642e-6
2.74275132447375e-8
1.7621988911011327e-6
3.997078309409387e-6
1.0888347550439862e-7
1.8867118227445858e-6
8.038872514430973e-8
8.003608930232591e-7
2.9693081946523466e-6
2.2106275479045912e-7
4.850357944441124e-7
1.0553896910601475e-6
4.117666368718185e-8
3.0434004302404676e-6
9.346459499780068e-6
1.2883674970286907e-6
1.849939642522447e-6
6.045292826128258e-7
1.0942339414638984e-6
4.432471353594696e-6
1.0410316660853867e-5
3.6930389556990717e-8
2.599293383992268e-7
5.34927875716915e-6
8.406049972809305e-7
4.202790136567881e-5
2.33610088933489e-6
4.675652131202676e-6
4.022195723665864e-6
9.656940690255499e-6
6.620322513022949e-7
1.8274881908092479e-6
5.5335199104604895e-6
1.0549115261837852e-5
5.947477491709713e-6
1.979562137115371e-6
3.3666365015365e-7
1.196855816251904e-6
3.495466972303753e-5
3.7883234067354992e-6
5.5704774212241335e-5
1.8447327061516955e-7
2.3480941188825026e-8
1.1857134030751164e-7
7.4341084398245e-6
5.539891078189207e-6
4.7653858618782635e-6
4.19073487905761e-5
2.7273807153640396e-8
8.235658418234115e-8
1.6131854816808275e-6
2.850885320422422e-6
3.4918598993976656e-7
1.8979984762468197e-5
2.040006545551373e-6
1.217358667461985e-6
6.964651654318581e-8
2.527009071461822e-7
5.812516839665823e-9
6.064878556324741e-7
1.983335369401075e-6
1.7202033218647413e-7
4.562047073775691e-6
1.456114109514947e-7
1.73104685110389e-7
3.6615995641051074e-6
6.223687026665703e-8
2.3076383233811554e-6
5.044477955934615e-7
1.7745966668361764e-7
5.351830874305458e-7
4.9900400392326026e-8
2.445599841050896e-6
9.192906480131694e-7
5.79289284634995e-6
3.2076875947378994e-6
2.119205299700205e-6
3.1788791422102286e-6
1.6789968781152577e-6
3.160189127739621e-6
0.00018012967378688128
4.364200625219539e-6
1.9746575563073905e-6
2.1269246322635966e-6
9.214490748047634e-7
7.781019662772696e-6
5.149594262807249e-6
1.3094114310378335e-6
1.188545858797884e-5
5.169734897850828e-7
2.7504600679213354e-6
4.620534623253596e-7
2.5198338737063712e-8
1.3956745233526787e-6
8.493336132495178e-5
6.82861550786569e-7
5.54139479721207e-7
5.720233714206209e-8
7.397745240799483e-7
1.7735280571738482e-5
8.686677508966923e-8
1.7589953939330932e-7
8.693163416561826e-7
5.896433596935857e-7
1.0983311489277449e-6
1.851003468827802e-6
5.759960958931306e-7
6.493690908432108e-6
5.402510031070768e-7
1.6921658521526623e-6
1.9710779330261885e-6
3.361452908204304e-5
9.297357237574142e-6
1.745310655078788e-7
4.3599328404387445e-5
2.0047270390312374e-7
5.899276767884868e-8
2.4906187379146796e-6
1.119212515349161e-7
2.5481746044492994e-7
7.02424334280002e-6
1.909291370424957e-5
2.1402580541423707e-5
1.0510975802458331e-5
5.047680967219749e-6
3.9566501202413824e-6
6.731582624025622e-6
6.368062917808692e-7
7.119306321668237e-7
1.0835219711354821e-6
2.934298328570615e-6
8.184485582643048e-7
1.13938013018455e-5
1.7918964880884988e-6
3.501761239882914e-5
4.621522774141994e-6
3.068006363098046e-6
1.0390231733765549e-6
1.2765657516660764e-6
1.518378820021419e-5
3.2136474049790406e-8
2.8355867970796926e-5
8.627709553220328e-8
5.934494012109687e-7
5.229556865635304e-7
8.683801363767948e-5
2.4872761292671614e-6
0.00022017668192584678
2.2553611781303638e-5
5.386023897067053e-7
1.2749161066107188e-5
9.076113148441137e-6
1.9656896334891447e-6
1.2739484165286523e-5
8.401409477595055e-8
6.640021339052884e-6
3.08949507591154e-8
4.777937192937258e-7
4.39851665449053e-6
1.6831432688277886e-6
5.035842898294028e-6
1.0938191151121827e-7
9.172103885813113e-5
6.875904310984984e-7
9.712426557649846e-7
6.479490198765721e-7
1.566019837313661e-8
1.6420411664899363e-6
6.090848893498171e-6
2.160408789829566e-6
5.52405352293761e-6
2.139134026831573e-6
1.8097504599839732e-6
7.943832200641764e-6
3.238559709952625e-6
9.916203737799509e-6
9.0889104546061e-8
1.5027863345838541e-6
2.813708480500665e-6
1.4547391794562566e-6
1.6656726823368684e-6
2.0206447969807627e-5
1.568515232732781e-6
2.0547343395497214e-7
8.027504308185363e-8
1.49131140115397e-6
0.00011990907045886523
9.44068920402956e-9
1.1932005812941288e-7
1.2966152411129918e-6
1.7860078426270708e-6
1.7740513135818873e-5
8.070964432899262e-6
9.638099151205705e-7
1.4720564432251507e-5
3.230588139005034e-5
2.6446218084408675e-6
1.803884508299572e-7
2.7109731788977603e-6
5.950819066947602e-6
5.344820193177887e-7
1.8937907023457365e-6
3.313451049688149e-7
4.4026495717077955e-6
1.871898894205048e-8
7.556052357408016e-7
1.2620537130450063e-6
2.6372856007652864e-7
1.269906417645549e-7
1.4680254066253382e-6
3.970588705801652e-7
3.821275323065332e-7
7.785462877860323e-8
4.5952275649962897e-7
3.193606819212813e-7
7.055276432265638e-8
4.145718580328558e-6
5.099119926741305e-6
5.098545064643296e-7
5.542139665062423e-6
3.8043939996932854e-8
4.980613848067265e-7
1.3300833270794624e-6
1.4907493649445268e-6
7.454889550829568e-7
1.7652512258293807e-5
4.498303349852504e-6
3.3881566714766895e-6
1.908693586349502e-7
3.6034161611753394e-6
1.4382165944464542e-5
1.3555718771063204e-6
2.528202009637179e-7
2.3522066611005047e-6
5.0525507279145314e-5
1.6717417593015172e-6
1.7800331185153058e-8
1.332432180487848e-6
2.494022794843118e-6
2.4010658247218325e-6
2.0378853750222787e-6
2.2886104687421662e-5
3.535889335287239e-6
1.6662674855265006e-6
1.7793451868119788e-6
1.066854941101744e-6
3.9465165493412013e-7
1.1966537192930125e-6
4.894744953795184e-6
2.777627430735191e-7
1.6109444653044327e-6
3.6690561822678596e-6
6.172947043514799e-7
7.920582789911364e-8
9.406804859120516e-8
9.524540503325268e-7
9.85448426376113e-8
1.2739990699853243e-7
1.1828322484756982e-6
8.839486677154985e-6
2.0196421640123608e-7
1.0143102942541259e-7
4.8593594819410847e-8
1.5989880524924805e-6
5.946160471438785e-8
8.115276553545323e-7
1.3941375425673295e-6
2.683657767837026e-6
7.024708043380056e-8
1.8652222793863285e-7
3.805350307546093e-6
7.175377592703173e-7
2.177467121316151e-6
1.0892226052541677e-6
3.073921347588071e-5
2.3343361221567384e-5
2.1186276085349376e-5
1.3159067338396493e-6
7.51759758849575e-7
3.8878215681555294e-5
3.286849357491317e-8
2.23414471415616e-6
5.3102279340914816e-6
3.650422948735127e-8
2.490646639733417e-6
1.5619529822960706e-6
1.8890052029465773e-7
1.4467272395464003e-7
6.176960806944106e-6
6.177605784575908e-6
5.757142321576876e-7
1.712877478104148e-7
2.8723214392416894e-6
1.1655517991236109e-7
5.387405372449472e-7
3.7759241467342076e-6
1.843924557923093e-5
1.4047527883765078e-7
4.286694082112799e-5
2.4072675770770806e-5
4.950982917278173e-8
4.431973053892882e-8
5.031113183572281e-6
8.265615630611816e-8
6.69610042215722e-7
2.6702265132117737e-6
3.2156751957094944e-8
4.047518439707515e-6
2.5271024918978082e-8
9.53225929148243e-6
1.4350824075773578e-6
4.658292643098095e-7
7.118805926882237e-6
1.2446076721481533e-6
2.288449181386483e-6
1.0692281698092672e-6
5.224298926533674e-7
8.636329058418895e-7
2.812892530332326e-7
5.473265074007034e-7
2.568085433190118e-6
4.793041895867014e-7
1.1347031932608113e-6
6.057224880170896e-7
6.828683296265849e-6
8.450218555506249e-7
9.957946765226969e-7
5.299130652587751e-7
2.0899022347300836e-5
2.1381796652138237e-6
3.783984196898514e-6
4.324622561074062e-6
1.0666074703141304e-5
5.87226164868739e-6
1.3564820968792163e-6
8.404467221959678e-6
3.2766773601030703e-7
9.583540197691372e-7
7.221061044133545e-8
2.439507884576602e-7
7.646108250337132e-7
3.291437573253615e-6
0.0003350655582837621
3.3489966494216522e-6
3.213633499459898e-6
2.7596403092352585e-8
6.908661045121294e-6
5.082687667763351e-8
2.2551608944681897e-6
3.4315497914218163e-7
6.054202760017193e-6
2.0722613679537214e-7
1.046196880551754e-6
3.6724675398026413e-6
2.5941127584950516e-7
2.940508908357501e-6
3.1639033076822822e-6
1.3182109570275296e-5
7.645607168662756e-7
8.01670805092168e-7
2.454122284716257e-7
2.859844174667551e-7
7.279533760404849e-8
3.2993134415029134e-6
4.9454809625704407e-8
6.833640721621866e-6
3.5215672816872644e-6
5.5389962427792166e-5
1.787370096960113e-7
3.003364005538362e-7
4.72130784252014e-5
2.510108593846969e-7
1.8643283736047864e-6
2.4342909916465968e-8
1.3581012437906597e-8
9.000942292141971e-7
7.765580013775468e-7
5.479643738321606e-7
2.536244138382101e-6
3.0506298110026453e-5
4.463800162317137e-6
9.01057856541266e-6
1.9137796816032036e-7
3.3693056136400707e-7
4.667845878038739e-7
2.1520932117789236e-6
3.198065655991389e-7
1.4937129785214312e-5
4.881206885912921e-7
1.1195661966452174e-6
2.1757794212097336e-6
1.994123234589054e-6
2.1776405518869654e-6
