0.004292936418215919
0.0018954027521585835
0.0019940429312604014
0.003511316061088054
0.002585253958270145
0.004098331722060383
0.0020332613893152816
0.0014643271539142562
0.0018623385036386406
0.003082279105603969
0.0017276821777878154
0.0017899978687824316
0.009242068954763512
0.0031742116971189283
0.0018123379405944372
0.002182905889962956
0.002193561087316226
0.004078931081619077
0.008470962827625406
0.003324577527965407
0.002349346856235506
0.002025944843314035
0.004185510361596808
0.003938516185604805
0.002638100009992619
0.0014841170623048675
0.003144835067301428
0.00567911432464304
0.0032327201037405306
0.00299535858547819
0.0018228041437179454
0.0012690936862920967
0.0061927673753153275
0.0013713760600837838
0.0026326870758906903
0.001252032854555793
0.0027420799432817467
0.004936655812530675
0.0010742337486352544
0.0014161011374792588
0.005029553483180913
0.0041487585296553255
0.003058140236771118
0.003279838740099807
0.004776663833457584
0.0012433599673992224
0.002028318674591048
0.0026211226728558197
0.0012222359439603783
0.0044691618882714045
0.0022624721668466504
0.0014021935373475908
0.004155120035865138
0.004063219602679499
0.00843555277284643
0.0014670850593998795
0.0015500947009557927
0.010025553870205777
0.016050485054151527
0.0010071091779825978
0.0011243088217387158
0.0021715300843207306
0.00935102358183479
0.0011787030664876738
0.006666566579272933
0.0054910564119370455
0.0011395177618171062
0.0026119334495223775
0.0025807468938236515
0.0014738110326364118
0.0033578694812880132
0.004847041947049281
0.009169564680983741
0.001276706811208187
0.0038230042836748575
0.001580362543659028
0.006278095223240901
0.0011742319184422788
0.0032414866612640097
0.0007355861990567503
0.0015065089562196256
0.004203809128411858
0.0013758036419788443
0.0015345861082223151
0.003123772717780799
0.0026032407741990956
0.0026287178339511963
0.0014661984137446312
0.0016809956284433616
0.003705744488032663
0.0011407679832476476
0.0013083241872411065
0.0011477155261858947
0.00565715321136236
0.002182618081769178
0.026815721042681578
0.004011640373367789
0.0018551415442431486
0.0018894619740060937
0.0007768800505108445
0.0036006478096452257
0.0034345313864656665
0.003581872909501043
0.004056280316707733
0.0014873794282525734
0.001112311468443343
0.0014194639097463706
0.0012628571976357117
0.0049912678882922685
0.0039856014384030605
0.0023510740575517415
0.0033589174472764575
0.002680213484314285
0.0036554953411626653
0.010459947456145993
0.005828232955834632
0.00415829596313858
0.005835305545179096
0.001014689059966354
0.016620961884134186
0.0017540939406119427
0.0019520657895694708
0.0017924268495392315
0.002099741799178561
0.0026627821789245868
0.0021993152701307687
0.019142883825534973
0.00331182873665018
0.004152331980756365
0.003517763625458381
0.004221306265958892
0.0037442108632172798
0.001478426661186879
0.0016410915999663725
0.009595347551140245
0.003264372051515171
0.0037457018430690713
0.0011756543054773148
0.001486646449504539
0.002258634058595492
0.0022881641461170096
0.0008660726166767148
0.0011930048171013567
0.00496553905741793
0.0015145555147583034
0.004832576333990915
0.0008897521054643537
0.004582064915351045
0.0026310526520471225
0.002571572936086791
0.002286938628614893
0.005836288179146445
0.005969686821255196
0.0032681652876357724
0.0027554151577022577
0.006446431982384937
0.028834461903517395
0.004185861619897046
0.003613523317168059
0.003776647565644071
0.007222900163753046
0.004079947232335144
0.0013377950637125464
0.002736806443201147
0.0016528825190874866
0.0006979470504864081
0.0028565046901328065
0.0030805374900087427
0.0015717871939282114
0.017455361363985337
0.001562748324048941
0.0009247953929700102
0.0022586492419349306
0.0023011748259256625
0.006236760488985184
0.0011899410842861056
0.002557402578666789
0.0026958655155022815
0.0008759144351401321
0.004157929045185999
0.005537327965086062
0.005372143358682102
0.015694086421339185
0.0017485229846675979
0.0023058245024952803
0.0015437401704248219
0.0020950589702475883
0.0005998108048651537
0.010535689540702093
0.0027343209308181783
0.0015477903848380658
0.00407382941584838
0.0006216469025267966
0.002480066139909064
0.0010055626264785969
0.003960761437844096
0.0011455281702654433
0.0035338478829483
0.0013507671780722548
0.00555447626380654
0.0023194035893170056
0.002556329330389455
0.002366008295196219
0.005386987260774041
0.0010778972195333225
0.004626483899725365
0.003344020510463928
0.002522550641233452
0.000991117608465313
0.00598099834175274
0.00303556919439651
0.001108744042207949
0.005814958275944874
0.009875986408552861
0.0011590578920770112
0.0019863172359470597
0.002769318534212027
0.00808204191489667
0.0007264775222689152
0.0012477703214165401
0.004041278534158993
0.02863646330709787
0.005102941278240521
0.0009679197217729866
0.007984974428243665
0.0010855300911617473
0.0010329533008485554
0.006527426802382628
0.0026666918954934143
0.0019895565602020553
0.003622971310097554
0.0020889316380309775
0.0008860202530999629
0.003610745273550563
0.00370141598529619
0.0019124243755522848
0.0010672814787684472
0.014951137042668124
0.0006858508687958567
0.0016501919931370453
0.0017761822011856238
0.0008616480079274882
0.001210799399361681
0.003727963186118552
0.0010211020768475638
0.006004470043412169
0.0022068524012032434
0.0016150834124457616
0.048741100639539243
0.0007810548962897151
0.0008010410052236609
0.0021238261646139077
0.0021697560196862176
0.0021492119700183203
0.0027403454083542605
0.0010455105400699561
0.006471395445053584
0.10403599179527503
0.006958676428470499
0.0011425413106678907
0.001959383999119656
0.0021368958794161473
0.0009950081165178185
0.04298488303983697
0.0011582230559842148
0.002754966201335755
0.002290222210429181
0.0011134928757945345
0.012330269264404756
0.006422720528931824
0.0012168456757508507
0.0025662766667605332
0.0008861713176602538
0.0007935320995073686
0.009243424086847392
0.0010502780891554898
0.002868802644837677
0.0010789736025026233
0.0009060871320110227
0.0004596083080523877
0.0028182046501587293
0.0012815858399174691
0.005024610922428483
0.0010210448516552934
0.0021868096588488675
0.0024216040292267572
0.0016403355770303525
0.001765494724803994
0.0020203884369324543
0.0017042418047016209
0.029278078792444543
0.0033477320333280265
0.0007642796946998243
0.0014773011236817188
0.0047362182096317
0.00394006881677943
0.002216038087693276
0.00923194431589355
0.003943925088229934
0.0029068472515056437
0.001209642508586576
0.0010724489842110043
0.013667960725415576
0.003690829030343124
0.004625488667345589
0.0017825635050274242
0.002586712174333946
0.007748982712281336
0.0028154865075924597
0.0005417851025805437
0.014426255194984196
0.0022165199179071298
0.0009319368071375753
0.006720621500833982
0.0036577595014166205
0.0038498133043059993
0.0016386249608840728
0.033696059373741094
0.013230430837288375
0.003759002813701641
0.00529171079809399
0.0023911499819751977
0.0013770442933015738
0.005562100739067146
0.0034711158301283644
0.0031374386726115517
0.007220821870422193
0.004127165229133665
0.008557897171154755
0.011488641462558517
0.02194014925265201
0.008403059536227853
0.0048663824796235594
0.002623287473243874
0.005927402366161822
0.0019301977624604908
0.0013975130853844113
0.0015869929073095413
0.002024793799830841
0.00255936453069415
0.004157046123244816
0.0030220927614343827
0.0009711765573311027
0.0032298239262362953
0.013406154145982662
0.0005875537481622616
0.05815457216079927
0.002316066531935076
0.0034833855725682396
0.0016109676049879571
0.0012646597641024597
0.001689800975201256
0.004448088878680841
0.003227303892034142
0.00301419892449574
0.01335053596300022
0.0018648098735667793
0.002777408220560358
0.0041720841287945796
0.010699640372185671
0.003476908598678263
0.002797072719646495
0.0033183474299871146
0.004560613953222672
0.007327469469663839
0.0016514709702829921
0.02161396600176238
0.0024404168686347123
0.0017753382130559728
0.007320558552613196
0.0036679010205160553
0.0038905865934537845
0.0033148321330393003
0.0019499205817811332
0.0016090365123959188
0.10780368512566056
0.0026708058186460954
0.0017601829232032306
0.0025283491543141978
0.0008280787997139472
0.0014935149811843521
0.001927033469934794
0.0023132132640551685
0.0015612098515199705
0.002819553297127827
0.002705498449250009
0.15397127865540416
0.0009441943593526587
0.0014122144878289814
0.0018412717662639742
0.0021645162961952042
0.0019535372902043514
0.010338502489535403
0.0009204399875634171
0.0009684028724555241
0.0008999585965929884
0.016346938635527667
0.0042770537872545925
0.0033147566256019573
0.008150761653154948
0.0018511124103767044
0.0010477386322287152
0.004959342577113244
0.0014470021039366945
0.002739852135249478
0.005762993902543878
0.000600818482841359
0.0023257586749037907
0.009747505964403028
0.0026956976370475583
0.0026828304882604735
0.001947632492509702
0.025599361739931596
0.0031307386267504923
0.0011910783359841593
0.018309125536162426
0.002797889584924815
0.001105423453935108
0.007846218784242631
0.004620719532694163
0.006151989416678817
0.00309304141534893
0.012131841587370818
0.0027670270736628285
0.004119081160389389
0.0023528151714302743
0.0012725833791048758
0.002001727300091723
0.001504833629233919
0.0007012959550407029
0.0012759383568211248
0.0012218895121392523
0.0015927460221456247
0.0025832561162169804
0.01125128125583425
0.003984476187135415
0.006294907707555479
0.012593131028611752
0.0009527796078994876
0.005263282171227419
0.007907621651942568
0.0069522731068170735
0.0010718490872177972
0.0019032276461771974
0.000987794122830312
0.0026016644505870963
0.003969782266941201
0.0044279896624368036
0.0010483821602422128
0.0032100053803860245
0.0015031814891053655
0.006704411758850262
0.009273772322921115
0.007028664862710691
0.007770539217793306
0.018338448255090734
0.002597711269879645
0.0010696520577806227
0.0026797065694458624
0.008536362330544453
0.0037474647150463514
0.004652181383625984
0.0011403244932065527
0.014163812992882588
0.0010545604308228264
0.0019439794213014935
0.003262203933043441
0.0028879328037942163
0.002304404888350437
0.0033386397668416245
0.01162000442631668
0.0032819929805164437
0.014242690691571526
0.0048962555986828684
0.014511393993561685
0.0023103559299530235
0.008543349518938707
0.004357087818942779
0.0014709260973334041
0.0010589681280389826
0.0018912478622254015
0.0006632210824857641
0.005232439766155352
0.003992616203157891
0.006097686682301316
0.019205320715980172
0.013727505378432984
0.008678631200494535
0.0011760809974590732
0.005670081454269347
0.03284017702830055
0.007325849491437872
0.0017666297074819348
0.0015749175414987036
0.0010650898992831054
0.0009718621124422623
0.0022223444367792445
0.001481032805117527
0.0006398172549798187
0.0013432765891884168
0.00046115457044330053
0.000931347349194649
0.008157807722049314
0.0013495672726275452
0.004446240955318387
0.006661883829151373
0.012661700982043295
0.004702284862302266
0.0009323702410987338
0.0020912994663836275
0.0021735208110399804
0.0128868269334496
0.018095953728031716
0.0008335942176062424
0.0038655305458101053
0.0006318310151679432
0.0011248565188906406
0.0017882607865367228
0.0009120322241193273
0.010894663331578998
0.001948481604328963
0.005055602156338456
0.0009965752623193802
0.0013289737637179019
0.0014476905783583531
0.002740567959383199
0.0025443698988199355
0.0008175469967383198
0.011484784158864862
0.0010593078043236576
0.002119925229569967
0.007180530046189149
0.000769574224348849
0.0017679398490683
0.0022372187960117192
0.0013618605612351355
0.002082907579519626
0.003157325787454316
0.0016511004104439201
0.0029717463019777912
0.0008122416360614625
0.008970745403530994
0.002922016080551915
0.0011942034524889923
0.010157378767706286
0.006988205695873713
0.02234903506884789
0.0011532292233867195
0.0030670633185072155
0.01331526928126893
0.0015178245947770831
0.006334535251407077
0.001331022141099073
0.00894220639646678
0.003928400698271925
0.001491249136255412
0.0015361315950972365
0.0020568426503439923
0.0011882468561376922
0.001516384504445868
0.002528834037647757
0.004240068340293246
0.0006779979328810432
0.001438887642165275
0.009603685965354635
0.0022239534503071625
0.0012498883207257038
0.004094070967309837
0.0019140559485757826
0.0027188844520334046
0.0020943752542868996
0.0010388307633771013
0.008483322849382026
0.003381756407695766
0.000920151581019498
0.004326692054635073
0.0036794889794932745
0.0045710210359656235
0.0069296884594601755
0.0012566038930277553
0.002152235674036464
0.0024128117003362004
0.011083482460099284
0.01835286565129925
0.004613513018266333
0.0026471877052970114
0.0006204172019351453
0.0023448023522531056
0.010875317661430642
0.0038399782941883637
0.0021177771851528036
0.0019830011422291276
0.007160063171599432
0.01011481432765077
0.0033947923599920364
0.001396996083614048
0.004944742315839796
0.007260890995544019
0.0044274383956434595
0.0018626195614631614
0.0010961029275859356
0.0055839957146799415
0.008472161635515292
0.0027983041309751445
0.004158080198102783
0.01371564070096241
0.0029510230828465244
0.001905839655296166
0.004658354865143726
0.003869632393887921
0.015735122211220618
0.012432164692811056
0.001959682379309116
0.01659721175638261
0.009583419787487822
0.0012681644662027377
0.0013537786444806164
0.0007285699505205777
0.002635495550162568
0.001409012246201173
0.003109786766982635
0.002467803171842546
0.0017287954299022492
0.0007264664556515519
0.009602060231502344
0.008756982230840418
0.003384997779225342
0.004425850116271539
0.0012848100436671814
0.002335143897270885
0.0007918426766646609
0.005755975726651815
0.0012991754483244664
0.008913764322089296
0.003526310243036244
0.0010006815172374458
0.0030843782955845625
0.002558117319635716
0.00483978598160002
0.004673845404131319
0.004183098225294229
0.001283860317217553
0.006747528547199106
0.0025433934119744508
0.002313988851015964
0.005421851837979546
0.0005272690570277251
0.0022961964570727415
0.0008932925719027544
0.0028562754006138864
0.0013723345561664493
0.0037926268258022112
0.002232713663000882
0.0028654419280845817
0.0021925149087404193
0.0006321187859462473
0.0024264890276956656
0.014773082652938826
0.010717620422425385
0.0009882837281396887
0.0019278658183152703
0.0007194064316216538
0.0029070077086567453
0.0014334193647325584
0.003665189656439079
0.015050435250391235
0.0023391678331470506
0.000952680517476247
0.008920778222708392
0.011026072006618747
0.0048335267136798135
0.001198119630476302
0.0011494664020492533
0.004538260163317739
0.00271771519878226
0.007257957342920801
0.001612195731747268
0.00920638911523898
0.0007978943159112705
0.0013429135539485266
0.00999485311888023
0.0028214556028351595
0.004373193029706462
0.0017840098787966403
0.0015772598696098174
0.0011702200615004924
0.003101870574471077
0.009149378032274565
0.007795220686202109
0.00382808012432879
0.0015969706346893422
0.02941496008248384
0.0024394098412649627
0.0011094956770838192
0.004639476704609748
0.004227391564132871
0.001616032277976624
0.001046525359904798
0.005165878176510402
0.06290617660870951
0.003204995944029538
0.0013138962512455746
0.00322881562977011
0.0025515157957118856
0.005725886320083489
0.0011273701438364126
0.0018129443124907604
0.003094518783380095
0.10001046500829153
0.005647956179847989
0.002195454652409658
0.0010039022841008514
0.002793357275372285
0.07739991172057546
0.004471475530496849
0.0038819135171075667
0.0012820424107772106
0.0009161867729670809
0.0005113098809881294
0.0030893692881292217
0.004650403220908223
0.0008935033996447732
0.001867185683269979
0.0005062187979257412
0.0005609967474730567
0.0014859274895516756
0.020939022972222873
0.0017195050201576642
0.012885765980702834
0.0014118009566822947
0.003242065381674354
0.004039872958545877
0.0007825292475839477
0.005489550122117631
0.009293998436195754
0.0030758481227153574
0.001689946625329541
0.017812555210188583
0.010342925372804188
0.002140176951296532
0.0006722970980242049
0.0011057530044176244
0.0014281005278812171
0.009775735383308688
0.02195744284069317
0.002522254678558813
0.014229010078540449
0.0023033290992089616
0.00690944384808153
0.003396380971734236
0.0010733272534384937
0.0026776392626336586
0.0021183337922948747
0.0010924974568998864
0.00555990582035052
0.0013586710222237384
0.00669722803442634
0.0012334258291733225
0.025841401283562004
0.0009472485355372327
0.0008772296412481564
0.008720437150360315
0.0015454708325056998
0.0013985275048663368
0.0012740417429902538
0.0031095825014528853
0.003677513008925221
0.0024646983599433347
0.005670588966966267
0.0011637987276155385
0.01484934937115606
0.0005161495495846974
0.0013081468740860681
0.006104890442087208
0.0010258477932303712
0.003764500355370035
0.008921837531126492
0.010004479891370958
0.015033005064458664
0.0046021326854059855
0.002352434894861344
0.006971786662943177
0.0032149343263430633
0.01202304543480976
0.003413537210356527
0.0012815242350792107
0.0012287511465585359
0.011545816078380339
0.009940920832046564
0.000776104631746258
0.017907230908018962
0.0026858523185745945
0.0026655992118220875
0.0039022214881568786
0.0022457784052244915
0.02224632707167391
0.002002845091504163
0.006816000954925837
0.0043199037844872164
0.0324654886395627
0.01123816280876765
0.0023105736993583987
0.002255670218063971
0.003076532776593191
0.0011746806655296383
0.0008996853729614101
0.0019516687231625539
0.000841668708694484
0.0014302248007417976
0.0007736631987968414
0.0052058446772565384
0.0056592237472222265
0.00484077565599714
0.004845510925136132
0.0007755443364036524
0.0118705367383952
0.003078890046906671
0.0027941659256372985
0.017713302302930636
0.0034988352123735667
0.007377842632489086
0.001306520466239915
0.02865382923939719
0.009269665198226529
0.0014570569653890393
0.007822713076269347
0.0031297127626439833
0.0030428583790306513
0.008688928764185718
0.0006300031117085054
0.0011059396751343098
0.0016539378012835643
0.011294799683172282
0.004779868070364581
0.0052895523901805765
0.0049731188638354054
0.007899066464817316
0.001594060687792147
0.01339434522377004
0.00484821674418641
0.005586413518357419
0.001917418155018863
0.002052841287168368
0.007381215078483922
0.020089242192689
0.0010068972852173895
0.0012448229475777912
0.025837576602246972
0.05990904692828097
0.0015524805458401823
0.00131552725062577
0.00131048358988522
0.002346926729470866
0.003914646854235215
0.0009596738708433819
0.001477274195409494
0.010197465264932506
0.0007897868906700423
0.0009697446538688947
0.004854385542100864
0.001190758985939368
0.0005473934296566675
0.003281062873416293
0.0032894890585913822
0.0008317529890597334
0.0009482961849494717
0.0041332596295982835
0.0013490075397468238
0.001245755669191288
0.009831106823238784
0.012135510874360872
0.0007294511407397462
0.0015818173497772299
0.0010579157167342217
0.013800184186529276
0.015624836768623642
0.006892268258853397
0.0021666570459269404
0.009246281723030937
0.001333713760067986
0.003422788208600981
0.007857196784288221
0.0007575591508841613
0.0015587152133657357
0.003777598654990365
0.0022919517874880587
0.002046575741483856
0.002860924904532857
0.0009673073120839859
0.007673182639292027
0.013148701048709473
0.003363930506955603
0.001873701282888773
0.0030456469896813364
0.0031923729815979372
0.0012481041380834564
0.007180883023835736
0.009591890118254932
0.0023612995394248285
0.0010816572409286403
0.0009491596640971819
0.002291528157731801
0.002859581383552182
0.012770986017618493
0.0065921847091394556
0.0017652314010222182
0.0043317182176042445
0.01873857441190896
0.005308127646452112
0.0008153621967957668
0.0021871039599435957
0.001957581544280957
0.0015813742821291867
0.001139920414469171
0.0118753291757121
0.004297642003878896
0.002673795993441575
0.0013099536702344341
0.0011732792137980435
0.002267166601041867
0.004237042720256598
0.0030329701634402026
0.005477717041079885
0.0010021643270359864
0.0023894466728130513
0.009122458976638952
0.0015771469829269275
0.014840195497911124
0.004467670259047915
0.008301736042356756
0.0009386235347024698
0.009754782230827283
0.0040870367014017904
0.0028502148305833033
0.00975978449096983
0.0010652429189765607
0.0012121957066189813
0.042642750326003315
0.004298373905066586
0.0009275590771259489
0.006046507359585332
0.0016545873272400691
0.001925663807841161
0.0011883287134824142
0.003981018553335661
0.0019167510447202748
0.0011337938421261398
0.04864295330710384
0.04683493958832841
0.0012686745170758862
0.0033600294663967334
0.0033490037083068695
0.005385493227334482
0.0037026999893794406
0.0012695097880233439
0.010673787851234955
0.0013740379549393
0.0007108177478191825
0.0026978225771600054
0.010095871496286216
0.0024193328994066557
0.0019405717389592999
0.0021176064343066334
0.007579265580316533
0.0053317229917499145
0.0030664877163361303
0.0005700585195692553
0.0007868707374396743
0.007316152443519776
0.00330211342809331
0.0011456745921079579
0.0019422354371879684
0.005740607481601878
0.0038045756041329903
0.0038679752498644417
0.0014229856421518103
0.03836171414714838
0.0016224772121393198
0.0013530299894959086
0.0011832144141735092
0.002280773598905845
0.001743372060280786
0.001732364880388983
0.013543035251447571
0.0017262172541037673
0.0014728935951757152
0.0034018567153018234
0.00204226781815604
0.009587419723619633
0.0010175374610098817
0.0013150405200889608
0.001761308058100344
0.000512878170710418
0.0010505065871626617
0.0035252248404754986
0.008774635392018271
0.016076568224311878
0.019825983051043643
0.006096433419501354
0.001447790896195252
