0.00011784091340227346
3.917119440676677e-5
2.1982884027111907e-5
2.1672981192948256e-5
8.675225693152074e-5
2.39197047990731e-5
2.903320045436465e-5
2.3268484036749655e-5
0.00011411103917938614
4.2117850411912246e-5
0.00011299936645561513
3.591334705830337e-5
3.279078808177322e-5
3.163563974747864e-5
2.706317312342151e-5
8.856418245967663e-5
2.248185473740828e-5
2.4730717074173605e-5
7.983862022902068e-5
1.848612894405706e-5
5.215041691665969e-5
3.9896652973487474e-5
2.3387276176200414e-5
1.948517888240777e-5
3.323172797818803e-5
3.22298002454174e-5
5.4121780532211874e-5
3.889241464909487e-5
3.0411618600166348e-5
2.466161623354052e-5
0.0001387339160524963
3.5936343560856464e-5
3.2820823132806044e-5
7.101855573747473e-5
1.991934593592956e-5
0.00014918672664762623
4.410969673196069e-5
2.9698655451630833e-5
2.6475853738922246e-5
3.224836163909244e-5
2.6443534769828674e-5
0.00011075248485839054
8.007603422110666e-5
2.364452578254461e-5
4.067212591099277e-5
7.34407363738014e-5
2.9688316404892007e-5
3.721502868275885e-5
2.3652699372747723e-5
2.2942282167288238e-5
5.76275182672945e-5
2.7819132828010495e-5
0.0006410418001899463
6.453678551252566e-5
2.545686444887144e-5
3.5229965181804696e-5
4.994714341651412e-5
3.0283496876085298e-5
6.742454544077406e-5
3.440036759879943e-5
2.0391963064783847e-5
2.0698152669582167e-5
4.2918498647405544e-5
1.71566694282146e-5
4.1410223111517175e-5
6.947578591929944e-5
6.314432801779088e-5
2.5182649848262577e-5
0.00018516448974099594
2.9660361450591138e-5
2.0424207991372395e-5
6.385027867530498e-5
2.9510768083975122e-5
3.073087982208791e-5
3.427415972614876e-5
0.0002521914071747196
0.00010433181844917296
4.2939421426901104e-5
3.922667636700724e-5
3.349530344689535e-5
2.387699837258461e-5
5.52176798871794e-5
5.682112436254515e-5
2.6912967667292282e-5
3.108685440400173e-5
1.7112201626349055e-5
3.2678929208969536e-5
2.1357015249208006e-5
5.972376977373181e-5
0.00020445157910509114
2.4495346414582175e-5
2.2856581288782845e-5
2.7309167655391556e-5
2.1648380421256454e-5
3.0851124970298134e-5
6.523986517305188e-5
3.580312711904815e-5
0.00011891964331615836
1.4265849138455334e-5
1.9025242295382832e-5
4.558279573534489e-5
0.00018267365580726223
5.8578095722138346e-5
5.312184214663948e-5
2.5890416387987256e-5
4.1342826535114485e-5
2.732110292671114e-5
6.533702253038245e-5
2.785210995260344e-5
1.7989850936980655e-5
2.4847697562671916e-5
7.941762713593706e-5
1.65227769448096e-5
3.5288165840028964e-5
2.6769768339298283e-5
3.236511880239141e-5
2.6250107756728753e-5
2.954420390860408e-5
0.00023156481482717147
3.531166174403312e-5
3.0956091424867785e-5
0.00015130232885004027
1.8387776030243753e-5
1.8632091711981858e-5
0.0001053288986992617
1.9153553362972755e-5
3.126450804308244e-5
3.297933442036177e-5
4.72470963745114e-5
2.687131543496987e-5
5.092326443177066e-5
2.708153218124994e-5
1.7832803993153894e-5
3.501306062652917e-5
4.610436234624414e-5
3.538889508580205e-5
1.5771754527574964e-5
2.8535427646345138e-5
9.223837402476516e-5
1.8372471461757407e-5
1.5676979737931734e-5
5.139681222741946e-5
2.6934647738811515e-5
3.445358112652758e-5
5.65005986044192e-5
7.342664654380387e-5
1.5834643598105743e-5
0.00012107723014321985
2.0129831148273724e-5
2.47211760131741e-5
8.19942925070264e-5
5.2210503613095145e-5
2.6924389002229735e-5
3.012760262063735e-5
4.0790338264218584e-5
2.573167071562628e-5
2.698221975524168e-5
4.194066235496747e-5
9.387544750421399e-5
8.053570094107663e-5
0.00010128822412721806
3.580734106279489e-5
4.218798265831658e-5
2.029796545860526e-5
8.578603759994915e-5
2.174574961046514e-5
7.825212177797381e-5
2.4134608595768422e-5
6.079416188251262e-5
6.558586334493319e-5
2.0367929257388018e-5
2.1025911852325333e-5
1.8184657994522367e-5
2.2537658113281652e-5
0.00044722528587509686
6.0424851067016106e-5
0.0001015752458375556
4.252625328791991e-5
2.2877603094840837e-5
2.493977315306384e-5
4.017236317745425e-5
3.713455200186561e-5
6.301336760306632e-5
5.1586460767570126e-5
1.999071830004895e-5
2.5191727000792567e-5
4.0463564524283164e-5
2.145522082432778e-5
6.193202710856374e-5
7.458844546307776e-5
4.8966207200784754e-5
7.49084538739376e-5
2.883740407154402e-5
2.4688936135602225e-5
2.4679786390606383e-5
8.078454535032746e-5
2.6875888016955657e-5
3.481948722697843e-5
3.7048244327167224e-5
5.040383041028155e-5
5.99736624493026e-5
3.891380856597227e-5
8.492167667698884e-5
7.499914617905335e-5
2.7669752332968834e-5
2.8766898487686563e-5
0.00010338002719480126
2.7804199451454908e-5
6.300345367173884e-5
2.3159232444751265e-5
3.5051153741647526e-5
9.928414478737845e-5
3.167448657378418e-5
3.717235029957678e-5
2.9788044234344472e-5
3.421724162537011e-5
2.786470034986051e-5
8.70533330812495e-5
7.249365875655463e-5
4.4251177580580646e-5
3.703411279753334e-5
4.198534015018782e-5
4.3136134828089464e-5
4.379106417762354e-5
4.4538821924266454e-5
5.118923607500811e-5
1.5410753989277565e-5
4.417292995241382e-5
2.3249292199302732e-5
6.505331359451772e-5
1.9444106460672033e-5
8.500972434251457e-5
6.224387262077438e-5
5.943197787725001e-5
1.5846974775131574e-5
6.167504661241457e-5
0.0003340543874012142
2.9192957142956145e-5
0.00010452522332630547
3.292328920502689e-5
7.351302205803584e-5
2.3780127334845023e-5
0.0012984264592009408
1.648681811638184e-5
5.1729775018873296e-5
2.3025274436022377e-5
0.000119993825505044
3.199968148295906e-5
2.7120874433810948e-5
2.701036054878542e-5
1.952963168590775e-5
3.698704575289134e-5
3.30946675408178e-5
1.7307393451077263e-5
5.097784649953702e-5
6.371759642300976e-5
2.715298567217604e-5
6.52663667106948e-5
2.098332808604768e-5
7.847956946323975e-5
4.392241787947947e-5
1.8924985080343028e-5
5.6209630081813395e-5
0.0002191721957941613
2.543869656488691e-5
1.817230375416855e-5
8.658496179430081e-5
2.291562043325824e-5
6.483401449683485e-5
7.285609457685253e-5
5.6083778829112115e-5
0.00012580288793372028
0.00011965253582257988
1.4037427579254322e-5
2.590525480546477e-5
8.135325061666729e-5
3.0294297668415777e-5
5.914132190594463e-5
2.516716349595035e-5
3.4640312704425126e-5
7.234502258416738e-5
6.323593682409001e-5
0.00015968243488547647
0.0001369317228538922
0.00014116056385043855
5.613400992592191e-5
1.4878706804552963e-5
2.5534457125333625e-5
4.539570719806021e-5
3.406958793614532e-5
3.3263429327618734e-5
1.7597920958177962e-5
4.6132254993569484e-5
1.9688927452028552e-5
2.528821982362163e-5
7.387223032603991e-5
6.196747908812663e-5
0.00033956765923524477
2.544151730403326e-5
3.4132732794383446e-5
4.1793243152082166e-5
9.296168737600058e-5
4.412513664615911e-5
3.530085012785237e-5
3.208749046951546e-5
2.7742761920978203e-5
0.0001050486320461979
3.6918595874500534e-5
1.792947200270637e-5
3.71986591292129e-5
1.5662315369759814e-5
2.6300965135454567e-5
5.6914139952171316e-5
3.3759004103359796e-5
2.0373611544225575e-5
4.590868962923495e-5
5.422510175495225e-5
8.797672886013171e-5
0.00015960800227327702
3.4118905504790806e-5
0.00012140560821850802
3.062878669929854e-5
3.736658735621952e-5
4.184678669836451e-5
2.2751087705814135e-5
3.0515251012235105e-5
3.063669748942476e-5
2.084169827325871e-5
2.250321717818127e-5
2.1713041055205768e-5
1.813781673390078e-5
4.639338250043201e-5
1.7561524423166924e-5
2.976680425611214e-5
4.0342259976095326e-5
9.510308801544376e-5
3.946243983138042e-5
3.797502620643328e-5
2.4016937066500802e-5
3.3841469641702186e-5
2.1249555271658378e-5
4.7460887119724715e-5
2.271692532199838e-5
2.9837977244916753e-5
6.42125446479527e-5
3.5418388153498565e-5
5.842246545746375e-5
5.139802878353003e-5
3.165108119853066e-5
3.4876094738088315e-5
2.064707919222055e-5
0.0003118422243433712
3.165804534071132e-5
2.8872707509872077e-5
2.7196489308972113e-5
3.243407547817008e-5
2.9388546993071613e-5
5.9029298978488404e-5
6.70739017418766e-5
2.9038087607037858e-5
1.688948421138581e-5
2.003240441773887e-5
3.5291089599849355e-5
3.2722460872919956e-5
6.782630372424713e-5
5.118209181968146e-5
3.96087912174839e-5
3.3404593321297747e-5
1.795800698686112e-5
2.914026123082605e-5
1.897339831713925e-5
1.5241442877679825e-5
4.9061727675303074e-5
3.943646736374554e-5
2.7847313563840342e-5
3.3557567193961256e-5
0.00010118448431849845
7.59561137232314e-5
6.652994629930493e-5
4.057070455342225e-5
3.2462584768511e-5
7.805763964083958e-5
2.842920440373625e-5
2.6075541652265853e-5
5.4682549275338527e-5
5.5625170145165064e-5
6.535199317104063e-5
2.4194863310580466e-5
4.2554916160565394e-5
3.996250465468159e-5
2.957852268321087e-5
9.51016438911143e-5
2.8570424866803878e-5
2.1503655589010004e-5
0.00015685153224544477
2.7847913698227348e-5
3.967309953454294e-5
2.4456370718457564e-5
9.690659685764704e-5
0.00011488271614102019
2.7648779045805334e-5
0.00010566846386919728
2.3156072977389614e-5
7.19495183747021e-5
0.00027841999571951435
4.734447901305005e-5
4.35678269696233e-5
0.00011553434252911482
3.1239574185103926e-5
6.90889997194891e-5
4.034747425216229e-5
6.765781860513705e-5
4.514993151455497e-5
4.436232106473179e-5
0.00016223219752539375
9.046215307537683e-5
4.096189774788795e-5
3.2615867596345215e-5
2.601308253688537e-5
9.042781953510163e-5
5.864384553753212e-5
5.066081907334053e-5
4.525170707464444e-5
5.0062517849191686e-5
3.290364432785578e-5
5.322064445166783e-5
2.1346927115498073e-5
1.9402448822344675e-5
2.152632940039052e-5
1.8033127579762325e-5
0.00010268293295568373
2.489640574458198e-5
3.3497650445595654e-5
7.149218047663414e-5
3.0938837354886765e-5
2.488843583980149e-5
2.8950630121815995e-5
8.00444331854746e-5
3.337347754866868e-5
1.7783800493970456e-5
9.180812657880283e-5
5.1206054020192085e-5
4.837086860050863e-5
1.8522161208804847e-5
2.9919092731233986e-5
4.729521507643333e-5
3.328186311864932e-5
6.083089672247451e-5
6.626393143605177e-5
0.00023051692631816163
2.9383484778913765e-5
1.7029647588953954e-5
8.727948052786084e-5
1.8421891185085267e-5
0.00014994369979015013
4.5576792309512214e-5
1.4887438952878286e-5
6.187806012468752e-5
2.7555610250798085e-5
7.003311550504334e-5
7.263651479005572e-5
3.361622261643871e-5
2.2451648737119213e-5
1.816647891645266e-5
2.8256279682418127e-5
4.181700456169854e-5
1.9423144915524225e-5
6.574009459814649e-5
3.500373830970434e-5
2.662771083942755e-5
6.654138608144349e-5
4.313263589244561e-5
4.0441934535618034e-5
3.1771135287049234e-5
3.855545342991523e-5
2.9415466785815122e-5
9.029091402888735e-5
2.3613497919622213e-5
5.0597397863189595e-5
5.176984051737628e-5
3.0772883420707074e-5
5.794528183568175e-5
2.541460545150012e-5
0.00014006231986264255
6.643278496940595e-5
2.6951772623157306e-5
1.9054804894973183e-5
1.8145004196920206e-5
7.200829954693559e-5
3.440528459316767e-5
5.6464302768314604e-5
0.00011800570174302497
3.812810079039564e-5
4.9646732582999016e-5
0.00013266348158724826
0.00012508725813719686
0.00010797624633418638
2.146478531967443e-5
6.450002670776876e-5
3.1088191416639264e-5
6.887341258193654e-5
4.2449388555516565e-5
0.00012094708377545073
2.2669380626228e-5
3.7229156381179936e-5
2.8088129071006232e-5
2.1859510587136436e-5
4.830620402276113e-5
5.436153591869637e-5
0.00011796019042125735
0.0001371790337561258
7.410001459067989e-5
7.117452693244986e-5
3.029020223824236e-5
3.823995976159199e-5
5.342857047147799e-5
2.857289655037932e-5
0.00012188262488575262
6.240043085460171e-5
4.8671997950042666e-5
5.6037821953576246e-5
1.9459652058382144e-5
7.024197387439053e-5
3.5844263815672986e-5
0.00023049940992002447
2.9509490686507195e-5
0.0003420033717729023
3.527909652871638e-5
4.087547274020809e-5
6.276814118613626e-5
0.0002064445603136083
2.020449369500888e-5
4.120156954793561e-5
2.8955920919526208e-5
6.0250882653992594e-5
0.00010638574851819078
2.2497127823356634e-5
0.00014491152463555446
6.332478447721742e-5
2.5046927877090822e-5
3.472996619091515e-5
3.3849926954407994e-5
6.752639315175943e-5
2.4626608862152317e-5
0.00016358729573331127
2.2187057031684547e-5
2.6228342507468056e-5
8.454618688772192e-5
4.1227601860296854e-5
0.00012609632942739334
0.0002751305697834839
2.3553400794727494e-5
3.461647151629845e-5
2.7927031525865416e-5
4.623834555394254e-5
0.00013136810465090682
2.6054509937050653e-5
4.465739475343347e-5
3.6312769849253384e-5
0.0002018875852450822
1.7883260959120647e-5
4.7078379173142176e-5
3.64177353163489e-5
4.7287264994627326e-5
2.1177606279289655e-5
1.878046725971571e-5
1.8577150129794198e-5
3.0393811558269343e-5
2.4213040971902527e-5
2.716725382206151e-5
2.30716076840026e-5
6.819145785659744e-5
3.444325794236583e-5
2.655430824920661e-5
2.5951020001335663e-5
3.0549118218144755e-5
4.198363976035118e-5
0.00010520876078679248
2.5799514450625588e-5
0.00011499986477485722
2.9280891947940966e-5
2.6711654780803524e-5
3.6081223013049944e-5
1.8029350423362267e-5
4.874068710790108e-5
1.601805566941204e-5
4.085122031873466e-5
2.3957693168548786e-5
8.8127323896375e-5
5.704303797504071e-5
2.919748693667066e-5
5.958653410634811e-5
5.806869399630205e-5
1.6998848407938794e-5
0.0005631525696064951
0.003240893696344521
2.88583153775089e-5
2.2731105820567816e-5
0.00011119880195421777
6.564683527856963e-5
2.0710175509609152e-5
5.9539591122310816e-5
3.367916914748916e-5
3.822181988104662e-5
6.121210609681875e-5
4.625307473677586e-5
9.218927664256593e-5
5.461585669028515e-5
3.99092602410497e-5
0.00010425904348500552
0.0009092309274181825
3.830260816518101e-5
4.096057214153845e-5
2.1152178041237423e-5
8.54799875300476e-5
0.0001329201098614841
3.9962462755513794e-5
3.8474761929314554e-5
3.004788518093739e-5
2.6644699577414537e-5
0.00013356197314219568
4.582206808853706e-5
9.128107714414517e-5
3.431018550348953e-5
7.334156494604378e-5
3.5254605933372174e-5
2.1084002721628427e-5
4.051102042738173e-5
4.374603390753528e-5
0.00012935453231105999
3.695689120859251e-5
5.064623057277747e-5
5.4698965704047616e-5
6.750452710790189e-5
6.359744332768376e-5
8.102143196387345e-5
2.896906981048693e-5
4.17462508026082e-5
3.0302187910690035e-5
9.861202995346564e-5
2.4702562758990353e-5
6.584938465882365e-5
2.7625569416268965e-5
2.9223478556697218e-5
2.1751964116397593e-5
3.659362767138878e-5
2.4624331810542658e-5
4.527297688449446e-5
3.6524409695477276e-5
3.6315088354363804e-5
0.00011856858065491306
2.0731050565720395e-5
0.00015974987606294904
0.00013266524166397436
4.697909782029202e-5
1.9285879024445788e-5
2.7952356488034353e-5
4.9995350917860625e-5
3.932579302429414e-5
7.189138182235961e-5
0.00010528438095198444
2.1069369548306975e-5
9.836688259621957e-5
1.9280401034192333e-5
2.778224135142261e-5
7.992235236879029e-5
5.8273324489666476e-5
2.177207484985031e-5
5.650776158671054e-5
0.00024134922304477278
8.90618468288298e-5
7.514022250261027e-5
2.849714818109668e-5
4.1314832736959376e-5
2.534133140474545e-5
9.791703965995145e-5
5.8063968484500614e-5
5.320644577773032e-5
4.106905095570922e-5
0.0001261328556235901
8.289100188774367e-5
2.289180071934908e-5
2.0034538772449606e-5
4.283336227654068e-5
2.784378350365671e-5
2.6281262015721038e-5
8.937770959197885e-5
3.841239129788495e-5
3.641338026639704e-5
4.0723277991004026e-5
3.932957657785467e-5
4.054549941279534e-5
3.166144229989927e-5
5.7046807615677766e-5
0.00012872347540504735
2.0795379228010604e-5
0.0003228717290880102
3.4322231467344736e-5
3.99051101415282e-5
0.00011813053027176803
3.2511102095419834e-5
1.721471314826033e-5
3.4804729453198184e-5
0.0004644715025432538
7.370902761764177e-5
2.776833942754773e-5
0.0009108722932782064
1.545389473931222e-5
4.303398349708821e-5
7.15104748462519e-5
0.00010949507746049991
6.578185677002812e-5
3.2452321470854446e-5
7.659916510164297e-5
3.6228128486543744e-5
4.777323347920858e-5
2.4889585367581754e-5
2.4498202650375486e-5
4.8549652738116405e-5
3.256864129876553e-5
6.859500686925655e-5
3.369653383207369e-5
4.422397809489936e-5
6.879578211032915e-5
2.620082296310394e-5
3.9048756731196304e-5
0.0005259820035219129
3.326889988518653e-5
2.54709502544279e-5
1.6148208723182647e-5
2.275148892053855e-5
4.249680619524746e-5
2.972432300353385e-5
5.931327193884218e-5
1.6530961490302943e-5
2.0539427622465084e-5
8.701229327130825e-5
4.2657679035106045e-5
7.8573981098765e-5
3.930884322408522e-5
1.817155819820166e-5
4.556872941065589e-5
2.7685385665614407e-5
3.241306957738209e-5
4.83647731728777e-5
5.179929145946689e-5
0.0001618669479252857
2.219704356229083e-5
2.4476200039026956e-5
4.935745245174455e-5
3.0371627417930772e-5
3.171932785992595e-5
3.3971163014886567e-5
7.731272266318212e-5
3.5978835708850504e-5
5.49689090397071e-5
3.740187497435686e-5
6.179967762715698e-5
4.7239124434100874e-5
3.0779923621030756e-5
2.5172346421834858e-5
2.0064435946811995e-5
3.488108015587133e-5
4.5778408269371524e-5
6.628539288499593e-5
4.200492814127695e-5
2.804677101659409e-5
2.3653220161256043e-5
3.546382401882939e-5
5.2989563131912544e-5
0.0001121699659803026
2.2120071021104865e-5
8.886820750720321e-5
9.854272699554766e-5
0.0003132029278302382
5.046098141890777e-5
0.00015842228418031713
0.0015402672144495331
6.243597243058193e-5
2.8522740483226408e-5
0.00010338182635480565
0.00010325406560274154
7.796453159286713e-5
2.807477976532959e-5
3.809423157890893e-5
3.089240286151844e-5
1.756612343751294e-5
1.7270355925966172e-5
1.654561160994476e-5
2.5919549985716932e-5
2.338366849506964e-5
0.00011849908621101725
1.5071981515278e-5
7.433049558366494e-5
0.00014363312362985283
3.962425863726058e-5
1.7923988399334544e-5
8.170846972795487e-5
2.9122202496511594e-5
2.3246729463324645e-5
2.8082113663947273e-5
3.313635441125599e-5
8.372164190525897e-5
3.5835753159891534e-5
4.098592955255039e-5
5.428244986434051e-5
2.4067181372711743e-5
9.951244990183796e-5
4.632804170172813e-5
3.615591851842441e-5
2.4261975135616887e-5
4.9851166210226146e-5
3.151681582112917e-5
3.735966545841341e-5
2.6559787016203e-5
6.111229932103129e-5
5.733867343790935e-5
5.807099780765558e-5
5.380331722147219e-5
3.4489868921455826e-5
0.00012748637669757012
0.00010077460956265501
4.529736060573591e-5
2.6799675328802295e-5
3.132284569869949e-5
2.755817177908278e-5
6.912307977852523e-5
1.806734960631881e-5
4.3631324433071875e-5
6.067207103238895e-5
3.8448266844920375e-5
2.2595161074914233e-5
0.00011844784655959796
3.129254062668448e-5
2.9033728294521206e-5
0.00011496646082014128
4.0162789469415215e-5
3.884019936859081e-5
8.865765677316999e-5
0.0007193105238375231
3.9825185873986056e-5
0.00030736454591434804
3.301399906589274e-5
5.948531128981973e-5
9.677600815538794e-5
6.758884293004272e-5
1.9135965600691967e-5
6.233859123622649e-5
2.4871996510202036e-5
0.00010622292612335701
4.706996372963853e-5
2.7253752937757113e-5
3.290651658345156e-5
2.818027413269079e-5
3.402048402892575e-5
7.267165612644415e-5
2.8861325390276427e-5
3.3052614165439576e-5
3.557111779530955e-5
2.8208524899628172e-5
3.132681135372374e-5
3.2581885100894925e-5
5.4173674241442095e-5
3.5538364500928515e-5
3.83160661056869e-5
1.706826694962092e-5
0.00017296353854081778
2.734149063000677e-5
4.2105980474329816e-5
4.711428591256983e-5
4.1205168403578506e-5
0.00010979062261479604
2.3821568861853156e-5
2.6462329857980894e-5
4.4734099716544974e-5
4.382322929146595e-5
1.694345111462376e-5
2.6329682061422266e-5
3.4451825389904786e-5
4.0134842990102323e-5
1.981400973998953e-5
1.9488985360028486e-5
3.6873786946081003e-5
3.2594806268014646e-5
5.5222510123037664e-5
3.8620978179998616e-5
3.653226926346458e-5
3.4335068889408e-5
4.110260745565025e-5
3.03636681894896e-5
6.013265754377985e-5
3.533807831510976e-5
0.00012621654227671118
4.9852806176812525e-5
2.4481603156985435e-5
7.489716595630767e-5
4.637866336733572e-5
5.883436495470254e-5
2.655739705265714e-5
1.8613159347860593e-5
6.087046194269624e-5
6.270006849945297e-5
6.0394685655628436e-5
3.0017233571472294e-5
7.434477709962234e-5
0.00011729381143089362
0.00012666449287510612
9.091559138603821e-5
3.227842794716864e-5
2.3544162192846204e-5
9.806778225632351e-5
2.6495589445845262e-5
3.3644031104454426e-5
2.3726276740678983e-5
2.6463399666781824e-5
3.805635009554074e-5
1.7600943072833535e-5
2.90464711823283e-5
2.2501208110181147e-5
4.1156990455485996e-5
5.752785743784322e-5
9.398910700860525e-5
1.9448180199304237e-5
4.07449738127003e-5
4.1062711789039284e-5
0.00012364090642958067
3.949383167248476e-5
3.0785750484715074e-5
4.9467560250941484e-5
0.0003591771269059631
2.6567742176467058e-5
4.654072257601284e-5
2.8340972037209502e-5
4.1661479024602136e-5
7.014845092997526e-5
3.5376405073304626e-5
2.9185030077895902e-5
5.6959659140599694e-5
9.116545883301687e-5
2.063530149755291e-5
0.00012493898666226136
3.963507028259818e-5
9.088631506600802e-5
0.00022556647554715202
3.225466802806348e-5
3.949168116780621e-5
4.179976787065628e-5
4.946667859755637e-5
1.5507777021429715e-5
9.69693810889165e-5
2.0819344827604244e-5
3.740484854873511e-5
5.897638512495953e-5
2.4195093407904365e-5
4.5859345488817835e-5
6.128867756843907e-5
0.00012711925936258008
0.00011208759541079142
3.17073852896297e-5
0.00013258833092294456
9.917744294347801e-5
1.949989317414786e-5
1.909218548110035e-5
0.00027168520193035457
6.014286628627007e-5
2.1012291885187232e-5
2.57384525901737e-5
9.086831033309193e-5
2.9370582165011817e-5
2.8931616091776175e-5
2.6933278104651044e-5
5.0775545552034254e-5
0.0004527903781652859
4.340806522719651e-5
2.7579061626944902e-5
1.7667731369349772e-5
2.7332834241825447e-5
5.9008609823656336e-5
0.00019753210368796923
3.517129940315719e-5
3.3346324765232836e-5
4.9036355567857624e-5
3.072056657499502e-5
4.2833756187165614e-5
7.24788456077381e-5
3.0302179995703037e-5
2.6617702971151138e-5
0.00016326178253223375
2.7251400116404314e-5
3.430595018490217e-5
2.488244189385915e-5
2.5279808747829302e-5
2.7922959620320718e-5
2.24202918160863e-5
2.0539961714463973e-5
3.1775248974953894e-5
2.660028905229031e-5
1.5861228374493066e-5
4.4420623473163015e-5
7.754202330375714e-5
