3.68554101440512e-8
1.792899526201878e-10
3.7472390771993417e-7
6.7915794832908754e-12
7.282595610665581e-7
1.6282954444862642e-6
2.886192595371187e-9
5.000025581477244e-8
3.3454025288116355e-6
3.6713050634979704e-7
2.0752199193461982e-7
1.3066091919636714e-6
7.563745749044839e-10
1.0978954737687095e-10
3.106665657105478e-11
4.338288683917626e-10
6.77438436927084e-12
1.0548303779024675e-6
1.077269826373057e-9
1.2115458401271491e-8
1.6707651906252484e-10
1.4364481805676716e-7
7.344936354398864e-8
6.148887285461219e-10
6.385268802287783e-11
3.87630174427105e-9
8.76805607826972e-10
6.507367805229667e-10
1.6666094980041359e-10
5.462021448928319e-10
8.076214205374913e-9
2.049104080959074e-10
6.83855599942708e-11
9.432524312523714e-10
8.900101758358602e-8
2.997400671099868e-10
2.1340291574762805e-11
1.9206302868296936e-6
2.8344155096264724e-8
2.7189963829257983e-8
2.71085947040942e-7
1.7937041290071227e-8
1.354440053956883e-10
1.0094131000070951e-10
1.989053249921275e-9
2.6394950213523885e-6
3.712457224690914e-11
1.7388616237549108e-11
3.3381168193405397e-9
6.066916247093073e-11
2.2994542992508494e-10
5.22701451723171e-9
6.258248952023976e-10
1.1920897970896732e-11
4.958401248034239e-7
5.479723583611909e-6
9.196643113097202e-12
2.2954100225024907e-9
1.6366203050037605e-8
1.2260439673712137e-11
3.519375220313703e-8
2.1219611961347237e-10
2.059688053109831e-9
2.213224458222011e-8
4.1012642380906584e-7
5.9027461837057746e-9
9.276097760038831e-9
2.372447414215407e-11
1.0520209199640488e-7
1.961145513924476e-9
2.788796293691731e-9
7.596816643306261e-9
5.169717002014197e-11
5.296326945547253e-6
8.936658345945089e-10
7.185655979720023e-9
6.000014310324639e-10
1.9551290344763304e-11
3.408406067284448e-9
1.5271727360966836e-9
2.7128463464341713e-11
3.70580602109444e-7
3.1942222971780422e-6
1.047812419549699e-7
1.8418624378328968e-9
4.1129509393210016e-8
3.7226372283341237e-9
1.6470611538839563e-10
3.057485753732991e-10
2.6843591799548315e-7
3.1603737627183344e-9
1.4923082350094783e-9
7.271356332880169e-9
3.1288263772694704e-9
6.12040528562288e-10
1.676185742658716e-8
6.199672420909193e-7
4.155747392074981e-12
1.380309089530713e-7
5.741623521599641e-7
2.1926712091654046e-8
3.6138363019804807e-10
3.423031886058208e-10
1.917064985839886e-10
1.1752237448278358e-9
3.3879794160050144e-11
7.988291572488137e-8
1.6518612422639428e-11
1.2526767704605705e-7
9.63069997930018e-8
1.0331915603134778e-9
1.5145214315350716e-7
2.831665469454805e-9
4.725115748265186e-10
1.573955817618252e-8
8.122521736969782e-8
1.861043217967038e-7
2.6642657716772512e-11
7.628087025295853e-9
2.5970280565728494e-9
2.204973629545117e-11
3.7709110705823e-11
1.951588689747977e-9
2.021755731111888e-8
2.930179928239672e-10
2.510104978243917e-9
6.850691962710037e-10
9.800636253862384e-12
1.34107865926531e-9
2.228825229356768e-10
4.740439671729809e-11
2.345065115846982e-9
1.669191566199254e-11
7.501871789269418e-9
4.332883100398547e-12
5.968644938861211e-9
3.5542171683249993e-10
1.0179821315661874e-8
6.78885203136613e-8
8.824676164851377e-12
2.6042352036266284e-8
2.969896975676542e-11
3.134986238234924e-9
7.470151621483962e-11
1.8019691694986694e-10
3.1649514929962105e-10
1.056306642007004e-6
1.5323977261325892e-9
1.7137343437865685e-9
2.914870702716374e-9
2.2890029595546823e-7
1.0985603890740655e-7
5.107876079626994e-10
1.1166388947897435e-7
5.324485820471744e-8
3.641466444425317e-9
5.762179541946458e-9
7.63352294712709e-9
4.547311872207465e-8
6.976076818822424e-11
1.7071119372866233e-9
5.5290914221582365e-11
1.1819018365672666e-9
4.997614732790931e-9
4.178291326101564e-6
1.0661473422563296e-8
1.9824827588496108e-7
6.3767287566409575e-12
1.1622842173969839e-8
1.7522670574261908e-10
4.046745379719085e-7
3.3968744974328604e-11
5.805842222099949e-8
9.041873628552286e-9
7.649966565933695e-12
1.8818858706151445e-9
3.0243210379601286e-9
9.192167047208695e-8
2.9164534665490594e-6
1.465028495596924e-9
1.0098932233442793e-8
1.7208296784163834e-9
1.1607649915320031e-9
2.5814441268952377e-9
2.2874696321980046e-9
1.6159399304250404e-8
2.7116500928863862e-11
4.080688830136555e-9
3.5714285729669405e-9
5.247424415850077e-11
4.662434872406555e-10
4.906469633346242e-10
4.013574056557374e-10
3.012557076844562e-8
8.762688210451769e-11
3.0917265422233757e-7
2.0348122684693365e-9
3.002449402036365e-11
8.404307342397626e-10
1.2016204618568843e-11
7.658096929211975e-9
1.4124972998718108e-7
2.9389386894499527e-7
5.5184380354758245e-8
5.419459110817875e-10
5.9304229236117835e-8
7.986800622381556e-11
5.024641116883551e-11
3.5141066866025706e-9
2.8439365200078216e-9
3.135871681942171e-9
1.4974618743441758e-8
3.1564653857023654e-10
2.6838142621581643e-7
1.0368932098843198e-10
8.902014785926084e-8
1.3109382204533183e-8
9.905387793253938e-12
4.933136840425443e-10
2.1426626103362413e-7
4.135540764046961e-11
7.124026541966514e-9
1.0307215253359087e-8
1.370145724477069e-7
1.8691018922895421e-10
9.444754923440828e-12
5.016026327264022e-9
3.5238866306705993e-7
1.3350595892466916e-9
3.56767109207369e-11
6.079068809664238e-9
7.199682755456808e-9
1.5629843170211955e-11
8.598920057310407e-9
6.089254920153241e-7
8.763475737948139e-7
4.403011969685693e-9
3.193885767241259e-10
1.4535244740184986e-8
1.4275298168847027e-9
1.26604466150797e-11
1.6286832717601696e-11
1.3062290756172072e-11
3.5294798391148155e-7
9.816183549237385e-7
5.535349825096317e-9
4.011796887998494e-7
1.2331316741990443e-9
5.873528333130094e-10
1.9425687749396634e-10
1.4832427104423927e-11
6.578763294340168e-10
8.531600281344406e-7
1.161119578331146e-10
2.7084223632417114e-10
3.2968083883153004e-8
1.1417119208597901e-8
5.260779950723323e-10
1.07893220011517e-11
2.231078129406329e-8
4.048273369339264e-11
8.044907620295967e-12
3.01371007252806e-11
1.3646222614037043e-9
9.87141188416221e-8
6.684451780533137e-9
4.154439039205238e-7
1.0157349738858684e-8
3.5769006400545104e-10
4.663351311933502e-6
7.124654669196027e-9
2.0235802816181536e-10
3.632947481280918e-9
4.0206723931582994e-8
2.728661483257771e-10
9.730666984721545e-9
1.0329571076453132e-11
6.197716991709082e-7
2.4004282921736e-9
1.820869429750449e-11
3.060282273116475e-11
4.919264644459633e-10
3.23808138076474e-7
2.9310717299441015e-10
3.599524363853742e-8
2.6838544479353576e-11
1.0811665433392415e-9
1.1913349421462377e-7
2.9013829635376225e-8
9.422934350037478e-11
7.147776675662681e-10
2.0146575993857247e-10
6.354588472947252e-7
1.1472283291242647e-9
2.8570898668421757e-9
4.670624872795721e-10
1.7003579662675904e-7
4.5448912940206257e-10
1.6249108472675837e-8
3.2743212856858003e-9
1.20936213726368e-9
1.4977708290220815e-9
4.4058119572216295e-9
9.675706498594178e-8
3.1661748153201686e-11
1.042555848696129e-9
5.724722846524149e-7
4.48579205845262e-8
1.0208991917176029e-9
2.1924618525003432e-8
6.839132667617049e-9
5.796974406937689e-9
3.211632745790785e-9
2.5124557959565366e-9
1.0674667980357768e-10
2.5979247592810666e-7
1.0233389691115057e-9
8.337442674135092e-9
5.028406369473525e-8
1.0670355312572905e-8
4.7319705861618573e-11
1.1729202567648135e-9
1.2063554800526359e-9
4.005349753693138e-9
5.702296345887009e-11
1.013625612361124e-7
2.1454635759612897e-7
1.0288274157112999e-7
3.582380835499792e-10
8.583710591991003e-10
7.75368109318545e-9
1.0837567787904507e-8
7.771595045783271e-10
1.2856022944291877e-8
4.923595315128859e-7
7.922362963406115e-10
3.1299095798704327e-10
4.681515769033778e-8
3.834428490405283e-9
7.27177664004671e-11
4.8499339020963717e-11
3.21316479137202e-7
5.476464284204e-7
1.1543104680160897e-8
8.527623948916339e-8
9.539053841097259e-10
1.2889201928358422e-11
1.8863185507989128e-8
4.817448173241546e-10
7.07524982976283e-10
4.326378559777905e-8
1.3282511588017568e-6
1.1963867450358273e-10
2.4925886124022667e-9
3.266495142163572e-7
1.0259233918126553e-8
1.4867088422901144e-9
3.121351935172121e-9
2.9252379712413718e-8
6.21040626863706e-11
8.954386495081661e-9
1.0152985005071843e-9
3.5254101072402213e-7
3.506658457198983e-9
2.943819130641895e-6
2.85543928433346e-9
2.162861063832669e-7
8.709810298829782e-10
2.0708073671833452e-9
5.528951526222462e-12
4.039193268683133e-8
2.490986313999911e-8
6.464365585352267e-10
1.5587294392428912e-8
6.292796067958253e-9
2.3645188790142348e-11
2.965842415349216e-10
3.369672128319395e-11
8.071085644148613e-10
3.8124312432598856e-10
1.8260873606819522e-10
2.4153627618985136e-6
2.3027315436544418e-10
3.6114094296599616e-11
3.9923421990957277e-8
7.311050054977227e-12
2.2335562034838053e-11
7.290264227523972e-11
8.212461142173123e-11
4.962577211414198e-7
5.2424539550653834e-9
1.086343442865122e-9
2.70411880196001e-10
4.444882593330531e-9
1.5300430027671366e-7
1.4355585397788073e-11
2.0722864527774707e-10
7.984995287264692e-11
5.929532013699034e-10
3.557068832056523e-8
8.133539853963545e-9
3.814172658810971e-11
5.603497297716669e-8
1.1983251951833243e-9
7.943147261059145e-8
1.2901722025637036e-9
1.087497199628989e-7
2.570230277463137e-7
2.7147888493616903e-9
7.310618873309482e-7
4.2845258139877236e-7
6.013641954951592e-10
1.1447421082413425e-9
2.242691863125884e-7
1.5036482642108905e-10
2.1217242788304433e-7
6.759987303900969e-8
1.457832906055672e-9
1.5088144979544325e-8
3.25444628652171e-11
5.533602195690156e-10
3.889919217095058e-9
3.7125164731133e-7
7.662990226915029e-10
3.9424973384599354e-7
1.0224987414816791e-7
3.1573723640018654e-10
1.3755999575604322e-7
2.5607902713908664e-10
4.2277331568573103e-10
4.120856246633289e-9
7.052510525170746e-10
4.211756105814167e-9
1.7582582394656236e-9
2.482536078331829e-8
2.2287112056488798e-10
1.2811319974064748e-9
2.6463373761157283e-9
1.6664487058172892e-8
2.8812806329163213e-5
1.0199845787779099e-11
6.626083034689002e-10
9.332255509447603e-10
4.513284779265948e-10
2.4973024926784463e-8
5.112731094231814e-7
3.893446700398709e-9
2.1544421487172374e-11
4.786697604082766e-7
5.685997762531923e-8
1.4356259598911148e-6
5.256835122173618e-7
4.750166770526738e-10
3.6201427642553986e-9
3.457399804598241e-11
4.1895491319097194e-10
1.4051622402174523e-9
1.1111409696802125e-11
7.129157715215692e-7
4.84540981251188e-11
4.24702867278051e-9
1.9718478691095097e-10
5.820963179673209e-10
2.105982578874192e-10
4.611535205941108e-8
8.654555172561194e-9
2.5876663903645245e-7
2.1968222789910734e-11
3.014795059341539e-8
2.6387456536507517e-11
1.4315721885554537e-10
1.4545182304751318e-10
1.521770309092996e-8
3.3174296985570683e-9
1.0398196935627936e-11
1.1028694789064553e-7
2.0394588443717104e-9
3.164881324885315e-9
1.1021566417636511e-7
5.5874749899223106e-8
1.7988643599447856e-8
1.554994504606833e-8
2.108043014190802e-9
1.2691021456655594e-11
1.4605574020948224e-7
1.931729899619204e-8
1.0860606359059621e-8
2.932574062771642e-6
1.0357899212318196e-10
5.6823656303464856e-9
1.0075958174683187e-6
2.097299511528203e-9
1.5909913139305278e-11
1.202626236111261e-9
1.3664018152899641e-9
9.368064021657699e-7
8.316562823524752e-8
5.401571639877752e-10
5.206654876100295e-9
3.748644562141784e-8
9.908471613760034e-6
5.583181060021146e-10
7.4056211678359995e-9
8.652763423045856e-12
8.634609198244957e-12
5.440270075501401e-7
1.9316239741488052e-8
9.059051085185161e-7
2.5486931462549052e-11
5.4057668586484577e-11
5.5475775053847864e-11
1.6006144614771616e-10
2.180384943630668e-5
5.2164480664039874e-8
3.110629337227571e-11
7.253179526639651e-10
4.7759593575772305e-8
4.598992152770672e-11
4.916024141657548e-10
2.1706953415312704e-9
1.2563039826319014e-9
4.27621495904843e-8
1.3387849691312444e-8
1.18738132703105e-9
6.834149975906607e-8
1.627417873548983e-11
6.00588589424443e-9
1.9210380828225494e-8
1.0897976122702121e-6
3.802384011290723e-10
1.2197678852438017e-10
7.851690368223798e-9
3.411395758221517e-10
3.917498286809667e-11
1.9132731627598926e-11
1.01797342185518e-10
3.511001150391887e-11
2.8075110006461105e-8
1.2584434964187713e-8
5.532077301500941e-10
2.591804802659408e-7
6.405485865324945e-9
5.989602266983946e-9
3.3714618266372274e-9
3.368302288187305e-9
6.90519544561704e-7
2.1134826311954377e-9
1.5981228321300257e-11
1.8213426859876966e-9
1.0787826596963231e-9
1.2058804651496253e-8
3.130017421707863e-8
1.0156341153013199e-5
2.11583540809757e-11
5.486600415131951e-9
1.1100072956202878e-6
2.645357682774202e-11
3.5722766453577778e-9
2.80689549465069e-9
7.343286431469803e-11
5.56055728429604e-10
5.108627159840307e-9
6.379069945988743e-11
5.228902860933225e-10
2.7219384095338453e-11
1.8943646649726724e-8
9.737259723900878e-12
5.367442602384686e-11
6.490211572319407e-11
3.759252193526599e-11
2.7965991541601738e-8
9.830246168291857e-12
1.870187874334834e-11
1.4186671785279517e-10
1.7162640198294934e-7
4.895810461366685e-9
2.2897823281366336e-7
1.761870737996602e-9
1.5281228052243402e-11
8.783850709540967e-12
1.570926845219897e-10
1.636936409508987e-11
2.2721023781226246e-9
8.794917991792435e-10
1.112204846326009e-7
1.1122921212424805e-9
8.17435265006012e-12
2.3748948824991555e-9
8.022368260330021e-9
2.500534863950077e-7
2.255883073569249e-9
9.708266565221308e-9
7.060328736065266e-9
5.6331414487476867e-11
7.51863687920669e-9
1.3029059398817297e-11
4.466060931576302e-10
1.4167735569486573e-11
1.5130794719769368e-11
1.5021693374723048e-10
4.715398729194546e-11
3.800661495245865e-9
6.926654183525981e-10
1.9138300180831734e-9
3.294000125685969e-8
3.388214565694002e-11
5.875990249851669e-7
2.5595969094532266e-10
4.395540775023781e-9
6.454309873643622e-11
2.897509721736971e-10
5.825830959206068e-10
2.3367002494291134e-10
6.11402385409559e-11
5.7259178621171485e-9
3.1427130126133664e-8
1.8286033226593503e-9
8.17049488742837e-9
6.331403798759612e-11
1.0505242466846902e-8
1.9460417696090363e-7
1.0219029169523522e-9
6.815320818144657e-11
8.100479378253169e-9
4.1224792316423327e-10
9.8186605457409e-9
2.614917252312153e-10
3.236632418838192e-9
6.726255379263244e-7
2.1115532341527762e-7
2.5459709099187374e-11
7.696744526380978e-12
3.6065736151289e-8
8.160592872003302e-12
5.242342634943704e-10
5.583120245480872e-10
1.8625885251581388e-9
6.589856424537258e-9
8.647718265274603e-12
3.111456824363562e-9
4.200105674883429e-8
2.32091706218458e-10
5.4593455315179175e-11
2.253707962243991e-9
4.54790252135057e-7
1.3329187272831264e-8
9.68161175222945e-10
4.180676852009339e-9
7.934039738756108e-10
5.302455583062827e-10
6.560230160145588e-8
1.4392881423495612e-7
8.17833878799407e-8
8.162752544148508e-9
5.87492822955134e-9
5.489685418463696e-9
1.0380011012705418e-6
2.751997092593088e-10
3.181074963651419e-8
6.5216053721660874e-9
2.748500989234288e-10
8.230734986040911e-9
1.579922291193776e-10
4.2344304606376775e-9
4.759166017246546e-7
6.8508102768558805e-9
6.0266184901077e-10
1.3413839598304463e-11
8.136060448839093e-9
8.17685651342643e-7
2.67471175108625e-9
1.8297693227969785e-10
2.8576560887606816e-10
1.2881364445522723e-7
9.124650706628003e-11
5.494239200884886e-11
2.1712007027940543e-9
5.864498713764035e-10
1.124332850643767e-10
3.768753192009037e-9
5.996528937008473e-8
2.0907837639856523e-11
1.929941444143028e-10
1.5141798791860135e-9
1.3852754262005436e-7
1.1196142562060728e-9
1.90995066447134e-11
2.128545059923553e-9
5.301250448076506e-11
8.682097473732853e-10
4.314021619767763e-7
3.7443176237831803e-11
5.933095491281824e-10
4.223421564831698e-9
3.6509771959020084e-8
5.827638860281548e-9
3.728380947797924e-10
2.5899896780407056e-8
3.852354416792739e-9
6.317177306872325e-10
2.0697885312213184e-7
1.788745151676213e-11
6.039608935220859e-9
1.811325020630618e-10
4.2466709979147556e-11
6.288935500541548e-7
7.359991277797573e-9
1.1865409749049493e-9
3.687578676302611e-11
1.96856047965377e-7
9.53622096402192e-12
9.077038812991195e-12
2.116623280649751e-11
1.6480767903753558e-8
5.3337017444726634e-8
1.0115013270186467e-9
3.8760690117196346e-11
5.356816549984633e-7
2.427372004867225e-10
8.261609273778088e-11
2.3483699650191e-9
8.542993416901192e-8
9.962120830335302e-6
7.915030301307184e-10
4.675559518177488e-10
1.8851669276517408e-11
5.421692106303519e-12
3.5499646246533387e-10
5.518948457713711e-9
5.943882170000498e-8
2.5653776804600684e-9
3.893237443994061e-11
1.3958387358717396e-11
8.111525722892576e-8
9.80560385417957e-10
2.467673856330173e-9
5.801906793574707e-11
3.463940876357636e-8
4.070901299450246e-9
2.368548799539331e-6
1.7427053969132583e-11
1.5883511400486886e-10
6.188852875439378e-11
2.0435432878581417e-7
9.401073971075563e-9
5.864177863372015e-11
1.2145109918897934e-10
1.5063049751309204e-8
1.862622218968069e-9
3.964359919423336e-10
5.990455220482255e-10
1.2027948680041006e-9
1.4061712712179055e-8
2.004483301620852e-9
1.0642521024990158e-10
7.775003939064284e-9
1.5542345140656087e-11
3.114952197668314e-7
4.324764042919389e-7
1.3092590688515482e-7
4.0803234863606916e-11
5.0511851423961535e-8
7.960577860745661e-9
1.7941785104346705e-9
9.717716841831077e-9
9.534117221480347e-10
6.577673766604628e-10
1.3994427958218846e-8
2.2454665365286986e-8
2.5837127060329128e-9
2.1124811777412423e-9
6.965653828613919e-12
4.214953177857527e-8
2.302509973365457e-8
8.926506696684463e-9
9.071805424928503e-9
1.2289955219884873e-8
2.2380860314363912e-9
2.7589766243981087e-9
6.612605977264975e-11
2.2753672705166515e-5
1.1453869014708908e-8
1.4046792106452707e-9
6.636753975286791e-8
4.019713582121995e-11
2.1154155749869066e-11
1.632776786680691e-7
1.5713559096814223e-10
2.3208083933845252e-10
5.263993848666517e-10
2.225871994953214e-7
1.3200862654928247e-10
9.629955587957739e-11
6.542001478070015e-8
3.5442591655313e-11
8.209767349841452e-9
3.131857286421295e-9
3.8284872392573924e-7
1.3145062324872634e-9
6.6902920262976014e-9
9.592434353947765e-12
3.0339879471265697e-9
2.9307064648365015e-9
1.5623896957315262e-7
1.5584801111639666e-9
1.7204035455432917e-6
2.2876996085393707e-9
1.3100437736275468e-8
1.3960577341828657e-8
1.8161618604136858e-8
5.543499164472819e-9
7.709986690767321e-8
2.863039878863164e-9
1.6644649507181125e-9
1.449990331266532e-9
7.436933097543236e-8
1.8463622948581205e-9
2.4516919146142637e-11
8.686704035303314e-12
3.6852180560677183e-6
7.559550519003575e-12
5.7063947804902375e-11
4.7588669824054705e-11
3.318956658763843e-7
2.3139939185611175e-11
6.292944603630671e-10
1.54282850656461e-6
5.6829104156525624e-9
1.5869154757312301e-10
1.2857355456729925e-10
1.2611991371040726e-8
9.54591549710133e-7
5.34568296229279e-10
1.713872410550843e-10
6.23387115362501e-10
5.17655546027043e-9
2.3669474246872467e-9
7.644078629992587e-10
3.107607497986371e-10
1.6279116477140824e-7
6.114286042843634e-12
3.882772416250584e-9
1.105455915512175e-9
5.739645481016365e-10
5.071294076948997e-9
0.0020981074562142618
3.050173238496672e-11
3.7497769771606016e-10
1.271913992970856e-9
1.441755722564651e-11
1.5366148904392379e-6
5.2886253543397175e-11
9.008257880100329e-9
1.1455245763531498e-7
2.5952369466356923e-8
7.73341177969735e-9
2.0300072374920458e-10
6.5892258556285705e-12
6.728535548575531e-11
4.714281228731457e-8
3.365595267804798e-8
9.037470790558302e-8
1.1170788737843393e-9
2.0368992747870406e-10
7.643183237904302e-12
3.986033808625387e-8
3.443998657199496e-9
6.783180811121416e-10
4.609686812119436e-8
6.518747177305047e-7
1.1654396386782123e-7
2.6723829589143464e-11
2.6111313017774376e-11
1.8935524180715405e-10
8.882251039920081e-11
9.766569711138011e-10
4.048016767930623e-9
1.806722999853397e-8
1.4470077669360696e-7
3.395276390873624e-9
1.568032688043414e-7
6.296930059887266e-9
4.077068731371148e-8
8.302366293845809e-11
6.10672957276892e-6
3.0088717344426806e-9
2.095110709009137e-9
3.105748511332447e-10
1.5709125319042597e-9
8.825511872630905e-9
1.788233266487535e-11
4.967665022861493e-11
8.798091632129137e-9
1.1577214639449362e-8
6.204244767694858e-11
1.6973300078740566e-6
4.256454859740879e-12
1.0960106738403251e-11
1.8086604212503144e-8
2.613147357528301e-8
7.341292027338963e-9
2.2865438468498384e-9
1.1167054885449858e-8
4.000259677685908e-10
8.840826769733907e-7
2.119135871131234e-11
5.464047784723817e-8
4.3565598425189236e-11
4.319925279657059e-11
7.072450435643745e-8
5.209131661596925e-11
2.18237637068449e-10
3.1989171686290924e-8
7.2540936383937395e-9
7.667748465540182e-9
1.7860843899618517e-9
1.2394850868010553e-11
1.098557067327862e-9
4.329184302605496e-9
8.090420161242654e-11
1.6639535735824343e-7
3.2063260840265645e-7
4.478088314390555e-8
2.9875816911425796e-9
1.5920867896628935e-8
7.081591102351817e-8
1.128001882626499e-7
4.2067399400799997e-8
2.6644005603715043e-10
5.821117197912373e-10
1.6006864407500527e-9
9.53272282040409e-11
7.620800546177146e-12
1.299583842944354e-7
4.4277914784347076e-8
2.4450339175577644e-9
4.257633995752401e-7
9.296292967931056e-12
1.1711770467274269e-8
2.5385964936996903e-11
2.996932767083512e-9
3.8462409401762375e-6
9.212685974757474e-9
1.3569568917258637e-11
2.4146793303450766e-8
2.9440126531826374e-6
2.1332081202832694e-6
8.097139092512311e-8
2.0167117309317152e-10
3.936396384589378e-10
7.594341757030387e-9
3.815578801969249e-8
9.986344454285205e-7
3.266921516004465e-8
1.0117672904498111e-9
9.693399711485328e-9
8.793026003453106e-7
1.1379356874886802e-11
6.850123632500919e-7
9.048074603915246e-10
2.6158312408553936e-7
2.738760427374707e-10
1.6852296758511886e-9
2.9479490331718046e-6
1.296820024184622e-9
3.5017223580010526e-9
1.7842997551295817e-9
1.6070933447877555e-10
1.4038159739692622e-9
1.1048440938150092e-8
7.456321522895225e-10
1.8344192283288731e-9
1.8677046065431228e-7
3.828387677344303e-9
4.951662876454772e-9
4.088044140867794e-8
1.9974359848686424e-9
7.001036377262377e-12
1.849921988366029e-8
3.262031542231969e-11
2.1109082888388038e-10
1.771960175634558e-11
3.8828579788869874e-10
1.1296349858085797e-9
1.3897286917561464e-8
2.798918046467984e-8
1.990563144672864e-9
4.961742207510353e-5
6.876965454648595e-11
2.3236081102776782e-11
2.6949367752185763e-9
6.654569273683803e-10
8.513284214107214e-10
2.066235813857166e-9
2.0509912238677686e-11
1.2994723924912977e-8
1.0629358195834737e-8
9.945581795357594e-9
7.936765633338457e-12
7.795272781616401e-9
