1.8416971405645752e-53
1.9916889968050042e-53
2.0237851876796844e-50
3.380474358669679e-53
2.3991224939320577e-52
1.4446646007724227e-53
4.622310519725807e-54
5.727319635251387e-53
1.423384252665755e-52
6.129561345443691e-45
4.0432069893795807e-53
4.400164271168048e-53
2.7507368783670873e-52
4.378154041461438e-52
7.730846351804822e-54
3.243034303635453e-50
3.1253031252611406e-50
2.146802253416195e-53
8.81989612247021e-53
1.0719787092575273e-53
8.613811159332049e-54
1.3243946196114743e-53
2.172295734602884e-53
4.476259846001752e-53
7.658395532005392e-54
9.947426280075368e-53
9.722225889387927e-54
1.5092743940973403e-52
4.8353478647736923e-54
3.4692227672470965e-52
2.1681652440808063e-53
7.820468144034986e-53
7.295663593448634e-53
1.4466866303863046e-50
6.12543335054546e-53
2.677103955681245e-53
6.771368876389847e-53
8.366855652682911e-53
3.312397992980447e-53
1.0319632850046756e-52
8.3376581124039605e-53
1.7009202703944616e-50
3.107423963067916e-52
5.104709403815884e-52
9.025340442101074e-52
8.679812062907875e-50
3.119398886876911e-54
4.0389911560464584e-53
2.391702536947219e-53
1.7766090753697715e-52
2.5963042659219914e-52
4.56984215728703e-52
7.119594167573675e-52
1.2005637014190225e-53
3.549121451264557e-52
1.9168210685857682e-51
1.0056943292917443e-51
3.3294283971514456e-53
1.4064581325630338e-52
6.596604446676759e-54
2.939989143751256e-50
4.409850067900803e-53
5.109193191741848e-52
3.1850827979592804e-51
2.6659963595305884e-53
1.1275020645035355e-53
2.0070417318811379e-53
3.813601162859728e-52
8.24076428487693e-52
4.214310038259738e-49
2.345184003524082e-52
5.6530880731126426e-52
1.1577489471727258e-51
7.926678552108683e-54
7.360932234067688e-52
1.677475684994495e-52
1.6513234968340806e-53
9.394094406298988e-50
2.1569156758059967e-52
2.1532115175342636e-50
1.6693544679237803e-49
2.075990906207612e-52
5.514063377266299e-53
5.214636818884899e-17
1.6821022057222669e-53
7.67722057766342e-51
7.025494651688067e-54
3.6676453332586597e-53
1.7243548582415935e-53
3.545538002011877e-49
5.932723464787647e-53
3.095449456535599e-53
1.1039987983813344e-53
3.8516691265714855e-51
3.2690279564538774e-52
1.2773142183139578e-52
1.65671786599504e-52
2.767890155753445e-49
1.7101393273009483e-54
3.50072363552008e-51
3.670431353766794e-52
2.4101084258770537e-53
3.2225549278377173e-53
1.9168519601520658e-53
2.8404951339229766e-53
8.408434567026041e-54
8.851761400510687e-54
3.7566848887629535e-52
3.275006411717332e-52
2.620384971052727e-52
6.150583912224708e-49
2.4541175203559273e-54
1.765164660486734e-51
5.903765601872531e-54
1.4230643545957216e-52
7.934775793646623e-49
2.9640318233884745e-53
1.0419533567108253e-52
1.1380720814079862e-51
1.5420859891943674e-18
2.716500971308244e-54
1.2605784270877727e-53
3.6318167800478556e-54
9.520824088866225e-54
3.2659681608227883e-53
6.589015059053011e-53
3.3193114796553746e-51
3.4476098554438785e-54
3.99979383560803e-53
2.143104480170141e-50
1.704607034792027e-53
6.728945613234766e-53
9.017403217856532e-54
7.423497141271746e-52
1.0834976524522552e-53
2.5675902856050972e-52
7.474170022970682e-53
6.0534113171656986e-52
1.4494316175160618e-53
1.0208579664152463e-53
4.8508256732389175e-54
9.829218637323281e-53
6.286200212432066e-53
1.616407566843587e-53
2.3202788963638913e-51
3.154919860408417e-53
1.892221917709745e-52
3.7016921177610175e-53
2.1421663749644336e-52
3.867272418539867e-54
2.2071809972000917e-53
6.92189975169427e-53
1.6353988155064112e-51
3.2663767449606855e-53
8.31796047009433e-53
5.29346086806113e-53
1.1763433937084843e-51
4.0502570720087525e-53
1.1199366707632854e-53
2.038916977562897e-50
1.3483053339217057e-51
7.492089218107942e-53
1.1087544079181554e-52
2.3094108309377233e-53
1.493882299492931e-53
4.8997627305599254e-52
3.348728298051375e-53
8.75752394122648e-54
1.307347155574889e-53
1.1394346426316759e-50
5.874940874304543e-52
3.5524636948080227e-53
2.2746542356652656e-53
3.0017514856942467e-53
4.083770114237476e-52
2.4755478295181712e-52
1.3414679020081494e-53
2.7953677039499494e-53
1.0784006358395527e-52
2.2669948468818483e-52
2.011194221372563e-52
1.6764242985721e-53
7.492353727933375e-54
1.1714432101247917e-52
3.3483159796927105e-52
3.377667734432831e-53
3.6193779762817324e-52
2.551674886371329e-49
1.5549362230548447e-49
8.974895808839916e-54
6.579907067786974e-46
7.505811225655016e-52
1.029761523810735e-51
5.975562276382447e-53
6.78309087171053e-53
1.477236347197871e-53
4.360533191429229e-54
1.2728397502423742e-53
6.686277046920833e-50
4.246410091676897e-54
1.3535455968661854e-53
3.5188612767777177e-53
7.683533174987039e-54
2.2616936218573696e-53
9.799270753111942e-52
2.8865359433059658e-52
1.8749014719580994e-52
6.214403417224536e-16
1.3128572824654538e-51
8.084341233260276e-52
3.884196236179679e-52
4.286066539303515e-53
3.940080685770476e-52
5.705055181478108e-53
2.656889572715812e-19
3.736887690501709e-53
7.313331871322166e-54
5.636944913617896e-53
8.426300964912345e-53
5.011010590595115e-54
1.98184685761195e-53
2.8467570039686895e-52
4.0576123613122985e-52
1.4028467432322054e-51
9.487599331474623e-54
2.650466756556857e-19
1.6621016208505346e-50
4.0741781811213655e-54
1.2579492672721087e-52
9.692328821476079e-54
1.0395718315153594e-53
1.0736489722392673e-52
2.687108374887053e-53
5.371813377140941e-54
7.143715837292247e-53
1.6247000764137103e-53
2.9815491468364914e-53
1.6621880392377594e-51
2.720034611834566e-50
1.648250311981013e-53
1.3412179117404076e-53
1.4158324207716582e-51
5.633283946358789e-54
1.324581727238004e-52
3.698907587795351e-51
1.24746791105452e-15
1.2297564921290005e-18
2.1246863899520413e-50
1.3993610970803173e-53
8.106288403420003e-51
5.399647504341524e-51
2.0872132164233809e-53
3.5989217604829205e-53
1.5158195833957358e-50
7.167800423723151e-54
6.516690662421424e-54
4.2390570479144367e-50
1.786483981546489e-52
1.6042382455932654e-52
1.2967136576886763e-50
2.529111444089164e-53
9.306420572475809e-54
7.042784775327656e-53
8.163246777682687e-52
2.912870240449695e-53
2.2570658784994237e-54
7.6147301475383745e-53
1.53455214668887e-53
2.48608722180906e-50
1.6373431299835602e-53
1.9375043777131083e-50
8.891314073659279e-53
4.942317808550403e-53
7.735023717756342e-19
7.502915002676186e-54
2.2533478799492165e-52
2.1036580693389667e-53
1.7422194583613988e-53
6.478313739090604e-54
1.8247778883227628e-53
4.4970845097360366e-54
6.67882625056532e-52
6.795480119917154e-54
4.947421592565343e-52
8.886706601294202e-54
4.318806603655281e-53
4.646842649937408e-54
1.3446826740405028e-53
2.5856341814390983e-52
4.631551551220673e-52
2.5199525837678546e-51
2.0645670028447911e-53
7.877742884157318e-53
1.1860613964836386e-53
9.410497422906642e-53
3.237046442774321e-53
4.437072708261877e-53
5.725342080704433e-54
7.37442112288874e-51
3.966410477105869e-53
1.1993659867926742e-53
1.0227079084245676e-51
4.895886855937754e-53
4.8779801564099935e-52
2.0835226959945077e-53
5.742645963054989e-52
2.0142327114840019e-53
1.290585629409948e-53
7.62230934641838e-20
6.984766510240144e-54
5.63612822271715e-54
3.673270208418935e-51
1.3285324589175093e-52
2.6965942209578685e-53
5.91234945950982e-54
5.26561001150824e-54
7.026904233671382e-53
1.0789680983838466e-51
1.658783189637526e-16
2.5658636352939254e-52
2.501721750099618e-15
5.780925221081929e-53
6.669949715482359e-51
1.3240651411422773e-51
2.959903498506325e-53
1.7574384661331713e-53
2.5230403790096127e-51
3.202292734554478e-53
1.0525390558029937e-52
1.7448344535356737e-54
4.654984899072802e-53
4.64376918342429e-51
4.85885054820261e-54
6.943775092529315e-53
2.7045406915433517e-52
4.485684901592239e-53
1.6279324283366752e-53
2.7727721327709163e-53
3.7424401861300728e-53
1.9692876986364327e-51
1.409509262986475e-51
3.5989447205115176e-52
3.628172108204572e-20
1.743828530315059e-53
7.898899650590752e-53
4.2159058742273826e-54
3.590035470358491e-52
2.860221650359046e-54
5.599055105820555e-51
9.689224759682475e-53
2.0522897920862205e-52
4.9022939989231e-53
2.814928301505939e-53
3.2719088906772836e-52
2.0834027330770994e-51
1.7475863598773934e-53
4.680701145606427e-54
1.8729599043486455e-54
5.592088701124977e-19
1.6738635712427207e-53
2.0026201862408084e-50
2.248231476898566e-53
7.525379008737481e-54
6.686608230811836e-52
3.966048006279992e-53
4.1398386212515066e-20
1.5783244631625953e-52
3.7784803954126554e-53
3.1668884880375847e-54
9.302644903227499e-54
2.511269664916728e-53
7.753800919884957e-54
2.5819006024177167e-53
6.33851696495283e-52
4.8609862444796757e-54
4.694884626973215e-52
6.467988736446078e-52
3.141865151381657e-48
7.351854927750051e-54
1.5792025398090035e-53
1.67833596625196e-52
2.0595162390317445e-53
5.221763153214413e-54
2.517535573811377e-53
6.688890730103619e-54
1.0053457159977841e-50
5.88153300595009e-53
3.8088417765923904e-53
2.6365426165822093e-51
4.0930123375918237e-53
4.308048066549757e-54
6.16135521954601e-54
2.137566737925479e-53
1.4781598414648351e-52
2.539400266100575e-52
4.0988235282990915e-54
5.585704819804419e-52
1.424968445369238e-52
2.940052343755585e-53
5.019958347569041e-53
4.213051630703722e-50
9.670362136581394e-54
5.571950649912377e-53
1.0495743971876138e-53
6.854680992652189e-54
2.2819577578143613e-53
2.5115041893912315e-52
5.792631529237656e-53
1.1165311768043621e-51
1.1202470764864171e-51
3.514180439178838e-50
5.104079574823233e-53
1.2133728460728508e-51
4.7970234557022374e-52
4.437415941688382e-53
1.4130314170848163e-53
4.781437461546088e-53
8.540362599419099e-53
1.2540449727925158e-52
1.5221121313439921e-19
1.9852683033421521e-19
1.524186902967047e-49
5.555429251395995e-53
1.1322762994184878e-51
5.588156895599146e-53
2.0642900821231397e-52
1.904295579062969e-52
4.0414155482371364e-54
5.459957373415684e-53
2.953153512373628e-52
2.2495406616703387e-54
4.709393420680121e-54
1.8640899967683458e-53
4.993217741953146e-53
1.5371386101933345e-53
3.878041468059609e-52
4.3499105496395784e-51
8.55727008995311e-47
6.711776530666075e-53
3.25703288631786e-53
2.1617543142448363e-52
3.595690287238229e-50
7.879873145715154e-53
1.8872626735007738e-51
3.944019380633757e-52
6.530121851903256e-53
1.0948470397161946e-52
2.6053023179108585e-53
3.220438890357732e-51
1.5022869131677846e-53
1.6076581818714244e-50
9.481772747622706e-54
1.5049627814177116e-51
4.107096103663392e-18
6.446075562538277e-54
2.835177319528764e-54
2.871911218107896e-53
2.4003580707798762e-51
1.6348381581248715e-53
5.296643777833098e-54
1.3878407912208555e-52
1.1389807016229273e-53
4.0109535772636643e-53
1.2948567403391252e-52
1.6394062675255473e-51
3.489645427669424e-53
1.403223464329367e-51
5.182026495639986e-53
2.919539468286566e-53
3.7441607912248084e-51
4.021113129792896e-52
2.880559168336751e-50
7.803167304302332e-53
2.2746753613422266e-52
1.094544162569651e-52
5.163441785262527e-53
7.51229138764035e-48
1.451760887088118e-53
2.0996952595135554e-53
8.20440363742886e-50
1.116929370766951e-18
1.3275164584425446e-52
2.604437013370291e-54
7.272889983320857e-54
3.978062506056072e-53
2.3853928764192496e-53
5.0000291798944484e-54
4.0072687229605313e-53
3.2775718683640694e-17
1.214713737074571e-52
1.7790469727456415e-48
3.3751238068364214e-54
8.497054583348782e-49
2.1389522788903887e-52
4.331017833279821e-53
2.9235140656744303e-54
9.955743888188689e-54
5.280773564988415e-54
3.2821637717702157e-53
2.1201993356917703e-50
7.203410597135e-53
3.0863792835132984e-52
8.028705416422308e-53
2.0450917600125845e-53
8.656251230381678e-53
6.526827977570177e-54
1.0993673800959989e-52
2.842774031389421e-52
4.6123285227537506e-54
5.590759226365363e-54
2.742405390627385e-53
6.608962126378703e-50
1.898411330695129e-52
3.124793785784146e-54
2.084386024229292e-54
9.87652617645663e-50
3.0397387892841347e-54
3.4941067596263473e-53
1.1935018645956512e-52
8.061812954933494e-51
3.902825018424192e-52
2.3506856127550813e-53
9.323610396490904e-53
2.472157391717434e-52
1.4835123107891483e-53
2.3286371958181325e-51
4.371081817594661e-52
6.210768199999623e-53
2.191233948705278e-52
2.790126261816288e-54
9.094437687120896e-52
9.955471127702158e-49
4.949617391708947e-52
4.1041857410696305e-53
1.358495343138177e-52
4.389773465355576e-53
2.3389072446860983e-53
4.9466398763502304e-20
3.5070825033567353e-53
6.646478208128276e-54
7.802473198068252e-18
2.6054231537536172e-18
1.209217453796723e-53
2.581679040834382e-53
2.6984746359659166e-53
1.875503630328982e-49
1.0624034156499083e-51
7.36433158019422e-53
3.6727169427769673e-53
4.432236185603259e-54
1.8165621446198282e-53
4.519285042946149e-53
6.500481730221692e-53
6.035272043655377e-51
4.9048992369574886e-51
1.2627559531140331e-17
3.4905025475634435e-53
3.425915998111249e-54
5.986571299508815e-53
3.191689659092747e-54
6.947990514551302e-54
2.853126153491038e-53
1.2566960280868502e-50
1.8738444485887322e-52
6.654062570607703e-19
3.542399813803705e-52
1.0209987205713463e-51
4.6871036270385295e-52
3.2569235910875726e-51
8.836771333087929e-54
3.9018736335414677e-53
5.281740984696464e-48
5.443557364964081e-53
3.8753472423031724e-50
3.3163513721144367e-52
5.801324046260624e-53
5.1234667555294633e-54
1.3335920156910324e-50
1.1797182740805918e-53
1.6128498453416695e-53
9.488159297685094e-53
5.348745101049092e-53
7.175105957334335e-53
1.362363613119619e-52
5.474685000050211e-53
2.055161329565147e-53
3.262238976138894e-53
4.749225230648198e-52
2.135216061327909e-51
6.020540089523643e-54
2.5231671541399107e-48
3.2670508096407987e-52
1.3173171920096624e-51
3.247785355169988e-54
2.0646377955497636e-50
3.6164993065247317e-50
6.273664666333128e-50
5.095201990335616e-51
1.4016149782548208e-51
3.6666784934609744e-53
5.577711545929929e-19
1.7459460867667606e-52
8.066942215431506e-52
3.5621866056857426e-53
4.065954281462203e-54
1.5148376892084907e-53
8.156304220350686e-54
5.501467220440258e-53
3.9981775173292006e-54
3.985092838411762e-53
2.5103867095463563e-52
1.2913945579775124e-52
7.924957774021206e-52
1.4398685399904297e-53
7.112571302706695e-53
3.437573884497093e-51
7.593570135920047e-54
1.314998824001746e-53
6.777074222996307e-51
8.919287248283339e-52
4.892599886922049e-54
2.7787554246137484e-53
4.2620847126124584e-52
9.060463185916972e-54
6.127584302877906e-53
3.001407901033562e-18
2.9600780100690687e-53
2.685991137882724e-53
3.322252655998613e-51
4.740189499395408e-53
9.399364010193685e-54
5.346730798809137e-52
6.124675955307506e-54
6.150187950211679e-20
2.5572454330594685e-53
2.0469085310796685e-52
2.491726393139144e-53
5.503529036095049e-53
6.347218459652413e-54
5.978453925167699e-54
4.830070491389772e-51
1.9199479084618122e-53
4.88968839865909e-52
1.011580090925162e-52
2.146854091426179e-51
1.7463697037575217e-51
1.2043094527682176e-53
2.077122879794516e-53
1.3578784141624706e-50
9.053385179874755e-51
8.522975975147426e-54
3.6609433167204183e-53
3.838315363377288e-52
1.250321122280461e-46
8.34343273462934e-52
1.1926506493337572e-52
7.308747284572159e-53
1.1461057700034754e-52
9.700909524566678e-53
5.0503659757061414e-51
2.4937267185711898e-52
1.4826145030068705e-51
1.65424863705595e-53
6.538667947918505e-51
3.155347204471255e-50
1.0817831624406159e-49
3.111679234513174e-53
5.420395530164959e-54
5.018609926979792e-52
4.57552952897135e-53
8.742757921907374e-53
2.0609432218364733e-53
1.9287599255172836e-53
4.695899095007718e-52
3.61746295059703e-51
2.0861146880330394e-51
2.6667057816588535e-53
1.0575890218911665e-51
3.9035217533718074e-52
9.24154468350286e-53
1.192485741075454e-53
1.2381186806629759e-51
2.1476050939042603e-53
2.8156018334753024e-52
3.33675736023422e-53
9.270405692116533e-52
2.1556605125758926e-53
5.299563436993333e-53
2.416239475911917e-51
8.946776396313332e-52
5.987612113145034e-52
5.120947506152449e-54
3.4452125835650787e-53
1.9007955730911763e-52
4.45680221381148e-52
3.161312524977772e-50
8.524781157092505e-53
7.384600874064886e-52
2.702242375603288e-49
1.12548965976519e-53
6.2420463031247815e-53
1.0150890614913271e-53
1.2291104183917194e-51
7.734817106901218e-53
1.094457636461143e-49
3.5259546950069264e-19
1.1797860953379332e-52
2.4335900619291615e-51
6.3769748983601895e-52
4.367884713952628e-53
7.215235972921177e-53
4.944695877781359e-53
2.3259546107113374e-50
3.7806470189514144e-54
7.695723723223774e-54
5.699083376789743e-51
1.2710642476159717e-51
2.2182488291815816e-52
1.2878047038272108e-51
2.177221229458648e-53
1.3689996313578294e-51
2.1022465954465414e-53
2.615136870269501e-53
1.403254529430028e-53
2.8415183085552535e-52
5.477695194773655e-53
4.566583071966668e-54
3.430849868424697e-53
2.2880393994900885e-53
3.173373763072996e-51
4.086087866856793e-51
2.8248283117424627e-53
5.041412281406528e-54
3.827009103845506e-52
6.987104807209711e-53
2.5876552270118187e-53
5.301666332531217e-54
6.828566259028055e-53
1.2048498147882468e-52
3.8172469307895004e-53
4.944683648673531e-54
1.1778195829832625e-52
1.764913910462704e-52
8.63809579292434e-53
1.441774858925981e-51
2.5921333091882344e-54
5.722060870461239e-20
2.025813533129643e-52
8.286287184073809e-53
6.430005697966252e-53
9.049572306737024e-52
2.6383414980010392e-51
1.8596797042449342e-53
1.5385387033221107e-19
2.2352291565839978e-51
1.8491727546197957e-52
5.721481493128826e-51
1.9175132600425213e-52
5.495533558637407e-53
1.1508205349273585e-51
6.015000718428497e-54
5.020959123534416e-52
4.713621001324229e-53
3.6370915735048584e-54
7.632146680244898e-54
1.8207972236217595e-53
9.841579238388354e-51
6.577815267697397e-54
2.3150218730846896e-52
1.0993196029130802e-51
8.779385182910141e-54
1.5390214408392247e-53
2.945467733013029e-52
4.046195935046594e-54
4.70477788435401e-53
1.401304530526717e-53
2.6137878961653923e-53
8.971684258089892e-18
1.1952438470797082e-53
2.873593937013979e-49
7.580550027396975e-53
1.593302867321802e-51
1.823185575572462e-52
1.0163372246843652e-53
1.44369335365798e-53
5.7378338867553834e-52
6.554657503193946e-54
2.774705781986049e-51
3.391558652833589e-52
5.356340617773505e-54
2.565834777972329e-53
2.1028344454397958e-50
5.493828034062183e-53
5.559166195334322e-54
5.209264123819906e-20
1.3114158701006372e-53
4.285789403709171e-53
4.3468435742741315e-54
4.359645247918299e-53
7.375827015287197e-53
8.395825677038588e-53
9.094116619161503e-52
2.2827976542202674e-17
6.112904722750084e-53
3.8467299265332535e-53
1.3618982167824662e-51
1.1227876153180154e-52
1.8136198123232593e-51
6.2437057967191e-53
2.564943639961372e-54
2.633293266367556e-54
4.392692191134173e-51
1.671094106288223e-52
1.2111086451503784e-51
7.642660822699616e-52
6.11896547222922e-54
1.263908876510507e-53
2.8919972337435886e-52
7.294313538715124e-54
3.3394337772290723e-53
3.2597410801163127e-53
1.5253589931499556e-50
1.0796343504503645e-52
1.6376880527431564e-51
6.909122983763404e-53
2.914023874433911e-54
1.0647227580272545e-51
4.884351627138903e-51
2.5370914201837853e-53
4.281936997933762e-51
1.7189393126650112e-53
2.5069538824104115e-54
6.233268220421971e-54
3.2336990091504285e-54
2.174195809332911e-53
1.2429942582591065e-49
1.212995745319029e-51
1.558362829950353e-20
3.1128749219912415e-52
5.574648481215396e-52
6.298850404764516e-53
3.7720923678811157e-53
4.637321258104509e-52
3.8117256976220274e-53
1.6216610564817264e-51
4.873934647973994e-54
2.52355804837343e-53
7.09142874194442e-52
5.122368225645764e-52
7.602841568763643e-54
5.2647344312591294e-18
4.2366656428538913e-54
2.1168861296513373e-53
2.1067042716974747e-53
1.3408833674647918e-52
2.2407566331042695e-52
1.2017888125800784e-52
6.978082399122069e-50
1.7202934882889609e-53
1.3705762590065658e-52
2.4456261789196127e-49
2.511544816479128e-53
3.4247782781743806e-53
2.97421962590066e-52
5.51890801437718e-53
2.4079591429309338e-52
1.9914608103336838e-51
6.484384413874029e-54
2.0321703027562827e-53
1.7311932193287077e-52
4.805444552471138e-49
6.377449182734018e-54
3.551177515783551e-51
5.744656719120884e-54
1.9717839797550865e-51
7.017997271083353e-53
1.3099790847157749e-52
1.0809906260525318e-53
2.439530641474285e-52
3.398752649405044e-52
1.5081712184888678e-47
3.766336024586336e-53
3.2781662904094814e-53
1.0026771023193917e-52
8.724554742075074e-53
2.8756575282223137e-53
1.520258695950853e-52
1.6793626679777957e-52
1.3228824916455877e-52
2.0668526230082627e-53
9.946253883366388e-54
1.7346248779389442e-18
2.3485823112792776e-50
3.1249925307243325e-51
5.0252838635015916e-54
1.819541602396665e-52
1.9515335395287063e-53
2.908291867403519e-53
2.5703255498584005e-20
3.628027098058265e-53
4.914807657502607e-53
1.1456023178921445e-53
5.602112951859983e-53
2.4313475686042463e-53
1.462208466737539e-51
5.698908374517853e-54
6.172045852652116e-51
1.2678946448325317e-51
9.353642877913137e-53
6.70507532787482e-53
4.899483791816882e-52
2.1830487612949085e-53
1.9293931807033747e-51
3.401694654048719e-52
8.690331700190695e-54
1.199463986665388e-51
1.550531417243123e-52
9.830896750016805e-54
5.775011110244638e-52
2.3253007883337023e-51
2.5488713185899864e-52
1.1133923228451044e-50
1.996145693033701e-48
2.5616549607464e-53
7.050124923446204e-54
7.535194397797378e-54
3.48271140343378e-51
5.695617121148307e-50
1.8452132110629032e-54
2.664780910084496e-53
4.052956592576873e-53
1.051936202894409e-52
3.312180813577499e-50
7.949446492315149e-54
1.201980134362335e-52
6.615001030868956e-53
3.071204098623291e-52
1.1728401498727835e-53
3.2699893744315843e-54
4.767035164518407e-54
8.385462495240317e-52
6.080244587529499e-51
4.385233696732835e-19
6.321775116250817e-52
2.53686779511089e-51
4.434149170820901e-53
5.045143879131599e-54
1.6162033226584697e-52
5.198171858398032e-52
1.148272859017189e-53
1.588511350547078e-53
1.176628618036601e-19
1.381978605895625e-53
1.585948067359717e-51
3.273989363281499e-53
1.3443881734165265e-53
1.1218706782885889e-52
2.254798738735717e-18
2.4668390518625236e-53
2.686260919891475e-53
8.406048826159398e-53
7.100779324970458e-51
9.171664949698336e-53
4.140433284298254e-52
1.0026039121928007e-52
9.34923172471979e-53
1.9822371381594544e-53
8.833628607766457e-19
1.0901243486665666e-18
3.346586463635667e-53
1.74523463564497e-53
1.3513343613753322e-52
2.1694408965382908e-54
1.3694556632948965e-53
2.269215891630407e-51
1.8324391514361858e-54
2.9508861384117764e-54
3.5406958088941e-52
1.4100383546181824e-53
1.2210936284273149e-53
1.793073026245583e-51
6.050535534910332e-53
2.0206464875606067e-50
5.790168942542317e-54
2.1149856091974817e-53
1.4929898646135233e-53
4.1730837667042196e-53
1.2527092724460578e-52
1.1177364898558453e-51
1.0693615575056472e-52
7.060918296145844e-52
1.5672476343924338e-52
1.8202252230492815e-51
1.6191557924544365e-53
2.697035918701763e-53
3.6003682038021096e-52
3.0851661006635096e-52
2.5086568061114573e-51
1.1666207157874844e-52
2.259603829559142e-49
