0.0004998952317978907
0.0004453756383931568
0.002722311311415069
0.0015180028431754163
0.0008802830501516283
0.00043428269830888936
0.00030120423851453143
0.0011279742677976529
0.0004229081918262537
0.0007366348346629552
0.0007936727286406247
0.0004236915290203333
0.00040274002806659035
0.00032193695144738576
0.0005092635141977044
0.0015211251546930332
0.0005283662735193177
0.0002861702746726411
0.0007458279723470053
0.001031760728158335
0.0033776086372345553
0.0017714742842861843
0.001763612232496967
0.0004572268728856705
0.0021791668050948577
0.0005226195872717884
0.0005665801431568322
0.00209040537963313
0.006808231674331575
0.0008721446562205451
0.0005272872668729073
0.00045259498774516063
0.0004911108674640904
0.0004992664665784334
0.00024198513914770915
0.001131818430700838
0.0006359643000255784
0.00029481222972331647
0.0005156329106766858
0.0004464323799708009
0.005680406237780981
0.00040585503679018694
0.0008123927194971194
0.0003726603471964347
0.000209027998106236
0.0005867070099173714
0.001959912647050816
0.0027815389599705814
0.0006797595080656196
0.0004638883525352619
0.00030215226991731975
0.0002459538414604272
0.0029537874557426748
0.002116067694462262
0.0007805500898147482
0.0005849331963200293
0.00033692188836425825
0.0007857167330002812
0.00031898683754608923
0.0008964268336026502
0.001118582563805653
0.0003488226204761509
0.0004306154112485307
0.0007803080587520108
0.0009659780704714921
0.0004729990510216648
0.0003585316676865521
0.0004258554257472436
0.0005482665224560997
0.004157230646619579
0.0004585806965471628
0.0004187252608731866
0.0008336808959182049
0.0002307109994550712
0.00030883767507156626
0.00036308724494095245
0.0011280320984023977
0.000498070326600516
0.0007322958892752272
0.002085977704705591
0.0002711334080262175
0.00066084314197851
0.0006357669724305711
0.0010299861140347277
0.0003774222456063222
0.0006043534046220868
0.0011699551815447984
0.0005619380682682856
0.0006247607268060712
0.0006741210655243596
0.0002931156612586565
0.00025147709829467357
0.002244891343607711
0.001041311709592546
0.00040204792208149687
0.006379902890898112
0.0004375483765719678
0.0023388586115359023
0.0005136632147104007
0.0011268417927994012
0.0015906408746852723
0.0008249483042859653
0.003321976474514278
0.0001878822961739856
0.0005942575845619002
0.00022795850835374476
0.0002441147857574198
0.0009035433711740763
0.0032596749618717513
0.00025045966186648547
0.0009097502694445597
0.0003872195346912526
0.0003035370720230734
0.0004941481658597319
0.0005236740880158513
0.0023973870648275994
0.0017372188142827036
0.0008837740559857963
0.001066574874342348
0.0007751748550351052
0.0005674981494464439
0.0003779739852535186
0.0004859595861419224
0.0005435909983503153
0.0016798712787717545
0.0007411009839613211
0.0002589967341555771
0.0006474719787924745
0.001108715901470519
0.000536043675071021
0.000350617438692757
0.0009288630935482766
0.001328908814513336
0.0007994843225512222
0.0002905596785363797
0.0011827038556817
0.0006612751894573382
0.0005451734839292524
0.006021346894625784
0.0003600520214677878
0.0015096380172119111
0.0008749966699843593
0.00064730666013172
0.0009712280515300068
0.00044315952240894416
0.0004621523418389487
0.0005354023986282622
0.0005142444830333747
0.0008805907988774621
0.0002480492811340933
0.0004651570349512652
0.000258712248765953
0.0018126815689610033
0.0012888547431040497
0.000416718242611489
0.0037408461077816104
0.02552287232158167
0.0006796461894148946
0.003092487481749888
0.0003726080232409496
0.00045132610717469137
0.0008014649842243542
0.0006677918110407443
0.0017886908905584344
0.0008610999679168609
0.0005869077528448608
0.000518030633559828
0.0004561615210362174
0.0008530924583529639
0.00056807099968561
0.00038574486031387394
0.0006145223134574234
0.00041905957001668793
0.0023439140616919787
0.0006761725187405643
0.0012344478914673082
0.0009122465235112152
0.0017027534479631854
0.0019231202717873942
0.0005097431060923854
0.0005450137942279728
0.0003420950681266468
0.00022044926392466706
0.000310399205904632
0.0011625605974313247
0.0003897991180928045
0.0004691162432037449
0.0006094613438023031
0.0007284587810647407
0.0003748643401221377
0.024189317845382564
0.0006401327849330785
0.001446900573433916
0.0005571766294777279
0.000787775385172482
0.0013306639542367351
0.001025713238591946
0.0003259595177216293
0.0016068568795228613
0.0003349804738111867
0.0005488997025860311
0.002077438265947889
0.0014989807535186535
0.00042272620256963734
0.0007970774561967166
0.0005224246078806067
0.00029540644469205695
0.000808230775222344
0.0005438440605027501
0.0019420892923501009
0.0007596504991160581
0.0002032806339673453
0.0006232525091373105
0.0006418907534392943
0.0031854227343963777
0.0010330772735319823
0.0008034784218664293
0.000597319719605377
0.00043222308676728197
0.0010217206549103307
0.0006262765460027461
0.0008812877782996796
0.0008203681741033479
0.001100743946778919
0.00020623740412391425
0.0007845774037931919
0.001369931531050016
0.0005860258287651138
0.0022335964863116234
0.0007113969691380417
0.0003912431586196181
0.0004056895803591993
0.0003945282583139617
0.0008127003140382406
0.01823584550062969
0.0012841342090032745
0.0015472752146170837
0.0003240386256306998
0.000496622138982994
0.0003352862733250471
0.0002453569577187792
0.0009746103068378808
0.0009742926859368417
0.002087989428304576
0.002243082504305786
0.00031219905795108375
0.003228646820975264
0.0003590640514023841
0.0005976575100048153
0.0004095384301968313
0.0011362469589905487
0.0007072399975536856
0.0003205754250978308
0.001080026790977365
0.00021423719288862523
0.0010297494416770267
0.0008527312312425519
0.00024391064364179631
0.00047912978318098183
0.002457897851802199
0.0007319561438484877
0.0010109806265205775
0.0004906650510909841
0.0007924864263687973
0.0004474300241773296
0.00025757345805732133
0.0008261623671313896
0.0016084755466857393
0.0030863248302959796
0.0003933353201339419
0.0009411456240280228
0.00018523170066684068
0.002703482498345475
0.0019323270880616838
0.0002664069480330832
0.00040542483217958
0.005282836180927481
0.00027650398302925006
0.0003398180246692847
0.0023672600884160435
0.0003211289438766595
0.001044244475578081
0.00034365754968563813
0.00044298590452778537
0.0006435582489887608
0.0009147636287087423
0.0011628245857571446
0.0006381847194935989
0.00096043262029232
0.00033839228692800655
0.0005593808153983115
0.00023816238295467794
0.0004914431974114797
0.0004300378374639714
0.0007292450437355486
0.00040903170445858236
0.003089238084562083
0.0010837636744279553
0.001083972826574805
0.0002615525232275736
0.0004961343634150534
0.0007646669757260885
0.0006956015854329761
0.0007118604070495727
0.0007463252680219533
0.00021613286761583243
0.0006918297129394966
0.0007857315936765832
0.0025138912931892817
0.00025648481555568296
0.00036949475045665314
0.0005957642168331004
0.0008762224131546618
0.0005198889986640512
0.00045494340865706085
0.00024688655927566835
0.00036469744500163887
0.0006983778249773923
0.0007904457459686032
0.0007994826213191709
0.0004528143106434734
0.0009269877106095492
0.0007944497747120439
0.0008044175272914778
0.0006940981510424015
0.000528994256492597
0.00031551992191787787
0.0021972855376754447
0.0037174919436097696
0.0006473041182660854
0.0011157590177781073
0.0010576519644475385
0.0006428279975825906
0.002829698660848556
0.0002528697594105155
0.0005281977753825261
0.00026476928967376846
0.0020593737033931143
0.0016585542051744397
0.0006361902541772607
0.0005490018720568057
0.004028634380187504
0.0013873356443087285
0.0005496349970777144
0.0005981272714669603
0.0013327326179026011
0.0005281793470738779
0.0009707816772638673
0.0002529981642896565
0.0006492075130622454
0.000337103897929645
0.0004099943457755075
0.001601058271416559
0.0003140872774480647
0.0002867347214492798
0.0008704056899046813
0.0016671153477861424
0.0006712030444444045
0.0005746012519273792
0.00035525146848458983
0.0008426274982177562
0.0009754385924573872
0.002105279575910047
0.00037971957501485587
0.0016331276062714287
0.0009741199860020818
0.00036260088235325646
0.0004376591372302903
0.0010011937333681842
0.0014477479398902237
0.0009733675943834775
0.0019185090942832226
0.0003360256941333201
0.0007232239375084899
0.0004045649482532547
0.00026233111009337564
0.00042105840627740335
0.0005727552173149424
0.0004138358092213462
0.00045661182371169184
0.000542171778637339
0.000771595760658503
0.0010126903211244034
0.0006268967750583241
0.000446494918779853
0.00343070028259001
0.0006110634802828154
0.0004859053513530096
0.0007714550974046623
0.00036099994955115074
0.0003123450709129013
0.0004325665802853551
0.003099282035715314
0.0006429708013518145
0.0024219506934366427
0.00034443337896363413
0.0006031150089345698
0.0009228624550804003
0.0006904998041433867
0.0009441543638081811
0.00047807461961975334
0.006389158413838333
0.0005780369469604989
0.00031570884946547154
0.00021555723949623153
0.007787115568078555
0.0005308236719391461
0.000554549498118521
0.0008989567744183486
0.0016362763583227513
0.0004742285240438193
0.0008193009930207248
0.0007262187233552095
0.00019292817333580592
0.00033350086072560226
0.0007144276940826003
0.002046252993363448
0.0003961306783330307
0.0005204401813412049
0.0004899496090889863
0.001517969756425965
0.0022397369235338718
0.0006622801081660095
0.0005121193278659586
0.001118982524030023
0.00022359972867567373
0.010255976962345809
0.0007065316350372428
0.0004803479553517537
0.0006167388721878148
0.0002617788926075141
0.0008483975445532171
0.0004180023978806148
0.000611467645018943
0.0005434542201759223
0.0008914299899884891
0.0003227240548605202
0.0013046777353370996
0.0016146733766701452
0.0009686146977561445
0.0007533522311398736
0.0003396594485153007
0.001513206319892297
0.0013736176084410937
0.0007892218847657986
0.0016322332334220706
0.0003032248192949373
0.0032034378494271163
0.00045896132720568694
0.0007230526853862545
0.0007477196472884725
0.0017159203776339856
0.000282676143965579
0.0015942384775336665
0.000291085079651136
0.0022425589009052583
0.0012144806695027215
0.001133719182784005
0.0017830965906820069
0.0007521822905586997
0.0009113745344478016
0.0008526811523351742
0.0006163573204840412
0.0006256621412267008
0.0003448519764607404
0.0009881258780953905
0.0004102190210091368
0.0031898857488527263
0.0006311020276616624
0.0005344834458391011
0.0009654511451968132
0.0013538611538346543
0.0035857974544285898
0.0023593250789166126
0.0014586070680907847
0.0003703217082525133
0.004394417080543252
0.0007018344105875399
0.00039033018496161724
0.0008139315561820348
0.0012971796109039306
0.0008755536232091291
0.0006491188504019178
0.00043514137345572576
0.000982040667531608
0.0002930486483111412
0.0012728623878296302
0.0006070315447915015
0.0003060885505796314
0.0007846211743950078
0.0006334380316574553
0.014592551933761817
0.007685986569004266
0.0005058812999744779
0.00035164608234650516
0.0008624175828521647
0.0005611317149881838
0.0011618451023229573
0.0004225258518178617
0.00046150823975728
0.0003100974905453462
0.0018948383206366182
0.0005554594830118565
0.0004427289308557356
0.0024692363696911185
0.0012071634148334487
0.0006276425218446741
0.0004886100526819212
0.00028344673443569815
0.0004228429897492202
0.0006335324901979163
0.0005561083213272689
0.00038800211722216565
0.002458219010747908
0.003926880480624302
0.000610704045657564
0.0009457842233189688
0.0005769600164869998
0.004863551740477247
0.0008495239738800292
0.0006528477508660273
0.0047984179456790725
0.0004679188641343207
0.00036212869758589327
0.00019966384760297467
0.005042431415366146
0.0005546485090901969
0.0005503334141814459
0.0013537450216417459
0.00024108316393141319
0.000988579197904634
0.0010384564642708456
0.0008733523320737315
0.0016426934783101983
0.0005000524947360729
0.0007290844694942178
0.0003440615493591385
0.0004002372723246207
0.0007365733809492099
0.0007435634122190188
0.0006023573757036109
0.001798615720587063
0.00030277896532400847
0.0006641850800360033
0.0008779255438724295
0.0012304819850184339
0.0003360492489983574
0.001528262439650979
0.0006144725302831183
0.0007146536555451171
0.0005184079490728425
0.0014447617754370897
0.0007567132928304104
0.0006000798417458216
0.000549401842507481
0.0004633329985880009
0.002938151064820214
0.0007403023312819706
0.0022400797978461887
0.0006340887114388047
0.000273959000526681
0.0007712555319052924
0.00022508216064994374
0.00038765379332129083
0.0002502605411693381
0.0013030555948012233
0.0007028960201527041
0.0003531304223599912
0.0010239098333061512
0.003157675944249635
0.0013975587079266473
0.011083393778879161
0.0005243759330550985
0.0006991237456882843
0.00027453903834564694
0.0010700186163202102
0.0009766815420171008
0.001098227623807633
0.0012924707317880195
0.00029086879309117846
0.0008602647011989433
0.000553625281659226
0.0007430311223056039
0.00041049180960543773
0.00022849639937757308
0.0006208189291084422
0.0007471926615836381
0.00048024203949800906
0.0014388314982873292
0.0003091900925711661
0.0009884962439341745
0.0005276390779141234
0.00047609162387170337
0.00040836465096238576
0.0010701855265667654
0.0006490857519477706
0.00039266595808226424
0.0004847575336947375
0.0046167091372746405
0.0005761711143609157
0.0009944098359768823
0.00043590174315483193
0.00033935583228506796
0.00035979128429270346
0.00023574638343857666
0.0011544155735917154
0.0024100929195198456
0.00044839594818213766
0.013379283162556637
0.00046388845537675294
0.0007670577244478796
0.0007013011888388064
0.0011255656107385075
0.00040546486183154636
0.0005501308661306338
0.0005664065134649979
0.0005119817956430852
0.00160331465867089
0.0023037315636051606
0.0005135880129396303
0.00026554362171483486
0.0010664944677025003
0.0005232298453040832
0.0014633349306523032
0.0005484510374042726
0.0015943798211962104
0.0022346011746019307
0.0018760175236345617
0.001144123726895144
0.0005804099631417263
0.000673354721323981
0.0009440820764243945
0.00048263709468557064
0.0005593809236179924
0.01189009827225207
0.0008385399569257604
0.0005293593154253508
0.00223511477380074
0.00020674570809041675
0.0006552432445419383
0.00024611829126374644
0.0021540074235931084
0.0008784545896821958
0.0004046444325076797
0.0005321267201382331
0.000262540957622601
0.00022699446169583779
0.0005168307449882533
0.0009016426221420314
0.0008930040201316405
0.0005709852005096594
0.0005712258650992979
0.0012773063894025798
0.0008968586149818864
0.00045155283124467485
0.0010684599635109547
0.0003179930767935308
0.002383607712063695
0.0009217391270881646
0.0010735345228264192
0.000728584994810789
0.0006953720331675863
0.0005201962584500827
0.002638171338503762
0.0006755174635629875
0.0005094131032845082
0.0014174256398421044
0.0018596286855147696
0.0018923690477451816
0.001736469640157553
0.0004120674324340459
0.0012814558790757383
0.00041833066034217104
0.0016261793757679944
0.0022640339378994638
0.00042225488880633105
0.0008023372710611584
0.000421473337737494
0.0009048746690927093
0.00046832752916541775
0.0007194369800438523
0.0025885821921481484
0.00025755947247822064
0.0006684821197765989
0.0010128994484906004
0.0004586013221102919
0.0007710808015803125
0.0007532907040730314
0.0005264494312952526
0.00019759735599900186
0.0012870852386407253
0.0020280615087950285
0.0005240316421234694
0.00042427078235775527
0.0003900349501650985
0.0011904785413174516
0.0017839404438874328
0.0002063717035507407
0.0019687820992213972
0.00028797293675901183
0.0014753797030105777
0.0027483274480521623
0.0006224637921289088
0.0011739081065598525
0.0005013298742742115
0.00039598371137963107
0.001275138377686511
0.0006412968643170934
0.0006656384175849316
0.0006386852240682213
0.0012877873149590901
0.00227710558301855
0.0015333670176231392
0.0014794307953214948
0.0003391103768436858
0.003768955182064386
0.0007305390915280541
0.0008552621218832294
0.0006663619572700597
0.0008500725105467798
0.0015724442855355463
0.000609967855601028
0.0008338733308053657
0.0006716490816020864
0.002279143285282203
0.0016396103018988483
0.0008809392613087152
0.0003888981285162534
0.000481786412728439
0.0006699263406760657
0.0003993222791584385
0.000949519292083143
0.00035142532575375453
0.0003761888439542239
0.001600391208058357
0.0007097622365452244
0.0008458049135265772
0.00029193898492167476
0.00035976612266741016
0.0004275586310183874
0.0010400514197011425
0.013021264558332477
0.0007288730722217296
0.0007617919388577317
0.0003197087649815506
0.0016735591352156928
0.00020334642140605588
0.00307671862354139
0.00044516887584166137
0.00032658790518685877
0.001063020461263822
0.0002767669252113488
0.0024433822949923244
0.001524320320609168
0.000962514270766512
0.0003676169130328593
0.0003364935695930358
0.0005611506017551921
0.0006496413252063137
0.0003492114958600449
0.00038178215317556685
0.0017629429598319786
0.0016510943061216357
0.0012522154706060397
0.0007479379982366388
0.0006060295459708377
0.00032311828064581145
0.0011751667545851943
0.0003263886007466269
0.0008940524934735401
0.0002882673972608342
0.0007209959240291114
0.00031302623215250116
0.00027597277647786967
0.0005864902558078655
0.00041564254994686336
0.0010819008695964855
0.0005553516085177078
0.0007114609776699703
0.0005812511762526276
0.003318103450415632
0.0005135200501873477
0.0005442097170926484
0.0007034683325299526
0.00038202889489291175
0.0009073988207969758
0.0010223983697548377
0.0012986572115351181
0.0015395714353443608
0.0004374035101144392
0.0006675727369182217
0.0009113651960546698
0.0007559014850530216
0.0010183823509842583
0.001873869903754954
0.00033815833144898596
0.0005448249635425389
0.0004854979365145803
0.0004745513613420941
0.0009659606980341388
0.00034745720601522123
0.0008074089434166774
0.000325743322211543
0.00038283149776773673
0.0014653415138981252
0.0005775541374437619
0.0015127110327136013
0.00040754028574611814
0.0009418124641031538
0.0014288246627186503
0.0011980180222877633
0.00024501644618960455
0.00044329104679297077
0.0005386247816295395
0.00045887053168208264
0.002370800011171135
0.00032135773743200395
0.0009118629047408756
0.0029586572560757005
0.002162002404779559
0.000869458264794539
0.0010681834539047893
0.0008405623950538942
0.0010491135474644424
0.0007350201042204366
0.0011059767299568563
0.0009388222128874121
0.0029041319729454992
0.0004210505910689983
0.0018155210453186907
0.0006031182346187787
0.0004531861057431313
0.0007102701664718063
0.0013033916001764512
0.00047606953838474935
0.0004075516511925058
0.0014596189875213073
0.0004894235815340485
0.004090595342029366
0.0003051609331626153
0.0014369553269610936
0.0004381485644707754
0.0007296437146200925
0.0015401777783473946
0.0006528706356780785
0.0030610260167354604
0.0006629422733948419
0.0005954472142691317
0.0009048993485875481
0.0031238125213112877
0.0006626061239477873
0.0006561314732128025
0.00025902350229348387
0.0018838574127898562
0.0003592020668962598
0.0007019990584683265
0.0041025860351675035
0.0019451558836599235
0.0006059206382281182
0.0004030185136314027
0.0009595569588912925
0.0017320656956577656
0.00034108992036674
0.0005687793849650575
0.0003645911266581556
0.00024167069562957853
0.00036430291433947934
0.0005443633446702479
0.0008803165537582451
0.0003397192188292893
0.000863587090132621
0.0032521329885793495
0.0002375085217356415
0.0013034820082772906
0.0027892059727901877
0.0005282711911432855
0.0011845693622720835
0.0010053716614315626
0.0015877576526423947
0.002046615651683757
0.0007136854161081498
0.0002861884550651986
0.0006686629945555762
0.0009195278021830775
0.001049869441220068
0.0003964511371527327
0.0013084381319599953
0.000503996672007602
0.00029327026164514884
0.000543190857461788
0.0004563798834918351
0.001501398389482536
0.0023576081149281423
0.00044302030949385906
0.0004573330158332492
0.0009638355421867806
0.0006415165705876079
0.0033478933554962754
0.00044553107823717665
0.0003279083952301005
0.00028796672163212066
0.0005299636748579404
0.0002473821357150424
0.002146485345221615
0.000507454806336139
0.0002551772861834166
0.0005584979602631207
0.00039094798179707566
0.0002462977309925912
0.00047702399016102265
0.0004110051632071905
0.01243945743211525
0.0028215686548285243
0.0002461735329514222
0.0005232029085159428
0.0009404476519993852
0.0006741369866706766
0.002730193888055332
0.000614794252745664
0.0005651815400290401
0.0029658160172039835
0.00046717455825298485
0.0003771754966138937
0.0023477453482789144
0.0005671337996856342
0.000345041392034928
0.001715640305251025
0.00041461612106247453
0.0004565221467544108
0.022181829620460104
0.0008592964294250856
0.0011500878637294347
0.002638299187906926
0.0006949152750133189
0.0003377511033757847
0.013806238773446071
0.0011089288061730473
0.003343049641800861
0.0012155517426891164
0.0002853536665379432
0.0017457527449385927
0.0004955659471945919
0.0004223106884662049
0.0004634219335342048
0.0005725494695239951
0.002154173158538109
0.002089780169141888
0.0009127404194760595
0.002411587587848925
0.0011315220806266632
0.0008313482749094193
0.000468597406709636
0.0009451584616274034
0.0006167253976840007
0.0015974762828500036
0.001290989946380827
0.009677935261310833
0.000997290540713607
0.00023131021684958368
0.0058684300747591095
0.0021680280583457686
0.00042212533885749174
0.0011534484123323304
0.0005046415478397275
0.002589108673389737
0.0003874883941479295
0.0008136815052021185
0.0003537419379140092
0.0009386509960287882
0.0007658469387908349
0.00040783504311237104
0.0007227083062075129
0.004781036307297157
0.003978536044107396
0.00034181811157474085
0.0008835883121789915
0.00031796160214424334
0.000366015654515541
0.0005736401776453128
0.0003182795602824481
0.0037721329315853853
0.003271615021887486
0.00033422691090973563
0.0205224910395894
0.000474992117793561
0.0025599870890952703
0.0005215872710383653
0.0012639223852589777
0.000397357335090809
0.0004724641721923078
0.0005923737099476312
0.00031118953252841575
0.0006691861792227082
0.0027566749240317727
0.0011491962745742627
0.0015474904180066895
0.00026525287573818623
0.0003686028455133182
0.0005868120791382784
0.001364991960511153
