0.258580145797477
1.1996194617648062
0.1926765382460056
0.08499692207123177
0.11463675973694813
0.129857844304985
0.25586833275719356
0.4974143319894135
0.39338996440947593
0.09313879443269829
0.41786593874624844
0.05223337167577115
0.06278222836456021
0.11846890339643487
0.7890810931571579
1.3252009261505648
0.022289913617386848
0.03411699163925065
0.3469737092665485
0.10358831827979817
0.023906313535154718
0.07490809602297047
0.17005166208615147
0.01185654272722633
0.2932669886887312
1.716829988718437
0.07250500560643057
0.3980062352567778
0.028062680044747042
0.4422458085806396
0.00728410984342194
0.13475656231632896
0.1456777749272346
1.0
0.6675764313975285
0.03819173657237805
0.11605645296090128
0.5698939127485974
0.43287550705409045
0.1739802904607599
0.23172640284807705
0.3256511890240136
0.16234654952619768
0.23412218903735868
0.25831964669296154
0.06891363809826263
0.16065151693998952
0.11395116266781823
0.1861425190695491
0.5718093489774833
0.05655757317629062
0.8543347933823005
0.5174452437238168
0.10143197603051322
0.12998830144363993
0.11897006445118613
0.11365874309961631
0.04454370654019869
0.011699583956036713
0.04750835021596138
0.43086710142963297
0.301261350071086
0.028849132648525927
0.26823307845464134
0.19721752670525833
0.042431219250928
0.11691153621220327
0.0217405292864688
0.025285845357857946
0.08541445695547781
0.01469989996382856
0.19052015696017963
0.03353383234490195
0.30476693027582125
1.168671344221843
0.4901753470772155
0.15390074590106134
0.29980755802944126
0.018746954235286713
1.0
0.27011506996328355
0.7010133166229789
0.2658096440459727
0.23104037028423244
0.08683380180110165
0.007231901012377422
0.17643981011816323
0.052483081561585196
0.32702099824122394
0.03866604705620517
0.09691819584028956
0.12025844522585014
0.12343576704456288
0.08261583210953496
0.5172436831995705
0.20952294501576674
0.2994756188623149
0.0964500786892582
0.10656371013318977
0.0844531272132457
0.4231981113254562
0.03034960687642993
0.1044844204650607
0.15075174309203188
1.2078305930808373
0.1960755215060861
0.09097608090985534
0.2820290272746224
0.014388101004399894
0.044231786702991396
0.24282932676946273
0.4329035331527278
0.0766928059486988
0.04846335093182476
0.08179352474011758
0.04574642078595433
0.17186460137316012
0.2590175994148491
0.19886685593232567
0.5775152523642703
0.01976214163637622
0.04009720388420058
0.01440010099159434
0.10780867095481628
0.09140658755350656
0.1994851685880354
0.2686315066861114
0.027406789715365178
0.6659237124876526
0.0333347932500427
0.01608503048488834
0.22522106803310615
0.012669141027827917
0.029660243585576486
0.2305712826537991
0.11202002824923762
0.5997905010084298
0.14061527384499375
0.014300125641969206
0.01633327095233168
0.5027306271492061
0.9493476181530667
0.17024400706087628
0.030220455742948172
0.02984137593905032
0.027920035977601447
0.37968901287717816
0.3440486570915769
0.1416141448088966
0.04626107027050616
0.6784134598226972
0.028538709477499022
0.1586922386629264
0.10809486745596436
0.015255700013351763
0.03208294835276492
0.27897393193211384
0.07146880883131977
0.8970009733621407
0.33931270658930424
0.2613817456588576
0.18900823941810208
0.12980283500398362
0.09815230204382806
0.21426007340044534
0.5000210071004292
0.4201162724533742
0.12933603817743333
0.014417170988075444
0.0034394456924303654
0.8653592991102266
0.7972633008385603
0.36606172759824906
0.014221319955586792
0.11913985520435003
0.13037268766987506
0.09864166774565873
0.09264980892000488
0.1224804454891822
0.22403988728981125
0.14097825372728237
0.008083984303396153
0.34806908982058427
0.21291834647028757
0.4545977111746347
0.08765376110331047
0.040114159291778625
0.16894345912284156
0.25377321418598014
0.9357068592711338
1.2079540480798523
0.20426659401934716
0.39784452558697697
0.007619097066663712
0.011661442959917084
0.01206447680458022
0.020210051318337047
0.23925684132139008
0.8691671706428098
0.023238419639918316
0.09059229778171658
0.5702354015480003
0.01562802898262947
0.8944554799625503
0.012716101026979974
0.0988400407075042
0.2511503796645838
0.01792391428174817
0.142016810460973
0.1874170841546919
0.13652116385103177
0.4245509727656855
0.047827653908470186
0.18472339364038248
0.05734513838931958
0.0869625301791396
0.05896290722713424
0.4210222088525558
0.001918465498918221
0.1081091398832539
0.02981441648922472
0.6188928966432242
0.18528081449445305
0.03585951808510815
1.0946536081723413
0.004993976448227647
0.021009481350012
0.024277816821064304
0.4208794954118143
0.03584300616500199
0.038155883073898174
0.08434729706846254
0.03303845473557741
0.05091710558014203
0.08202493245493699
0.38616880730733266
0.14797591160501866
0.5039797876526004
0.007296467897696052
0.1519388281919177
0.024205991035199444
0.20030739148143237
0.7101750523743134
1.7920407694727625
0.03363148089082259
0.6846405286070257
0.2612028707961185
0.056635374743699514
0.4338879980888664
0.32677814300284075
0.0635221543783326
0.3125321020636854
0.013517696431221112
0.16801519786346752
0.09794985301048396
0.11860551530624613
0.9551159853954992
0.019749261215619998
0.03996188887043729
0.009350525252596319
0.048234201967060436
0.002605954234265012
0.09947288060040956
0.03358836271491893
0.005063007561541047
0.5648946801933773
0.003106956212521416
0.11219472062964479
0.021616016652491903
0.02157491239443025
0.8620015451780445
0.05741478156784853
0.04270872166501596
0.4526012216441559
0.14266521698973333
0.6628793438622782
0.021242025628866464
0.09056435124001089
0.3583564416407126
0.026693293280996875
0.004364977852546214
0.007677862718891508
0.2754784689282009
0.012745633296776884
0.10951894759587823
0.06384957009290734
0.05710040528968328
0.004049274268227576
0.04500178064089243
3.2868967202545405
0.16936368293667772
1.0
0.008648710175246292
0.3684769588126562
0.34095086410455766
0.3186924304432532
0.19284528307852217
0.017733666412438547
0.024232927044694087
0.0335098633101809
0.2063370494205793
0.07385562122844104
0.12196231331561608
0.5570001402402623
0.05918660264575838
0.030183102721314716
0.5733982220170658
0.3748356786493266
0.03389159002203173
0.11195705958754111
0.7354438642522184
0.02030248496342143
0.00229890630061864
0.04576334589793598
0.4332424159700548
0.005420910986648362
0.0628068543208935
0.08501579716454338
0.5891023112059975
0.021366761130670806
0.019328108330849168
0.12876491413277782
0.3010817826228248
0.0012216473043619549
0.21920830991315968
0.002411696120251131
0.03140658411241789
0.06437494171191688
0.0647188484354354
0.00018309443665881343
0.11930472384725209
0.012804142312090925
0.0620251459003583
0.4405848185857135
0.04613977352556991
1.0479452687361508
0.018995759138616158
0.07517318070024441
0.1342146333413481
0.04342640670374619
0.32959267194410863
0.0053179848203620825
0.05165743946561532
0.2809347088060881
0.03546228627658991
0.13098914729128666
0.00302896280638525
0.022365685014983355
0.10350356816194488
0.006100812204896472
0.0007240985243221502
0.019220414556785463
0.004351171640024389
0.08734360601225906
0.013924511952168641
0.030467856176348004
0.09004910763626973
0.03598502610332663
0.057034541016858196
0.013140139735568823
0.013832029235073788
0.10022745481532526
4.743667263231599
0.6708782572305378
0.004311882388593643
1.1167913713922715
0.008788536054960468
0.586182458871762
0.38815249629125315
0.03178680247267312
0.011713865324164215
0.056537010595829024
0.0029670369595143045
0.017126816066124283
0.24751371967807448
3.5593442074433055
0.5494652918566355
0.6329286575500905
0.06902869578095099
0.03739470282546388
1.4929005828039141
0.42591833624202496
0.026348376189259132
0.0287140924987678
0.02607519836720934
0.05035293971319945
0.03690085596941996
0.017284716813556512
0.026604105680019717
0.3421699832203563
0.041914460174373655
0.004206813104690363
0.0026008496807014645
0.009313285930659698
0.18737166097432995
0.0973218693129496
0.00438507440772189
0.174968156719407
0.2763546486770324
0.03834904134002359
0.06995672556231862
0.3178258218642939
0.07963465699865746
0.0014548618412370093
0.040444371013666186
0.2830872879652773
0.0016969959057807655
0.060309141831404754
0.28398800695554344
1.652098871481337
0.03439087239266902
0.18004939562641895
0.09999732507558642
1.6393996578388226
0.4682386582997642
0.10642098838234676
0.002707898406958613
0.22542120228877943
0.0022203677620826674
0.003101439666819997
0.22125050750126737
0.13676876414331798
0.11566513540015098
0.029613647733456133
0.38874446956955716
0.007621118753878528
0.18594113043619614
4.303851277250832
0.013529442907347861
1.245414957680229
0.0020087468470961116
0.0862942658253193
0.006944636639400534
0.022861897747261172
0.032961094769901646
0.048235154075150985
0.005754131738729209
0.012955556308029085
0.022361366579734778
0.012157691790395296
0.1122477747317599
0.004346249560570332
0.23743793634713095
0.07385244247696951
0.0013320974948162953
0.0009922312447002758
0.021485145641742382
0.017140298293089745
0.021415343941965745
0.0015525603217385559
0.10084902655673555
0.03625440919328411
0.032680301149668155
0.04030432705041421
0.032748575873821587
0.002955329546314909
0.00624908136985177
3.190547867506875
0.1651589036736628
0.5917955822605309
0.01875771577367881
0.00030162900365816983
0.01956731082926045
0.09479317655537149
0.017448426032586197
0.7400249212342275
0.02552302495240771
0.09135705663008242
0.026339272344481298
0.03846926308893355
0.015928735334739583
0.9574006430140577
0.018536134093458057
0.0039622626157338895
0.022531533555505547
0.053854384502331785
0.00075323493012713
0.00620231957224884
0.34290750536600134
0.16615786968095494
0.0028611344719693186
0.19727587792225476
0.05183706152264705
0.005125121944544093
0.5519557409124215
0.15503724728949883
0.0027051500446461773
0.0044089196034161286
0.4832488012876728
0.044214490794306026
0.26214368502828483
0.0005234180370877299
1.7272327928016855
0.09716364360509581
0.06285002763071751
0.11390413961529729
0.01891300511965283
0.1800170737022922
0.0006137168835694212
0.4592417794101445
0.024818690406946224
0.04734654559918264
0.15973666711309
0.6236719994317024
0.16063891843675343
0.03331440504990613
0.08928528846063707
0.07477238730390838
0.00159464646895324
0.2380608826912027
0.24218546901976828
0.034108349566136294
0.037923611673566754
0.7777892383699565
0.13609585026223942
1.071487933516716
0.02417889174745829
0.05830715077359725
0.008636537202046232
0.30161702223545234
0.028083933436859877
0.12049984387058249
0.046752795513385854
0.08109855848157176
0.24476812221120411
0.028458786015757263
0.01138208866796824
0.007896992464579446
0.0380829239919226
0.0005532698069851339
0.002043950885271814
0.12662008189792343
0.1396943415810359
0.004593945009496141
0.007783096909789979
0.8391439387110775
0.26319371991458346
0.1681389545630332
0.01877297148685341
0.006441242779228027
0.26478090079064653
0.17948367691131015
0.0015127162106221895
0.37016092985192933
0.012708920021144394
0.4991348845677162
0.0034493064306117126
0.0008521482464674669
0.4904077291459353
0.026210667898943652
0.13788541953903524
0.08709711910132041
0.05706243206317579
0.48278176543050083
0.013343311159533244
0.010936704298659682
0.0657466281058647
0.009911290351353037
0.18274223325874786
0.23836801902545546
0.06411733219024526
0.016668117952083512
0.04019568631506954
0.021816518840035486
0.006334460863379189
0.35765858763527403
2.319510973580511
0.21156033303626814
0.0008138946717841771
0.0044710650206043635
0.39474397033528374
6.59149060467231e-5
0.039633084784182364
0.05291419672375651
0.047390492063374104
0.047332502423842224
0.06293914152105141
0.0016198089147561147
0.0006139965563075253
0.004066242642044677
0.004745383640985114
0.04662132818129902
0.006093383005413789
0.19812654217086592
0.33043115719540816
0.7576641734044844
0.06900460184831542
0.007408591099503568
0.008171018215244392
0.011296752943538666
1.477610933222837
0.265513292818007
0.23266665987917792
0.525561364850271
3.424721129035745
0.00013430929386340658
0.04059418350643532
0.02618100714379215
0.0011862208164592277
0.12254274667666903
0.4164253784090267
0.0019003485320468643
0.04854520916146056
0.574739477424434
0.0032676758094578387
0.015431016273110179
0.04860252032185318
0.01926921791250646
0.026288802020876176
0.022326489305242544
0.9523626376490839
0.02590284594856309
0.1167031479512806
0.008293064348746104
0.012708805627019894
0.0006105487930632118
0.0009953976800558062
0.15367926101543017
0.1528165541483612
0.43589410840800685
0.03184748496446839
1.399238848354556
0.34105710584110993
0.04289214148770384
0.36864813936594804
0.0014290329590817355
0.0023554796523086205
0.8340099987743382
0.0411327525218314
0.007081371255886898
0.18383390346062903
0.19241879453450564
0.017910487796720515
0.0025293202128553235
0.002256721364436435
0.012649083349753867
0.21724061427115868
0.0009964754433668078
0.1502390542731842
0.0031540093893946196
0.10419858911303564
0.00022695994158954073
0.011954056423388886
0.1381729931667217
0.3009584679842091
0.39528400209288345
0.22928978186890625
0.005419480417641768
0.39104125203918394
0.02776580290097711
0.0013616911165351456
0.004036624341523882
0.3414041503343417
0.30557854739692314
0.005565572524197235
0.01817019339489825
0.029417520901495336
0.012746737732489962
0.6210497917285365
0.10380048403622173
0.5310597042279134
0.014452789325556598
0.0035075016450032653
0.0864414384760955
0.039854810967346374
0.19309470643625284
0.011061829281671324
0.15086618968181872
1.054332271076296
0.0037087509167064896
0.0009020194022204503
0.09685099817127905
0.008644429063277961
0.16046791217434295
0.0064776259211642515
0.018666422685669207
0.01020025695185189
0.0017501269871087433
0.10928456635102843
0.0005630500724132375
0.00675969475496502
0.4674915884766776
0.0047623835898597255
0.04348610212072308
0.0004222821385634003
0.07682676762132377
0.001647454454720187
0.07846448246870356
0.06826810861719847
0.09307506073209604
0.00040852575029086136
0.007691792419315589
0.0735523130629582
0.10044430149553775
0.09847983023961698
0.017663818253754248
0.007612310749626289
2.3045082896469786
1.2422881297235253
0.11011328381986121
0.0011198585976515088
0.0015116082257528626
0.2574294698006451
0.11288621442663115
0.009702502076174875
0.023673264436957418
0.009915857088914142
1.6809560630675948
0.05128281866554856
0.9999370255068101
0.29588956090220064
0.01542004617742123
0.9401958239171192
0.08606509891294244
0.031268139084158014
0.2009330983476963
0.018245073099142643
0.005377821028301746
0.09082990510062736
0.34641477378322877
0.017347878827505332
1.1215732519049437
0.05157830228586237
0.0033990415599316867
0.30712320091866296
0.10376913815485808
0.1288484314410195
0.0019484677883953758
0.01448816687713432
0.05911601812402451
0.010968310030341641
0.1530615069489329
0.24015580707752296
0.07518665028182618
0.13460728135963207
0.012271711006593126
0.003255721599573489
0.008381072781438952
0.11906283682518197
0.17283845737113582
0.03822411127111226
0.02794959480961115
0.1104944149697348
0.08050276634629434
0.0006743411055141745
0.1931814615126483
0.14689243074128172
0.010788785041947807
0.004189236133095826
0.0825544516384712
0.06387988643581242
0.32771674036156206
0.010932349724269432
0.013573002842622703
0.020488497324859252
0.13661413324868704
0.3922248512059288
0.16799718552162385
0.002728466567884025
0.2603959246448669
0.27195664793754876
0.30408991255818507
0.33279205247893767
0.009607430709284426
0.7317936022385402
0.006570564925985504
0.009110870527014144
0.27513100216819175
0.09981958278435793
1.083556710188594
0.05221578794113573
0.017800109063775767
0.1379632795697395
0.05755223402991678
0.15780489397784395
0.006620019350501088
0.009615324356959725
0.026015781159054525
0.08783751090880378
0.0019123161342067597
0.05752894301509606
0.04600335030551764
0.007346652722515104
0.2521764868637086
0.05894755931603834
0.1439020936979472
0.11374273567774773
0.026725366610420742
0.007705693102381166
0.26170292766662095
0.006290421922635343
0.0004959776021123137
0.011824600661209732
0.009529254576936302
0.00893304420731024
0.04737840769591686
0.267190263781745
0.0005917217243437147
0.08778795799293819
0.0076577875847604745
0.0875967946539195
0.09024588837612973
0.03834819995868245
0.11794204700573499
0.0008781144818719532
2.9296150605217366e-5
0.06347969911583323
0.09195620200896568
0.037542617571826586
0.2256034170042821
1.098000014556143
0.002994318166900876
0.003061054803895883
0.1028957126594604
0.20071321626386435
0.1295934585091633
0.11529304162888311
0.00019219782936936256
0.1271050398975568
0.11868753855459001
0.0753028875480096
0.0688029128929803
0.003011146107578888
0.0027339535802933107
0.28047883659617434
0.0007329442732915199
0.03613669383204289
0.002895958846855191
0.028357510557134202
0.12961354771340203
0.011930786067421881
0.15057139218351276
0.06549669035832063
0.01329545506500929
0.018807864723408917
0.002632898305260025
0.12473774136521827
0.39820853794215993
0.03949137560337952
0.008685327985403205
0.024649715834500888
2.322452597694115
0.036329553560913705
0.0017617665462888279
0.010419475734081586
0.03871390250293067
1.733758826752638
0.3418813753325591
0.29184317534496873
0.0018122236326908454
0.1369800510314878
0.2649594507985981
2.596587335971814
0.049188152984727986
0.0038633343084049105
0.01770321528523192
0.0280926011804052
0.005627150354528246
0.01124015256452617
0.02421866958041998
0.0026666444819611478
0.00017850064215622409
0.004018907105157836
0.01013603875450312
0.10251275105492492
0.14788995099229355
0.0799105576505823
0.00976659215538271
0.34741535598397283
0.10249504698659166
0.028392670366870956
0.4443687219471061
0.0029753988216124606
0.033987684385145586
0.022659619585925012
0.006995537811586087
0.01488356713389512
0.17043262317951577
0.02315614799402171
0.0003313060318953086
0.0013677995030150192
0.007656356556785048
0.2150033804927571
0.0003850033446556647
0.0015939607406267764
0.004177072862167853
0.007506112646418009
0.019119072195865363
0.004635542023777526
0.002563331986193907
0.16301526095096763
1.588104153798801
0.024050075787279766
0.22828933663908804
0.0010893365715644425
0.01361430218628842
0.13839955456557457
0.044814608073887964
0.04312050316900784
0.7296895753305654
0.03704185940983228
0.3145081222537784
0.0008022667632401638
0.06865887015338554
0.39605689032376556
0.002888793622417991
0.0055835662113800305
0.037429813882852055
2.1389379084660645
0.08711581218431574
0.004689628236128664
0.1415026092117435
0.01337160497257329
0.037652743305472434
0.04562285839322183
0.08637049680182618
0.8559674680593645
0.0019382247284258605
0.0014225487725832218
0.06021849043498072
0.00305433753480017
0.004204803128049842
0.1983000806274728
0.004550636525980026
0.06684592987917758
0.0008565636980035422
0.035684512836683585
1.1283601073762388
0.051099447658625924
0.013596496841768864
0.011651856093107218
0.4831328140041426
0.13913131944768276
0.0008106456018618795
0.0072873280858521865
0.0004821653398980394
0.00983033848640415
0.009456824262365679
0.05841545615606941
4.852992660994413e-5
0.0005066812446071925
0.05384966316421996
0.012093699592200977
0.0008896623068515365
0.0020517422215959643
0.0013502156018367734
0.7654258255021472
0.000562311876401509
0.000847862857486916
0.1253482891948647
0.0003178942442562316
0.06911091160295395
0.0017492903275984986
0.0940533024835403
3.1404048726064158
0.2438400933731508
0.0015549954118518707
3.0426065454689073e-5
0.00817268061841084
0.04621751849534691
0.0006324584403899926
0.004099624142438391
0.021104558780656667
0.06080784076923112
0.2470968469887755
0.20236862019269133
0.001319314600881191
0.14577495910570099
0.1674684982517275
0.16114743648782962
0.00017299304886038506
0.028612669567558455
0.02479795240159152
0.057485102289419325
0.03161740042906186
0.01309077193522458
0.03344406036833485
0.08470465196505457
1.3335724510693219
0.026937305915982975
0.008962679318789236
0.029729551121258645
0.33545423201062013
0.8931568933959757
0.019554086391342047
0.14584843086381832
0.3716757767275238
0.0004896751790997158
0.016123606786286035
0.01843734052926648
0.005544130494369655
0.013253425526533212
0.027554952463870772
0.029215174312170446
0.02584566108826331
0.08049753746086577
0.2814189899861912
0.07317299069867579
0.007626121496970054
0.0028600151936770237
