0.3855997527306737
0.639726929470807
0.10418746292780534
0.5467631348963009
0.5192834339112881
0.6490090412778285
0.4336519493713333
0.2110714753320062
0.19404908104237822
0.3233866615641508
0.1505693734228612
0.7697467938386187
0.34122012947250524
0.10547697242888816
0.7249744496699126
0.8142186850686329
0.16818872762175963
0.4032556750165012
0.3190762040697508
0.18991224019599792
0.23823266609864555
0.3166435988284989
0.024422501365763665
0.24318912671264278
0.12774027301459764
0.3134057358677178
0.37771663472136724
0.5196145792183958
0.10730649721693832
0.2362597005367109
0.5382236759717776
0.10916142016637731
0.223988093695308
0.06324670546759223
0.1632955332753384
0.18788098856395616
0.40738107322141315
0.2551451775723316
0.32996793043675254
0.1852013181582376
0.3192580803363092
0.0794194677987625
0.8641360747846172
0.15550676168439526
0.11561609786210086
0.3418928888294948
0.2673974216025872
0.07820145611941123
0.36084120834674616
0.23646272353950942
0.9046328472375251
0.4503924587729736
0.14603062052675797
3.54077108710431
0.1155376489253145
0.1170918893941382
0.10386006394962828
0.06697642662425893
0.6689605631493114
0.0399356607807546
0.23947764125473478
0.505615947260476
0.3195025144386528
0.17593800389569145
0.03134410151922304
0.1867529673370355
0.5072757085230478
0.3779507205865758
0.19924813913436387
0.2726420848115645
0.24258217486401076
1.4985088947239629
0.22636382218357126
0.12205138699219288
0.2079269748711693
0.12287844424723036
0.09649079766167915
0.2007330318070685
0.05103433078578844
0.11509766733958418
0.05717948153641409
0.16296992888477366
0.052532486572200866
0.8678751942601579
0.09891052833436557
0.26376352125076924
0.08729393395851386
0.22211791304384876
0.5227695663518421
0.6366126689818318
0.7539442672495716
0.07150020286860986
0.17758602444725222
0.706354169574011
0.30928219630772813
0.054441510557472116
0.024697957250047448
0.1639783307765013
0.11792878407194467
0.8944245192530288
0.31063114317789153
1.2403388793937893
0.4225034395621281
0.09595428836901941
0.18424194433487595
0.13251556625814076
0.16978750660620412
0.24520878633993554
0.7012178048967304
0.3015997315136813
4.238070827422543
0.029622689490676347
0.10113271870910585
0.17600252023382673
0.21578821298799666
0.28492253945706414
0.10219814884109646
0.11589291926998406
0.46248549355338636
0.6418816860958309
4.4036329525554825
0.06377196549429323
0.595290021084896
0.04106166084956845
0.5184177946708179
0.49831894860702797
0.6308701117293479
1.415231146402558
0.03247761055603634
0.06694117090810305
0.09136511022069685
0.379125262802414
0.3213500141446491
0.05295794718684828
0.10626671197996213
0.05778651873945278
1.9300374513938818
0.14323798502982235
0.1878207072164922
0.05660411692352091
0.14766544334967302
15.421724417646809
0.03650312515913216
0.052963547980914405
0.1525991644163131
0.01870517096634158
0.2200201568583935
0.02980724302948902
0.009822855255691964
0.4357522278969623
0.16239837722124006
0.46346272030926744
0.5066829648860817
0.6367986298941873
0.19786530085739482
0.21861132229217137
0.009878184402337056
0.01684157522693437
0.008596776214458875
0.8572247781055143
0.0760580395760193
0.42761131113046325
0.09666273518921731
0.29439510403094343
0.15036045433198703
0.0257481818044787
0.1483921005835006
0.30865956393139604
0.31741242250446106
0.36270012144721253
0.16714786132582463
1.1539595880915143
1.0159787713413344
0.18844686427825458
0.7042524044274977
0.12266817782773339
0.08967382135031536
0.12871686576002808
0.046165289058064676
0.05469539545552407
0.018407343262954616
0.5515759364122019
0.14142794516208684
0.011929236881864683
0.23593377734936238
0.776795871231233
0.07672274594933799
0.1905772663754983
0.23084123374601315
0.2943705711692977
3.9908448476909784
0.23899362873680355
0.037703289937864884
0.05674118871071375
0.239883551805574
0.04957726401786578
0.06862780045382416
0.019593208130132912
0.15080280357655462
0.5916952433795988
0.45049557227860565
0.05543686368804176
0.0956053878307852
0.09725958199859172
0.14403781631747467
0.09251026322474962
0.22215453609716523
0.12376133691574918
0.05178698809493193
0.13180459450593998
0.0374928462328579
0.09859658705895252
0.04947028691267153
0.00417858197847027
1.087270290800674
0.8130820242140111
0.19764578292429386
0.06746546489831146
0.054219747162779115
0.3095913684241629
0.7472490167588274
0.08616008663746179
1.2629803312515009
1.2470621904204922
0.014948030296339156
0.03359502455644997
0.026412056888444377
0.050124705400772115
0.024109323650808413
0.40567226667159595
0.04066341421614248
0.150819578995211
0.13044768822471164
0.07935693668731411
0.395944050567856
0.11912306656069295
0.05743306203536353
0.0416775801174623
0.11763256663512392
0.6105405477110394
0.057688229973382195
0.13698992725836093
0.09550624069932363
0.10828836271512365
0.1823427271285239
0.04639958403919544
0.10383741872817343
3.8104922781572843
0.07274010718541886
0.04676125240877868
0.41649674550080706
0.07785591374081477
0.35093020525593926
0.11063238048411674
0.028337156002378284
0.04464974645652844
0.03583923572252972
0.2728800894979457
0.2864045216740926
0.09425232529624775
0.5373779374326376
0.18427609942598122
0.0846253101902319
0.33281678755305877
0.08445269491135561
0.23410225768661194
0.3727062679100139
0.8937029801488019
0.17387937238614504
0.09388640515587697
0.0145877749655662
0.17980239649595517
0.08645950654995582
0.15965353925899908
0.11356774091804761
0.8474487488650849
0.7023165837668506
0.08566604760950418
0.9134135035222063
0.36950163170195
0.7988984441488436
0.23492369317853298
0.03558590556290434
0.09379638946097228
0.32206685963848997
0.20573520689371977
0.10716522241837374
0.013558841755155086
0.5229278721607155
0.037949885328790414
0.2282622918826158
0.2027789233575958
0.1410227988291492
0.05783045064632802
0.04405021417044965
0.3108360856143455
0.7982651004980029
0.06269627728543858
0.5815253915652298
1.050171973639127
0.14875841425846786
1.4848103238624766
0.05694306405711994
0.6338129796313582
0.04523959883728668
0.7632905467471334
0.0039799409811055
0.1229335215458125
0.1990810822276095
0.21216270214103902
0.040010654363836266
0.06645934683230444
0.029608097632787767
1.2062727359033243
0.050166933499203925
0.8776256513119503
0.14665287656530995
0.6501159190662458
0.034475772869958274
0.022313080558922362
0.18812284383958605
0.04306749627231287
0.05970369567938674
0.07144434373738154
0.02034596862619002
0.004988032430523708
0.7299601517808366
0.10872913974035447
0.005772482849191695
0.0709470164151734
0.015198137554642556
0.4163934629373743
0.16109497335729456
0.07469290636317001
0.05541429206769804
0.07549032702245173
0.42340604877183835
0.11790458856366472
0.7355025121820736
0.5552234670623075
0.028070145791725707
0.11061088416570733
0.024559922963293845
0.002659230423500504
0.10238680850637732
0.36896400146395775
0.3101690789381853
0.029175238856321256
0.23602788098140134
1.4692446426675365
0.008223443779550834
0.09005896419813639
0.12290156563476723
0.08139511115540474
0.15991142297518007
0.06058863264453455
0.016712082615174418
0.5199673626351033
0.02970544385161814
0.045992913844913996
0.2515893967950165
0.01828396035057377
0.08268693629813387
0.19335489378601406
0.5546054804821202
0.15530077235835618
0.05627378585611689
0.04687649811908972
1.636645414629643
0.04606612672709289
0.0374224812717563
0.5999636232305186
0.054980813722254614
0.052990180200120966
0.10097472602685208
0.09030704356444207
1.1002032315036632
0.11942344236444553
0.043696525130682284
0.4654810965349829
0.4095569130091114
0.2814557649726041
0.09758729089924302
1.0245568987982334
0.10998841322701026
0.8107365437376549
0.19055427272470488
0.14315158897459931
0.0407205925986486
0.03953618460046304
0.034091172278844985
0.2335868314169506
0.2417146974851767
0.2525586617177981
0.10846044385838283
0.012502956869810579
0.09857861488301119
0.4464208797389712
0.05885035816167998
0.15361712302040262
0.050586729791519035
0.017390118574785535
0.10082775098725244
0.12638232042522926
0.02025666634229547
2.3513128366719536
0.5670575342884189
0.0627104062778574
0.09966351294688812
0.053991117618338844
0.05915777255701143
0.12401307484794616
0.1982589242059428
0.3639583645533924
0.010775200214676465
0.04810027230741836
0.052935190903497915
0.08470222423167202
1.8551678054393022
0.24360261667242192
1.2769673150283058
0.028657709876066594
0.23819615310234585
0.5315989481691715
0.262189087471197
0.4638258318995376
0.09744948849422586
0.04359621265088085
0.11238180916528594
0.11325996744834123
0.10048126484271643
0.373928634633942
0.19550223946413456
0.030157516144760265
0.18776486916338056
0.1158367914972688
0.24198201662789828
0.012814028061457768
0.015525168767702173
0.5083232227011271
0.19934913661888473
0.07874653416721332
0.6053372405419083
0.1206571113600161
0.1140394791955971
0.023513398128287417
0.9516162436051127
0.00659223528312243
0.0874068600450305
0.23441578246782135
0.15500024045464103
0.1426434450419345
0.20259925369297058
0.030418479377079102
0.08303758573216688
0.022609842749280597
0.44666036597087666
0.16267080905973313
0.7191075106801866
0.28398449754047744
1.062756792081252
0.0006669113004736126
0.17444099176613928
0.018096690406057145
4.238539845467491e-5
1.213326375749909
0.05633094538866611
0.44502840566036955
0.17245941473794407
0.09108614040924043
7.245351835555197e-16
0.588903581474854
2.823606192928846
0.5907179010471486
0.3325974171952249
0.08670310949647465
0.18046574262437517
0.05882199880258837
0.07682414553956293
0.0035198459702961557
0.28400534429781005
0.9257033466745835
0.07908749595427549
0.00829855425188162
0.2500397356940425
0.22408327795342128
0.15291058533740004
0.050061556135150724
0.2882929408797421
1.533557592240078
0.12489588083206889
0.009736679942312238
0.027994183563798184
0.6425123687793517
0.06412933313384331
0.10343541212324313
0.0801416063862731
0.02065043506261259
0.031090164805099543
1.2571727935250099
0.042721839677665685
0.017597908682002075
0.532917261571849
0.18505825272409554
0.999857957853823
0.10256312544652771
0.8207159945064535
0.10075087762381313
0.03959263082427659
0.022535913744689585
0.09359459865888113
0.10260344776645772
0.2901198947160448
0.07946273390148852
0.031184892724698623
0.7841909992700681
0.006109864318356119
0.05326329456522592
0.0264668196462807
0.020304283994009534
0.02174223659534761
0.10394039420341725
0.05207862900358088
0.029806106551800955
0.027900516688315637
0.14134547303637998
0.14155507404004605
0.005629488369967276
0.04223211034355176
0.03217719895089506
0.15779259769141302
0.015620543007089292
0.20918825470805988
0.11863924337598748
0.520578594982284
0.381487077485066
0.011069644652210185
0.0498872097341657
0.1165124227956112
0.008315520836776565
1.0
0.669562169518166
0.09649463149037224
0.045552087042171896
0.010622454776902327
0.06032513198909923
0.8072476746068304
1.690811886793371
0.08756889910108782
0.0655903367964182
0.04777882362025138
0.6955230828548512
0.6401374997963052
0.05511076828701939
0.1115766730780512
0.0005385056812632547
0.07429679070244917
0.01998320850507197
0.5170408521652
0.26097892329971784
0.023184055178993083
0.13499686835941657
0.00823201063687227
0.031917174116050724
0.059171259785936646
0.15251351277587716
0.24056389813465973
0.05269689577830137
0.29110189737994013
0.32648134122526423
0.19242967592866897
0.7535971811218429
1.47492667775807
0.02921678014093476
0.012630373440575927
0.10466581369730882
0.10663214754681988
0.05340818264227292
1.0254065978201499
0.16998102546360383
0.1601021971641156
0.13856066765060318
0.08660759317688389
0.07546724602553916
0.056748248839725124
0.014145884370741702
0.1889276312130794
0.014995629324019759
0.042479422426971745
0.01835011023027264
0.020391939427047662
0.018560229799999283
0.00220571853738595
0.14961628682525802
0.6488024821372574
0.084281572974646
0.017346580114731742
0.36065595248697896
0.008993669446808008
1.2464843801563266
0.14629628549706541
0.029318369096050647
0.008893818057244587
1.9504555046091472
0.05898742436259304
0.03940075432841541
0.23400496745151406
0.5806633761533828
0.039680762536600404
0.19806787060335548
0.03919262791932428
0.04184673124014413
0.23911241023019256
0.11116581554723765
0.1274940452172563
0.005722500298980453
0.009090782417814837
0.05306841762041425
0.0303472578174094
0.013087834903462055
0.08343354270404048
0.09953340742648695
0.009366970760891677
0.08399524528662534
0.07146565768041556
0.6783295781205692
1.259057244741109
0.02812781585161893
0.36820661079938233
0.01101359175016076
0.221466351850714
0.005689806881740549
2.8001326036600677e-6
0.10249005869674638
0.18989496410193762
0.0148794399662166
0.006840142722834875
0.1477183414807486
0.26221595607048986
0.1857390026817475
0.02948429727388209
0.06470988145406115
0.0003288830690154905
0.02020387433621846
0.17142721231294417
6.227870405095056
0.6929493887452493
0.09313772969003907
0.03344562104981363
0.3652536271825537
0.23651693999801301
0.0024330513962508497
0.0045999573767124815
0.08100028647985794
0.004944409353311214
0.06067184074270837
0.008668038294171185
0.04756952848712387
0.35041612520828774
0.046113869676797335
0.011989243717728916
0.014800202591911364
0.02121853394119838
0.2280414904331386
0.19943495402414474
0.15132112621868413
0.006383995004300869
0.0002651688716630519
0.28728135218623146
0.013894531947967921
0.04743983522639436
0.10869100319359148
5.043002087067881e-7
0.17183475289509254
0.0033349365834384353
0.06911534495252869
0.05101032483929965
0.1641253519965012
0.06805714381938617
0.1371742082846558
0.072548890145378
0.446379701194201
0.010620332927653284
0.001420001980885787
0.9925406136359283
0.03895886253665083
0.16650305421189698
0.20814177738492778
0.38714688744042103
0.020548982662945185
0.03997751383006678
0.16635057425375097
0.03462594251627827
0.0019182806844344937
1.1298706074177007
0.030148964382721785
0.12633266096762652
0.023738562265737156
0.07980297124117444
0.5386146942168916
0.33192974242485673
0.18710688520278168
0.3519021578088795
0.08114943101699931
0.08696775098516361
0.06431719778528555
0.005511926131231158
0.0044358632219143315
0.02871874940190894
0.05441617350570548
0.003445710743650631
0.7710026211768155
0.1425776414128458
0.10135306738021051
0.04055293769519141
0.4814761972084562
0.11552021843366223
0.1905026407309537
0.1235944732068248
0.03907932950742111
0.45511457240166925
0.0023774755397248056
1.6323550372715703
0.6218269932649574
0.0740985030109615
0.0008527619184366948
4.954043103150456
0.04399885692195934
0.00030319344319422155
0.0004946544690070529
0.02562546865798702
0.2165108336709681
0.18997566634929514
0.23829640542067337
0.0006949722377025576
0.002197833891055308
0.39160023071166983
0.07712582749506867
0.20056491180290975
0.12704141002764527
0.36527395143112906
0.010074899728616717
0.07650684056717959
0.25022380267842537
0.06336094058299784
0.33294993602335626
0.3163360511326833
0.02389807576823315
0.01782462229017442
0.07008201338677193
0.07720335377981946
0.01601405889229714
0.09481891021704834
0.39221050420050724
0.6710445982045745
3.2461320869207158
0.007653368461150601
0.11075301858251843
0.6365760160405837
0.8508790987488151
0.046947201362896006
0.10391930926443274
0.0007857099348807768
0.03080596285970314
0.010257660082598142
0.001679889396455474
0.1136852352927482
0.034470831070797986
0.014953739456562398
0.0003623651251051018
0.013408972787888765
0.006623810108880108
0.09983702827554994
1.0010725886764709
0.030794557947469756
0.20101338882322284
0.25241067305582243
0.7439624543629496
0.6990470276229229
0.3579661836996895
0.11633276297595986
0.5156128381975774
0.002755616523463183
0.029057263026584894
0.17278138093929615
0.12166081943152662
0.003834087880201186
0.14665284440227824
0.02576102443285179
0.05287672351512738
1.4114203822012243
0.12506627990658092
0.015608841493966798
1.302596077870433
0.5535922954207741
0.11558978687205215
1.6178381026642414
0.9656945436726392
0.431128658040202
0.06143129766138006
0.06088377629612243
0.004434698876430375
0.04938373114127825
0.010474169580890546
1.374637660624034
0.3228116714880187
1.7452158571332619
0.0590618816835077
0.12215116447520587
0.7881244570283705
0.25615912346288383
0.14103925815126644
0.011986160642710542
0.07576697428246522
0.08160192722384538
0.002269206075985179
1.1430803022882678
0.4398209074626649
0.009827911250486406
0.017435598619152844
0.010563675813103747
0.5961728102508888
0.41399638555557555
0.09575218771501254
0.1739328858508045
0.06827221481390632
0.22762691999507118
0.008215895631790138
0.04133570357039957
0.23983476581391952
0.03558753263614686
0.24679300438792967
0.009101735689132265
0.019276218828716444
0.014911229019270536
0.44945540221847113
0.0401885616672979
0.04772224065267068
7.830787003450413e-9
0.034958662259156253
0.050058110712820236
1.017879838613565
0.16775657134586225
0.012045163054089345
0.1487270044918465
0.7284527554702751
0.04377384541098017
1.4138523824224625
0.017414999245632744
0.0029888143863048442
0.09291140326562261
0.011698275237740162
1.8401433471901452
0.060013603664725905
0.10321965507992942
0.014016451024833084
0.024582534989299524
0.026044516737010675
0.8470859835509201
0.3360185333438513
0.057333247098515686
1.012612196011236
0.10510969316909496
0.29296113483251296
0.0423861347722289
5.073503791229059
0.3438394234762357
0.4084740690250478
0.0030435995742131034
0.028316471054184514
0.08685805787051576
0.046373494563701184
0.000997028749123072
0.74304296497788
0.042227030160575864
0.20929167980448296
0.05343416442359528
0.010275240115695333
0.05239409426035388
0.020495377130077895
0.692772462064975
0.08429795259321678
0.0521796327153878
0.0524164222049971
0.0030130705565664427
0.3667032082682448
0.003425327572061774
0.8216422754486927
1.2715034586693372
0.24735598269370906
0.07441769962973102
8.267070997918078e-6
0.013858250998613509
0.038785906201310325
3.505301516657713
0.2513407100553167
0.10739284339354087
0.0013939845753003937
0.051799271179307986
0.02876944311804648
0.022871858045905507
0.05789213971235353
1.0
0.042398256233203764
0.9845042223440913
0.5589527524479139
0.290004321019937
0.10786959000723484
0.07633608131125454
0.038822376025716455
1.6723507738298475
0.008733782388200655
0.0024539227570936446
0.044292337247993196
0.25659117687181116
2.069755817929233
1.0
0.2154107386930017
0.290313394110212
0.0011302867997974666
0.055291831294316036
0.10038732631617284
21.885136080213737
2.9490457477112075
0.01716676710950243
0.010123614341728208
1.5791358805896074
0.2975542419883868
0.0002360882832168468
0.70776293108603
0.1640568766895715
0.013780267515767233
5.658200680744175
1.0692731764237989e-5
0.003550542404236927
0.0016967755174124893
0.04183085043737226
0.01767204825123587
0.011420064355096649
0.053353634984434004
0.005912960692128353
0.01987230086657208
2.8624446004524455
0.4888456988247256
0.014289411146627148
0.06238092555212754
0.09706232324095544
0.040807747314944624
0.005114180075102136
0.10268627082795541
0.024213595228130068
0.040752895668828365
0.1901298459610064
0.17855051971654173
0.02744193306665386
0.04092407179254176
0.007600988072576199
0.023583317152697573
0.031580843090403335
0.14028958752972331
0.33995919451954887
0.1109718866836904
0.01893276973169798
0.04258686468621457
0.23061565612693258
0.00019458758775026653
0.09729335301675886
0.6710363750825776
0.23307720643696933
0.0475661681343694
0.002855344378837944
0.00010563244685738911
0.059337060872830534
0.010473766181975734
0.206222370333759
1.2203864080044937
0.07224875103895148
0.012054910908181489
0.6120867887808331
0.06258602728052767
0.019977617451392506
0.7015507263514377
0.17801576361040072
0.21533046872873257
2.3718385080563325
0.5362387932556052
1.0133398161467433
0.05040283310582489
1.486333593799161
0.11219260717287212
0.0016346610154150613
0.3238597571408364
0.034601910659722276
0.1407680437280747
0.011820896757464576
0.017510992683495225
0.18650539116199708
0.07620591358628984
0.006681765029888855
0.0001728936511715842
