8.433604544283654e-6
7.38492325870594e-6
4.793893166806108e-6
1.900004913899613e-5
6.893446952052923e-6
8.74222087252398e-6
1.3308922973359594e-5
7.478412580841524e-6
7.704749327457479e-6
9.12504203836298e-6
1.318347269789951e-5
1.0629563030330933e-5
1.1981564540131164e-5
6.26108622678699e-6
1.769233387646438e-5
6.612546724254809e-6
9.351026931237142e-6
7.963136289610812e-6
4.61010567884904e-5
6.003733260698304e-8
2.4297363313331234e-5
9.920064889322043e-6
1.9392284817194985e-5
6.804482049621709e-6
6.2147731674781145e-6
9.802521818085885e-6
0.00013324508910113705
2.3831768081598553e-5
1.1350476911598158e-5
1.5187726138778887e-5
2.1220731249355217e-5
2.899686598486604e-5
1.2876636719846185e-5
3.4161157525628515e-5
1.5375887136042738e-5
3.5493690525336073e-6
1.3973855612841296e-5
1.0994763764204633e-5
1.1520484234771218e-5
1.8226255303052653e-5
9.284901144311839e-5
7.259688752653583e-6
1.665944088486096e-5
7.881609804276652e-6
1.2644359074793617e-5
1.3204313279817499e-5
2.1072818745248486e-5
1.1944401356092905e-5
0.00010143959847906316
4.464972743615583e-6
1.9724421075182056e-5
2.039324947423717e-5
8.607215062784481e-6
6.402179977549913e-7
7.63614361787863e-6
1.0219198577474158e-5
2.3525379845598174e-5
1.8861933945876647e-5
2.8640820681145847e-5
8.13199072024658e-6
3.111579047204771e-5
4.751567506606232e-5
1.4210957530604891e-5
1.4027462604866197e-5
1.1075507306411773e-5
5.457823229314133e-6
8.102155418123498e-6
1.2370239400321927e-5
8.005164191591023e-6
9.373481280143883e-6
7.689142896382858e-5
7.056250470350679e-6
9.836642067489291e-6
3.2270088400889854e-5
3.6426591521026246e-5
9.755139678399564e-6
3.430305983339968e-5
9.127124852314067e-6
1.466627769533777e-5
7.766101716602694e-5
9.459670023733148e-7
2.044740123548131e-5
9.464788646244402e-6
4.7653129418249755e-6
1.140837630143753e-5
1.2784516480614646e-5
2.1110943794469436e-5
1.4669067523616347e-5
1.4386636363583062e-5
1.0821368360734384e-6
1.0012544283354498e-5
1.884480431153544e-5
2.281570809295949e-5
8.212627694418283e-6
1.2302540507758515e-5
7.892565363870933e-6
1.835822978142686e-5
6.45175275863533e-6
1.0970164680929289e-5
7.189391844950214e-6
4.035558453088378e-6
3.291913887598976e-7
2.7062804127436444e-5
1.643793537692631e-5
1.4064124523805131e-5
1.017964076612198e-5
4.2973779782338007e-7
8.561832723907395e-6
1.150199765441861e-5
1.850704839172008e-6
6.400765426738503e-5
1.1856126192165542e-6
1.067521268910401e-5
1.2520387313359694e-5
1.0023647042118158e-5
1.6015543150019486e-5
1.2114119866691372e-5
1.4909181549424138e-5
1.786541332417472e-5
3.067073613575383e-5
1.6304707105451928e-5
2.614647226207802e-7
1.8889024784544864e-5
3.945281865310066e-5
2.9757353333732478e-5
1.371463528578746e-5
2.3182037171600497e-5
7.522268717239205e-6
3.6780280275800295e-7
1.0253226687570474e-5
1.4837567767754117e-5
1.3766491591114532e-5
1.1475984568924315e-5
3.40290442760354e-5
9.420145490345047e-6
1.5912107720264186e-5
3.548376577163255e-5
0.00014615333731952463
8.634520758962794e-5
2.8865246815393124e-5
1.3228838996788117e-5
4.6501071362130487e-5
7.206402208762929e-5
1.1481809019032726e-5
0.00012602993667904829
6.48744339291521e-6
7.214330867635648e-5
9.903713563950877e-6
1.264974363452063e-5
2.5012013850213454e-5
1.78059854477391e-5
1.2473592187455635e-5
1.4058373582227694e-5
1.537698401991075e-5
6.687525038566476e-6
1.3073339276883596e-6
1.3383129988811304e-5
1.9461906226252763e-5
1.2795511376455182e-5
1.723000208844788e-5
1.1211389017151888e-5
1.186042897433064e-5
1.5856393468783897e-5
1.6636409376651005e-5
3.2014868649783975e-5
1.721152062797111e-5
1.2967982120578922e-5
1.3837031432662779e-5
1.650561109833619e-5
1.932235400166291e-5
7.761849723816147e-6
1.3870087947649684e-5
2.698949731037419e-5
3.7350582076539244e-5
5.466951483915908e-5
1.2732484219926833e-5
1.3221680493257793e-5
1.0306152575858007e-5
8.904153445782222e-6
9.159593719440863e-6
7.136466473914549e-6
1.1881361524198706e-5
6.382511400626847e-6
1.1763082930983076e-5
6.695893591014713e-6
2.4226917821110632e-5
1.028290738391039e-5
1.1591938543500385e-5
4.1016912096227764e-5
2.0235478737858016e-5
1.4034604971208486e-5
4.801168789962158e-5
1.0300696761616063e-5
4.193610314996369e-7
3.909175534998588e-5
7.4335458334223575e-6
1.4299136788658435e-5
1.2979796631694348e-5
4.208228231952674e-5
8.610901459214655e-6
1.3204754207031783e-5
1.5044153844296303e-5
1.191010043475461e-5
1.1386228519008254e-5
3.7820480682617794e-5
1.3090181427197635e-5
1.446141743955508e-5
2.9358426769803232e-5
6.150374009426489e-6
1.0179753265156632e-5
3.0087168840331593e-5
4.082305072203074e-5
4.9599140951422453e-5
1.0524673604151697e-5
8.355490760835924e-6
1.0681592245425417e-5
3.928059603288047e-5
9.470702804239594e-6
3.663194109857931e-5
7.534228013547716e-5
9.93006977569207e-6
1.1137296110181151e-5
1.0802693767629697e-5
2.035941108973555e-5
8.646333496121611e-6
1.1384045826813298e-7
1.477616251491392e-5
2.357512007183474e-7
3.4423008764855667e-7
0.00012828124844420314
1.509503650826472e-5
9.854514202389944e-5
1.116525275853355e-5
1.121913012593806e-5
2.404108076765086e-5
1.0090658008147291e-5
2.5657393091739052e-5
9.407942836735165e-6
1.4893384475254635e-5
4.353334759577715e-5
1.320469899621642e-5
1.399028270685187e-5
2.2848646545035706e-5
1.0460659406673965e-5
1.174344584913623e-5
1.0393924838785712e-5
3.136870467918952e-5
6.795485305762392e-5
1.5294878690438488e-5
7.882884471158553e-6
2.743354059155197e-5
1.773337642460831e-5
2.376723222994036e-5
8.671552006204546e-6
4.0697579645206853e-5
1.4227402060328508e-5
1.5924737429434935e-5
2.7031226808354693e-5
7.190889799669931e-7
1.070871838734964e-5
1.4919156860173734e-5
1.1111813439533131e-5
3.7939780541213834e-6
4.601852302467071e-5
1.125894255243892e-5
1.693018666619251e-5
1.853932066344468e-5
1.385695638577864e-5
1.203660872602183e-5
7.633700251144354e-6
2.932998743372467e-5
1.0572116623786281e-5
1.9790526298249236e-5
4.487856048032526e-7
4.323344612149417e-5
4.699745614053833e-6
1.1318298435834436e-5
2.821563414871616e-5
6.730392308249685e-6
4.3017452705674215e-5
1.4252232406829558e-5
1.038844755782715e-5
1.6832486426330063e-5
3.293119658733958e-5
7.651235921166073e-6
1.8532456848277434e-5
9.882640741047974e-6
1.1831206088760978e-5
8.507648580245022e-6
9.801836539687766e-6
6.858073577171646e-6
3.0072579217325256e-5
1.370041253554104e-5
3.949621752290996e-5
0.00015699358231592721
7.282508650434136e-5
3.831800887794235e-5
4.9762740271369415e-6
1.2243921833332264e-5
8.18934267248677e-6
1.6160394493077254e-5
7.237064329575549e-5
3.846913748521699e-5
7.943830275112394e-5
2.321663649116e-6
1.0007702758371044e-5
1.829436098524065e-5
1.3247660799467324e-6
8.58418556720252e-6
2.5635699533382e-5
3.058410308370508e-5
1.6167083099293085e-5
1.5711609234856634e-5
1.0648800755704244e-5
1.4464516832427713e-5
3.158311045338752e-5
1.3110213770630224e-5
1.09992577836144e-5
1.8714564715650992e-5
1.2089461989843678e-5
1.4286489509788303e-5
1.2560797166047413e-5
2.4777852173158428e-5
1.6138996148472148e-5
1.2216327113167806e-7
1.2019189841613595e-5
4.64565420695608e-5
1.0370739841739088e-5
7.404428795274822e-6
2.563756782024719e-5
1.7928438891236368e-5
6.503272901665188e-5
1.2417177511812696e-5
1.503068214964315e-5
1.2621666758702886e-5
1.4249265760100345e-6
2.048000585912067e-5
2.00742132860661e-5
6.734996727136788e-6
1.0317513914717695e-5
1.1191308544495658e-5
6.151097160057818e-8
5.102388837614729e-5
1.1453434813124817e-5
1.1298076138938818e-5
3.43561121112743e-7
1.3683142615904372e-5
1.7907365226684246e-5
6.238941804738453e-5
1.6607501518326145e-5
4.9125595914140693e-5
3.407743946349985e-5
6.471125484514101e-6
1.4352352298457951e-5
2.4265970344209577e-5
1.1256413877226297e-5
1.997567943211573e-5
4.705474546972166e-6
8.147615878342467e-6
1.9155908057565273e-5
1.2935699482459986e-5
9.327477600177752e-6
1.4039085091449246e-5
2.39700630465884e-5
9.275977397515765e-6
1.5031120705860793e-6
4.1216813049396617e-7
6.937343494110474e-6
3.494081846065654e-5
2.5251366818278388e-5
3.2458793242568385e-5
1.2340890867862197e-5
6.799738975036579e-6
1.612516250192136e-5
5.503713065295364e-5
1.4954770675116459e-6
7.853579503317035e-5
2.14515744225921e-5
4.932149369307468e-7
1.1370190408982609e-5
1.4031462524383683e-5
2.181547699151169e-5
2.097156777573847e-6
9.254450084698722e-6
8.821280200746024e-6
2.4536078091047484e-5
4.9657203618259065e-6
2.9185875721705145e-5
1.7493364443108345e-5
2.7073166429198002e-5
1.3567632261795173e-5
4.205353095695559e-5
1.1490934249552056e-5
6.8198003730326e-5
1.7494405717026346e-5
1.1671329225601822e-5
1.4195968950020568e-5
4.477303839046458e-5
9.27692530397663e-6
3.110094588952832e-5
1.182026656388454e-5
1.229414961902836e-5
9.572272214754433e-6
2.7164378879407e-5
1.804812911571371e-5
9.439112561272129e-6
6.91631580635838e-5
1.6958453341143063e-5
2.8787904633743196e-6
1.8277833412752467e-5
2.8783388459977776e-5
2.608135803450899e-5
1.0470059425487315e-5
3.429496446050388e-5
3.254973947935382e-5
4.541338809407964e-5
7.449686451640738e-5
9.211182173360172e-6
6.589107097813613e-6
1.1652289851929669e-5
2.0331207219345296e-5
2.0507429771188383e-5
1.9829009214507324e-5
9.01786772438408e-6
7.558326764730936e-5
4.025494142363035e-5
1.2463397482961619e-5
5.160284652527774e-6
4.517669181579735e-5
1.8550618514439126e-5
1.3070707791331384e-5
7.410036813123528e-6
2.0853652011531273e-7
3.766218697552334e-6
3.190529687066682e-7
1.817158648987435e-5
4.160553655528065e-8
1.5624787263294643e-5
7.441855293108291e-6
3.9135523245967215e-6
1.8481144620091247e-5
1.3076350934809185e-5
2.90534151053363e-5
1.0229708898203392e-5
5.993141663758248e-7
9.42603418134185e-6
8.822180875907887e-6
1.5931366433630526e-5
7.54944975360615e-6
2.452847932826573e-5
4.218970066267285e-5
1.165274120072515e-5
1.1763999006820037e-5
1.3167773459642116e-5
3.9461782089957873e-5
1.792824907699202e-5
5.780202258137017e-5
6.856641415054981e-5
9.938810158830752e-6
1.0315742385996397e-5
2.0140825840343928e-6
1.1464043291657606e-5
1.4078165976452837e-5
6.188878671312939e-5
1.252015999546938e-5
9.209687480137226e-5
9.245599017101948e-6
4.714742845931327e-5
2.07918900195816e-5
4.0192842699806356e-8
1.781088856578124e-5
1.565342212972493e-6
9.81625295889527e-6
4.884707598926389e-5
8.425559262749165e-6
1.9264798516341237e-7
2.3188993877362983e-5
1.0752488799185435e-5
2.280256683513094e-5
1.0788015569138996e-7
1.3104021531754316e-6
1.398057151075961e-5
2.5445611548423902e-5
6.8098226267123786e-6
5.99662016202444e-6
3.4674611154294056e-5
1.4664957307580833e-5
2.1798686467419062e-5
2.0517960194899157e-5
1.586389854947359e-5
1.426788867394131e-5
1.4674913379773754e-5
2.2242056831008007e-5
9.581189436021106e-6
9.449169908411758e-6
2.30922198739917e-5
1.2691294980101412e-5
6.622159690686628e-7
1.9196846782877826e-5
1.422972719566066e-5
5.765593025121863e-6
1.2207605179434545e-5
6.539094770671932e-6
1.766722023327499e-5
2.530886070101751e-5
7.433693669121735e-6
8.223340371103773e-6
1.4349653378182058e-5
8.0248736967249e-6
1.7379926490077157e-5
1.2949725599456075e-5
1.2929340668436673e-5
8.587632915813935e-6
1.6053701079623033e-5
1.3205223231994042e-5
8.644526210782568e-6
6.549766920873106e-6
4.1236916840800494e-5
1.922606587788718e-5
1.639644977867681e-7
5.922854034993624e-6
1.2573120435977993e-5
3.820882892506669e-5
4.289530178827339e-5
2.12368420501757e-5
3.24722557622523e-6
8.076154091441655e-6
6.217986389505762e-6
1.7629093241513282e-5
7.769433655237038e-6
2.667222542032681e-5
5.398705921199639e-5
7.008901157874411e-5
2.9156426034382438e-5
2.2593650311258465e-5
2.5235657138126803e-5
2.9192081861228243e-5
1.528701160448632e-5
0.00010052060172432253
2.323203417220728e-5
1.9220328178114213e-5
1.0821579376260815e-5
1.2123227766981302e-5
2.9014093718404653e-5
2.3257420628096377e-5
2.1423719840158606e-5
1.510821221259132e-5
9.057471030680079e-6
5.148059868509492e-5
1.923881104939208e-5
0.00015298118450490057
7.05237190656415e-6
2.797069649745499e-5
2.1439800434082177e-5
2.6531891831367603e-5
1.7820992847112642e-5
3.8904904969685614e-5
1.1031123080751303e-5
8.62657950100083e-8
8.944513627313981e-5
1.882459890752264e-5
0.0001639345068625447
1.2660899637989924e-5
2.2613988483024395e-5
1.5509851423905073e-5
2.1562107441088464e-5
1.43242150411758e-5
5.185256780786429e-8
4.951586491468536e-6
7.126680940787288e-6
1.9193061170178664e-5
1.603058614331511e-5
1.2007514845174672e-5
3.7950438172607465e-5
3.751673796931763e-5
1.7116441249059714e-5
3.052959687647642e-5
3.2175454479297176e-5
1.49905348695419e-5
7.510830986512633e-6
6.404471219063591e-6
4.0291957374938296e-5
1.4051165598206102e-5
9.547911872745558e-6
3.668137457086475e-5
2.0455942873349255e-5
7.670177500496561e-6
3.414217544860876e-5
5.618708612058251e-7
2.8691025393857966e-5
1.7898436829187193e-5
1.3949306941209611e-5
0.00012295544222568804
6.517407750524152e-6
3.957351673915851e-5
7.4695701670434675e-6
1.1655334190029222e-5
1.016346963056615e-5
7.429129419052471e-6
4.677873710160195e-5
2.091473994527816e-5
8.647364692259377e-6
4.432867095296532e-5
2.4710918929124904e-5
1.4968816823751261e-5
8.636674961705459e-5
4.17309755704523e-5
1.1125293104446397e-5
1.190808449891773e-5
1.844015514812825e-5
3.2657173259973245e-5
1.0486399791248681e-5
8.773778259531824e-6
1.933569708336368e-6
1.0908966399343424e-5
0.00015842072632900052
3.3086059573159265e-7
1.0599331706506971e-5
3.736318006828721e-5
4.447931286084488e-5
2.1117694592260222e-5
3.4097342525067733e-7
6.974117557436473e-5
1.0799875791558603e-5
1.1656942925202479e-5
6.030247459612121e-7
5.646619919706648e-6
1.3545217936196023e-5
9.733309652136008e-6
1.0593239305896491e-5
9.762539453249963e-6
3.351563317660416e-5
1.0684854744355831e-5
1.8965552952780713e-5
2.953267377645852e-7
2.100192334446347e-5
1.2749010444622131e-5
1.043350963525473e-5
1.8677678073248935e-5
2.2223022900739587e-5
7.4079658539884686e-6
9.454409170287306e-6
1.9693638628167302e-5
1.8103233612407233e-5
1.9988129797347115e-5
9.49377577590074e-6
2.3101691115911964e-5
2.01478250468187e-5
7.097280490272828e-6
2.645983471817753e-5
3.358466491279798e-5
1.2138924573534891e-5
1.4525304505174225e-5
2.1138692993266815e-5
4.058363653752534e-8
8.839883123474905e-6
1.35936060222689e-6
1.3259003109873444e-5
1.609964141845642e-5
1.1008430169377397e-5
9.489137643727872e-6
1.89588826586058e-7
1.5433554096106257e-5
5.6315712970666504e-6
9.286890194950018e-6
8.116421126135386e-6
5.5276256945086685e-5
5.3254513038187564e-8
3.354586159977015e-5
1.5876513428129556e-5
1.5314158849682925e-5
7.909255487326667e-6
1.3692936635055286e-5
1.0990268773510458e-5
0.00015258854608572682
2.5042383564777408e-5
8.776676115935781e-6
2.792067678105973e-5
9.471202383084803e-6
0.000410167277329404
3.309152524687069e-5
1.3313357894820879e-5
7.766909453660606e-6
6.394872666241067e-5
1.2176640624175246e-5
2.2482302595578927e-5
2.3286996780593555e-5
5.868056990955001e-5
6.818003154670337e-6
2.3011684821039385e-5
1.2842730855068868e-5
5.04365276023522e-5
7.788714898269806e-6
1.3251811071039609e-5
3.1531824770118276e-6
2.2951580044347824e-5
2.4846556644797146e-5
2.148953901750958e-6
1.871527907681824e-5
1.4385673966544053e-5
1.1428558049785228e-5
5.544803074410788e-5
2.625673937777031e-5
2.193312770355088e-5
7.2036913783845055e-6
0.00016309257156834177
1.0011375818437427e-5
3.1730273415353905e-5
7.19340868503868e-6
4.05300418191813e-5
3.7607498512370084e-5
1.8660841306306695e-5
7.683060773025132e-6
1.916206978594169e-5
1.0594661055040098e-5
7.226492754232077e-5
9.257739420139924e-6
3.44699135530247e-6
0.00033955347690787705
3.548485661575203e-5
3.3090301221079715e-6
1.00048300859887e-5
2.767455754255573e-5
3.895616674937355e-5
2.2777937479024933e-5
3.5646402508599155e-5
2.3738928628913175e-5
3.823371186823602e-5
9.887194750959974e-6
2.6565330793953092e-5
6.094991900007998e-5
3.239597065028264e-5
2.2131781060106686e-5
5.082129313787475e-6
1.1767030003888349e-5
9.92887460644931e-6
1.1460315234908119e-5
1.2478606290565883e-5
1.6796551874063632e-5
7.217446507047693e-6
2.7580318696324397e-5
4.1498877610446495e-5
1.8177684947567742e-5
2.100377648932901e-5
7.148366333735755e-7
1.3210790567605123e-5
1.679963920967975e-5
9.815554371319885e-6
3.026619623873471e-6
1.5239152678772761e-5
2.354020897808906e-5
7.916206702489926e-6
2.9754839189127994e-8
2.256480723358077e-5
1.1093038622395072e-5
6.411855874111109e-6
1.0697459274081217e-5
8.056093518040661e-6
2.0929150069802192e-5
5.3799117750071476e-8
5.033456135720124e-6
3.0574252636817556e-6
2.6066631797917962e-5
1.271296669097286e-5
2.4820686516608863e-5
5.917071584762538e-5
6.480663627517518e-6
1.4201108072449629e-5
8.44554833078173e-6
9.260808623410908e-6
1.9860962947868392e-5
8.530466652349296e-5
9.191894117599875e-6
1.6921013986371614e-5
1.433973713916049e-5
1.8683789834202413e-5
1.2457625556543156e-5
2.3769464753559367e-5
1.271438270490496e-5
2.7213254813728427e-8
2.019188132573105e-5
1.5726624272162537e-5
1.7308540696553917e-5
2.0033964152195852e-5
1.2273910414405806e-5
1.1947765421708204e-5
4.639689987796185e-7
9.591609101478051e-6
2.434186210140087e-6
1.1502526571697857e-5
3.531902712207477e-5
7.827919647521947e-6
2.228713714285884e-5
1.4619900186946996e-5
0.0007659783060455017
3.957962932656653e-7
0.00016576888428980623
2.0438586772106496e-5
3.822804099472638e-5
7.446872107743224e-6
1.4001279229631882e-5
3.7713244443586984e-5
1.4183085326404563e-5
5.528455583282833e-7
5.1933300897998655e-5
2.990978235392449e-6
1.1540085521682443e-5
9.272564576266871e-6
1.2766330920331056e-5
8.589353962321164e-6
1.671606778761259e-5
2.8590657228530357e-7
1.5451125793695384e-5
1.0687755184192961e-7
1.405665873354386e-5
1.0238296816133096e-5
9.705487230693448e-6
8.812221380021655e-6
7.895152743207874e-6
2.781805171139316e-5
1.2126069013313104e-5
5.850880252485085e-6
1.544738319954007e-5
5.55943934233155e-6
3.3939668112534615e-6
9.39322312129218e-7
7.516560464988798e-6
6.779981732585508e-6
3.2882442534878684e-5
4.700019178453729e-5
9.203425981179634e-6
2.4047680624338972e-5
8.010218121792673e-6
8.556145992725685e-6
4.428079503411122e-6
9.580861739178685e-5
1.2299333882182402e-5
0.0001630727418012036
3.742936874994951e-5
1.113193810787174e-5
8.252824139070684e-6
1.4138099823049877e-5
9.228495330639148e-6
2.277071016385475e-5
7.339150319115072e-5
2.0365600294631063e-5
1.3067782863852722e-5
2.5581263471448602e-5
2.4141676787822184e-6
4.8427562152991335e-5
1.5812217182540595e-5
1.3703532121106574e-6
9.556683473738952e-6
5.919329848874056e-6
1.5106152837174627e-5
1.9993677355535166e-5
7.512534550188718e-6
9.489683226662402e-6
0.0003165397299333127
9.363544777558613e-6
1.3945737413445542e-5
6.10321756661362e-5
1.0766691654956678e-7
1.137852257830301e-5
9.635868397981787e-6
1.651062657682146e-5
2.79241457820615e-5
1.5436731432412605e-5
1.814944769482174e-5
2.6736758036746247e-5
3.2090900103651044e-5
1.0274276976794582e-5
2.946160790032577e-7
2.0751381543003424e-5
1.3963961903602382e-5
9.271156085952834e-5
5.535898147329259e-5
2.313435853640414e-5
6.316602713136279e-6
2.759358364405131e-5
4.4188715063313396e-5
2.4150470486773768e-5
9.013713035936374e-6
3.770979937225349e-5
9.831827940504246e-6
1.761636369336665e-5
1.2250418403961967e-5
7.393690949195936e-6
8.038358306670074e-6
1.2498680480124326e-5
4.096808040729679e-5
1.5486303885524146e-5
5.8787896847835375e-5
2.871226618122962e-5
3.5908681100117884e-5
7.996710369396742e-6
8.978147735188115e-6
1.6723051470353e-5
6.206096969069461e-6
6.189652575173918e-6
5.9100486198898734e-5
2.1100414513159113e-5
7.624624282234619e-6
1.1891874922941425e-5
1.7967590160590193e-5
9.380706372822803e-6
2.1855290686825295e-5
1.3450315285904851e-5
1.6615648059947115e-6
8.520864313545954e-6
4.068192380540358e-6
2.4730166174026623e-7
9.289453992862605e-6
2.1107901751531566e-5
7.0714873442304e-6
8.072091565290003e-6
3.551260958072336e-5
2.5199534370246647e-5
2.2838514211978587e-5
9.206296956037501e-6
1.6327390032059023e-5
1.0319588675125099e-5
1.3248618623394155e-5
1.4284960742527068e-5
1.1485265353139751e-5
1.4973654288016145e-5
7.711443341931766e-6
1.194054681658025e-5
1.2300170658612443e-5
2.351016208288947e-5
1.2077792370677006e-5
3.114680928383422e-5
9.018588901751715e-6
9.36619995060626e-5
7.2469650187092175e-6
0.0001359457417335188
5.1527461348723e-6
1.4513727062826128e-5
5.543253462154399e-8
2.6004115245104618e-5
2.9640513696535363e-5
2.0761531873244584e-5
7.135563019768291e-5
9.427886640211058e-8
8.512878462868668e-6
2.5126398398034206e-6
1.9385000740903847e-5
1.3278671998980388e-5
5.5221224007064565e-5
9.24892433125138e-6
1.1522376948596107e-5
8.81220740442255e-6
1.2051356244661171e-5
8.273980022883735e-6
2.3639168238018194e-5
4.7219135505482594e-7
1.7016910319907014e-5
1.5740883874706202e-5
1.2491410423403504e-5
6.375752444552206e-6
2.5548165289808394e-5
2.3918566391914852e-5
3.6427205348470096e-5
1.2145749444423529e-5
1.5974373633823825e-5
1.7937512032270067e-5
9.868476554479458e-6
2.7066873716198964e-5
2.058127043609034e-6
1.1289908408449738e-5
3.2047565378046585e-5
9.510747445009347e-6
2.0898914357704442e-5
1.3579737800633764e-5
1.4922790620155125e-5
2.9779999107559413e-6
2.0763523471925194e-5
1.2737962589306429e-5
3.943744007790359e-8
7.635859669973175e-6
1.930373897863533e-5
6.32841813449585e-6
1.4249764047397152e-5
5.954196637709045e-6
1.9453838164821147e-5
1.913807042080113e-6
1.1593959675315214e-5
8.419489396502873e-6
5.0140894897592666e-5
9.113399717050577e-6
1.1661343658476856e-5
3.211221675436415e-5
9.992986676437948e-6
7.865151151368464e-7
6.172635692849374e-5
1.315622266776632e-5
2.332963363132142e-5
9.145609368470619e-6
8.754658185813571e-5
3.2921117835188776e-5
