3.670853608865408e-5
1.2639188851678389e-5
1.2015028137557511e-5
3.153000698905049e-5
1.2792209062564258e-5
3.655579039328592e-5
1.3476910346671207e-5
1.3582836864492161e-5
1.1587347514483101e-5
9.671742137869441e-6
1.0906077299256943e-5
1.7365643761002497e-5
2.2213369386400156e-5
1.6675132902001066e-5
1.5663947483672997e-5
1.2508088416526887e-5
3.86051367149443e-5
1.8967931282502598e-5
6.475170492656893e-6
5.1368783466608186e-5
3.1152581735183546e-5
2.5792141908489865e-5
3.762554617694232e-5
1.4004311647836591e-5
3.9532815129500146e-5
2.8163479890249732e-5
9.335145223462053e-6
6.093872667542991e-5
1.4456060515375209e-5
1.811222432950331e-5
9.154405622212741e-5
9.917254958729612e-6
1.1703384965599505e-5
8.25128356545216e-6
2.6406275338064283e-5
4.258086531611545e-5
1.691054210794126e-5
6.976560143885035e-5
2.9142691377570754e-5
2.339468075216201e-5
2.396511437505837e-5
6.11418417771657e-5
2.8439411316464788e-5
2.9599891845887775e-5
2.9720200216998237e-5
8.501880379983216e-6
2.1620203351007406e-5
7.972250067559214e-5
8.348199758747914e-5
9.47844317913666e-6
1.1979576680056664e-5
3.2431009808995455e-5
3.096338337325135e-5
3.119534663984468e-5
1.0731458457825784e-5
2.885451781029369e-5
8.707091429390871e-6
1.953394988068747e-5
2.3664249101731297e-5
3.455672610472689e-5
5.193467806601172e-6
7.775975494949349e-6
4.4757324836788136e-5
1.2193149195924453e-5
8.85702788498375e-6
7.184384285930288e-6
3.086137576270997e-5
7.128637196777564e-5
1.045395365673055e-5
3.596258808173377e-5
1.6097226319965724e-5
5.749523546721884e-5
1.526866494651051e-5
1.9356686403385972e-5
6.137655107763587e-5
3.526005679902504e-5
7.562558405102953e-6
5.9383676284016015e-5
8.232240833788313e-6
9.704148592596764e-6
6.898299750814441e-6
3.154390619581692e-5
9.738900977562507e-6
2.4796237890629245e-5
1.934697253634697e-5
2.1481334851143575e-5
1.8351785199405195e-5
1.1760436682062405e-5
8.542920501324836e-6
4.3712301690704505e-6
3.455108551891731e-5
3.7039533216196134e-5
1.7136900723099744e-5
2.3307705129687985e-5
9.902968381453984e-6
2.8417519509931482e-5
3.093711647981833e-5
1.8723312311027348e-5
0.00013406172389187213
1.122252629308504e-5
2.193014616033502e-5
2.768845586809834e-5
2.2996530905384062e-5
2.3205208295613324e-5
4.625034937132725e-5
1.058198959292345e-5
1.5564976222435397e-5
3.326283373446334e-5
3.910268284322269e-5
4.147615993692259e-5
1.4570640010214843e-5
1.139086733951053e-5
7.280159857013435e-6
2.6422898556194043e-5
2.0013206602849984e-5
1.4646912297995047e-5
8.49401164361545e-5
3.426941879430406e-5
1.57634574521164e-5
1.040619381087319e-5
1.0688633675628586e-5
2.879831358198996e-5
1.3510510425097436e-5
2.7740149311501248e-5
2.0801689074330764e-5
1.0089104242226687e-5
2.8696154122443416e-5
3.107211502676855e-5
1.6959029078175067e-5
1.1362504740629544e-5
1.2358835957148742e-5
2.8200717145805445e-5
1.1239854910674275e-5
1.390335236191552e-5
1.8710188573117576e-5
6.152921525106957e-5
5.70582647584118e-5
1.2124427652777468e-5
2.1886333672064703e-5
7.816336158534991e-6
3.137438742735915e-5
2.912448718683279e-5
9.784234647966777e-6
2.4574019545650572e-5
4.974756626784192e-5
1.511987403036653e-5
3.379637187696919e-5
2.537713221294105e-5
2.6528357556376184e-5
4.67774400632285e-5
9.645562844307592e-6
5.8030202819033356e-5
3.483287962541293e-5
1.5862777423182093e-5
1.659833078165539e-5
1.5601259538487603e-5
2.34506806471303e-5
2.793709887790541e-5
1.6060198292594874e-5
1.2017266788461423e-5
1.248171335453725e-5
1.3529704994821002e-5
1.9477544075048574e-5
9.471415232400765e-6
3.7645816151525644e-5
5.0788999624229694e-5
3.880183788963999e-5
1.2488785853944982e-5
2.1407020749873272e-5
1.1983198711901582e-5
3.080654535356799e-5
1.8522487944853627e-5
1.583072831845609e-5
2.289468082864291e-5
3.807926504497992e-5
1.621693697343335e-5
1.7373956804157223e-5
1.3558260336146842e-5
2.8771865889091124e-5
9.26868786686097e-6
4.933412498309828e-5
1.809473351060814e-5
2.3172950330645206e-5
3.514673892613643e-5
0.00011141416630948077
2.4344621995463597e-5
1.9216423013384887e-5
2.3094082364180956e-5
9.969221554132163e-6
1.1105747544540327e-5
2.513717086120874e-5
1.041518443696312e-5
4.7025857384111067e-5
1.4247167174727303e-5
1.1210653221115615e-5
5.2822614331840264e-5
3.1541998093887604e-5
7.5241887722732836e-6
2.1854280335451397e-5
1.4553936661688083e-5
5.740146951976598e-5
1.8280479733714472e-5
3.312739838878746e-5
2.238650241246591e-5
1.4609699255630317e-5
3.7572677394505816e-5
1.8552521787835847e-5
2.398547287144439e-5
1.0905023089290387e-5
2.4442603738671613e-5
9.683320632480581e-6
1.4229866014293618e-5
4.2763449023865064e-5
1.749319385127124e-5
1.026994562938058e-5
3.658817738682882e-5
3.753545541140212e-5
7.790965306603899e-6
1.8052908879422803e-5
7.050623611353354e-5
7.779274480127117e-5
7.986044623904967e-5
9.271961866749052e-6
2.434838529832249e-5
3.2423840888850037e-6
5.880853811413243e-5
3.5960967757208844e-5
5.653670612071964e-5
1.8796438753519767e-5
1.9807686496362976e-5
5.177141010524919e-5
3.9617600292800606e-5
1.4525062082565287e-5
6.451917572611422e-6
2.167915541755921e-5
1.0638882415262102e-5
1.849398495502111e-5
8.449426455613929e-6
3.821919340893309e-5
2.5399238397400205e-5
4.537127381471194e-5
1.1982439628247004e-5
1.1237477359806281e-5
1.0947821404363662e-5
1.1701743629177414e-5
2.270168449529822e-5
2.6334367066845322e-5
7.984869700652445e-5
1.3106535765455568e-5
6.928034884275942e-5
3.910906721516982e-5
2.4484321909425844e-5
1.0675109244904738e-5
6.296414403964982e-6
1.3375833916989216e-5
2.3541202437045012e-5
1.8019078143442104e-5
1.381821780917527e-5
7.751640168607422e-6
2.471277281941699e-5
2.5519860981979404e-5
8.789334953968855e-6
2.5613763284094892e-5
9.789156954515605e-6
4.7894655816374974e-5
4.0156870469281636e-5
1.3805149463443648e-5
1.824165059280377e-5
1.728252753292395e-5
1.5578458761416942e-5
3.1146362690093314e-5
1.796574713533202e-5
2.33693220112192e-5
1.607082085944535e-5
1.5783127851340183e-5
7.318481069141355e-5
1.8368694963486922e-5
1.2172968308956532e-5
1.0431029757832236e-5
1.1554961561493537e-5
2.7585585156677488e-5
1.224426767761303e-5
2.550556605107069e-5
7.896550486153687e-6
1.8802224981786768e-5
2.4361801679913832e-5
9.129035411921676e-6
0.00011529344575225508
3.032878645240024e-5
9.011840598727617e-6
0.00010008148258715918
1.5667346765004383e-5
1.3320008677827741e-5
7.302183117941374e-5
1.3762522592891602e-5
9.559355998489972e-6
7.412458219223999e-6
0.00010316830049050475
6.050441289273086e-6
1.5018481107228474e-5
2.0498241284722294e-5
1.718364647146313e-5
3.1120712771583434e-5
3.759112131209931e-5
9.714862996933944e-6
7.683071871323833e-6
0.000135298496459283
1.5769613024061415e-5
1.697732662351516e-5
0.00010886617337694463
4.1598486233335276e-5
4.571194224550002e-5
1.9681617088380483e-5
1.635955753220865e-5
3.9157623067656596e-5
1.3429264570871889e-5
1.2768209229500255e-5
7.443176399875871e-6
8.57943878221689e-6
9.163955362760563e-6
1.1602158856211756e-5
9.442695099419157e-6
5.1662247536142416e-5
1.3322583088730816e-5
1.7076630856885588e-5
6.105147030784805e-5
7.35944808995365e-5
3.986615480316947e-5
0.00013423422300991967
3.784050932418403e-5
1.2099417173556984e-5
1.1338774826852599e-5
1.1489563104922162e-5
7.550843030325545e-5
1.9953834217963517e-5
1.3232053340223632e-5
1.6332725473235517e-5
7.701223729847167e-6
2.1680613947271168e-5
1.4693977746331407e-6
1.5486442160740365e-5
4.9573128369132836e-5
1.9781040718064755e-6
9.09462269781244e-5
1.665327061756558e-5
0.00011120813901921623
1.4297191828712219e-5
7.726803857014595e-6
2.631077803499026e-5
7.097084123989637e-5
5.720963959928247e-5
0.00014439483055239165
1.1577675139505579e-5
1.0687764746388826e-5
2.795862126495601e-5
3.148998254198264e-5
2.2867070866797554e-5
9.886551090412707e-6
1.1526785753114791e-5
5.603468592093724e-5
1.1586174160030505e-5
1.2528643179598723e-5
3.5137460510392067e-5
5.25221784598212e-6
7.175721341347783e-6
4.6572820596900246e-5
2.000702883529694e-5
2.2016598637724695e-5
1.1367457985317049e-5
1.392510266169635e-5
8.167085574968422e-6
3.7175659558314e-5
1.7379754148446424e-5
8.604910160910482e-6
1.258533151745622e-5
7.247650491386041e-5
1.1642400497245973e-5
2.5060171861853833e-5
9.709672488076579e-6
3.0064672215532623e-5
1.694400927159809e-5
0.00019276662362004732
1.852722398133606e-5
2.1450038468337812e-5
2.018240018369028e-5
1.6088563467850892e-5
1.2818843731729111e-5
3.289946843439612e-5
6.116105932679706e-5
2.4939403071576038e-6
3.833283215162174e-5
4.195483165778073e-5
4.1520059051793493e-5
2.665078797038816e-5
1.4945141970940775e-5
1.3938897320713868e-5
1.2348005458451234e-5
1.1244999727764109e-5
0.00011871794080956107
1.731655816417791e-5
2.3486106534976785e-5
2.565164506795628e-5
2.6663336584897657e-5
2.13276123923298e-5
9.522436011139034e-6
2.456972111345555e-5
1.5012098925671311e-5
6.764490630029756e-5
1.4179097796152606e-5
1.069807030958264e-5
2.3893045336115216e-5
2.0437173498346157e-5
1.7104693628295945e-5
3.049036542070694e-5
2.4778088278290523e-5
2.690633952207585e-5
2.421332891283121e-5
2.766322798652898e-5
8.637137285173818e-6
0.00016817297208008354
2.745716642555035e-5
1.3450397911173957e-5
1.5337667980039916e-5
1.026206070600792e-5
1.965557667201308e-5
1.872025879559349e-5
2.9712672245037905e-5
2.8056184304147665e-5
1.5230991875273572e-5
4.684677775446295e-5
4.325528290297552e-5
1.0925972091584679e-5
1.2512908880907721e-5
5.8267571631367725e-5
3.01350694321952e-5
6.981956828003668e-5
2.510373194100645e-5
9.709212005342955e-6
2.2645385635775474e-5
4.78057671339907e-5
1.5902720590544324e-5
3.4110097533372875e-5
1.961715560757211e-5
4.288650447894954e-5
6.52816988626667e-5
2.0012506199309514e-5
1.567573150528138e-5
1.5881306232863553e-5
2.7333774614396786e-5
2.724748028898496e-5
0.00010748629630723399
3.441924037073256e-5
7.642395229993004e-6
1.6203466960979386e-5
1.8589660201359017e-5
3.373520700931257e-5
2.313955359555495e-5
1.0871074741433559e-5
3.23890410366048e-5
8.223844029140298e-5
7.205681856728775e-6
1.3976247040114065e-5
2.937381453842095e-5
6.263001663865023e-5
1.1928062234714811e-5
4.040507789167049e-5
2.621457074913964e-5
4.3347598001559075e-5
2.9052333254928314e-5
1.3151183396941402e-5
1.842376583259168e-5
1.0026582399755311e-5
1.5888335437396265e-5
8.83250753963407e-6
3.426812678890633e-5
1.154086410883599e-5
2.8606636467376893e-5
8.576226456791188e-6
3.97076180340539e-5
2.393311637621599e-5
8.128548508246258e-6
7.583295034986833e-5
0.0001259640327022387
2.4987640599996304e-5
2.0125816127678968e-5
2.4319531522362757e-5
8.853279663182843e-6
3.7944268895379515e-5
6.931133114215398e-5
1.1796341123961139e-5
1.1787848885635946e-5
4.369733003966253e-5
0.00011851306665286363
1.1531695303621055e-5
1.4858089638316488e-5
2.0257922426933948e-5
8.661268133717212e-6
2.4744002226780523e-5
1.64172420886418e-5
9.549375458495785e-6
4.8173143555447316e-5
1.8710761649698052e-5
1.5267133176194324e-5
1.090371399518257e-5
3.1563618308283536e-5
1.3394550484470994e-5
4.514080419118191e-5
2.0481336372825514e-5
3.499892473079559e-5
1.2760873968775585e-5
0.0001542155587922954
8.092930023950689e-5
1.4334827025455304e-5
0.00022614738812349258
1.9402645526060992e-5
4.312560751098668e-5
0.000181070360619478
1.4757261184605939e-5
1.0813581021947415e-5
1.5745047676586148e-5
3.5559187725423696e-5
0.00010059205373240928
5.447059143801234e-5
8.487625514764217e-5
3.0424476379671833e-5
2.599345527884437e-5
1.3969731447526443e-5
3.0074461319191052e-5
2.1254108820353976e-5
1.3910142774077453e-5
1.5877239328745492e-5
3.992982856895852e-5
4.899441597296355e-5
5.880369427382405e-5
1.685337670180076e-5
3.505827020449372e-5
5.924829250884848e-5
4.155787485707703e-5
9.414636247983706e-6
3.251379395782733e-5
0.00011690016885199678
2.1450996416576537e-5
3.4521266247466616e-5
2.6536625826639576e-5
2.5891131853032565e-5
9.005129523477443e-6
1.5070654136194794e-5
2.6806204500763353e-5
6.058448371386371e-5
5.949683853428739e-5
2.555360507044303e-5
1.9494960946923136e-6
0.00019400937480871253
1.6977199685245427e-5
2.2532624943300906e-6
1.5059780648408667e-5
0.00015532213648203753
1.3942276513576347e-5
5.326300764380704e-5
9.517692991610662e-6
0.0002542570983400769
1.772389551331583e-5
9.921650933879477e-5
1.0132843718573441e-5
1.2914712202166573e-5
2.204743668055333e-5
1.8258287931021464e-5
1.5957032193836288e-5
3.936574450965811e-5
1.2049104262959863e-5
2.7075052218827865e-5
1.3627878350236094e-5
3.3742101735301854e-5
3.2654611518456325e-5
4.7639775796306606e-5
3.383385167928138e-5
6.799957166885835e-5
4.3734582098820776e-5
2.3263053781482137e-5
9.127977427532943e-6
6.482460072901128e-5
3.3591682815406346e-5
3.708045999940832e-5
6.172703682856277e-5
9.589740998030263e-6
1.5971340609608647e-5
7.94205698941137e-5
3.475999013422535e-5
1.1367398068476488e-5
1.941815988537357e-5
2.3777443486164706e-5
1.2019291245699136e-5
4.7447932342474934e-5
3.838497280164826e-5
1.0259311420127119e-5
2.206359547813123e-5
1.4122118166248843e-5
1.2362523041078256e-5
1.55021159231745e-5
3.474133883205326e-5
8.285819540167906e-6
3.076223498868612e-5
1.8004589392866207e-5
3.581974647041172e-5
2.3137941341329805e-5
1.2649911085957706e-5
4.274763085668779e-5
1.0630191646595386e-5
9.419136788199492e-6
1.107173365294048e-5
2.522693672219734e-5
2.2773410263621185e-5
1.4856599130856253e-5
6.428515995121366e-5
3.199399124875972e-5
7.421731279832428e-5
1.3479508554302705e-5
0.0001000293179467305
2.359904787327945e-5
2.423771975653698e-5
1.7739919930434808e-5
5.416153226814219e-5
1.9302122465817356e-5
1.5828243926430844e-5
2.6290444959189686e-5
8.994259445733262e-5
1.7130602591245887e-5
5.9401079150123985e-5
1.9284928660371615e-5
1.4812023724328005e-5
0.00014440769443555638
6.141699436442507e-5
3.046064333829276e-5
1.3295061764816237e-5
7.009921228213665e-6
3.915405715564902e-5
3.511837695835303e-5
1.400462561235068e-5
3.416747827426466e-5
3.27251370319165e-6
1.0805902937729635e-5
3.6573978191877376e-5
2.7479888229025818e-5
4.251641047585233e-5
1.1304535077856591e-5
3.426251802822549e-5
2.779519927527546e-5
9.006301541622577e-6
9.091305412452539e-6
2.4490626237715118e-5
1.0848730459655906e-5
8.57461739196677e-6
4.050437003938892e-5
3.051270643356249e-5
2.0092644797196688e-5
0.00026158909770756524
7.927371051799441e-6
9.094610991498816e-6
3.509182291001379e-5
1.2860653011893439e-5
8.749355022537522e-6
2.1459397220471484e-5
0.00019954277209224505
7.394141614317457e-6
7.486469507441402e-6
3.0477730482405135e-5
1.2518292847824201e-5
2.040235303869575e-5
1.8947431593449744e-5
1.4856822389902191e-5
2.2789411209316464e-5
1.1949399508515122e-5
1.570998650730989e-5
4.462515332446363e-5
2.743882332525652e-5
4.936101161808262e-5
1.6053609127083097e-5
9.929630614321295e-6
2.9327707208766692e-5
4.667759051885951e-5
4.1161686181097295e-5
1.7379136260019965e-5
3.132330253953918e-5
2.8952027782704427e-5
1.2444691324664546e-5
2.666006806765904e-5
6.214051037533262e-5
1.3644468989943188e-5
1.5356959981501505e-5
2.5729425122601727e-5
4.395013897275759e-5
7.687880997803567e-6
3.28135743318843e-5
1.752083578042883e-5
6.871936525621823e-5
1.5001970415965318e-5
2.7758273695947407e-5
1.990530114751816e-5
8.026887108518946e-6
7.552959762259718e-5
4.9205783960259334e-5
1.2110252960420283e-5
1.3072660018556108e-5
6.946444487445199e-5
1.827066554863353e-5
9.621871121214735e-6
3.917564734051318e-5
4.812052132612461e-5
2.8802715393710335e-5
0.0002025639861328997
1.3167880421679839e-5
4.1156375851537654e-5
3.79527081762824e-5
1.981410110486745e-5
3.17086158814731e-5
1.5289259136178494e-5
3.1926440593497435e-5
2.4840941234305502e-5
3.1481276511258268e-6
1.3447095851097118e-5
0.00012000364694163925
1.1721870077082146e-5
1.4047869622806346e-5
1.1026552403386335e-5
3.1325425916962813e-5
2.4474930897203736e-5
4.918702592521182e-5
1.5664430472464435e-5
4.3694600648342525e-5
1.2232647575682975e-5
5.299395255143858e-5
2.6815451588952627e-5
4.2745284277452664e-5
1.4199634216736671e-5
2.4305350243907555e-5
1.3344329095955671e-5
1.171572847274973e-5
1.1055301002325678e-5
1.2479551735710627e-5
1.7986281027615526e-5
0.000746733252365533
4.432290480375345e-5
1.1479930284351658e-5
9.190982530781442e-5
2.8088727445540514e-5
9.651557756174464e-6
3.649534661865598e-5
2.1602304218220565e-5
7.736373463939924e-6
9.266132000007459e-6
1.473909379959039e-5
2.264461916935958e-5
6.303204581514751e-5
2.5310658969138418e-5
2.8294986325152975e-5
6.177155906577123e-5
5.625871277960669e-5
1.2259717821714786e-5
0.0003633569628020083
1.038969164537402e-5
1.3491280977697106e-5
3.6223948796396805e-5
1.8142280488705213e-5
2.104755991982524e-5
1.2064433387150162e-5
3.362055205989075e-5
2.2748718121930637e-5
8.466304166532471e-5
1.55965922973664e-5
1.1252856514806388e-5
4.278864922186371e-5
5.028324373814351e-5
8.22753337101976e-5
3.878073954629027e-5
1.221507079864311e-5
3.223579699207958e-5
4.671510113694069e-5
2.5171508500792322e-5
3.180923309785697e-5
5.2744585165436196e-5
1.610156701230075e-5
5.011007606300112e-5
2.1619239070633296e-5
2.068362278820565e-5
2.4071556055214305e-5
5.104271159398693e-5
3.0298726744875613e-5
2.493332213936731e-5
1.933574729059553e-5
1.1995473984544094e-5
1.896662596537326e-5
7.467436901722106e-5
1.3472629476522708e-5
1.774179207419671e-5
2.59371939514835e-5
1.1318054298628008e-5
3.0210810535340265e-5
1.1740549372704705e-5
1.944359830852314e-5
3.34005682257309e-5
1.259894903661822e-5
6.54250663196712e-5
4.460262382250811e-5
5.350019081664995e-5
2.346907510467039e-5
1.8298796813051995e-5
1.830064266537733e-5
4.5911952146967696e-5
5.532048258279912e-5
2.670792584197365e-5
1.411977972686573e-5
1.0293541072218738e-5
1.619858511158024e-5
1.0081109391078023e-5
6.8496709627223515e-6
1.5208225179519305e-5
5.491328197084049e-5
3.345617222129835e-5
2.6992035415974093e-5
6.907273649409041e-5
1.6726151329438447e-5
1.461199200738844e-5
2.306865565047222e-5
4.001607875198037e-5
8.53875608527003e-6
9.000585586325809e-5
2.325934122930485e-5
6.210932864231896e-5
2.116775682593716e-5
3.0557639612891486e-5
0.00010853672288009357
2.2304732632812898e-5
7.615712900094617e-5
1.071222503143498e-5
1.5065276682127466e-5
3.439783196612193e-5
1.4659262699811062e-5
3.599349528257649e-5
1.674858482213177e-5
2.568183005791227e-5
3.8912907113777617e-5
3.059585390055798e-5
9.816457617656199e-5
1.1296178467135355e-5
1.4406340277779496e-5
1.6765406623944446e-5
3.3208940949210073e-5
0.00014425929504287475
8.221339199264468e-5
2.2815374820494352e-5
1.0280048996653692e-5
2.1511619000884334e-5
2.299531509606753e-5
9.00118939066561e-6
1.67593242521165e-5
1.0876524723065873e-5
1.8337140517520116e-5
1.441920159398079e-5
2.2690291200900176e-5
1.6448418139336885e-5
4.433694582646512e-5
0.0003742435702126907
1.513684264907704e-5
2.05041553569189e-5
1.4172726957680677e-5
1.126878802814375e-5
2.2076502194313437e-5
1.440658851641639e-5
2.5704219626655224e-5
3.60109435479349e-5
1.9962525526437024e-5
2.1863207945281678e-5
1.727860508398802e-5
3.029779015800671e-5
1.1837347676753791e-5
1.8092463255025814e-5
5.6929772330452186e-5
1.0608876079318698e-5
7.88505300185847e-6
1.01715868351949e-5
1.4557050078889032e-5
5.0382691617553734e-5
0.00012148674000190938
3.097004324539674e-5
4.490973982302874e-5
1.1513725384267431e-5
8.979672013641917e-5
0.00020864576618891053
8.403289501768955e-6
2.435194196444444e-5
1.5127282463227771e-5
4.062826948529752e-5
2.224454784123738e-5
3.833618840653397e-5
9.992584412628612e-6
1.4183794911397082e-5
2.5674149300777604e-5
3.3732274891325104e-5
1.924065233946852e-5
2.0444309239764803e-5
1.8652952632940885e-5
5.7933088880487155e-6
0.00011258800921939552
1.1959304409652342e-5
1.6934778964722618e-5
1.3534359492669946e-5
1.2786691342308932e-5
1.0260329583246594e-5
5.0474908429384374e-5
3.199692794658685e-5
9.846554349042253e-5
8.01654652170751e-5
9.850696894484539e-6
1.88976305747052e-5
4.503377091307426e-5
4.121611809208271e-5
7.478081437725991e-6
5.060546434561264e-5
1.780250243341592e-5
3.614565538578921e-5
2.691917896151258e-5
1.7491900683248774e-5
1.8154138247518484e-5
7.5222170418339955e-6
1.2107970385796993e-5
4.055623622994867e-6
3.4292296178945765e-5
7.608226699649754e-5
3.5347035585176996e-5
2.672997316860999e-5
9.803125854967133e-6
2.083740415767158e-5
2.2785999657841127e-5
4.093095618215621e-5
4.654262000698976e-5
1.9020203671936356e-5
7.391277694200224e-5
2.652595868094272e-5
0.00011041347153668356
1.0677788984816636e-5
1.2530566864840789e-5
6.016752343289298e-5
1.451154108117852e-5
2.7094045829734727e-5
0.00013649262079076495
1.683709426357706e-5
3.740927724292917e-5
4.3445822043370015e-5
3.11835275633051e-5
3.1605111768989754e-5
9.336708028968778e-6
4.000591275229311e-5
3.14604295214129e-5
0.00011653720157929328
2.103147777414265e-5
3.216607935615233e-5
8.444327647161439e-5
3.605614325388028e-5
1.998208074964507e-5
1.1230662644535484e-5
1.1417398151712339e-5
8.390579649267539e-6
3.915616281856802e-5
8.506323251927509e-6
6.415663084056085e-5
1.2504231191024689e-5
1.840125740288783e-5
2.0181086972896487e-5
3.733371471383398e-5
1.8697755721847667e-5
1.866200314669369e-5
8.397599723123269e-6
1.9228234766603276e-5
2.0494526496082524e-5
9.272617985639943e-6
4.99665594041024e-5
1.185305796393888e-5
9.117777480838229e-6
0.00016720710878203503
3.1082140221014465e-5
2.482118222935604e-5
5.144343278405954e-6
3.227371976282616e-5
1.186165808029515e-5
1.108105946159145e-5
4.196699082368294e-5
1.9104926298435777e-5
1.9781548085537637e-5
4.9821220753279334e-5
2.1961014004936288e-5
6.0703256230604474e-5
1.6166563967272887e-5
2.0146458332148472e-5
0.00043232257797011823
1.0147234272032224e-5
1.6186873871948373e-5
2.269876101768245e-5
7.862262873045304e-5
8.70350789728209e-6
2.7323175850176864e-5
