0.02866506902459225
0.02625622296768615
0.05778514790049753
0.08961917695297111
0.01335980086570577
0.18134436494571124
0.028703586836003353
0.018101114111947224
0.027191681012847784
0.06612121685817647
0.03245479135197635
0.01209134535441852
0.028650142800773812
0.04227154318461164
0.15511903782076697
0.018710953191639356
0.008958598901764009
0.07320618214363206
0.02365561933427323
0.008676340345031652
0.024756988251747415
0.013835650314715025
0.0789522356789675
0.11514692350753075
0.12414371727871469
0.016892155646541115
0.02555309454737878
0.04026494073602358
0.08209327873984183
0.01574203824672204
0.012834933716129515
0.04939275738786489
0.13674194704084644
0.1366207477940655
0.013402363331970323
0.039945289001472234
0.07546387329664281
0.008256398628565512
0.21462814234549404
0.02230457684306637
0.045343649005125164
0.07585187167132586
0.11829524578672408
0.7401092402692087
0.01606638672830088
0.015043325885242168
0.18709656902791755
0.011928709013811399
0.03278645893312364
0.12883807579322729
0.03175873595916307
0.025076192217155888
0.027099162748184445
0.052321478062023696
0.018635315578501253
0.01795537580868589
0.018477565881645227
0.04679986520898572
0.012073286512878804
0.021336319725534337
0.0107856144504005
0.05938473913276636
0.2089751097729826
0.05812338247759587
0.020166962495598156
0.020357364914143045
0.020613712287467948
0.03330509192600564
0.015115178053739822
0.01426374614802169
0.08898385530419664
0.024751421040716932
0.04855432341534456
0.05433915798705073
0.004430769727332248
0.010297843715002614
0.03176364497567884
0.053951266721939506
0.028368323518822087
0.006324831618792145
0.1321031302663907
0.025286592815243248
0.039579158127186896
0.016754905975273113
0.011314497075043653
0.1321133786901421
0.012223974219979993
0.031060361620199227
0.005190630251835987
0.004494739465160471
0.006021076609548156
0.09629945557921012
0.05569733107002959
0.014187874411986165
0.03316540441241288
0.006679144254836291
0.007719063193575109
0.030272238791336847
0.04362310028468166
0.014224202906487403
0.012675470286418185
0.01905319354403278
0.013589150952480387
0.38678949939448043
0.018031062223601745
0.007676045829756275
0.057105164006452436
0.01651419166845604
0.029827759182348534
0.005261192227720663
0.06727238297087128
0.01948048289341093
0.16841157130315343
0.029587050933567186
0.049618449937029796
0.03363115869456572
0.1335255989058693
0.04921086603987062
0.023368235339251225
0.02892367744756495
0.0331638078411372
0.09434331017405145
0.011637524024751742
0.06657574274422409
0.017121773672188055
0.04713391005985094
0.05952493725328719
0.01293012598479511
0.016792835289066357
0.016803637215119935
0.03158570993209639
0.07180390347728496
0.059615414778394445
0.051428652161372726
0.08752919957816374
0.010472712262867499
0.05428053995712104
0.028889294820439337
0.0469277887871525
0.04057614077110222
0.02545414644385368
0.008460813029529213
0.019921649648956607
0.04907129301487033
0.006747983763782548
0.00923616786563617
0.04473869392954913
0.010914491432384824
0.016507557874197446
0.03141052403546767
0.01007594056244639
0.011768593210311982
0.009700328432908465
0.01933536739887639
0.012133032198994646
0.02562543895954058
0.015936144635745646
0.009242371408545237
0.047195531878885484
0.05577167434652199
0.011375364000848393
0.0318952980661582
0.03220888223005827
0.012418778778792453
0.012765108308906379
0.027683031795834156
0.03662136525520738
0.008338382998096605
0.029569500010862018
0.015406058306731132
0.003386532275735667
0.03327083661534961
0.0051757334991394755
0.06317903232138425
0.08814920950712793
0.02129969333034796
0.09364737483208799
0.019837701163106986
0.05049315764232027
0.048569398498837346
0.00905185330227085
0.008180935667487139
0.027182589244543205
0.014919167582550404
0.10692680343476732
0.019406686716198912
0.01772420961562203
0.010238884698421505
0.11219926096834623
0.05029876233908346
0.045506606095994495
0.021412105438656848
0.05986694858876862
0.019003415639758915
0.02107507982032471
0.017618350162247224
0.007672410615057935
0.022273484954993553
0.08616411767058703
0.015199713029852704
0.010352171174995983
0.2625700447059169
0.043031152656844825
0.011012169679530856
0.032416811068512436
0.12196413486589908
0.025595097715389162
0.05612900434346465
0.03433981394656671
0.013329699987360945
0.03511567184984923
0.054331982547611325
0.11243232929414149
0.10787843907584244
0.015491527716758872
0.06265054459837134
0.03582960532537792
0.04723958392293192
0.068741934957783
0.015836079827753244
0.012290136282823844
0.036925797834979984
0.0333585725210308
0.003668198517895553
0.08621967059228094
0.060727795486425394
0.016364244844897406
0.008827989212870216
0.006760907797783518
0.05598742426580696
0.02385035241536822
0.009349416229958501
0.043584173949674336
0.0069141828859976264
0.056048406188657744
0.03170730727782132
0.03237474931746736
0.04343162075801813
0.0176599277935328
0.010768936500238666
0.009846687381927581
0.31519565351165435
0.028735682625966315
0.021337894165610192
0.03788753290411844
0.06283440119767796
0.07463499551624626
0.022456172554659374
0.004200370375867587
0.007415292601723422
0.019043089897792118
0.0062116783118303315
0.005041643658175925
0.017011995204940226
0.35588906991603086
0.019777916737257914
0.013982393538013083
0.015272279576406709
0.05919913011961909
0.011701957105213713
0.03382508777552839
0.07085503601301418
0.008762627854287693
0.012552329845131003
0.03738609870219865
0.008089980228724683
0.027544497824266215
0.1229212593765203
0.04976912824170038
0.08875897361620379
0.029169299041000237
0.0945396615586556
0.003881069575924091
0.038884241864369194
0.16065694871534733
0.015246039893132515
0.05671281625647988
0.007303714478558671
0.5500760692646016
0.11664969206645541
0.09877722222055768
0.005215238659098916
0.007783881708862016
0.005545439553549035
0.005322467450386014
0.007732878657713069
0.01550116833935268
0.04271455706491262
0.006350093615878769
0.017741537236773804
0.021968566080851716
0.01146999085326836
0.025121547633713503
0.00532177620025719
0.019734042619986923
0.019868804746225377
0.1384540572335576
0.01743954234157203
0.009575051110393315
0.009866256503160803
0.018201723820198266
0.014817850908055699
0.005016136458191482
0.0511826351575613
0.06946327006762285
0.014250832543702284
0.010627485001435986
0.414486282651548
0.004031885890587322
0.10132786860625724
0.04343539476651191
0.0234060629510389
0.028978239995604678
0.0751611811420985
0.0048030620386821056
0.03222807224557376
0.03564567446305659
0.010413339964349575
0.03508474489998976
0.013174846752151935
0.4299930033991459
0.0751072717162945
0.007916546102035104
0.006720540077415537
0.02685035071928201
0.13040573151961246
0.02482712786213086
0.011824913657378587
0.05622705296910702
0.012713767317666647
0.07400220800852501
0.016673589176201487
0.0370535327495657
0.03875366291950992
0.02101797463618484
0.04654404727123094
0.10920542529855504
0.04370115069897638
0.025009270481222805
0.20651196035864047
0.07364347667077928
0.0037827447027347165
0.16552321894743732
0.07100166074545931
0.02480375565958247
0.0041435618517898665
0.25809823773940094
0.4168406101159967
0.06036598242467831
0.09429235172517908
0.05086346399168279
0.003005346057838506
0.022999459217348944
0.02048925525752865
0.170370998542367
0.009008164748584827
0.02114435456786213
0.010916046332246625
0.1418284251856558
0.022486087127071192
0.11132457137444134
0.1080949757843498
0.042869414094879384
0.08760828821664356
0.14288554429990666
0.03090427018521295
0.021748833453536714
0.0614555438986484
0.0187547477637307
0.0018787363195874357
0.019943642706557154
0.09289421163374072
0.05702309835178285
0.03052898536928265
0.04422827307903652
0.01700699802433687
0.010529235151488446
0.0034537267364795044
0.03389500318021863
0.09696209325873455
0.01034194298978046
0.00568154689446113
0.06005117129409613
0.018654045554669287
0.005976185879763169
0.0065824006435600095
0.032235976571283874
0.23162834236477817
0.0125918807024576
0.019378099153745967
0.03456055607661369
0.01291219677431229
0.00676265731442565
0.03628422333242965
0.02949938820476035
0.04798961414348953
0.2124138958403536
0.00760953643751144
0.015204360773445549
0.06496477746952427
0.0032085980775595556
0.05539658413710842
0.3552509377544951
0.022617899908286623
0.03424115555742532
0.29449540818922787
0.04865687546969064
0.0046888712841251555
0.024592055264190144
0.05207417067253418
0.0322139458033605
0.005237090046791469
0.009390926301849473
0.03562042784949779
0.0012624438034808175
0.09354784051257731
0.026507977712507808
0.33124100780746024
0.018293292880868162
0.009540905696062883
0.307872081002734
0.0026857480655487955
0.6724973886816612
0.04092937434943647
0.014337834568745204
0.011074118884542725
0.08819184051657167
0.0059928719499638535
0.10057877062332944
0.013080961509845812
0.04547114065502944
0.561914971622832
0.027173845057823692
0.024355556083812294
0.5956693035743923
0.004666942018099279
0.08611048989192578
0.015093272966291397
0.012052120395977858
0.16214446722251447
0.03244734294624318
0.009773810391895465
0.016830567258826364
0.003638665383291039
0.10969524320727043
0.004802334884412962
0.049873913287059195
0.055511259890021335
0.029320448379050155
0.03708453772990332
0.04251392764658577
0.033716043244761275
0.002730942805026372
0.11215863025637741
0.03470303253084357
0.014604880774352482
0.04556408739858042
0.008082687693134178
0.0314748261999824
0.06941051745532305
0.03783688672118603
0.06388059378358786
0.23308581052776306
0.13477926251068043
0.05252214720660508
0.07703610038997043
0.004282080145732419
0.03146617290736027
0.005187890272466255
0.050728999014836205
0.05726897277284387
0.012938581577070491
0.0043187216751061925
0.017095610178628314
0.0932736148434725
0.04713265107465393
0.02385651448440423
0.12431894065753996
0.05510024800910304
0.10094290763315535
0.011254043758455732
0.05395846322241481
0.17194342075967775
0.25265212087303346
0.012972090751269247
0.11462954313409282
0.06293307340647167
0.028158790800793823
0.6006851758717339
0.018802812636631288
0.01066027468737885
0.57511465261316
0.04593757663618178
0.004182261689418807
0.007876326246009362
0.009454082134608922
0.10854356464508143
0.05294033935565464
0.10006719355761907
0.005923531247661532
0.012054018070293927
0.011821339228879249
0.006025870224170206
0.009462025923622315
1.3379526548095606
0.1133862395159963
0.024968472967053387
0.028498856716529925
0.00401045841133112
0.5087793965631474
0.1335982739961802
0.017799056665192207
0.008532311950160784
0.008374947800364052
0.04398296906987191
0.01970373939277128
0.024122964679877876
0.03406035719425574
0.031201318156917946
0.09732209715450067
0.36418113404500263
0.021078090621790814
0.090147843543903
0.04696705629151188
0.013742135709173625
0.003569491716905767
0.042441046523089165
0.03633477045600309
0.06338076873669908
0.013916589783584319
0.04354145351081728
0.024428942346858284
0.18794527992607898
0.05310304245058353
0.015972743806014957
0.03133781490605536
0.0088469820401011
0.11872486941761906
0.0064664110186841125
0.010516072944786917
0.0037816761006128547
0.013080624825976696
0.07507507078402299
0.06544511844500059
0.005298179708125075
0.09252140820108977
0.002979432259256352
0.030377053248959725
0.02844244870936405
0.12644534417668257
0.03590987045447709
0.004611361652380697
0.010926026759412738
0.024479367762600616
0.03837972346024747
0.10625091994369555
0.2806545662695006
0.052870768111397154
0.19991638799750808
0.012797258711577653
0.03545148818620085
0.01818647622523007
0.01667106152446954
0.0336898642751538
0.005675550838699985
0.04279876410838586
0.007035504330593825
0.12105117495897287
0.03486159726057992
0.007842460867901163
0.013165355717273352
0.04653477113064506
0.07013583015383888
0.00609813299757572
0.022522907852636744
0.002145106033833881
0.056868362727395844
0.010949633853922652
0.12739248573161455
2.047558627015397
0.049339384676003226
0.005388207332846926
0.0101263837769846
0.04057750244008034
0.0046556860691026715
0.006276651977763499
0.005634600476180214
0.1483015889466974
0.06532449537284075
0.0021077669134107867
0.005424074060060664
0.0761377331882504
0.02368874159416923
0.006334869005842042
0.005065409329021362
0.044351903950996294
0.01115966113690076
0.0017231392141598514
0.04359752426976403
0.07221232868211772
0.021135642910773272
0.04757152038272464
0.0028724260196794343
0.0046245207156345985
0.05802323172743111
0.016830792575444068
0.00397054330352132
0.03585150641305251
0.2056996696768704
0.011584681241410698
0.011638347502126422
0.012247093704694309
0.02896313201061369
0.06442066300971333
0.03931022503703793
0.14724586798000436
0.006400806722993955
0.013613597531245856
0.003519311626139729
0.007093626991121095
0.03484606362723889
0.03253478373805473
0.016746805401606953
0.04873448253858086
0.1751434372486342
0.007919224151031832
0.10730408468413108
0.023540704922036575
0.17657402004821135
0.17169647791960702
0.03286080728792377
0.06929378389552418
0.02048563110466256
0.15686080195295643
0.02423301041634373
0.8100300039335249
0.05035693937141447
0.0027678935482030823
0.017781240065483338
0.14088012811688375
0.06053196167981706
0.016672275241380506
0.04027499747085003
0.015516664726367936
0.06550177528179849
0.0054015681248464915
0.018231120212243712
0.012612139241142762
0.01171318038840372
0.0411687650337678
0.1659640521443989
0.20915696485003643
0.026554196792450132
0.03741241801491825
0.005893555507949285
0.00627868181898109
0.06509239702430228
0.1593354724964631
0.01960555793571798
0.014263419426053636
0.01290881130512527
0.004805145635617085
0.04120964583026628
0.026346494902242834
0.018155197858306486
0.05101871032269323
0.06943269063613049
0.044486525828260376
0.009348697937480159
0.008711819852985454
0.0015378952483246007
0.15399002348562377
0.0982657275356579
0.0016507157178365754
0.006286624357622015
0.166978579171488
0.029836663654826834
0.0626064147875255
0.011850861225560158
0.027790593937705214
0.009073968756939776
0.022308393947302205
0.02324464312002302
0.37349475530967663
0.007459559744191025
0.06825267625593791
0.034267747677443006
0.002296175069119043
0.00869909338618856
0.04748437175137747
0.053155936864288426
0.003949379352107669
0.030820949710733243
0.02670544970448261
0.01695745140782689
0.05779573489193293
0.0037322740124794886
0.057515504131416206
0.018663533299361327
0.06284984179700913
0.013499422761149318
0.005374979830116739
0.02204152123790972
0.05395831241060546
0.05814085900029906
0.06648149413785748
0.001651539320512814
0.010017075173213343
0.02997177904814609
0.23172124662580776
0.010605005531924793
0.06507492585632113
0.17606734295131843
0.02029896638568161
0.049908633545066645
0.03341978400749468
0.11387225772685099
0.005310308363905344
0.01458986673896579
0.019240787334033324
0.031185370616016464
0.030661391370478887
0.004925952070148142
0.046009295843735
0.05122240524603597
0.0272059348841167
0.02840653457030142
0.02654487673976806
0.013736080491515444
0.10487497413606342
0.09736567615325899
0.008974395645317225
0.004488520360784479
0.009450636038216605
0.01886402411018948
0.14069426638269986
0.02558871947327499
0.00852170661842193
0.01721010963764732
0.33927787209393573
0.0066300288702326035
0.03948482797842085
0.03807357625481082
0.010441201274967274
0.04511639174227634
0.030449388109958057
0.21288919012405202
0.012260820351109534
0.005624774034177234
0.1108969691840905
0.0073796508375859856
0.02141847243121125
0.0940898568530859
0.002630073257789971
0.03483920007673222
0.015764348645052204
0.01253945494278521
0.27742518895864904
0.017601164285243328
0.014882178356011222
0.005952611162134576
0.06642355968190354
0.0728341859090306
0.06373314821439319
0.10089565478522403
0.002373710985643674
0.028902088475209316
0.009051276316688667
0.2215317830299395
0.21804154617761368
0.041839682319280626
0.12941418388380907
0.012963160800008597
0.002596518945316605
0.36196356429215754
0.008871857645029759
0.03418738185476734
0.0031699524282831305
0.01678627447951196
0.01844761041425298
0.18065735302862773
0.006163494244649705
0.014989680291695784
0.018095739063176512
0.0038972844145022845
0.007133575950786703
0.014498271525685105
0.03026691761925895
0.009897734379884164
0.00407359871435765
0.014617305509052138
0.024421377521687698
0.01920327233079522
0.07757390036643405
0.007364195641273446
0.015635698634265255
0.007994071185111461
0.10375115464144317
0.09765428062570419
0.019228899096239482
0.04062199441465154
0.004593162143947722
0.0033604961205557045
0.0045071050801930935
0.003994185597123503
0.03928545035646311
0.009046272533361304
0.005877723492360623
0.008822772835553853
0.03168182115691701
0.008215366218382475
0.004892754200913624
0.0452496226281473
0.009413485571461077
0.032264857472253126
0.002996664611588487
0.3422819134258415
0.04790474354734005
0.011579842570725613
0.06513480261989887
0.02986657991162946
0.009895492957222064
0.007895397860711641
0.021533598944970936
0.01882642365247049
0.18875954454237912
0.03116991716345022
0.009008770419617876
0.21871136959683324
0.07561854298970419
0.004238911914131741
0.09612354187104578
0.038712590235089696
0.10216926097209625
0.012760805340236823
0.03448563993644016
0.10198975532417065
0.025731112577330705
0.07984335419871148
0.15767551798720825
0.017961646018158764
0.08754510372001725
0.026152143016576593
0.0304876072791403
0.01148843478746848
0.002477986628390572
0.006735865641357294
0.04912900567097689
0.008854476971096086
0.31089054444384595
0.049272004852824416
0.006571778456704185
0.16070759029841755
0.009064991870061611
0.022290560261019537
0.06602768258816127
0.01874329520790624
0.0056557461640231975
0.007375960327271158
0.07532622158328135
0.025380125774151503
0.06604625228803436
0.00793005700408489
0.0218991757745808
0.004303584607837541
0.2005236437557883
0.013910370493232559
0.1761112667923166
0.02815529067607198
0.29597748042549876
0.05218414747553762
0.07465378887108992
0.002518878365953692
0.012382057483328277
0.02091277288191561
0.02161222885075814
0.0018301060677395743
0.03938472789986493
0.019560335157666538
0.012557082500279957
0.006629806846153998
0.01651138504490955
0.013939529478582104
0.060988117444224846
0.026937593045215057
0.29991166230400096
0.018547485703103442
0.061329649798091954
0.49559338087612886
0.07580837306271904
0.010717095221732259
0.06841309128896801
0.0492159199781352
0.04843916029087766
0.104395073209856
0.1865358790621406
0.009362671290058295
0.0389902979940114
0.023375487604523328
0.03768206092958728
0.029892329732433137
0.014335705387989377
0.012073104105455146
0.01160143996062239
0.02859916654789175
0.3448088040522592
0.3464389959390063
0.2633079082817937
0.007322388110649457
0.0035866578782219865
0.02573937897565872
0.01418775935647176
0.02494927750476594
0.01748899661585147
0.028324430263500892
0.03456597655081622
0.01209188922161682
0.0053849420767632826
0.012445570210378058
0.08360550717954433
0.012497799923331032
0.008913624618967145
0.03243361226305924
0.015361013146664085
0.002561865888053495
0.034295842009559985
0.05688446007686018
0.021543599393197707
0.003235103641218514
0.04123459525121433
0.3565011358505977
0.008551268821999367
0.012884387823716892
0.00818852617106751
0.006515890761035978
0.17102879082264316
0.00995464255839872
0.0032158719859208
0.002748900177573108
0.003100150518691456
0.030397209034224888
0.021302352070210064
0.09723670869980933
0.07569969535123008
0.007132664353150482
0.011523617802039827
0.08386333370575945
0.015731658016603985
0.019288077312991373
0.00882529114181661
0.09253106841250412
0.06234670449619364
0.01246875048480089
0.0651927748070175
0.027645727826698493
0.06085292191003373
0.008792235566313427
0.00561141068924553
0.10232933587604294
0.03922673386814716
0.027154881583609375
0.014790464017975123
0.1242209965347388
0.04049730184979076
0.019058248006968943
0.6213526087584518
0.1517546832375567
0.018780046552022457
0.031024469417307854
0.016307648974236862
0.03478458116446415
0.20741313977430692
0.09332809831094066
0.04277666715167191
0.008483405535227178
0.003719105219846009
0.02010000610735457
0.0029719674309727894
0.026406644623540757
0.005163469354331848
0.0756040258454719
0.0014770949558924429
0.01792974820956018
0.007676661825712222
0.3761247763537234
0.010630641427380145
0.006359749813635162
0.09886784947186286
0.014327164964988195
0.10637124398122468
0.21154547230752319
0.034982832626861395
0.02388410676534082
0.05066055497672293
0.0436678972126138
0.04561723472175742
0.02710203299935724
0.008871381109329517
0.008529284219902983
0.03417107449456897
