1.7772126008535256e-5
3.1243972662658836e-5
3.574154187504548e-5
4.142643867075566e-5
2.368049331704967e-5
3.7337599139998294e-5
1.731516751895476e-5
1.664288826230215e-5
1.8564239648045037e-5
1.6608299283580907e-5
3.605116221543396e-5
3.569405777583525e-5
0.0002756792986119787
4.4586973506643336e-5
3.9851559314449446e-5
5.6373712368325574e-5
2.305113833691922e-5
3.461845630019186e-5
1.9930822941323726e-5
1.9436471783988448e-5
0.00011221564947498313
2.680866852482996e-5
3.032916630335632e-5
2.2215341906671015e-5
1.9279358621216937e-5
3.4846197739095434e-5
2.4838696652728894e-5
2.2847589286200393e-5
1.7670679427308568e-5
3.8192618516775e-5
3.0554127129602444e-5
4.119548563467513e-5
5.7172897355778274e-5
1.9235230218471986e-5
0.00011007279597210951
0.00015271421442105895
0.0010799862443781644
0.00011778087989384085
2.015387295029898e-5
2.0288919707829195e-5
9.163410593079405e-5
2.4964786327036263e-5
1.7651537000546302e-5
3.68304702758853e-5
2.9582503069417818e-5
4.353004063649924e-5
2.1431128625289112e-5
1.6719631355771954e-5
1.7610396763094014e-5
2.3011816764476602e-5
6.706586354646736e-5
1.721008930995727e-5
2.8962296006704484e-5
4.349794001543761e-5
3.694391241281967e-5
2.503343490359727e-5
5.854489028997719e-5
2.042270428800207e-5
0.00011753584959567763
6.42516506705221e-5
2.8302686020760236e-5
2.6734725051681893e-5
0.00011409757172923831
6.134953924456241e-5
1.6432553524570114e-5
4.839529719828023e-5
2.4484635465793638e-5
3.849868961256953e-5
9.603065977595453e-5
2.758598502559123e-5
0.00015809574402788783
3.3434611052093045e-5
3.926353675150729e-5
0.00011146547278916603
3.590994478385207e-5
2.7552272181060537e-5
1.9497286341994373e-5
2.2595614524026544e-5
2.2415664876200545e-5
7.64574343933926e-5
2.4596499130632892e-5
2.487812452879041e-5
3.095110491476663e-5
0.00017374370345245673
1.8107514707787592e-5
2.500168375901561e-5
5.419757446434073e-5
0.0002686451744972828
2.624692678480831e-5
2.084312958011458e-5
3.5090817960196914e-5
6.362272549297464e-5
2.1350968140472274e-5
2.0398216727343347e-5
8.54097789881487e-5
3.398573578163952e-5
2.9654611277017506e-5
4.839335223291557e-5
4.325341178131868e-5
8.412017046511888e-5
1.913387397258083e-5
8.809050513398703e-5
3.283622333768031e-5
6.331040206514762e-5
3.7066438472271946e-5
5.4003060104276954e-5
5.324826370351958e-5
2.5728434837193534e-5
0.0002990123883716145
4.523347794180332e-5
3.052892521326051e-5
4.756407844133654e-5
5.211444742318093e-5
0.00020011300889057353
6.208043825486517e-5
3.142351625163065e-5
6.232386973033053e-5
0.00010544883440935572
0.00010547933028513661
3.220223682724808e-5
1.697737839861834e-5
2.408520578129147e-5
2.4298253488031635e-5
7.459217745955915e-5
4.652283417210276e-5
2.0668860164894166e-5
7.302716465006103e-5
6.28621187333969e-5
5.4106279644412254e-5
3.414259445711905e-5
1.9394167315478703e-5
2.166102761194662e-5
3.486052519630266e-5
4.295438450335801e-5
9.749294386565036e-5
1.8870455494362504e-5
3.249974979145772e-5
0.000150082833097526
5.6218401559340754e-5
5.0738664837868204e-5
2.3574224374273184e-5
2.8292035781432728e-5
5.50604712778199e-5
3.5713399953267e-5
7.827148711652902e-5
2.531706675989826e-5
5.148726129598581e-5
2.8563939796152314e-5
2.6531749995386014e-5
3.3029173838348927e-5
3.345389173941675e-5
8.568034292130373e-5
3.2273240638713235e-5
4.638695906552519e-5
5.592433096661755e-5
2.8865197534173445e-5
7.550573893030952e-5
2.230786860594299e-5
4.7746999315783227e-5
3.8369345003957794e-5
4.231048436183416e-5
1.6583568190583132e-5
7.574284427671441e-5
8.641938956808615e-5
5.798139330454424e-5
2.3125778047444397e-5
6.772400759942528e-5
3.757614393638858e-5
8.411997158323513e-5
1.7073011433899374e-5
8.097214940200555e-5
2.4749863957964916e-5
0.0001278953694520662
0.0001055629899359923
6.175617331293883e-5
7.210689128298838e-5
7.355577194690715e-5
4.394583660705522e-5
2.2630193944498182e-5
6.983583303465555e-5
3.6797937409619045e-5
1.854940779736687e-5
9.330904119683118e-5
7.807495947782844e-5
0.00012252332436205962
3.0208883113095793e-5
4.6972567235149656e-5
3.7237566802903735e-5
8.319027565728383e-5
3.307754570499345e-5
4.340609630528537e-5
1.8529224744614474e-5
5.121185328169099e-5
1.5849846258457546e-5
3.130147851196721e-5
3.33869162271488e-5
6.171668079051004e-5
2.3295647643724707e-5
2.9812481802087334e-5
2.555806628787019e-5
2.0472674706169996e-5
0.0001257706899608603
0.00010570847050685594
2.3279694950480604e-5
2.403484117124983e-5
2.3621216853587045e-5
5.2227291428927614e-5
0.00011761314766664231
8.878409898779063e-5
8.887481546130921e-5
3.086911027388192e-5
5.715144722214705e-5
0.00011494596961677839
4.296438864785151e-5
5.426401341707258e-5
3.610779455620036e-5
8.224464562365281e-5
2.009007646443756e-5
2.0583776679977557e-5
2.957522100950291e-5
2.9420811475897755e-5
2.1579759512691924e-5
4.59322057804838e-5
5.818384140861475e-5
3.749144387483221e-5
5.1186255186439126e-5
0.00016360669355714447
3.998776265162592e-5
2.671199977399308e-5
2.381063108279645e-5
3.39955203943189e-5
5.97995851022161e-5
3.7438146679670454e-5
1.8617060115410847e-5
4.1259547313311736e-5
4.120068530369205e-5
6.729250340780361e-5
0.000133967214386445
0.00026973503112247483
2.933334072432357e-5
0.00013423797597941788
4.7792666520750483e-5
4.332456484017935e-5
2.638421400746809e-5
3.726407356336244e-5
8.735586511754328e-5
1.4459473646245182e-5
0.00016368597941668632
2.745744557910628e-5
7.376168218413222e-5
6.648759610876435e-5
3.3674881638789667e-5
0.0004833738886631177
2.5636253514714727e-5
0.0009302667368731262
0.0012862431691713055
2.4048683065436174e-5
0.00014938641941163446
5.612430270522984e-5
4.40748005564969e-5
3.2015821465873925e-5
2.7933107575293903e-5
3.653167898991056e-5
9.340271183799066e-5
2.5322938272061845e-5
5.91910428904496e-5
2.778672993449616e-5
3.653749833806394e-5
2.207513140937801e-5
4.3391050693799525e-5
2.7642169264103317e-5
9.21399275152529e-5
4.0340796669399995e-5
6.95431441775739e-5
4.467741879831345e-5
2.2867191638776984e-5
4.8704130187476176e-5
4.5830599147779316e-5
4.532087718948006e-5
1.8997909777397865e-5
3.4057700143770417e-5
0.000153014323233294
3.753090055062908e-5
3.764450178413264e-5
3.4783506784206216e-5
2.6629074350584773e-5
0.00021870227677556038
2.523074874594401e-5
3.359222385204764e-5
8.392738889482473e-5
3.9112323584419196e-5
3.657167726004363e-5
7.941207861660207e-5
6.327672822218317e-5
0.0001987049746712231
4.669852925148606e-5
2.9719392527613255e-5
0.00016638880584566215
2.4600161149850908e-5
2.4341753173398625e-5
2.0944344452631353e-5
3.491147056830685e-5
6.164917681892252e-5
8.033032587680513e-5
1.8103825666562365e-5
2.3554367539249017e-5
9.679424847908356e-5
5.189373025749868e-5
2.3075415038561843e-5
0.00010072612131162803
2.669564401405322e-5
2.383160180538438e-5
6.114149070219249e-5
7.501523313746799e-5
3.4102222609663735e-5
3.1583528154683066e-5
2.3859551727033763e-5
3.4307014042466505e-5
7.777740334550586e-5
2.7144285808061984e-5
2.1090385750946722e-5
1.929372827370102e-5
8.267329078513043e-5
3.459807125585085e-5
2.8191815913978014e-5
3.645627960275756e-5
5.447818535172224e-5
9.415158864808381e-5
0.00011668509772648124
0.00012347236444565677
6.788447238982118e-5
3.2539197768035524e-5
2.4426555050385888e-5
0.00011873922987545522
6.73009096295495e-5
4.1523956463572564e-5
0.00014240687329575272
0.00010832304011871057
8.158428413848532e-5
2.8097896935813225e-5
5.71582611047021e-5
4.411281853059823e-5
3.3154480314909145e-5
5.8245684896847395e-5
5.3278919615037556e-5
2.260771397726334e-5
0.00011512025582928704
5.8157314075416464e-5
5.5318746406969795e-5
4.844929807027541e-5
0.00014634173836011605
3.362506512019456e-5
3.372130221997131e-5
3.4007575401032487e-5
2.731206567378797e-5
9.778586298719658e-5
2.764665755205823e-5
0.000127516215839847
2.0333022111028608e-5
5.638013653024379e-5
2.6576275778951986e-5
3.242366077219504e-5
6.0462286216448266e-5
5.6065175798714324e-5
3.80945834081445e-5
3.263690336334197e-5
0.00010985368180423179
2.0947517168389007e-5
2.0064011587040355e-5
7.781446833058995e-5
4.287327366868736e-5
8.89667062144108e-5
2.8768047379486205e-5
9.735251923410401e-5
2.6649937186589146e-5
3.170122592639527e-5
3.601891185408777e-5
7.857414170885613e-5
4.331528752128091e-5
0.00015613052526031895
2.0365803326906e-5
3.853297784361108e-5
1.773205376113647e-5
6.330974210664614e-5
0.000139200807553762
2.741072264834846e-5
1.7623229193431883e-5
6.29747832856599e-5
6.75188492165187e-5
5.795725220853672e-5
0.0001182707860000194
6.758557666346206e-5
5.0571123646819306e-5
0.0001260863277179881
3.536758719025367e-5
3.9029581097352625e-5
1.8765530649921432e-5
1.8691162391614524e-5
2.7792094539915394e-5
3.069317602065846e-5
5.0085228076633906e-5
0.0001246410505434975
0.00012931504950714168
9.33819492791083e-5
0.00017195695234963212
6.760529829909544e-5
6.60434516578586e-5
0.00011343320083654384
6.353717330170132e-5
3.3154907546149676e-5
3.059752634519304e-5
4.5052932761404406e-5
2.6920882166134436e-5
7.167473611523324e-5
3.632187202358377e-5
0.00023310344237951545
0.00010209899430454897
0.0002487455251235977
2.3802377652644698e-5
2.4072175939524013e-5
4.399534231332151e-5
1.5306522489353753e-5
0.00010991306050141673
1.9707313779992623e-5
7.452435425364479e-5
9.285541780793971e-5
1.6488845722442902e-5
9.27006266750593e-5
8.092775700091107e-5
4.394347555666464e-5
0.0005278960060469762
2.1156226247955282e-5
0.0003654854899933783
2.6798105559916317e-5
2.427649851260293e-5
2.5958648463651866e-5
3.2169685981903846e-5
0.00011520064293495337
7.52541971123191e-5
4.2825035354705746e-5
5.659311376462921e-5
3.5633707551953255e-5
2.0591458813456974e-5
3.860085186787043e-5
2.128436330870324e-5
2.061017045338343e-5
5.7918460740725246e-5
0.00013885907850094069
8.365405668068496e-5
3.895374716159251e-5
2.686476909570673e-5
2.8932732023492844e-5
2.2651223138233772e-5
3.873372806672583e-5
3.6744447209252424e-5
4.894250603061672e-5
0.00018576711424545266
2.5015396654985984e-5
3.648644830344194e-5
3.431187213342428e-5
4.0709993091525666e-5
2.6327041914509655e-5
5.444703523413756e-5
4.131484706882697e-5
2.492511606692762e-5
0.00030920421315169875
4.067345943119823e-5
3.5670961083224664e-5
6.679854595220709e-5
5.76810593407627e-5
2.6043016768643987e-5
6.941383477652356e-5
0.000116771725280717
6.231795911004446e-5
0.00016050280062067192
6.823575716804465e-5
5.7651088252462786e-5
0.00012267087979893785
9.72497078634598e-5
2.5341400767101976e-5
0.0001649538873364936
2.107835954853291e-5
5.1436162264103264e-5
2.3509081026308335e-5
2.3085584116883595e-5
6.544325629612913e-5
2.9840514274353397e-5
4.079172455142884e-5
2.064314725125865e-5
4.418809648090453e-5
0.0001436539408384577
5.8722948500739964e-5
2.4150316080220615e-5
0.00013297166670434645
2.410184828407804e-5
2.6469400825820394e-5
4.742780796929712e-5
6.214371834129306e-5
0.00016036906783810606
4.456073381482132e-5
2.152284974625732e-5
6.571034454761339e-5
1.8695327260984252e-5
0.00012997046910703588
3.664584453285238e-5
7.189013731337343e-5
5.522215041712215e-5
4.5004332854643145e-5
2.6538789985965965e-5
2.397054539350831e-5
4.531350870414766e-5
3.679978978346245e-5
3.4134177724527866e-5
3.9240476686452596e-5
4.0192727807758855e-5
4.9414193883626715e-5
0.0001919140554922705
1.7030758928918785e-5
4.360712232643987e-5
0.00010663920475737671
1.6019362816695467e-5
7.357336205006046e-5
2.2950033424050076e-5
0.0002750139771854269
2.775825594568216e-5
3.072072990024737e-5
4.2145664308705515e-5
9.890446730748077e-5
5.787163844635766e-5
2.493477870601702e-5
3.6910818408679e-5
2.6452038666884626e-5
1.744247942179513e-5
3.9631006121315234e-5
5.424281374188685e-5
6.985441371909104e-5
0.00012555245552747215
2.2253084992768234e-5
0.0004615093390372441
5.598189640550869e-5
5.723934163514736e-5
2.4318000950508125e-5
1.9069041289131846e-5
6.286737774814969e-5
2.311453095882102e-5
1.941968038049606e-5
8.14434180216071e-5
7.335399540166707e-5
0.00011237648985491248
2.587818206122164e-5
0.0032371706361074533
8.191370431568761e-5
9.687230566072946e-5
1.8938230862041585e-5
2.1418629006583202e-5
8.139842799870134e-5
0.000583749328770878
7.271698619565601e-5
7.421621890955873e-5
5.565413590169251e-5
4.0085356380045666e-5
2.6834684880105446e-5
9.730484107162154e-5
7.81280007582711e-5
5.32726890125257e-5
5.905806382371811e-5
3.23190135758057e-5
4.30907258940949e-5
5.713326437508084e-5
4.466879091761243e-5
5.270912137338109e-5
2.9723512035549604e-5
5.7606257159600116e-5
8.047240716379309e-5
6.432575837860516e-5
8.138173408136138e-5
3.164846491425262e-5
1.786076474478553e-5
3.2383415870851e-5
9.224536193806365e-5
0.00031112024705174496
0.000109467017134337
3.6927518449444746e-5
2.2102277106407895e-5
2.3043457612921734e-5
2.7547332300399304e-5
2.1742562666530196e-5
9.765204720020328e-5
9.786596863442946e-5
7.570766682337791e-5
3.197190949545837e-5
0.0003518936517021829
4.183490644773634e-5
6.905470651684708e-5
5.871535698346976e-5
1.850526808513371e-5
4.8974045365038815e-5
1.935135757305975e-5
4.068795961893886e-5
4.9458933179574866e-5
7.268920427305224e-5
2.7958226943895194e-5
2.6835584456420984e-5
0.00015709718112002336
6.904521151446942e-5
4.006955367183581e-5
9.717120774786649e-5
2.917703731240329e-5
0.00011028171401392825
9.64177949546069e-5
2.9943661412204236e-5
5.177285890901493e-5
4.2573321427792945e-5
4.881350066117627e-5
3.8213469020855575e-5
8.823668284365929e-5
4.198311898010953e-5
4.193484422415389e-5
2.6641216371533224e-5
2.9115929728263264e-5
2.572471016024942e-5
5.667360790016478e-5
0.000125088930845108
5.605820971979912e-5
3.877135803435223e-5
4.759141284683459e-5
6.376330986934812e-5
7.827297948243152e-5
3.355478043920649e-5
2.059734012731624e-5
0.0002146897246387606
8.429865947261219e-5
6.306593483960959e-5
2.8462691755272787e-5
0.0001511615428734683
2.6530953697051082e-5
0.00014825927702648186
5.949878307239615e-5
1.7366745548175136e-5
3.245242413096654e-5
2.48977937918692e-5
1.571862095382909e-5
2.4399410198062422e-5
2.4180047441098432e-5
2.9564485114825525e-5
3.088880467458425e-5
0.00011735423643807901
6.412388619016411e-5
2.334848562709494e-5
3.156739666824113e-5
4.0839842328896784e-5
0.00011833008017312384
2.917266537835673e-5
8.043861293797569e-5
5.08363379751364e-5
0.0001771664387547659
3.796464745038965e-5
7.189516313690332e-5
1.9533382761026214e-5
3.69748156290755e-5
2.2452812627417723e-5
8.907544292800961e-5
1.531770040543398e-5
0.0003191935105200477
3.6203285502372705e-5
3.753945100291153e-5
4.447269006479497e-5
4.099019989236678e-5
4.978496192764583e-5
2.683553836826872e-5
2.668311330692897e-5
4.949756095860807e-5
1.814466814349329e-5
0.00010198303913800785
3.929271470127964e-5
9.164036312842225e-5
2.8918564321010538e-5
4.0664163017132205e-5
3.0094361961469407e-5
3.0527161047245995e-5
5.981290423457744e-5
2.762164851199352e-5
4.207917448092745e-5
2.82738688511179e-5
0.00010688782271061332
3.51764359559779e-5
0.00011225458987676263
5.5223481689112726e-5
3.7936256759037734e-5
4.8060085021195464e-5
4.381260180124977e-5
2.595344321745424e-5
6.82898714429887e-5
9.120816759244551e-5
2.5714979181103958e-5
3.155098062143033e-5
4.415726491873144e-5
6.287070209032946e-5
6.262782843262101e-5
2.96882690498616e-5
9.506675496336613e-5
3.6008125401261184e-5
2.2759488418773206e-5
0.0002144782424892581
0.0001615420187669555
2.128674350989327e-5
2.940852820779537e-5
0.00012303989537722573
2.9443917054358866e-5
0.00010756827579349714
0.00015391968308045074
5.5565291331207436e-5
5.855958941014058e-5
3.799430735376475e-5
7.983077855055848e-5
3.669832440463117e-5
0.00011005874729702974
4.864368569801516e-5
5.775053489450187e-5
3.9013021931361716e-5
0.0002002556884027925
2.7228327360589842e-5
0.0005717583178766279
0.00012549041682731205
7.407436590393912e-5
2.0993743295686394e-5
4.775773992560485e-5
2.741920389204167e-5
0.00010660324799800529
2.106232354030485e-5
6.378563585821942e-5
4.524581171553874e-5
2.1676362403883382e-5
0.00010128041565650788
2.89212431879591e-5
1.5323703468849245e-5
1.6326486631819936e-5
3.682388155214723e-5
8.919081163871726e-5
6.045865570102909e-5
4.642681175258604e-5
4.742482308225094e-5
7.542578835753086e-5
2.285363227757714e-5
4.777066238466631e-5
4.711946938985912e-5
5.307121523325811e-5
4.910300278275352e-5
2.320695159232181e-5
4.193849630412147e-5
2.8239624421593518e-5
7.097113772725806e-5
4.817599143468902e-5
0.00012465450641295798
4.417863064170386e-5
4.553898303300289e-5
3.166033766354451e-5
2.9337532296729047e-5
2.3008263651811338e-5
4.6550228141061117e-5
0.00010555652498905199
0.00011505900282173156
8.48267777419638e-5
1.8708653208727815e-5
9.066660262492345e-5
2.725407121021403e-5
0.00013934729452493383
6.795371709626121e-5
2.8856893363883913e-5
0.00014355320442037257
8.481740570590577e-5
0.00014678816315624507
4.9322578969275916e-5
8.551361220305349e-5
3.8813540624476124e-5
2.7366713076484292e-5
1.9217067177520768e-5
0.0008222545675858346
9.454421457718699e-5
3.637856255968382e-5
3.0038251276657995e-5
8.66735161352423e-5
0.00010367630557384841
6.0655510920554726e-5
1.5708041666221816e-5
4.718498786865076e-5
3.383708131665729e-5
0.00011485846126141406
2.9731172524977307e-5
5.273404819399545e-5
3.917889954800807e-5
3.9692072307025316e-5
3.6556866043531465e-5
6.098282741915047e-5
1.690404922727641e-5
2.7676718739627948e-5
0.00015088826072039588
2.5051057549642844e-5
1.6689087873697602e-5
3.443969399273445e-5
4.2281762525623214e-5
7.105421230963041e-5
6.506573650609706e-5
4.192064301047732e-5
2.410160933112349e-5
8.678446419151133e-5
4.487529769364098e-5
5.309261115985327e-5
0.0002866425154079939
2.3154178028240467e-5
5.307205260392057e-5
7.02667179059911e-5
4.840092302810143e-5
1.8518299618441956e-5
2.54339363912141e-5
2.836456566785421e-5
2.6951177243571613e-5
2.5746869361001306e-5
1.6043351486335475e-5
0.0001436403198145333
1.6201254573222806e-5
4.4917576904115845e-5
3.089958892976351e-5
6.008312914336844e-5
6.220547889115291e-5
4.3055205716628526e-5
0.00017145210171465764
5.098171333512268e-5
3.911576447559638e-5
1.649172974663602e-5
0.0003075678939531828
2.2335899851618456e-5
2.660339011434735e-5
8.485192575611538e-5
2.4777226787021122e-5
5.999780443411847e-5
2.0663949545064737e-5
1.8425348930012597e-5
2.4154099899685346e-5
4.8497665870777835e-5
5.707186666978774e-5
0.00011522403545882108
2.375735608900474e-5
1.727352053900343e-5
5.875394649164055e-5
4.9554713079288685e-5
4.5829604360782466e-5
6.550516834825317e-5
3.689801813762306e-5
3.92127990840174e-5
2.1512414554935203e-5
2.0317365748934034e-5
2.371292370427887e-5
0.00011499613558235103
5.603126625318369e-5
3.701236564849263e-5
0.001964158306221805
0.00015214576744093943
2.6330044904417306e-5
0.00011961801906648548
0.0006950553249520232
2.4111953287821816e-5
2.382968558354195e-5
4.592900235250294e-5
2.7655910620818048e-5
7.587715646006629e-5
3.8545508953950115e-5
9.142662404991756e-5
4.016979350012018e-5
3.089371995787495e-5
3.394487418435692e-5
7.333830611215327e-5
2.5000912098514746e-5
7.452873797263472e-5
0.00010923841798449307
3.3870109830011675e-5
9.345407802232366e-5
8.767762987424473e-5
0.00010491608488031081
3.962568686477928e-5
2.281892155362926e-5
0.00012911644234057064
0.000256827042017126
1.931754288255016e-5
2.069625943861692e-5
0.00022990120882189323
8.223114632430172e-5
0.00021311069689847317
0.00010722873189638909
0.00012034487424088167
7.574079958828342e-5
0.00012646558648480395
3.381514873719367e-5
8.384066585186492e-5
5.4828918761748285e-5
0.0018034854324547715
3.8875892159281784e-5
0.00014887018911566427
3.0688556647171765e-5
0.00010308953841729942
4.689096847321008e-5
0.00010105086510881765
1.8882516192141934e-5
0.00010931872449141295
3.150851335118647e-5
0.0003247514948491934
0.0001495729061900223
2.9396438965172142e-5
4.029420186513239e-5
0.0001819706915129449
0.0001431186623134678
0.00011991650490522862
5.548821362509201e-5
5.0752444771631524e-5
0.00010071660520873748
3.5052964488021136e-5
4.427894350696809e-5
3.152721879079242e-5
0.0001633988852816199
2.5509092144367253e-5
5.1827308004555045e-5
6.289453759731726e-5
3.374749352847912e-5
8.911720659777136e-5
0.00020082860556766178
7.212547396399788e-5
3.072675981269638e-5
0.00011567638175318154
9.157106348576118e-5
0.00020772066272357664
3.7814677184535404e-5
1.7272729660227814e-5
9.391656245692377e-5
0.00015797735878950102
0.00012983496460801069
2.4140746749883855e-5
0.0001149807491532005
2.510671045615485e-5
0.00019863108107508206
0.00027216832472524814
0.0001119494422472228
7.6104801466957e-5
2.5859509874472048e-5
3.2010604459159734e-5
4.0140639171403e-5
7.123327099633655e-5
4.0736284754575955e-5
2.2462726380154616e-5
0.00011560389238581349
9.851026421743136e-5
1.5204062093753842e-5
2.5516125420804365e-5
4.034136432400865e-5
4.6474095638349686e-5
1.9533501378115695e-5
0.000115074832814069
4.736575067194883e-5
4.2207447997701745e-5
0.00011956811932361645
0.0001036034128493652
0.00019253432306952394
2.488894090731329e-5
3.223998758719373e-5
2.5638342027817703e-5
4.054878470657064e-5
0.0001877968463432048
3.8186106776982e-5
5.0139382418482496e-5
3.0267311628090754e-5
0.00013745538482934483
2.2220838039984698e-5
2.132378185722579e-5
0.00017473749124412532
4.803076364574682e-5
4.0886418184391664e-5
2.487800242041362e-5
6.744632413751612e-5
3.7132894705522915e-5
2.437792052266589e-5
4.1938473847614816e-5
3.637255979474222e-5
0.000355376368027871
5.343159075340161e-5
5.704056297981914e-5
0.00023324241815345743
2.0083753691818826e-5
4.019755625439223e-5
5.325166558085772e-5
6.884205778390311e-5
2.4107846622651987e-5
2.5335451513489778e-5
2.1756489448655813e-5
3.9959105002357024e-5
0.0001339454544345425
8.53320342558942e-5
1.5296223844968054e-5
4.837801661591438e-5
0.00011533677599013286
4.900734101798521e-5
2.3674030348341293e-5
