371.30729777793135
1.642168288673221
3.131078828974249e-18
2.8853277572860536
13.297113194869368
0.036822865164826045
7.57389349676786e-8
0.004109476195342874
0.0030513230539722827
12.102489665398078
6.965683624939108e-5
4.3168383497007323e-16
0.00019830495009363154
60.947179377125
1.2801590960878147e-5
1.0
0.12986521359242129
6.689746855425084e-7
0.45735948699347356
0.07725134006753677
0.1519473515839399
26.316300880814094
58.64629130218937
3.492948345951842e-8
5.414037393335551e-7
0.0012659196099808158
703.7905016807883
50.914757746770405
0.04811586550934089
0.003951434643488756
0.02554871362691474
0.04663808316817473
1.7800553846810146e-14
1.221067051082622e-6
1.0958485520053624e-13
0.013573106652197787
0.00010665282601020402
11.846064825960013
50.399727980326475
0.0016353598993216758
0.0010454779514319267
9.38741389058647e-6
2.3659612387891714e-5
0.0020748100626022644
1.0288928663582242
0.07468895690014048
243.39749225034362
0.00026214363715719967
6.486816642145263
0.2045628004126305
1.892651270399031e-5
2.3680525598049268e-7
4.3714734273647814e-5
0.0014190579036655359
4.875220856911127e-8
5.004379390861343e-8
1.4940082150871508
0.13973206928584936
1.0
0.06883286513984016
2.4399832437947568e-5
6.000479112383578e-8
0.00425542696675052
0.08322179183766233
0.30395765528482566
4.362689177579125e-8
0.2332269386343174
1.0189343823805266e-10
9.687750711622323e-9
4.539357366285738e-5
6.9755670910858586e-6
0.00011584933258087339
1.0
0.0018811882734319644
86.31955314703313
2.492619321761427
9.713103794886602e-11
0.06496812475642205
12.896888051590714
0.0002958545534769936
1.0
0.02459162063266808
2.494649988505056e-9
0.5746136411681305
0.003153331847769428
1.4674820381659218e-7
0.0015831075190148815
33.3979315617173
0.23245182662669267
7.663113807789695e-11
0.11619942017863251
2.6854169929009086
1.5885203439921396e-8
7.647228469224802e-9
0.00026462335765220724
1.763923703399816e-5
1.5001147814881296e-5
2.368732810853463e-5
0.0019488206584575014
1.207173265224889e-8
1.0116361936180432e-6
3.7248062779706928e-9
1.0461414545238497
0.0003728250824338883
19.54169548362867
7.261095113329219e-12
6.216060240343213e-9
0.00945824274459544
0.004791034402667221
0.00021272604832852244
2.5167066911807243
0.001975582440112993
0.00259346092389291
0.0005136097421365762
1.0
0.5788999931643433
3.540426813887008
6.2691431529058494
0.007421699475452134
1.3661795773972054e-5
2.5779033939163483e-8
0.0023994446378471598
0.0003321064974183308
0.345161139220667
0.0001409528817767667
6.165950394706142e-5
5.603218338280576
4.831812010665267e-7
19.77057596345152
0.0006012486571254507
1.2669793144188313
0.00023554718316382695
0.0009840664425936545
0.35140559219834416
7.909400724728476e-14
0.00023490507983318435
0.0010576734278033263
1.114199576120389e-6
2.6575394076556e-6
0.0011970293364221463
1.218139825365471
9.597795958416849e-11
3.9090533958288496e-7
1.0298883819775348e-5
0.024327118352751472
4.361189451924916e-8
49.464846223807
0.18597068024581329
1.0761962548153502e-5
1.0928935528742449e-5
22.558312281682326
0.00016223479700532847
4.8847057191975394e-5
0.06606690461419691
4.569559354412349e-9
6.715272417111771e-11
1.060524509428373
0.003765478634543171
0.0008176185160718468
0.0007702939920741088
0.02203175461563017
0.03852478076659185
0.03746456441235192
1.834322645429339e-7
1.3157609402241747e-5
2.1924209051998588e-18
2.8006825400328835e-7
4.521390359667619e-5
1.5703193394598982e-9
7.8403301840937365
3.325155466369964e-5
0.06350024569164242
0.0011178117411485716
15.84863627261726
1.826157987795362e-6
5.668304832101769e-5
1.5415354014355086e-11
3.558976102815157e-8
185.81984374239818
0.0172178035043871
0.08598994173031003
0.11085533815007273
5.028600372286289e-7
1.4360691084792694e-8
8.687703170543294
0.143000944881383
0.7818420327733228
0.1147221315752843
7.592469362621311e-5
4.391994481413255e-8
1.8089778085260556e-7
0.008843584491439026
4.794604403225361e-11
0.026871214055913785
1.6403919205430077e-5
0.00837427712677516
1.4400114581720347
1.849460712191929e-8
8.703908254919342e-7
0.05800303259750012
1.6784087220040088e-6
0.31785238362720264
21.68862458999771
0.0002904741782810345
0.001036994824300274
0.0010026351921512706
1.6814559454569056e-7
5.617267755233619e-8
7.923032485014812e-9
2.2251865763388642e-13
1.3090545051929843e-5
0.6321683466990665
1.3172597310335821e-6
2.2223529382349533e-10
1.79144687127244e-6
0.00012665513617349862
2.4034648302757832e-5
5.941504213907975e-9
9.945683383152262e-11
0.015820713653273047
0.7124216600986923
1.0268706556313619e-6
1.2997634675476226
2.057686837079891e-5
9.447399102966772
2.580147699640251e-10
0.0007764211030215089
8.914185354692244e-6
3.5557243623117956e-11
42.63507562346437
12.246004969890171
4.8993896188193086e-11
0.0013115484589322868
0.00027255991759174197
1.0578954102451015
0.0013813804080035279
0.0004965812847307807
0.00040227359468007805
1.4798100670192214
0.010727573398075757
2.0099916900887303e-5
6.742130504314509e-7
0.3447914298874439
0.00047367737669658206
8.390723026899026e-7
0.0005010328634977095
9.70595749993747e-10
0.0011281225196796323
19.673070737408533
8.381626663903176e-8
1.104715642420669e-8
3.696933459547691e-8
4.7120515289738396e-7
0.0001625440880582358
0.0028805646356192174
8.360644667192863e-7
0.008777108489781684
0.6330662733064657
0.0009046454402952944
0.2563838096420174
1.632290956846992e-5
0.0028014486198384815
0.0006359575786693622
8.598274716197598e-13
0.00017317311086311536
4.861780826503773e-5
0.000711317783891111
5.194536634134666e-7
0.003682616733418702
3.3104102483140264e-7
5.319317702419736e-6
0.5627144735135279
7.335809122384297
2.387082143976604e-9
4.088230915182474e-7
0.0021406036187290606
0.19051607921980934
0.06969311251256047
4.4085395517503015e-5
8.65397971770278e-9
1.4324943551870707e-7
0.0016796653832157659
2.960855851648762e-10
6.8295716533707e-7
1.0250165635324369
7.273981039945672e-9
0.03506782529224512
6.822129784273833e-7
0.0010583941054674445
4.85698569567624e-9
0.06095055814908563
2.191933775215671e-6
3.7677625168355674e-5
3.5225922839989544e-7
9.712467315223294e-14
5.419729818198354e-6
2.918087964627211
3.022794651409176
0.5925133944044485
0.48365204759471553
0.0910852032080524
0.794247013404194
0.011049961439240618
1.0
7.468718401287638e-11
9.915245125255957e-6
9.749294082029689
2.366960282743145
0.001562038112009407
0.00011986589863381781
0.6561659233623955
0.044060227086227186
2.4447720628608378e-9
6.163603541424544
0.004317879844970768
4.663398128095074e-5
0.012251814522624544
7.33758773491349e-5
0.6737686636798432
0.0018456757561274525
7.216356393897896e-13
1.0685466867650828e-8
7.559185703714419e-7
0.09568758335020242
0.000491518172307975
0.1783647747343742
0.006104714840256251
0.006472860647271479
619.2732349579218
0.0006739186510261546
4.354011597852021e-6
0.00219338935925825
1.1348643605394929e-10
3.2037347466976263
2.6717056169932975e-5
6.862550192523121
3.6131232890956235e-6
0.0033194435516046847
0.00031874252524533307
0.001390366224641477
4.284035628462828e-7
7.606553727355093e-6
2.2630581741895102e-5
0.005356992442612427
0.00023248133718398786
1.0
3.580693135848027e-5
0.11673277744176548
0.8238107782614407
0.001971277345070794
0.009294010732821665
2.497750725782769e-8
8.389624213353311e-9
9.759578754944324e-5
0.0012620138186734211
2.4765491265161786e-8
0.002174226630432134
0.0003094260671022159
1.0
0.022125575570276324
1.252960120613267e-9
1.792689505441706e-7
0.03448104725019389
4.249825773867133e-5
0.0017860716169743247
1.6136864981799321e-9
3.2922184051326457e-14
0.21670518511955378
3.787278814437249e-8
0.6354629039874677
7.12741223969445e-9
5.2450424210690275e-9
0.0003806566135623838
0.7356086653098698
2.5031045068197412e-11
0.013279138585559132
1.4642726154702293e-10
11.978479488687269
4.587607974337946e-10
2.7081255341496485e-7
0.0008336057554761938
0.0007727130478199424
1.2752240474809198e-8
0.15761304671900916
9.174986735981214e-5
0.0514340801305312
1.7375999177997283e-7
5.816257702258504e-9
7.061962776180633e-9
1.2829243191119217
0.0001503599196387061
0.0007798280780116946
1.484545781179988e-6
0.0006140413365890462
1.3730478274171624e-19
3.933702403607244e-5
0.00013178625450817102
0.0006521336703413343
2.7887394090548795e-6
0.016577373183110842
0.010419002953857271
8.555427033136163e-7
8.841812511803438e-7
1.4633702905668682
2.059416682582977e-6
2.7090254138714565e-7
0.01808640109087887
0.00014063215001770243
0.0007775261241154263
1.434981689413854e-15
0.00010186264270793483
0.00018723801737062122
5.256733766259291e-7
3.0731221154256422e-6
7.137644261360967e-5
2.7553076088354972e-5
1.0359200448251261e-6
1.5840517971033172e-5
2.935571275958743e-13
0.00845253791095031
1.4094103287236823e-9
0.031628131395717
0.0040859826877122024
1.6601153916390776
0.06910737876374812
2.6727884483694456e-5
0.5468296409474734
0.00021722184880449167
1.5983097502109436e-6
0.00016463900333224646
6.858939511936784e-5
0.08305066081369017
3.213426863327382e-10
0.00014670975865417273
4.159981192789453e-5
0.0003298216856974834
3.344236880684329e-14
3.5139053179933466e-7
0.013782385892934509
4.321189969880101e-7
0.009288229927277849
0.0024991153719275644
5.202869680017342e-5
0.0003222169306045739
2.1855053110354876
1.973428438446516e-6
14.419270740463235
108.66210367609142
0.0021540671858554356
8.972378930245389e-5
2.223429950246237e-6
3.982416676824783e-8
0.07397873261278586
0.008225240118769635
6.079663301213015e-10
4.875156174083584e-7
5.0967784632646116e-5
0.0025814604563897353
3.5331417629583735
0.0073544424839802796
7.937806692628259e-5
6.835735772151053
2.035186900883684e-5
0.0002147343177907165
8.018662522759317e-7
6.065721082646403e-8
4.350585194474329e-6
9.358169115362863e-13
5.789523270093755e-12
9.3648959667502e-6
206.88420492922123
0.010731733164517672
1.8743656253686762e-5
9.627022536497569e-14
18.96895449085878
0.16590477008290055
3.3997154861027255e-6
5.1795743770962775e-8
3.539544811595244
0.00249215680713306
0.0003582397321796015
0.00012536014527144345
6.954637542914376e-6
1.111605194406244e-6
0.0012709480702901472
6.566464597193386e-6
5.306897444751847e-5
1.0
0.18865430959884175
0.0008544204271847198
0.03057260623257434
0.0006991723603433388
2.8796640359263455e-5
0.0011758469413462541
1.674560219958413e-8
6.39022082838712e-12
0.3700667446204098
0.0002921932422966753
1.3556443458939518e-6
0.00028394508652140584
1.0081171086975516e-5
0.004664736497214073
2.6339996548862396e-12
1.3256594657828763e-9
0.016929698569168386
1.866205234807754e-7
0.18996347781121375
0.0013557756401685222
0.02325012048103227
0.0011975263346472487
0.012418024105265721
0.0006603856675867771
1.0145293675695478e-6
1.1152779731467567e-9
0.0003888898765468067
0.0008311275750776647
0.005685208161918971
0.010900008655593851
5.466704822102855e-6
0.12650244011514347
0.0014465898476967323
6.32721441324367e-5
6.858776795740341e-7
0.0002283964775052525
2.479427957434534e-7
0.11392488473248127
0.0005679973215623002
0.010762014069557234
2.541977381266459e-8
0.002572201171169327
3.779920678316122e-8
0.0015219845287078146
0.01412173742631039
4.415930193651378e-6
0.00016108877682358922
3.0416112244309304e-5
0.0019390068815169233
7.956263342072423
3.792756153312776e-6
0.000779893149911405
0.0008833499855878548
0.17179254758053705
0.0006137588022888125
0.000921192395382503
9.796263452360435e-5
0.003012118168063051
8.489314542442317e-6
0.0004909204076865921
2.688333521877669e-5
1.000295113060718e-6
0.0007649692981291804
0.006551651135516724
4.179864087724875e-9
6.183443290196925e-5
5.346127508795313e-8
9.256633655152554e-9
8.487645319305571e-6
3.4719706751026185e-9
0.000614827388853187
0.00023483187805447853
0.00023221684130772467
3.8723411042579343e-13
0.0013138448443155387
4.850749030943985
0.001041100641880793
0.009691301974789658
0.0010804268074028078
0.00013218080895046778
0.0007549024318045715
0.0008958898565224853
2.5027086262992797
0.1579692517520467
4.862300185736488e-6
0.0003436953464930196
8.293818038767094e-7
0.0022298779632135284
0.015083187753929726
5.164309473325204e-6
0.00012847863163871462
0.2705388027304194
0.0011597541047411047
7.590746655065854e-7
0.019626261212599253
3.129511632465718e-7
1.0308716632860579e-11
4.7101559146409385e-5
0.0001621348051251476
8.635068900531766e-6
0.00034298901449704785
1.2102744610943945e-7
97.26122220146671
4.163545521749112e-5
2.5703875733186414e-10
1.9599459701640723e-5
1.5665783718616542
5.3188404915822185e-5
0.00016041094544143195
11.415502157358056
8.082035291440655e-6
7.41307281778363e-8
0.0019349675933674167
3.246259407058213e-5
9.286679028808736e-5
1.1507754936555284e-8
5.346332621309656e-6
3.0197608504161464e-6
0.001584525160688872
9.671398376960385e-10
0.00025675739437039624
7.328672504976975e-5
0.0002655354515495944
0.0001646314414575216
0.04019749770238237
0.028875101373845035
0.0004947168199069947
1.261754499737729
1.423195003670131e-5
7.544372485712229e-5
1.4857075967283588e-11
7.083654823022997e-5
1.7373523458030304e-8
0.004584403290677701
2.8372463040854405e-9
1.6802704482469836e-10
0.0619416530451098
7.299537951514691e-7
0.0006074654116013655
0.06378895307055618
0.0001871951371085901
0.0005276353644716476
2.3617451464637013e-6
0.0011025163847909135
4.566022222158615e-6
5.810783818509032e-8
2.0662119840247728e-14
0.0006643144154645258
1.826042026236021e-6
4.6389295471924784e-7
3.4843244406454e-5
0.00574975679618588
0.0012801245993175414
0.08153173576736109
2.0673375136125917e-8
0.00025088135807058886
0.001630618175134927
144.6770942522595
0.00017369218454618574
3.217427316888106e-5
0.0056648583750399375
0.0035942331297562917
1.1998529424660935e-10
2.6468698237159983e-5
342.13751895627485
6.15761862323747e-10
0.0006815468693030633
0.0017443821626614757
1.7822675850060768e-5
0.0003839894817362953
3.29966176477126e-5
0.02586883841277664
2.902676348868694e-5
0.0011410354100294823
4.3383914862934413e-5
7.76183719503138e-5
4.6065060880653765e-8
9.848068853746045e-6
8.268497624506695e-6
6.036974075006997e-12
4.312001417212369e-5
7.472467305369054e-7
0.0002573968179513412
0.3266556238404546
0.003312157024583017
2.2971026011623015
6.522508374174212e-7
1.620765932298021e-7
0.0026928777396629114
7.232825941956662e-8
1.0495857402006103e-8
1.0639892711265802e-6
1.6484051380479346e-6
0.0013705331991030695
0.00016633435498148347
0.007253581705129195
0.02048126891297974
0.004999086326778472
0.0006021051729778542
2.2879798162880833e-5
0.0009995357423558612
0.0001482272583391532
1.2848845304717913e-7
3.206301964136388e-10
0.0006828894927495812
1.4095930308854634e-5
0.16392581635344608
1.6761063244440006e-9
1.5995683008942808e-5
4.272607234345496e-9
7.524336095261912e-5
2.2907297754744918e-5
3.910102780632035e-8
0.0006166746738172021
0.0003084113920811658
2.2870429691275977e-6
3.0390648039526505e-6
0.005475053460584903
1.0
6.933451008573346e-9
4.684701864138235e-5
6.155783158920223e-8
0.006032259046828312
1.0
3.752833426498603e-10
0.00025608892102553434
0.002520223348310676
0.2745247264917653
0.0009178592851142073
0.0031350120232474196
3.543964408623788e-5
0.0010679503827239064
1.6909223104733673e-6
0.00024600889366682097
3.9038477815526336e-7
0.00011505141166604558
7.967664467538721e-5
7.115438866466033e-6
0.0002443669532898672
1.331561445697081e-6
3.9005056231679687
6.1927991337214525
0.00012215155968389946
2.4658385165601094e-5
5.92287277355512e-6
2.414451028593453
2.1100222923180275e-6
0.006185478693698542
0.000300823985258929
0.0002729473845060123
3.6101229884053615e-7
0.0021758769321596227
7.646447017280032e-6
3.643952632145949e-7
1.0
0.002159876471220941
1.1481555413010092e-8
4.994043593446377e-8
1.2782347502066765e-7
5.196909075145799e-11
8.668226789585694e-11
1.6330718225532434e-5
0.00031329145774258065
0.003200322954702932
0.003265077055512841
5.918407487553137e-6
7.5918770861701505e-6
3.400282084710287e-6
1.2284358158366057e-6
9.639055387113554e-10
1.0663391440769249e-7
0.0008299481173001193
0.002026601246441228
6.638873093908213e-9
1.0
2.120713033609195e-8
8.85522967061315e-11
6.939416527007674e-6
3.974304072337842e-5
1.689527885722519e-5
0.005436912279711895
2.3021977461705304e-5
7.382616902980367e-9
1.250197035031361e-5
0.0008558945381756281
9.442726499299436e-7
5.705916933288002e-7
0.0011249376478015942
0.24543418012030352
3.1179670026154342e-6
2.7329654244984788e-11
0.0011444082860151245
0.12887585456323697
9.04392577441375e-9
0.41226575888173606
5.438886056704326e-6
1.125207726241774e-7
5.020355048917937e-7
2.39953588849978e-9
7.473563668902374e-5
1.6224837308021383e-8
0.00017721061789069729
0.00015311392440999427
1.8291656961032451e-6
6.294368041388857e-7
0.00010789074611542743
0.0016660486851968227
1.8448692286920907e-13
1.4840353249503559e-6
8.318953310474317e-7
0.0007708914404099672
2.3575215613997916e-5
1.4219932977617628e-6
7.758544803776918e-6
1.1460222658762607e-12
0.08118454152473102
1.8245823838347686e-8
0.004125899761276876
5.2937729886750696e-8
3.66656285121596e-5
1.5452719659101476e-6
4.568093926906655e-12
1.3243388354532779e-5
0.0005321370579481937
0.0005000458483036136
0.7803032071260142
4.136856533999915e-6
0.00021298202489639217
5.589887497940377e-6
1.9413080383980942e-8
0.00015861532688559409
1.3869209814336614e-5
8.339411240981305e-7
5.5445964833368895e-5
3.5664870963744353e-8
0.00020587885924252248
9.326920030140367e-6
2.844913675716607e-8
2.0768727468307563e-7
0.0019261512295711133
7.310990334376016e-6
7.232984638407005e-11
9.892303573776821e-7
404.281082053257
1.0453623565248371e-5
7.026887560033385e-5
1.1412552455577686e-6
5.390618638245532e-5
1.6823267864983035e-10
0.00026308024166743634
0.6403353672088697
1.7701680097791275
0.022904350078011382
6.994016451528072e-8
6.288335568584234e-8
0.0002864129544347755
6.340520169589173e-9
0.000119415453199734
0.00037564863299488233
1.43636162454595e-14
2.850096544957777e-7
2.7349849486927553e-10
9.823305680025308e-11
3.358966985584432e-9
2.40366996457924e-7
9.219491646638407e-5
1.0840800386551551e-6
0.00011088776460560607
3.830791360654862e-5
0.2146173924411422
2.466838161759938e-5
0.18269212036816093
0.0012590743332017654
3.2768592443535323e-9
1.804726779090775e-6
1.6745318534312753e-5
7.236585020008633e-7
0.32219473301768287
9.34472991800537e-7
4.1117849556107164e-9
5.044142521014716
5.4522148519697755e-6
0.00013373528580381562
1.5978619670659713e-7
0.0035938605751230967
5.010178832507912e-5
6.513126591602923e-7
5.211960436196438e-7
2.6085386170914587e-6
7.661705916372119e-7
1.0
0.0016110135253531422
0.0007900732239898764
0.00020079196409364072
3.3389302179289324e-5
1.4486420498711965e-5
3.869050589153738e-6
8.33624821276983e-7
1.8741403579167848e-6
7.564798609442449e-7
2.0267451931564584
27.467898465880005
3.13680684762381e-5
2.3258376026144923e-7
9.704923098496321e-8
1.3690302442817534e-7
0.005581298483655421
5.618168912539408e-5
1.0438318423779986e-10
3.818392701287456e-6
2.423702682149452e-5
0.028219686216989337
2.530088895322079e-6
3.033501871635568e-9
2.6349979852418093
0.00013869201271961683
3.1138957901131156e-5
4.482063673303632e-6
0.00973831603050114
0.0002885206592712911
3.456600213488942e-6
5.589870937796876e-6
5.789917921457326
4.423415552854869e-6
3.036764504080686e-6
0.00024872402946897807
1.3497323474278285e-12
2.1322243386540844e-6
0.00018423316098698124
1.8232086023547816e-10
2.25843904838932e-5
3.520452832064364e-8
1.047436633852665e-5
0.000199368831640485
4.426750480874579e-11
1.3527826458233108e-6
0.0005119535441948765
1.463227582938847e-11
5.969528797188388e-13
4.463499908306229e-8
1.168674818778972e-9
1.413828889687414e-8
8.130643064584358e-8
0.35109876473865836
4.853458681861703e-6
2.4325628824275428e-8
7.960089394943113e-8
1.2948381811253974e-14
11.933644927011505
0.0009502244929047803
1.2765262265451873e-5
1.0331326025200704e-6
1.700348985770691e-7
5.62852627140667e-6
3.7997363540109624e-7
0.0005785167239579797
7.022864781783723e-7
5.535251134119684e-6
2.650167432303742e-6
0.0001639893541090009
1.8561750829925754e-5
1.9893294504599546e-9
0.001988856935210182
1.2604733012553235e-8
1.0
1.0794366700877495e-5
2.323803448456649e-7
1.0901840682508879e-7
4.265429545869939e-10
2.748961839220318e-5
8.229527430180113e-6
1.3968595568081897e-6
0.007835093209456552
3.903798463444332e-5
3.8469534928548373e-13
1.0542830360330768e-7
8.344518111635199e-5
3.2141261299745195e-6
1.599821740395794e-7
2.1459914255484564e-6
1.5743954232403716e-8
1.2870552941002717e-11
4.612570777019318e-6
6.117070566915953e-7
5.2998915520349585e-6
4.53256256775445e-6
9.023220922242458e-7
2.261895024447209e-7
1.5925049011084573e-5
0.06040460388245141
2.1004021288604214e-7
0.0010543300134491851
0.0017848550943891837
3.425119519673877e-6
1.1826855980158198e-9
5.9213711716269385e-6
1.4475316431338621e-8
1.6771032121892704e-6
1.8151597229371822e-9
6.249992021018847e-5
9.997555227950099e-12
0.00016923434993089558
4.888277157091699e-5
3.6348566199898453e-7
1.3115335186162216e-9
0.004333151547489777
1.3657890402439598e-8
1.33053669152425e-6
2.671524983449145e-10
1.4439697044952895e-6
1.948343893008905e-6
3.1491497475399745e-10
