1.341560637670783e-13
6.264374272819959e-14
1.394255193335212e-12
9.977471675935396e-14
3.8898280604600423e-13
1.4100855113689766e-14
1.6744488420481154e-14
2.3088252812594906e-12
2.2979340829738137e-14
1.4421324162516252e-12
6.549942155776132e-13
4.6570871078961026e-11
1.311672061233989e-14
5.47643423169798e-13
5.755792243636405e-13
4.0390619911674435e-13
1.602788601083732e-11
1.722021253816046e-17
1.2907048277708947e-11
1.7106098716028427e-10
1.9674757772243016e-12
2.774393611932793e-11
2.854075954368732e-13
2.1530902922836773e-11
2.605711426418563e-14
7.009414377282828e-12
6.548337695504265e-14
2.3838341847247864e-12
9.975655106070323e-12
2.9946115000578166e-12
7.376637421968453e-14
1.0507538490606372e-12
2.1248771114169545e-13
1.5979220063561553e-12
5.4818429403645275e-14
2.5129392684367343e-13
8.086480642625568e-13
9.142642782511434e-13
1.362092377901032e-12
1.200023952332671e-13
1.1845815477617637e-13
3.897696915771495e-10
9.058434624793854e-13
1.8087506427097868e-10
1.0032772427528649e-13
4.7676446196780704e-14
1.1478103004489183e-12
2.3494651313260488e-14
2.572799249724533e-14
1.2343634692927473e-13
3.304605444173904e-12
9.310118239794992e-14
9.634816863140133e-13
6.481596385044772e-13
9.590087850107981e-12
2.9845601822314067e-13
8.691186440471617e-13
1.2248953064545754e-13
3.839857759642061e-12
1.2855846917237396e-13
1.5559424811845427e-11
1.736262132933613e-13
4.85299379027011e-12
7.739707752457953e-15
1.6349152423495588e-16
2.1572288957551852e-12
4.5121623067623285e-12
8.121286406240016e-13
1.8055097917505306e-13
2.597048847264476e-12
6.9518901709793805e-15
1.355136983835821e-13
6.602041248665576e-14
5.091744978576219e-12
5.850279435948786e-13
1.8159683000090712e-11
3.1133479402244397e-13
6.351045716293286e-12
9.392279457455036e-14
2.9736917403938625e-12
1.7510612557102262e-12
1.7021555200966077e-14
7.860793728612078e-14
1.621749695821488e-11
3.663434538505581e-12
4.595801823118006e-13
1.3168759210338093e-12
5.997507729702211e-14
1.1613670976655382e-11
6.221994408584347e-14
1.0009654414851885e-12
1.4987367793618205e-14
2.2103995723792362e-13
1.726448013772562e-14
2.0062141003140674e-12
1.594014381875679e-13
1.4864124168590404e-13
2.095550341258392e-11
1.3666063543154353e-12
2.6830655205771223e-12
1.416530618405747e-13
6.036484523044398e-14
2.4205271027006437e-12
5.839832977308062e-11
1.4524570541517798e-14
7.046967982808489e-10
1.4019056462965843e-11
2.9751567469113453e-12
4.349793157413682e-12
1.9415420984647708e-11
2.298333930091346e-14
7.751737909315033e-13
9.9251654932427e-14
3.2837396750139203e-11
6.607794220957489e-12
1.492435332984801e-13
4.0910556938812875e-14
3.699622688650939e-11
2.1523094217785022e-13
1.0548697071867551e-12
2.1027691585828797e-14
1.905375285562868e-12
5.721181110061246e-13
1.5122757909788265e-11
7.857300119276584e-12
2.4301579176497067e-14
1.6364907310628193e-14
5.140975235559275e-13
5.11684070630099e-14
9.159124584393142e-14
8.413452697002453e-13
1.899132889637875e-13
1.6370476188272795e-13
2.6264478945150174e-13
5.499923106506744e-13
2.3585601083860775e-12
1.6742241958459265e-12
9.73540390192096e-13
8.471044622232096e-13
3.14506737883472e-15
8.960233626969802e-13
7.861449943415736e-15
1.3272009293330764e-11
1.821134904024083e-12
1.6333200910415548e-12
5.55121692528704e-11
3.069523293550438e-14
1.543326654777977e-12
8.838392776989332e-15
4.0754919916796447e-10
8.559800263941844e-18
1.1993151007677922e-14
3.618613284283379e-11
4.821154849772062e-14
1.9282830449580113e-11
2.466192996149984e-11
8.57194874303294e-12
5.4652703985549825e-12
7.214496290710609e-14
1.042289527744162e-12
7.394741669952183e-14
2.9839283166235612e-12
9.1066050607197e-15
2.9492222726196324e-13
2.8288990779340263e-12
9.038967625289922e-14
2.0176358037193545e-12
1.0513197578097255e-11
5.589756640896675e-15
3.305699950034069e-11
8.434295709416677e-13
9.28100199015921e-14
4.1857926003140984e-14
1.2907850634260775e-11
4.8821947594538334e-14
1.4890495750979692e-11
6.884834975730302e-13
1.9833800466961035e-13
1.5526447837574296e-13
5.5940652527147085e-12
8.880169494873983e-14
6.092934170406749e-12
3.428447103421855e-13
9.253394427128321e-14
2.283997545972924e-11
6.502334381962762e-13
3.254693901961369e-14
3.229649351051236e-14
4.4706266471022116e-14
1.530282250473785e-10
3.592485752665113e-11
3.575855376569198e-12
2.853268621426738e-13
2.394068468551724e-11
2.0387891707025632e-12
1.7165049736580355e-13
2.688964930374225e-12
1.1881077165574187e-14
4.770938242527224e-15
7.007921571306638e-13
7.200777362001596e-12
1.0292321509362701e-14
1.1550439122080011e-12
2.1612118466237404e-11
2.7122196487295965e-12
2.375265477093552e-14
4.405994306312006e-14
2.5748762568115837e-11
4.569966183039759e-9
4.542462330243842e-11
1.1355176389395438e-10
1.106260479803046e-11
8.03385544445869e-13
5.096310985229128e-17
3.991765449563381e-13
3.430497103904403e-17
4.2130672846174596e-14
5.688651396814386e-14
2.445799354594549e-12
2.5164465131395766e-13
7.312884274508837e-14
1.4838409673968886e-13
2.0732556154035973e-14
3.977457005046322e-12
3.8350771135338847e-13
1.9780045213721138e-11
2.2369863670626423e-12
2.0222379366156082e-17
1.1877893977494591e-11
5.597320389194095e-12
2.2796229331265863e-12
3.725286135332848e-14
3.489409379022251e-12
3.4065083858463714e-14
2.9400110521215373e-13
9.56044099758589e-13
1.6067487243431355e-14
8.030400111383388e-12
7.902656883350261e-13
7.218271790808375e-11
2.1610282486005448e-13
1.5284073848901908e-10
3.390380622344037e-13
3.149928371774338e-12
8.151526311500635e-13
1.926795553845913e-12
9.649798098009913e-13
1.8169465279388837e-12
7.389310174599947e-13
6.968254116670124e-12
1.9162303059889653e-12
1.9073557138362158e-12
3.746115647094974e-14
4.196545121639092e-12
5.817552232849228e-15
1.2184815954246765e-13
1.3971172206276185e-13
1.606583345674573e-13
7.767162673177233e-13
1.0452032707800803e-14
4.970610014084946e-13
4.791532115359178e-12
3.0292052461911425e-12
6.646423652928047e-15
8.292947807561462e-13
1.3861246576314544e-11
1.606098883684968e-11
4.5358416552290825e-14
4.747025154721681e-13
4.683448443183045e-12
1.4754916767338437e-14
3.968511569390299e-11
7.525139673247416e-14
8.08680138903696e-13
3.429258531873536e-11
2.5143625707902e-10
7.581584725905408e-15
2.1531682746849475e-14
2.1790836365998652e-12
1.2608997604508834e-13
6.956428779647248e-14
3.067516220722747e-13
1.605365391664254e-14
1.3695675982477804e-11
2.3716237943677203e-14
4.878339925739579e-13
3.107423555206976e-13
2.776446206978871e-13
1.6611752143767963e-13
4.488385268155977e-14
1.5274901097562302e-12
3.3514285030316395e-12
2.2752534375315224e-13
1.294953267559293e-12
3.821218969188304e-12
5.1920388700827525e-14
3.683765552009171e-14
1.0400225338028842e-11
8.003985763763197e-15
8.280014475758363e-11
5.9379328705381635e-12
1.5800266877997311e-13
1.0372304535443476e-13
2.862925783507195e-14
2.780273696117314e-12
2.657808071586991e-14
1.0621089232142484e-11
8.066643443685351e-14
2.7123132465281073e-13
1.672150147626186e-12
3.3358545228074465e-13
9.824912107483456e-13
3.7254440633001353e-13
6.032918838770355e-14
5.157401514179067e-11
1.03884638936094e-12
1.787994883888329e-10
4.476257292515914e-14
7.395358532244967e-15
2.8523625572234525e-12
1.8309612819147275e-12
5.793635585591323e-13
5.84478691487394e-11
2.0773993323947458e-13
1.0475332378867575e-13
6.856918575802398e-13
1.0482944175279674e-12
5.113631688204945e-14
2.932292807043625e-14
4.913090584321664e-11
8.357746272865475e-14
4.292214460924927e-15
4.350340859307247e-13
2.292256188233278e-11
2.5528192690769778e-14
3.352189378966507e-13
2.374524414688391e-12
1.651618064456605e-12
1.040161280728668e-11
2.026177980584674e-12
3.2193902382262252e-12
1.1908480559244572e-14
5.239844436263215e-13
1.640966607113359e-12
2.5828237896832013e-12
1.9086362444641213e-13
2.664204832216495e-14
6.513996895814331e-11
1.8643347028466702e-14
4.164000836929351e-14
7.157371945666282e-14
5.3766173289084e-13
1.1207373876460912e-11
1.5946509199289225e-14
2.514759659722754e-13
3.055532445033275e-14
1.5396661452133876e-12
2.3079923164891804e-17
1.5304335186935085e-13
1.434386142063202e-14
1.030810315454428e-12
3.2231045545171623e-12
5.922602476980001e-13
2.715898529915881e-12
9.390122794915175e-11
2.7711908756484044e-13
4.259219654964135e-14
3.1212218983930315e-14
1.5738594239426014e-12
1.31036628817804e-13
3.5976433926802916e-12
8.939092072530373e-11
4.04549115045376e-12
2.7843848408925687e-13
3.0452481718750434e-13
4.934442714713839e-13
2.8214890514512923e-13
4.024259554566584e-13
3.212205781530634e-13
2.845312692098625e-14
1.812709859354571e-13
9.787949476333128e-13
1.1228283992301763e-14
2.0815104900680356e-11
4.692505645140436e-13
1.1100092240015454e-16
5.024738081009095e-13
6.398461646457275e-12
1.0412611742795878e-14
5.183750439648267e-11
2.1552097857950814e-13
8.137376767265507e-13
1.1756517547711405e-13
6.79481675600464e-13
4.3545399478537485e-17
7.893276690676978e-14
2.680122461012157e-10
5.753509875353274e-13
4.16963853032321e-15
1.0541837881961764e-13
2.1818886320856946e-14
8.186948152316874e-14
7.977746193221463e-13
1.7388235768898078e-13
6.073901595437018e-17
1.164474300247155e-14
7.931528381962519e-14
3.725168996382903e-13
5.969179861686868e-12
1.1203988649897922e-11
1.4411882871484226e-13
8.672843337559525e-14
7.759603569363927e-14
5.141240773500508e-14
3.2449442317973357e-13
3.699197026590832e-13
2.6271601966615346e-12
7.159179054159139e-12
5.585325866025427e-13
5.884771448451607e-13
8.723079447294036e-12
3.721824512024798e-14
1.0993174275259998e-17
1.5205026902191908e-12
1.1179646250649983e-13
7.975110464834516e-12
1.1525223235319194e-12
7.586932352676646e-13
5.997771750577776e-12
1.175657922511703e-14
2.1970896368855998e-13
6.132576133557682e-14
1.0462944675455044e-14
8.276175636410787e-14
1.6377870431786353e-13
5.5988024220595876e-14
2.728706103420845e-13
2.7037130878532832e-14
8.526590185466882e-12
1.554335648758059e-13
8.779665861714519e-11
5.428724438799412e-13
2.6390928045842417e-13
6.685479892160538e-14
8.83093299728058e-15
7.54901262613978e-12
2.292742274784342e-14
2.5367465615139035e-13
1.7277867711340967e-11
1.038224298389385e-11
1.649261260073495e-11
1.2028452349235068e-14
1.9704100340660113e-12
6.007101052295385e-14
7.595761478489988e-15
2.3170365496107696e-13
1.2989244119760786e-13
1.222227605661551e-14
3.5460312129944737e-12
2.7365496208009895e-13
5.0750523111495163e-14
5.442802534941404e-13
1.6148137761679023e-13
5.801386885516723e-13
2.719533352179934e-11
1.4565292306060375e-13
2.0513412777167733e-12
3.571425650180684e-17
6.974950068275553e-13
5.050971007968023e-14
5.0508270675527125e-12
2.176271966243254e-13
6.4741558026193695e-12
4.6482092483020375e-14
2.2051174474588245e-14
4.6224617115614723e-11
8.760701621398659e-14
7.513059587608879e-12
1.1038113758742918e-12
1.5062665257506503e-14
5.005538980979441e-13
2.847509942226885e-10
1.4788709213883019e-13
3.039871299256798e-12
4.9311053511494686e-12
2.076386959089185e-12
5.723460878077334e-12
5.089056035983539e-13
4.8949219753749695e-12
2.6865700617942264e-11
4.3438330648209115e-12
4.977993309849015e-13
1.1999821152124324e-12
2.521152609031351e-13
1.4770891791943202e-13
3.3350712994660767e-10
4.6003015447452126e-12
1.1373106626742113e-13
7.665090007326516e-13
1.089647238378566e-12
6.788666079712051e-13
1.277728839947046e-14
6.517211686050146e-13
1.5842277747290462e-12
1.1834861263817205e-11
1.6223163023878068e-11
1.5645031069028277e-11
1.24239779697017e-13
4.535641355296097e-14
1.1436613583407743e-12
3.521387718810295e-17
2.104332097903048e-11
1.7535213562643177e-13
6.74708344104178e-13
1.4207437754787946e-13
2.820212242810186e-11
2.5519053822605224e-12
1.4534030694422143e-11
3.208796583099546e-14
6.634522127606112e-18
1.2881923736502557e-11
2.353471657685339e-13
4.46207854546491e-12
3.6283328942441273e-13
5.36045644167172e-13
1.8073182725951616e-12
9.917352761008281e-12
1.133330759394004e-14
7.547352631733242e-11
1.743271449218938e-14
2.503432168233721e-14
1.403640626881967e-12
7.95455708077645e-14
1.0262712117942184e-12
1.410525896884702e-12
2.3941538418060674e-11
1.5804666649738203e-12
1.3766274075644716e-13
2.170009450661238e-13
1.221474873196447e-13
1.6810028509938541e-12
2.561172034591805e-13
1.8521989000785556e-13
2.6475428981279184e-11
2.574011348965105e-13
5.213169652053361e-14
9.705436983878259e-14
9.505718900872533e-14
8.080757154930591e-14
2.5214434015088628e-14
2.0428698957573877e-11
6.53683228150495e-14
1.0764838616226343e-14
9.0680617872659e-14
3.451560604331855e-12
2.0255929852022712e-13
5.829736742045664e-11
6.9325428281880024e-12
7.556942842567841e-14
9.925881479294047e-11
5.3673210686860775e-11
7.155469087874407e-12
1.7112414634471632e-13
2.506159850234561e-13
1.652676493469281e-13
5.023736633672335e-13
3.22406706755994e-13
8.101765409012868e-14
5.4966598860220296e-14
4.5502095629465024e-14
3.640269517324616e-14
1.1636683972100023e-12
8.43902255196566e-12
9.510569776766434e-12
2.4064707463841435e-13
1.6051679757832044e-10
1.455857285891436e-14
1.888936209896154e-12
6.913514049865275e-18
1.535954247358325e-13
1.204228838464295e-12
8.090331351871164e-13
1.8566603700646666e-14
2.6029170665243833e-13
4.182552023777665e-12
8.904644772332694e-13
5.7135733930547074e-12
1.0728801027153782e-14
5.787721354271652e-13
6.541198636972721e-11
6.069114449087379e-14
9.536326599369542e-15
7.151650041080945e-14
7.782050775294004e-15
4.342275706755109e-13
2.861352379552875e-14
4.6136291115830496e-14
3.6438161053713844e-12
5.720884715758425e-13
2.373383490533627e-12
1.3742397655913542e-12
2.412134679266937e-13
1.561423130219896e-17
1.3283330198328016e-12
9.145584129245459e-12
7.594003387574462e-13
2.400936151656467e-17
2.035155445153818e-13
2.6298173721635404e-13
7.709509392089301e-12
1.7827592179447087e-12
3.531945656792247e-13
3.5922548256563035e-13
1.4203499693148629e-13
1.0187611817673022e-10
4.934762132792813e-12
4.0290707996614845e-15
3.2095808088557886e-14
6.400876417375287e-13
5.276802781807783e-11
2.7874402305310692e-14
2.3313377369353804e-11
2.3344089557441927e-12
1.0977937286221102e-14
5.589588519044433e-13
1.907675737049214e-13
6.930010913930175e-14
2.822585925444992e-10
3.0812832886316157e-13
3.002203779525671e-13
5.922038098438553e-13
1.5060554409345154e-13
8.060435820549412e-14
7.252666332616582e-12
3.763023750446324e-13
2.890453483163316e-14
1.90475074622464e-16
2.4195864899217157e-14
5.97582857465246e-14
2.199483297356211e-11
2.7537020744550836e-13
3.247685493092777e-14
3.8685295317572314e-14
1.2939745980224404e-12
3.675246653695517e-12
3.9953172941222743e-14
1.5365510036824168e-12
5.528595219924604e-13
2.686115061950854e-13
1.226034994680218e-13
1.6436470710310337e-13
2.259422853838819e-16
7.71140554484203e-14
3.815242221193027e-12
1.530718103823953e-12
1.5275276132143313e-13
2.618834703579391e-13
1.1775856628499317e-13
2.3135421704060575e-13
1.159985321955824e-13
2.5973613023849766e-13
1.4667086744433712e-13
6.828994771841593e-13
7.738469628394347e-12
2.0971335483060014e-13
1.8767065322519732e-12
6.752345810169901e-12
9.857899235810484e-15
6.66956122515215e-11
8.69653814400125e-13
1.6902058893576196e-14
1.4642225926573584e-11
3.279664539059299e-14
1.6035898935920727e-12
2.5009565596330735e-12
8.872204686868426e-15
1.6531305560581528e-10
8.1073595835544e-12
6.887245665063125e-14
3.8161668637085936e-14
3.347247764575634e-13
6.15216448092912e-15
1.5011783600992086e-12
2.4500508540390485e-11
1.947252258301552e-11
1.4377053126051348e-12
1.4831970605497146e-14
7.706444446075851e-13
4.3550733648985445e-13
4.4112978106613035e-12
3.656915172708713e-14
4.818293876827158e-10
6.257087348929673e-12
6.023839238841474e-13
9.61095821392458e-12
2.155603278033301e-11
3.398074947066206e-14
4.5857208357580706e-11
4.0428920891270816e-13
4.18927091247504e-18
1.2872101570832734e-12
3.9796759516672654e-10
1.1032662489083464e-12
2.64196393282895e-10
4.0163749376797024e-13
2.1245278379674538e-13
4.177110488973622e-11
8.945326141197981e-15
2.5575983330284068e-12
1.149157821976631e-13
1.4776335363273245e-13
8.371062311389218e-13
1.6387212978207355e-13
5.532679088534529e-11
2.3473942805159002e-14
2.6212137416591583e-12
1.0372576059176323e-13
1.7120925292330702e-14
1.5048527877967555e-12
5.5167137147218345e-11
6.597720766156873e-13
2.7159592146280704e-11
1.8470788825219625e-12
3.2503825247701925e-13
3.2413318902767235e-16
4.6652902991385364e-14
1.5151174667009637e-11
4.082291011670744e-14
1.6842731747386692e-12
1.939260214328669e-13
7.743581387958523e-18
7.216448412989729e-12
1.8131170143858453e-14
1.879270864729127e-12
1.4827255151950164e-12
3.5819260745349016e-14
1.8438640891303564e-13
3.155815221184482e-13
9.95945291580161e-14
4.8718401328284715e-14
2.074734789184738e-11
1.877731993940306e-12
5.63354959010471e-14
7.55497036221351e-12
1.104170310311505e-12
9.098822532357644e-13
3.1649830604127295e-12
1.284037070510793e-11
2.32983502078694e-13
2.312602010811433e-13
4.738048522956732e-13
2.0995501703934038e-13
3.522243683576259e-14
2.258297645240098e-11
2.7696174642938523e-13
6.5179618679604e-11
1.1621920109379737e-12
7.940291885787009e-13
6.390194735684813e-11
1.4366427776971317e-11
9.681921141914478e-14
1.4229355581618556e-11
2.8808113927567967e-13
3.4296670222030852e-12
1.7943057055266765e-13
1.8799946046786548e-14
1.6919669444793146e-14
4.628349534003816e-13
1.779195734678187e-14
2.123682610884531e-14
3.5442511573185015e-14
1.1897881649894535e-14
3.981930369911051e-12
1.035240362608144e-12
4.716658263275744e-14
8.694443320856981e-14
2.2020123659048492e-13
1.043789807652852e-14
2.3318284192998924e-14
5.602408716606852e-12
4.10469562519677e-12
1.013595986839039e-12
6.165627477753102e-14
2.0272239830370827e-11
3.2733500552599684e-12
3.598873939371277e-14
6.494673433872023e-11
1.5929254656090576e-13
1.0544150928678644e-12
4.60690423240756e-12
4.542168400146556e-12
2.1700256872095782e-11
1.0282727927432127e-11
5.943878471901247e-13
3.4006518280234892e-12
2.1945236104666034e-13
9.57739029865786e-12
3.170374788948165e-12
4.620061720634802e-12
2.483974140328523e-14
3.6594273051569194e-9
1.3099239534623079e-14
1.1508310669113993e-13
2.5912744077861044e-13
9.49750541754318e-13
9.467744935171008e-12
9.266801854513773e-13
1.3719182833447643e-11
2.157753810762691e-14
3.265814986461488e-14
1.5337606049652902e-13
1.5546555564283645e-12
9.96559263173521e-13
7.991885157788468e-14
4.86147373154723e-14
3.94284736894319e-11
9.78123568207102e-13
1.8541992018810787e-10
8.54455425562859e-11
2.937890015845248e-14
7.1607383555463905e-12
1.6111444626750773e-13
5.244581695196442e-13
3.7053701228963894e-13
8.701322278732759e-12
2.717711134930229e-12
1.927647547202243e-13
2.113526560599948e-14
9.965159514919431e-15
4.491211367683381e-10
1.4763779984967162e-10
2.0657064739029772e-12
4.783733738713082e-12
2.920224016609166e-14
1.0040322976498624e-12
2.6723311798027023e-14
7.675027166470169e-14
8.675329412178752e-15
7.84389730801221e-14
3.463768615621058e-13
6.22641279181458e-14
3.1124676227784613e-12
3.3616697719961223e-13
4.9520538305191084e-14
2.658916553532639e-11
1.156595572121865e-14
9.351714621072465e-11
3.011920212799093e-11
1.1525281287809879e-11
5.593463725485455e-14
4.367851666374506e-13
5.458080318071165e-10
2.9484540954993964e-13
2.735476678198406e-12
3.4960993148044813e-13
6.093257367446969e-11
8.182068379814455e-15
6.59260665115911e-13
1.7964104337914768e-12
2.2414888355307446e-11
2.1754115305419604e-13
1.3363925363700019e-14
2.527161328661515e-9
1.088023976373346e-17
1.3134386800033057e-14
3.207098186877748e-14
3.583081600384099e-11
5.838026317859895e-13
6.517486700803845e-13
6.526583598051323e-13
4.778814851300785e-13
3.5356126395598256e-12
9.72362570187219e-15
6.791275771856637e-13
1.933388486651227e-14
2.1211337170148462e-13
6.180852379395777e-14
4.785370984226069e-13
1.6210906688765693e-11
7.221086425725144e-15
3.008356436264891e-11
7.057551075488215e-10
9.519315786600098e-14
2.6320483490655534e-12
3.923290678700331e-13
2.6758317553412156e-13
1.0915300931170236e-13
1.9326349128971865e-12
6.720068984956124e-12
6.473072105087873e-14
2.1748007094552887e-10
1.3915204433474183e-12
2.6174586711160006e-12
8.540496619931035e-13
1.5013776769615127e-12
7.403001981231609e-17
9.678074173803622e-13
2.4062480510307326e-11
7.520129040616129e-14
1.978264580742605e-14
8.005658895415318e-17
1.251122273718063e-13
2.412425463793568e-13
3.9687057766269676e-14
3.316049734934003e-10
3.2248472833632843e-12
3.850157696981703e-13
1.6498304713506801e-13
8.881034071227558e-13
5.742515190142346e-12
5.367407691762371e-10
2.5885291215761952e-12
4.607017615175967e-14
3.2390388093711694e-11
2.7165684214696355e-12
1.8273764517264636e-10
1.3814380006158866e-11
2.3018018263610142e-12
5.692248491467809e-14
1.0769647909430295e-13
1.4244550988950598e-14
1.0196985544392663e-13
9.505520068915542e-14
5.198808607545905e-13
1.1478761395290667e-13
7.655965409973751e-12
3.457797005834069e-14
3.5211651414728514e-14
9.544886729241358e-11
2.437826658160051e-12
4.433083993397185e-13
2.2230647233120204e-11
4.1238927045783095e-11
2.139473513065293e-13
3.6322451839259223e-11
1.0483339408520018e-13
1.8417589589514357e-14
5.187893523580463e-13
3.7968999464070006e-14
9.073442139069369e-14
9.193673182505844e-14
5.122879169886261e-14
2.0232055320703498e-9
1.4323122727890501e-11
8.038011746904559e-13
9.306509027615125e-11
5.1048118827211226e-14
7.792840257852819e-13
1.8829209633756542e-13
3.216928055747365e-14
2.963117879240176e-12
4.0207819668522674e-14
5.10836748135565e-12
7.393058147098456e-13
1.1497584798213632e-12
1.9497345180421148e-17
1.5586159276143277e-13
3.797833860732197e-14
2.80952045709009e-13
1.7590693705816377e-12
3.329234057997379e-14
2.08471517822644e-13
1.0800996005069081e-13
2.8315523336040287e-12
9.972308245539646e-15
2.5096562147646507e-14
1.6959199789518234e-10
8.693863352637601e-13
4.4100754785353276e-13
1.4781516775257856e-12
6.733379966161801e-13
1.2490717306543506e-12
5.684125994051689e-17
1.4395422549200828e-13
3.1595251070357806e-15
1.2774217248201405e-12
8.897380193850676e-14
3.251133562857586e-14
6.805593534888992e-13
4.105284277015714e-12
8.455982587184421e-14
5.174367865988436e-15
2.7447212627306076e-13
1.2444782186373006e-11
2.219267249964125e-13
8.997579606969019e-12
1.2990683279601237e-13
2.5718105123752125e-12
4.2804667982758406e-13
6.4820960063346935e-12
1.0726915096424705e-12
2.0580897302075856e-13
1.3631221241191778e-13
1.513050062074458e-12
1.302001422454688e-13
3.751830556264265e-14
2.0620057274200949e-10
3.892195773311321e-13
1.0074664862288225e-13
4.916270661316013e-14
