0.13023617301266668
0.29975107122084493
0.07901485440337382
0.18321973349950246
0.09874998281451378
0.11742172382993075
0.22104808721644503
0.08301563638581637
0.08954830826905685
0.10541343273893133
0.3342301969923088
0.3355794402130881
0.3024055439845058
0.13632056494306147
0.23098063430402746
0.40788430204781206
0.17361066505584224
0.2757649775455979
0.8402003803606732
0.058471455022358516
0.5434025502818691
0.2219150694582954
0.1630697255323462
0.010068050341202207
0.06322392434897015
0.09074108932488603
0.600716611847649
0.14821899401621233
0.6306850832603578
0.9133961174298529
0.047831701238887366
0.03870382646558728
0.6451793038923818
0.1875021143706542
0.014201203313726587
0.030154722329099087
0.16933424280924728
0.3573219115681537
0.11476143980806759
1.6273481128391922
0.5181319411565759
0.07589282889338263
0.32752824026386335
0.4913425757584866
0.09665602726788035
0.12878852835680268
0.7185063863730878
0.1772560550743164
0.9187001987972061
0.06880139071309112
0.3614563163376895
0.19988440930265045
0.05743453579022393
1.5714703708504842
0.21082641589026743
0.1552646444475589
0.7885300912360917
0.12053603089029602
0.46799375415448735
0.6971209980348096
0.6612034158074943
0.15223838521155575
0.5284000080634992
1.654091245542795
0.010774958768264222
0.46559535527484996
0.08249790509772449
1.1380434071999201
0.07192951791853625
0.32618176380096026
0.07819042158476387
0.6528269429137216
0.18620362140324415
0.013968987398759994
0.006789745314680577
0.46191815228704897
1.5356764315058786
0.009050892274122958
0.11398786352444383
0.0039577673992609716
0.07301511317415445
0.22486152163200324
0.10306126966774472
0.23141314020151296
0.017647569090896067
0.7451756685287654
0.17355845454957594
0.019621315015004956
0.12645469259461709
0.11250834405255826
0.4787998077885328
0.04432323507906515
0.47589618651682813
0.6653455834485469
0.014895496498183584
0.05798643494036295
0.4014309738216251
0.1662897975727132
0.18832625495583286
0.009597945274753793
1.7315692556802647
0.008959000942175227
1.3543714491586039
0.4616632649942451
0.4279287807030003
0.041449893779761576
0.7466929432469707
0.10054820648331926
0.712053694901636
0.007847722139031956
0.05355070810537462
0.2570659628830364
0.16348325356778515
0.11883048129670232
0.3349853520309257
0.25327361832222367
0.011593201954254347
0.08662851536372158
0.14909812738807302
0.15759876247138627
0.0044531238548142175
0.008616987013939929
0.10125393690259733
0.06950297223443307
0.5156538302476589
0.35612442918883874
0.04273725358755993
1.2763815468911304
0.553443860316124
0.23024641108372504
0.23500219650024343
0.044003448433882805
0.013400768031796413
1.281273004293771
0.6776671664402247
0.35487491001721666
0.23683713463705336
0.232375388761133
0.06709844769928576
0.03791231936815776
0.04020109933984057
1.2529804380231597
0.06066362918184208
0.02903507461647651
0.09904429588971884
0.00365892000999485
2.1946854719602853
0.4209926768626564
0.08255080135237904
0.9579286964372323
0.06769223918539725
0.05238814798241621
0.004360185809415791
0.24504455156510221
0.19501802692873701
0.018952985900330153
1.5569473096383613
0.1632289008644833
0.6081564851893851
0.0074874262239280264
0.1634589214739588
0.8172235940786001
0.0074402998541414165
0.0176166623325642
0.8608583511977069
0.2765399750612729
0.01843572003608273
0.5043594764516356
0.22118699090327867
0.10801681963175437
0.4013848138524935
0.005462729061392882
0.016188220539114475
0.8446557420608423
0.2229574433539801
0.024087883709745298
0.6435528128116208
0.9120715113053897
0.0036886034760642843
0.019045977050970584
1.5569228471633803
0.2749933055058726
0.3381925267018349
0.2909803963785413
0.13919034208510855
0.15217581996630689
0.3695074615917588
0.05968970866699787
0.2625812893337171
1.0259220380380152
0.7776631318914011
0.043069175218319176
0.029536960000236385
0.014853156452975655
0.14116158603347279
0.0706547648402469
0.7394724405521751
0.25671225002490444
0.060138761902575534
0.6244405142796643
0.07457196061487027
0.1685289835549845
0.01668791255258297
0.13366740937217006
0.17692303746452576
0.012475701062839595
0.4557512186892115
0.4666167664903793
0.374252362653085
0.024014313284013808
0.05638005411656573
0.009126828216795505
0.02204820848030593
0.014657224790976777
0.0767520179212298
1.5521443659618614
0.5369707867281625
1.3394143853403224
0.38786449342573753
0.005259102577613728
0.10399796517521649
0.26037968016780355
0.0530831167981859
0.5579420663331329
0.08213316743914598
0.4498358035982093
0.18327396816370456
0.2582631343309128
0.011640649899560302
0.03648706025136391
0.025580283512648835
0.022988602369109656
1.0948581368816095
0.037330828967959896
0.0482484149692413
0.009038093739307144
0.388441742644844
0.19826077885524093
0.025182578692872652
0.46249795445612896
0.14376671764446672
0.06239617933866615
0.20162799906984882
0.01283645261156466
0.044820262749487284
0.25889805583463066
0.0013739061560108664
0.014885274657789233
0.15695764598664047
0.07040519554835933
0.1184284550944687
0.027489803924173106
0.29119482930867396
0.01838870261530826
0.01404897319637535
0.16042535178833814
0.1405581737386316
0.11761070865483758
0.6801296489937264
0.027226282135146065
0.05503188805718393
0.4322699470156578
0.061754698424257674
0.0653248497528081
0.008087521880413074
0.4866603775628279
0.017439837693489703
0.022656991836424455
0.16175377363943388
0.46781861792478374
0.0024324245688875762
0.06872402527237986
0.11438831151220245
0.14048687421588432
0.5519759927465373
0.5559011287255076
0.2784657116796808
0.21586792075808495
0.16770914834059467
0.3614829587279205
0.3380168360178727
0.06193120763504823
0.7492899719858608
0.10778865393500499
0.0234833047319583
0.11835317082340602
0.018069236562738754
0.29992269947709815
0.09714957355776549
0.08679510331547262
0.019016310694250856
0.007424609622132104
0.08187757818286309
0.16374683523168035
0.11846617682890313
0.1516372771253182
0.23179566032227575
0.1079152845206631
0.004022750163133823
0.264190902839916
0.0920383236606763
1.0408815302136227
0.16119105392591807
0.05159707209956166
0.12419848785780815
0.089928253412853
0.000282097098339653
1.5112277392254896
0.025289342428780427
0.144883477699635
0.02061930588250565
1.790873150302415
0.02292235190279451
1.0529427335370478
0.4560748261010095
0.04850734896354682
0.04994677787411797
0.25383655210420025
0.1310780402062103
0.12434160075363976
1.3503259661544453
0.02378981843546512
0.031138470205802085
0.0801780494156349
0.013766840975022404
0.6960189440771334
0.09038666375501371
0.2210398705858909
0.11979901741651128
0.13026362242945252
1.0815747031829377
0.001242968798305734
0.1203424593161343
0.008415896298279333
0.016262631636545934
0.051625272797680484
0.041553502372937375
0.0811441999250701
0.19208585305605705
0.30063816003813215
0.03474186704304528
0.11427978966762314
0.18274231234524727
0.5080605128428531
0.6487434664698027
0.07151883562002222
1.2541748897816922
0.0031272442581164964
0.4193524164029422
0.020518503070166623
0.40403488043291264
0.2911835691825337
0.14127749055787253
0.02935601506426166
1.1506443475335175
0.03422150434703633
0.08465561481940856
1.7590531008434858
0.5325185380956243
1.4920214523957205
0.16380153327947458
0.007517695127429505
0.0451963552323667
0.11673581313033003
0.004209013896406378
0.08055402004541051
0.05107926743375455
0.1822214155716956
0.5962716707316034
0.07080723754350698
0.13202858516364016
0.08362047440597972
1.063584894834413
0.4168234613269017
0.5517218888613846
0.10393704303651438
0.02435267713917854
0.04623104546484011
0.15240357005085206
0.542923187639829
0.009564839147282341
0.0978105989118169
0.11529741478606885
0.084330159471535
0.10284525239539946
0.05032587928047482
0.022104766615282895
0.01592641783470708
0.011647220878218878
0.04596376629024105
0.0574513814041556
0.1758677995268108
0.0860462949723223
0.2268994322780019
0.030875149598983742
0.936196360961388
0.1486675532969547
0.049550332015985535
0.21223000108315826
0.00820246948660052
0.08178622315737742
0.0177285025698135
0.6320397991218623
0.0986980368925194
0.024060969910011845
0.47600396970434516
0.3142374254247029
0.0013753228196265181
0.14534126887570975
0.9654156963035007
0.16647144779721496
0.07140568792109392
0.18188139654068272
0.004910718767586262
0.6499913354285811
0.026398153163473947
0.08356147592667591
0.09977311024854957
0.061818790810782114
0.9564069291216629
0.01563518919180443
0.5677822344127544
0.1663342415683462
0.005885313255647675
0.04854812174530339
0.013451377427464016
0.08085997220014284
0.09013897865943007
0.009201322873077516
0.0956481948715414
0.6180426682032677
0.06037390018347319
0.010183936494737866
0.018045830986616343
0.004323720013500055
0.9555154595292921
0.1034173041112402
0.0702638055612194
0.1546049869348553
0.0027731334600124805
0.1231218347389107
0.2460315071996265
0.015315465423565875
0.019080165273075107
0.12410431382648257
0.2903688828285829
0.004602255529813595
1.352093040662852
0.006249679388923603
0.5459221746537669
2.1112188525773914
0.005506905787480243
0.23972912072589506
0.05903398658065143
2.0157470437498817
0.016247017742401632
1.0733871584465178
0.790261643409602
0.035284862978408875
0.0045558639540889566
0.03980639288751454
0.03828098810857674
0.0388191031137719
3.2611814123567804
0.025312527401548806
0.08399785663947855
0.004335197396008729
0.044903365690800494
0.3012950576829145
0.1264430351089062
0.002576624207413224
0.2095081078931931
0.30140605207651083
0.05430053099164378
0.12305077402992148
0.007657665071796452
0.3524679867703787
0.008126255310153187
2.604532000145909
1.80451322406431
2.247051365819886
0.03940164308076485
0.5105217802162911
0.4661537185230902
0.008704224817336743
0.09621136931921685
0.06888413618366113
0.006479981562083409
0.18887409027439217
0.0015342925272151782
0.3109437899784315
0.035917279373705355
0.13149564602117267
0.32230715598813453
0.049853341534291246
0.04966069185290436
0.5260150960391641
0.47854463108787554
1.725909427507688
0.5196069945524986
0.17489280539216337
0.007682523094796029
0.08558086732243268
0.0247804618613525
1.0
0.11646218474698503
0.7474413939169644
0.06536956221918207
0.10665191888572505
0.19599709858404663
0.38099567690615
0.45866750594813716
0.08367240000183429
0.005736159015029971
0.017020775926729105
0.08255705678729655
0.03654028123960699
0.01065894100129633
0.8925133838301378
0.8900294077837029
0.022586503869955952
0.016567857366597327
0.07658693149921757
0.2726006072564447
1.3053692234398921
0.023280057376855165
0.00998156352875209
0.005196016317282216
0.0418828575646075
0.11778474471218259
0.005252873032347585
0.18241349088563566
0.27742066758623635
1.6387330471041177
0.0033852261731358636
0.08104022302902918
0.015156651686651142
0.10414006024827525
0.03402210315399352
0.07847686228377238
0.38654929473270255
0.22861129417819734
0.12427013119805554
0.18632889775136288
0.009638366446097517
0.0784686445910086
0.08627760626069066
0.10648668193114022
0.0014218570617901532
0.781454669905803
1.5507881153381238
0.32223339269264617
0.1485690944681322
1.35277816236995
0.11717512219426751
0.01528248630206509
0.06037434747864199
0.0935911500347759
0.9510732581780136
0.5162895523225682
0.23544344621901828
0.0049178811227960076
0.03544493017063348
0.015496747573831186
0.32224482244526986
0.01412679167078173
0.11765152721137835
0.23056747609153141
0.06503067762748985
0.1053123426258154
0.004683264144832658
0.044713470329490454
0.023421310205626444
0.004381029587905553
0.2517149737290177
0.030367602368700695
0.015720765308769775
0.1818709296626345
1.7444677412855137e-5
1.9413251330252566
0.011763972380135034
0.26908756810695317
0.0012699577123603887
0.00021543146994247063
2.673383622062282
0.06683391996765453
0.44855403202807964
1.3151895079794733
0.15641029993574157
0.10175509527418339
0.0037477958382520645
0.025793063813110674
0.15620456993060403
0.9472351224221436
0.06527158028394246
0.08202295223835428
0.027696620944502853
0.0037233644154965498
0.29201148137217947
0.020097565459795377
0.4373531256269425
0.011781842112237383
0.06959310854294745
0.0033958949397884315
0.08260079181325697
0.04348874555052049
0.12685253877261732
0.4770245200616236
0.8002327079918339
0.0035795683407515884
0.2548699352638655
0.009756083603870026
1.0470585682589737
7.014714619717735e-5
0.2511719882952653
0.07461551101161842
0.031062213074869473
0.0968415294580203
0.05434749279527237
1.0175058103507955
0.16443137029258661
0.040977474262471995
0.121309031254166
0.09897979023410758
1.4193896124407557
0.4052053076352506
0.08432771838342824
0.13926345516812827
0.05714797035187952
0.051256462087452256
0.04122844613813486
0.0036657301152064645
0.12980782307201824
0.006428507673079816
0.04376736986029854
0.027001086510146467
0.19028030441034122
0.006983735930633339
0.043064213201982206
0.05797498838482705
2.763727617291621
0.027444553548304645
0.15976327311949085
0.016346405300054042
0.0998462023286611
0.010455103454440671
0.08117202984892466
0.09313760748404738
0.2800142055694068
0.027245835937931402
0.2711311505677686
0.03944562345502723
0.10549435906907732
0.0005118386635465996
0.15585571189624395
0.04818922503210446
0.029303617099237306
2.0785442572165307
0.20414302984871757
0.004174673754551063
0.36417020238467057
0.005195890364243877
0.02323813663199477
0.021497302142897166
0.8343466394479087
0.9322622834816355
0.5593228664409252
0.11657031565369386
0.06777559394730842
0.01367506280279001
0.011214362779929052
0.04750957409068858
0.06068798002069956
0.34612661293291097
0.00041526449075500265
0.1115215675492367
0.04232128471473064
0.028150968851700386
0.02265923669396403
0.03996487088201878
0.015250433437387193
0.03047500513598573
0.5495281832630875
0.0007414921117122928
0.00818087911575148
0.05237247848522445
0.08042715397466364
0.13001020581443506
0.053221235165731226
4.76301714109618e-5
0.1566070141727614
0.03058112117228521
0.011637136798512008
0.021982250272133755
0.034583417782384454
0.34569197869563656
0.2877519053747804
0.004434244604935698
0.12622322680958015
0.060784637581139306
1.6718881119301683
0.002881151203690225
0.11270495348175909
0.08740603839866389
0.08726865714244127
0.006582725676030475
0.17630021885537386
2.131069238841028
0.10559469885009908
0.007455772266551336
1.0865704186107623
0.31390872265219955
0.0687910532864337
0.003777091111140159
0.04648711166020622
0.0008238342004827448
0.6934486276238306
0.2766826376398411
0.10868682434732861
0.00660081151477334
0.09700831942338188
0.9660479738096135
0.45793784933281506
0.12350005778032126
0.009292633429315932
0.7599668691336215
0.006145897437262245
0.7788983269757812
3.9119013373612352
0.007334902561448317
0.004364143341857667
0.04717471274950848
0.025999771099623203
0.026096818797442793
0.6331645949026645
0.06196790315096931
0.0004008168505662823
0.010171130359115717
0.06100377235784021
0.021402584137200857
0.016318495302813537
0.025561680462126264
0.013492404355668675
0.0491504953478806
0.01674654496756299
0.3363525273952017
0.006671678785152003
0.008927363715967617
0.008886029554072764
1.0079631413166836
0.014697381499084061
0.15449298201182673
0.0002415194402290848
0.048192819627867714
0.022555611232602957
0.02724660080717524
0.046519701597299866
0.11555250896997182
0.26390914171999813
0.7876355554100692
0.0576855647420223
1.1833873136583575
0.1038132574595716
0.12665675924048686
0.04108130310245936
0.000734348481109077
0.5295321614620088
1.988930288295588
0.21642628140184486
0.3217251296245869
0.4174350878205797
0.018105901009048315
0.03331841538752703
0.05681040072456335
0.008996831161980355
0.02382405267502335
0.3057306708356167
1.6386615138294092
0.6607338199169538
0.8453682595844548
0.32184945914994106
0.04193462362805714
0.15395451700547644
0.03976561870765538
0.6602627695875235
0.037869046861888786
0.0561776736272163
0.6939358164441769
0.041106974170606235
0.028218980773504883
1.0377593241162806
0.2778707185443616
0.20562816442067286
0.038326881140712143
0.9665495072613067
0.000657784199108383
0.0009318280668606365
0.03030369123632604
0.27218361139123226
0.10533394797126099
0.04142783152456516
0.0871478439094511
0.008441470032112337
0.003577391264712542
0.4224985895825953
1.286544436995111
0.020749402951873188
0.0002144134996892644
0.2557976334402072
0.05406804780973724
0.04488035163455624
0.008718335797954346
0.0036048212530644845
0.47822912546446866
1.8364449675709424
0.0036815983440861935
0.04565967783586441
0.04811992409696157
1.0203858386496776
0.04229857051632826
0.7825944475392075
0.04457425664159427
0.2005025259326746
0.10861840169406746
0.0641013085066063
0.05044759786162131
0.12223696777345466
0.00016360456585597688
0.0021226430063992184
0.004748934828270049
0.011787883555198697
0.002020385888532785
0.005407389467889918
0.18445179754040095
0.007880006937319163
0.163407446153274
0.6634405386609562
0.11729757683815906
0.06597551826797424
1.1098724076553943
0.015008367003637533
0.11468503122750082
0.005060949909701613
0.049170615272424806
0.6399514830690032
0.005957289598104526
0.0717299203660178
0.00246266703650028
0.008287061253359082
0.13891648145138408
1.4378046577612216
0.00045359522517253404
0.044988680308297786
0.06222918840309885
0.028132646978213088
1.1993249040087843
0.027496854272854615
0.025207895863302642
0.299171922359082
0.8131162966016833
0.010861900454816265
0.008037429894047758
0.0011609628197334033
0.03981516908956025
0.2157881861528284
0.009278163064625517
0.14943717969562031
10.373782710360079
0.06295967173237206
2.3188677279946965
0.04758800076109409
0.009557020970957366
1.250826045772667
0.04198543691964533
0.02718909973614452
0.005371800247893243
0.44283885056807576
0.0051003227510116305
0.8484092174682378
0.001746204431905509
0.04970314975347464
0.5026843476918484
0.2010064616733562
0.021462755567784365
0.005287867820797599
0.13703335004216272
0.050419925004101786
0.5752350998577228
0.010284429715871356
0.579903762534229
0.056978507302875216
0.09341296195445031
0.16949942867236736
0.09073071800923653
0.38531230747668627
0.15823782100458583
0.32162358417415565
0.4776694784266925
0.014962750702210242
0.006673908854627958
0.04508632009245524
0.003593773378493786
0.00245189437942156
0.1481114054800001
1.0905996102085118
0.000959400189071286
0.1239463023421506
0.18762311393915196
0.0003383765195592471
0.19904456771893214
0.015101765686127665
0.1606951284103583
0.06714213313422053
0.040237362548977404
0.044517247002139916
0.14160201069095316
0.026116869710935114
0.16083374825868202
0.16411705188784878
0.07601640885615006
0.0065604037039233305
0.6773630053663194
0.014625865595388499
0.0046348346451805
0.37421026521105405
0.0007577303204442543
0.18630962824017067
0.6861021560521064
0.02676892504628346
2.0062997972289334
0.005163006818722775
0.0007687118572928174
0.05500500290435657
0.0016689058188187702
0.09640232149514368
0.01882693082843401
0.014319146882360384
0.027221906234613368
4.3321017914697695
1.5064364943259947
0.6091305453233247
0.1689492746992039
0.5048421613647005
0.004769654933338952
0.1408348856678863
1.0212188509482232
0.04854974178553169
0.0202072921409994
0.005084655748879364
0.3112828781888825
0.03228834353266435
0.041652161408240705
0.03985059558501296
0.016263951674274878
0.041329685327360415
0.0030186988612231555
0.10988502336268322
0.2811067211893601
0.020024353799538784
0.026262614268947177
0.04890398207629846
0.9914360710274774
0.23769579345266534
0.0016408641892963678
0.7086409482846677
0.01506056544126614
0.0040100045318445885
0.14828703268637441
0.0001547179549862368
0.0005104767186697186
0.6146427005677868
0.032096966253913714
0.04960484518367551
0.026771096258510603
0.12135203382949288
0.21791366991857203
0.051500283166765984
0.024089508767145856
0.0062487255017840805
0.04363018014326451
0.5521127629118914
0.10437850986113371
0.0049617824194781515
0.8471178432277032
0.012151400307506745
0.05954937781281232
0.29197072356378373
0.08784672150500372
0.5913380772326993
0.037951799845497375
0.007816297754735113
0.06709400099890851
0.0014723683719546233
0.9888744387633555
0.5262970082622396
0.004333761630623994
0.008717478555726826
0.006531502728388002
0.009043092489218054
0.03133498834771086
