1.0638282432598969e-17
1.0
4.3187015883017225e-16
4.591959545993559e-14
1.0
3.046478461759536e-19
3.319962353623924e-19
1.016513076453179e-27
6.699040299094125e-29
1.842179468051053e-15
8.30254022310118e-28
1.3159648065666726e-26
1.3177510099176954e-28
7.915377230059346e-16
2.8017096442327303e-28
3.81535923420748e-17
7.424568278245394e-19
4.975586882822555e-16
2.332004874518545e-16
1.820728235955309e-20
8.978372445453951e-12
3.838073025327455e-15
1.9355659245476387e-8
1.2408803243468859e-5
1.0
5.360713077626775e-15
1.102316535446016e-17
1.2544929847712214e-6
1.0
4.36742015286489e-10
3.0689153237364374e-21
8.335903971878639e-15
2.2014965640796198e-8
1.307971296543732e-9
165.61171617102895
1.1373495203424888e-16
4.200705206526925e-12
1.659756632668335e-14
0.0010661539102064944
0.13740744213299608
2.6072535415624164e-15
3.5064333981047025e-26
1.0
5.911394419735242e-14
1.0
2.819104906231015
0.025228574554222897
6.3186281249578014e-24
1.039823978013947e-23
0.7015746887534291
2.1109072221538274e-16
1.695123690647705e-23
3.809793982999277e-27
0.3393605091259966
5.1037178893012965e-5
4.810569164071583e-14
1.0289289583177699e-14
1.128020909590922e-6
1.0
5.297745140038327e-11
2.367576195754912e-17
1.4753564927625708e-12
4.792057525489588e-13
1.0
6.589975914637168e-17
1.1055167580957835e-14
0.00012512155322070477
1.154284584723548e-18
6.193127670249597
1.0
3.6636369742164865e-18
0.02763133187570866
4.9541359893365485e-14
1.8265464830754105e-7
0.017074747170082814
1.0
0.009443336872303913
1.1574539395526997e-7
1.1343346134122685e-15
4.471073741878559e-14
2.0738849656766055e-12
1.1152102724279356e-17
0.00013084444917588642
1.0
8.259358394418898e-8
81.26533333374071
2.3981854608282542e-23
3.827366030970985e-10
7.024259652262746e-8
3.872558149410654e-19
6.960826708077469e-9
2.0619302719579537e-18
2.3404146130026494e-17
4.0673238265483075e-13
4.90166657772547e-7
8.159516005523008e-11
2.274373103904186e-13
9.72326058113323e-6
5.670061712798018e-10
1.7104299228503734e-11
1.0
0.013540190944507507
1.0
1.0
8.783036715227186e-6
1.344516422375051e-6
0.0054884676854040975
0.513064899858073
0.7209792350861365
2.7095420600755396e-10
7.365832815686715e-14
3.724991329435232e-11
1.2342554181037403e-17
1.8055657056375218e-13
0.07668778463226684
7.259671162342168e-5
0.0281105887647284
2.437719427480817e-14
6.561958095453086e-7
2.0427497080815657e-16
3.7605152301544825e-15
1.3010172101917777e-27
6.938859889493567e-17
1.378281821494234e-20
0.20271660141612788
1.7283084415829061e-18
2.8741508762358166
1.0
5.401478274242196e-5
1.520631762293743e-8
2.969717454616069e-16
0.0004182673179970366
3.8983735155466053
0.05860480640063361
3.700386410141221e-14
9.942558045429584e-24
1.0
5.586689719781526e-5
3.4318072068245227e-7
1.132216351568981e-6
6.743389884640128e-7
7.417238609411842e-36
1.733652999997397e-9
1.0942261758229715e-8
2.2523940647114746e-5
8.563895282589493e-19
1.7781752375902358e-5
3.710310488488365e-14
0.4193467709337401
8.160805900623397e-6
5.896426581118272e-11
1.3667380262268284e-11
2.208451807928457e-8
1.0
3.598108492872988e-16
4.876826264623811e-16
1.5503545781338987e-30
2.0743538098800302e-18
8.864190078925349e-13
1.920256443214702e-9
7.768178264699249e-5
1.3362704725508115e-14
0.0001805905142329466
0.0003895337798967824
1.3237125705447802e-21
0.30232851619187234
1.0
3.923271313981389e-29
2.342719764921426e-25
0.01733421490058588
0.2495998484676775
3.318002889294275e-6
1.0429882227724577e-6
3.358852572670321e-7
7.084138406495452e-12
6.369183328455632e-23
8.811695641451163e-6
0.02390640312799995
4.495386512860538e-6
1.0949376508418185e-11
1.0
2.2604548791925797e-20
2.7850732339254453e-8
2.912729820552024e-14
1.0
1.5039854321215564e-14
3.3675753260579185e-8
0.00012487833016169972
6.087056270233641e-18
0.0046177709509005495
0.0013551238561810056
1.71954838739359e-12
0.0007505387790475255
0.0003047025643775801
1.825279229092513e-5
3.773034165231449e-13
0.001399333470896608
4.4332058934856644e-5
0.0007447694017347013
1.0693324384865823e-18
0.0007503011129397938
2.9999781731528923e-7
3.7454405477729646e-11
5.566920112896096e-5
0.12212675238371759
9.269068557575621e-10
2.0218798663003647e-8
8.969865739791146e-6
4.4805636966737816e-17
1.7020787950227944e-14
7.128887963832886e-9
2.4707470752337606e-5
0.0019826757692487595
0.06901054075548979
4.231687116005305e-5
1.0
0.12653024005303037
0.0031496404620272216
3.1259732955950778e-27
4.890767708366283e-5
1.0
1.2284245504054393e-20
6.4016051127651e-7
8.307173515673244e-15
0.00011505165156868908
4.3500476940083024e-7
1.4040021553511106e-19
5.148520694511616e-5
2.358389503089678e-6
1.9772545669143727e-7
6.128306029541165e-7
0.00019919124836196108
0.05283069424275172
1.540705744105307e-10
0.00045591644466393973
0.010975491569094754
1.8634252435980614e-27
0.04599748837893591
4.135718576457372e-6
1.4392374064540237e-8
5.547620293021248e-13
0.004888270887779852
0.0005453764863917365
4.845730999721693e-6
2.193910023291651e-5
0.00016698325114227188
0.003318944490233587
3.5381016950973577e-12
5.0857761543367075e-5
6.288545136900722e-7
1.5151108038774013e-9
6.891905603236445e-11
0.0005295033707077163
7.268542224845777e-9
5.53671207424453e-13
0.00037594339175234926
1.4437491993520384e-17
2.9012208960461056e-17
2.293582368075909e-5
1.0534008068075198e-6
0.0002147225873125143
0.00038120108600182904
7.26421165752266e-8
4.2849070400184774e-10
5.316759690242576e-15
1.101540019193776
4.9178008193693014e-5
3.1081666793558718e-18
8.719107885862785e-10
1.7754545915962776e-14
4.028074206223926e-5
1.9248264911364433e-7
9.183854494260617e-12
5.8156961665118606e-8
3.748957239378533e-5
4.006974719526173e-10
7.364049424667263e-18
6.208665248103643e-8
8.625151790962122e-8
3.406045700026748e-9
5.349698810244753e-7
8.881989654476613e-7
5.0679672184586656e-14
1.7389045748322258e-20
2.383604269462767e-28
2.0193148743148033e-7
8.270118049583713e-10
0.010513841491359002
3.548384187892723e-7
2.906996022310519e-12
6.904458519004563e-10
3.588107249907864e-14
3.13249710233289e-6
5.850912631777255e-10
1.0
0.003084226272045384
0.0008331694087230366
3.53637301817814e-9
1.0
6.186614295880754e-7
6.144402341080895e-14
0.009588633051901985
1.647371369384394e-7
3.202511637288241e-9
4.812111668630026e-13
1.3098837445292423e-7
1.5904770761306865e-6
2.9287183607041205e-8
5.534731588134171e-10
4.006966129516948e-12
1.0703024699918802e-7
1.4203983520102286e-11
1.585317513441633e-9
2.320408408131634e-11
1.0
2.523286703161121e-7
7.548489387953321e-17
9.812493964481205e-11
1.5630045137910372e-6
7.907466600295925e-15
1.1284717099896972e-11
2.56836687007798e-14
1.6802584192470518e-5
4.168484035021574e-14
3.793723296813825e-6
0.006404799654362017
1.9518270516410057e-9
1.3393080292380988e-14
2.9358047772138957e-16
2.132150004046623e-14
5.5752148737706116e-8
5.756558503259226e-13
0.0006590145432964104
8.02798960192564e-9
1.1134983530389951e-14
9.002119124330124e-13
5.993581137491823e-12
4.012273752452717e-11
9.187816894577303e-8
1.6798407622004365e-5
9.69558279649152e-10
3.477171375938588e-12
1.4030190103667577e-13
4.412382266650004e-10
3.4960390281344976e-6
3.6885526694184384e-16
2.3072746406334035e-11
3.214411572074813e-17
7.139134153013089e-14
2.3161392437110016e-9
1.5048286380418571e-9
2.9886032396165003e-7
1.229118172037386e-9
7.085947432783346e-12
2.485094829690405e-9
1.2018586196373508e-8
5.022442793565154e-22
7.571670757696243e-10
1.1826118881636864e-17
4.5427425502627e-18
4.3264931537393866e-17
1.091962282596932e-21
2.3536785359015545e-6
8.67714931062298e-15
1.2610495276704384e-13
4.4009714607573646e-8
3.0364500324575604e-18
1.0
1.6428115963982207e-8
1.3304053346043483e-15
1.3569575417437052e-15
5.7831025525984115e-6
3.252188887087161e-6
1.4949810154637575e-21
3.80693805199113e-5
8.335550806187689e-13
2.286308293653916e-6
5.322569763450526e-8
1.177905291387228e-5
1.8294323086751693e-17
1.5805584457266517e-6
4.3292107653164253e-7
4.1695601092337625e-11
2.8340538262493074e-7
3.372346847633032e-15
6.0241407479030404e-15
3.4389812628410113e-25
0.00039624157531038953
1.1206871685960492e-10
1.9495933098677473e-10
1.732802260020214e-7
2.903247407112226e-15
1.0
7.54316103240778e-16
3.282405790875093e-19
1.3781233498562492e-16
7.309382383462388e-14
1.9309407145217494e-13
3.346050182955636e-9
7.859253370633607e-17
3.642982432458084e-14
1.5312151671993764e-7
1.6672840192904002e-13
5.712009064250224e-23
2.7570553969225077e-10
9.901517390001646e-15
1.4662828558369765e-16
4.989024784795921e-19
3.030067287560159e-12
2.227834353484003e-38
0.00017374513176343637
3.8766058178545447e-13
4.520202082331699e-17
9.048697626275967e-11
1.3427376754625976e-6
0.006552783893145403
0.00010475711161218545
7.322193746258484e-13
1.0
4.196178372225341e-7
1.2603648327924119e-10
1.673072266386156e-14
6.461217680262821e-20
5.780077951823476e-14
6.070217441036018e-12
1.5561664123875358e-13
4.0368615399577286e-13
1.6267257749016242e-15
8.776493908987734e-11
1.1876622678281585e-8
2.3329194048173576e-10
3.6775566393393334e-7
3.658299686868934e-6
7.137552170303189e-10
5.6092606120078364e-14
5.992188482397597e-20
1.178554225454905e-10
3.8194959042144844e-7
7.532196054891675e-14
1.2732771604490093e-16
2.7710228207134424e-7
4.92099798765651e-14
1.0380407263427486e-10
5.035201727421346e-12
8.920844136394952e-10
1.0415631376575182e-9
4.714317557781382e-10
2.9825571100147303e-9
3.767976814407668e-6
1.077568850524448e-5
2.670330205624597e-15
2.2760561701368243e-6
2.805494094569004e-10
6.236494653935614e-16
5.047769294098626e-14
1.0191209038216984e-14
3.4712678251596193e-16
0.12187548897197878
3.074042705073852e-12
1.3428096098375453e-12
5.659211467146953e-30
6.810607582966972e-15
6.599308997482454e-17
9.880399001762236e-13
4.5732780915433753e-5
6.148757138948628e-14
2.2424892543037534e-16
1.1458511351642122e-18
6.204641288218229e-14
0.0023501536751942575
4.788667005490153e-11
1.6351531366333925e-9
1.0395417931489892e-11
0.13228441736887542
1.0
2.3836524174013204e-20
4.4351295994700115e-10
0.0011170534050590729
0.0625303455539924
3.580222645216206e-13
1.3748871884424525e-10
8.101009033152227e-11
1.4269882094260965e-20
8.355640662692233e-16
4.902400475885765e-5
2.702917037702945e-9
4.798969727898207e-12
7.369407969600245e-14
1.2515398209142932e-15
3.173856630529293e-7
4.214268692872187e-18
7.46534477926546e-14
2.5882315491382842e-23
2.426079248708252e-13
2.5890794883947497e-15
1.5199816981753336e-16
5.192435639771904e-13
0.1322293520112233
2.5456500392963836e-13
1.069973838572389e-24
4.5079495232931095e-11
7.0252225319816395e-9
6.539621519115927e-12
1.0
1.84673964384777e-7
1.7059898198941593e-14
3.0350532437130683e-9
1.0
1.1707926772106719e-7
1.5320243685876988e-12
4.5098057323885515e-21
1.905225416795341e-7
4.29049977458937e-12
8.249958305431406e-15
1.1633896539074697e-17
9.137040123825721e-10
1.9140111654402849e-16
1.2011475437172068e-8
2.7584127138878753e-13
0.00023934139401419658
0.2503471095784402
6.791041310634509e-5
4.3182796934796664e-13
0.0006815446420974381
4.282445725451668e-11
4.751159322151491e-10
3.9257421124461086e-8
5.140852682915319e-10
1.7285199461048436e-18
9.66596674994093e-16
2.0594352832632674e-23
1.308868383643519e-13
0.8174148845918459
1.607270033555633e-13
0.012774335923677788
2.531479102770826e-23
1.1272313054709368e-14
2.9941733105650225e-9
2.3957121478444556e-13
5.268948214097092e-12
7.525415499508412e-19
1.0842129633175258e-9
5.917481070444056e-7
8.000951632288402e-17
5.81845672331881e-19
0.0033645257740119983
6.98262565374868e-11
3.793733653478755e-15
3.640312856120573e-11
454.29480744229033
5.1572043356624294e-20
1.4784099103053459e-15
5.8404955015001165e-12
3.890542612402333e-8
1.250628328845552e-5
1.0609651345289207e-10
0.0022125547027160276
1.903165704177391e-5
5.475237501985799e-12
5.442626598688123e-13
3.1646902455546856e-20
4.1304622294839275e-8
2.1255052460764157e-17
1.289497585529989e-14
4.969365614654356e-15
1.9869688261417855e-21
7.264238322161927e-11
1.8710163737967917e-10
6.198503934512629e-7
1.4165008094942033e-7
2.6857896631565195e-14
5.07474186516388e-7
2.3476354093438036e-7
2.423334890882016e-15
1.3816548006125464e-32
1.6028814576541287e-13
1.3154428084619288e-5
1.700695414125255e-17
0.0005424494810511739
1.4760636040252367e-19
1.1251025979958055e-16
4.7198536953277664e-11
1.5930662970970378e-8
1.1045233639537782e-15
1.5686020931141783e-11
6.916429046434612e-12
1.5757117081411782e-13
4.121076331353701e-20
6.524883697146365e-17
2.5549951606106946e-6
1.8867777144005603e-11
2.1870855542088871e-10
5.900147820526868e-9
0.007816944779513859
4.176721816384222e-8
1.888420738584828e-8
1.422058830231212e-16
2.720331540505928e-7
2.567590369276397e-13
2.2071768683011065e-10
5.9526824776993656e-5
2.0425644664270677e-11
3.201544734084023e-11
9.218327914218397e-23
1.0
1.8749129157260494e-16
2.1107788662070895e-34
3.1670691690637826e-16
9.497250336336048e-7
3.912384295775505e-10
6.895428075576061e-36
6.6341752773361715e-9
1.4367707849039877e-8
1.4777206442719506e-9
8.53817644425266e-13
5.82837270644791e-8
1.3132872632160612e-21
1.2810234268001452e-6
2.8380614826767927e-16
1.279150019729054e-15
2.0954661554500633e-22
9.957284261558807e-15
0.4629519348506517
3.254682725297353e-10
6.571242318802539e-13
4.025766582877685e-5
4.789562064660738e-7
5.031731223315169e-5
8.564880423190976e-6
2.328360257026341e-10
1.3828286497688676e-7
3.974419073545703e-12
1.1636341567768085e-26
3.1929813392625714e-9
4.079427759433161e-15
7.495410327487371e-13
0.22028240396242665
2.0562374796900494e-6
3.3860855924702057e-15
6.91489699843645e-13
1.1676514166665828e-9
2.953567685203927e-18
2.039173904684603e-18
2.218072702413734e-19
9.129631289936539e-16
2.280568149921526e-6
0.0016261877007626485
1.2157193590824947e-10
5.970762481017766e-9
8.130067151785195e-19
4.683699856627619e-18
4.6469183146235385e-14
1.0
3.051437918649848e-14
2.768459164028141e-13
7.225373827025462e-12
8.500981090093346e-15
1.946108281570242e-11
3.605815526283555e-18
0.0006710924941789991
2.4554885858464072e-20
2.503130104331737e-7
1.6692139067778173e-17
3.118039251825239e-24
3.2577504616623506e-11
5.329577437698641e-10
1.659440667373269e-11
8.353182781070842e-6
4.29678512542353e-8
4.1014596928714277e-17
0.031268890889338145
3.252574529910501e-24
5.6408166116313473e-5
4.8206051056789145e-14
7.369158043822433e-8
2.04752879445282e-20
4.856307709854637e-14
1.343060446284826e-13
4.745071916952575e-15
0.002603719037349396
5.175549318157175e-26
1.2589679864448088e-25
1.3271364294399697e-10
5.470675171796856e-26
0.0005940336738718337
2.8847225594215923e-13
1.521314282896667e-11
8.393742366260861e-16
7.758504376944268e-11
1.4265183158919017e-9
8.525545181443503e-20
1.9607928779649743e-7
2.5123043773388925e-5
0.17008353765807885
1.935900163366488e-12
2.9501899166282693e-12
7.393351003540111e-6
4.488332814341931e-6
7.207313932767525e-6
5.103847130961613e-27
2.8023321032692056e-9
7.938559485563046e-14
1.757772663745969e-31
3.7632296708717516e-11
1.1143005629978906e-28
3.2603200123230385e-15
3.433491861471247e-23
4.725958460040152e-9
2.103124312403027e-9
7.939203028699175e-7
8.679434575309491e-22
1.0568830377299735e-17
0.007555128027365365
9.23772005682904e-12
1.2905165055410574e-15
2.5144832199901637e-21
1.786765895465811e-18
1.2340202489205127e-14
1.8944381333132702e-34
1.894257983372263e-8
5.748363026132377e-13
6.269993211207261e-13
3.954480333996183e-14
2.390454345613213e-10
6.245836614487138e-5
0.001620860416079366
2.9425031985191516e-13
3.504052494069986e-13
3.2155301568597513e-7
1.7277314183429603e-12
2.4144443587112367e-13
1.9397866355264133e-10
1.0941506872187425e-9
1.7129625718200736e-17
5.6324531128123444e-11
9.063397439105218e-7
3.2798334812510694e-11
1.3510315684967667e-34
0.002161935792885943
1.0521441365504825e-8
0.003550893024071447
1.5486321177827557e-6
1.0
5.168554662644551e-19
444.6290569813302
3.133612950117346e-11
9.041263724153451e-23
1.423073528736426e-11
2.402710610821194e-7
9.354822452027779e-17
5.638348490194352e-16
3.6648340463455254e-15
1.1337691519330722e-19
1.2086653571664123e-6
9.290754733011301e-18
5.995655446467526e-15
4.125161847044027e-14
4.025885801434749e-12
4.138511676560748e-5
1.911828272717371e-8
1.0205908702205123e-10
1.4567723311527111e-10
1.5154147150604187e-8
8.470439639300569e-17
9.684062211315295e-15
1.2666693743650383e-11
9.82946182304273e-12
6.343960108548898e-7
2.816934590419592e-18
38.0165720994109
0.00029423485355522535
4.721973552195628e-20
5.778668661559207e-9
1.3879820337648443e-7
1.007633781727816e-5
3.1841104270224345e-19
9.877372568505845e-26
4.110521523789378e-6
3.014706963524731e-13
1.9710563275968297e-7
1.913602083514251e-9
0.0003726367722180863
1.0
5.372369081538563e-7
9.828458293394848e-18
1.6617737153454748e-6
4.810292619599049e-11
1.069968800822872e-8
0.0009385494847094088
1.8167841717187003e-15
1.5859612443749422e-17
5.310355612808714e-12
0.07022108077366612
0.0005549167469669189
2.8297675505171913
1.9534098504541826e-11
5.342121270723924e-5
5.863789595694386e-5
2.6829467623637036e-7
3.6553234302100324e-15
9.33957963426854e-28
6.68709537541294e-12
0.00014224825597923882
1.7235210264903908e-5
2.2459582508856462e-11
9.181028281421732e-10
7.925374199635088e-12
9.717841289454808e-18
3.310845748974147e-14
1.6068043335488034e-8
1.9031920939224528e-7
1.0598758837228979e-14
0.07428164577661606
7.752450044482945e-7
1.21116098725906e-15
9.075147167240498e-5
5.922085169519414e-14
7.091484182489243e-8
0.00013470454760660048
1.7188237801414623e-5
5.6553577628829065e-6
4.985119907759303e-14
6.274277595636418e-13
22.114751674244264
1.0388961879527846e-12
3.589894134702575e-21
2.1683012850317293e-12
7.205060037032034e-9
0.01850972208701687
3.228101151549163e-6
5.523577017395683e-7
5.955935191107162e-15
9.462891899609017e-14
7.891401025552412
6.084870949222828e-13
1.863778858880167e-7
2.8322330227104544e-25
2.5987503726846616e-10
0.0008991404552345882
5.14649206409789e-9
2.4244137253997307e-7
0.4261815905608408
5.6711771806271495e-5
0.0006068181048716373
4.132702589288511e-8
4.745069025908574e-9
3.6783949564046327e-10
6.724465262416397e-16
1.207783222459413e-5
3.8070226228858914e-8
0.8400836696465581
0.012743961720513583
4.587859416256962e-11
1.1388735876866586e-7
3.1846058742057493e-6
1.4431113150604082e-10
1.7526481393737808e-5
9.116374038380379e-7
4.031725570565921e-11
7.301689191932429e-11
8.850990948270485e-16
9.959307386402381e-21
6.572585581085621e-11
0.0007407338357190747
1.04099145159634e-10
2.4564066552063982e-6
9.231477935893645e-9
0.0002473511012348341
0.0014013872740675183
7.376998160580703e-13
8.457935608774793e-13
3.0534558522885666e-9
0.4450858910135483
1.8358275264272694e-9
1.0209055317201937e-16
5.079768190372852e-19
3.5625705465008974
8.634860717277166e-6
9.219215878059757e-11
0.0086222950489487
5.330291016766974e-8
0.002029100525626754
3.599586921272507e-14
9.739891759162907e-5
7.224855579163572e-18
7.869536283666271e-9
2.4885693475292214
5.874007507087726e-11
1.6033848991661626e-11
1.0
5.0233757837307226e-8
1.1104045803291284e-18
2.257522129652956e-10
1.7181565435848633e-9
0.003650375067133747
0.006904267970164904
4.5591316905816444e-10
7.40233630327968e-21
7.542187596435725
9.927895892389452e-11
3.719022434630316e-12
3.1387744341556257e-10
9.75700760524876e-8
3.487817893140387e-5
4.118153177603042e-9
7.509070871828512e-8
1.3524380525139423e-18
7.014896241251204e-10
0.013716028842321466
1.3642899716389982e-12
1.5221430536441846e-5
5.4727666892544214e-9
1.5659453564623675e-11
0.00022681718587183467
9.16741463839181e-14
1.1031304543450319e-18
3.928151159902628e-8
1.4151983246818435e-22
3.043356812888265e-14
3.514643597018966e-8
1.4044837335403143e-12
4.367424760267382e-17
5.304714778496503e-15
3.413266891536776e-8
1.4610947644321737e-16
8.932227868038241e-17
5.189872811692735e-21
0.46353338360232116
1.7815356225937682e-6
1.1653584470994824e-6
1.0750167274502077e-13
3.0416093548027936e-10
8.416230129928009e-10
1.2760411993102932e-10
0.0005959476062405486
1.3662511384891507e-27
2.2943712524690977e-20
2.4638480969981093e-27
1.8079381362693126e-7
3.1563793327638466e-8
2.980756861355578e-15
5.395761277348485e-8
0.005039945041800373
8.07314368348192e-23
1.7953482485294998e-11
6.945723471685138e-24
3.1280768384579964e-6
1.9567628179693222e-7
5.8596591794872755e-12
3.783581099936575e-14
1.4579198359689808e-13
0.19030377757476707
1.8153972602771565e-10
2.2234843207772941e-7
0.00013414919331847445
2.024077230531587e-18
7.42073466598336e-8
3.7650933315373106e-11
5.325473003828984e-13
1.041679573697756e-11
1.9264293909421148e-11
1.029678622440483e-6
0.0003572397665431555
1.7841449963129644e-12
1.3157490219418776e-5
0.0049591837066065144
0.010700852818062349
2.502622757689364e-15
2.357337794264472e-11
5.854680956407074e-12
9.985445294159952e-6
0.00024043633715315084
4.387787075568149e-11
8.846206403241895e-10
1.0251458517720361e-11
6.3492522238297865e-12
1.7282352872595014e-11
0.012419843346714523
2.3699940420243704e-16
6.9615462138418e-7
8.84938849148112e-12
0.000307577876459068
1.8092923256756954e-5
0.00017275242238252002
1.2990370097045933e-7
3.034897498010906e-14
4.467375172239622e-6
2.8195245622392027e-15
6.680595274911444e-15
3.840160504570381e-6
2.0348326964388078e-11
2.737718910084821e-15
3.945678960167792e-15
1.7429850553507198e-12
1.499260942953558e-5
0.000195765507824759
3.9555555608974745e-19
7.240665721682798e-7
1.9236537526908984e-9
0.00027426330077660773
