2.3079005257435643e-15
5.803508660978847e-14
4.187053276766781e-15
3.5518461873782747e-12
7.255848938519482e-15
1.6061536601399e-16
1.8898341792573821e-16
1.592609559996652e-10
1.0661735167063163e-15
7.244763140201374e-15
6.017903999967259e-12
5.692093007729925e-10
4.4950635741757445e-12
5.16601188834148e-13
5.87982247083837e-15
9.780136601990795e-13
5.0283667518209445e-11
4.863891003853274e-12
9.76629726798742e-14
9.463743649733735e-14
6.506808015136011e-13
1.39684177952617e-16
6.507529525524958e-10
2.4900596007925105e-13
3.025086615743304e-13
1.650632055174795e-14
1.8273977309501333e-13
1.3166852599478783e-14
1.3446528425750207e-13
2.265312033819546e-15
1.5522280801467297e-12
3.069866441756948e-15
5.60004324590435e-14
3.726922111293078e-14
2.8219707423749662e-14
1.4917885001285796e-11
5.1776743944072977e-11
1.1575999276381062e-10
1.9932298596905922e-13
8.411102506748154e-15
4.154613073001973e-14
5.501146588766565e-13
1.3919041605946337e-16
7.619038358649321e-15
2.132396100117802e-16
1.7795792006378623e-14
1.2004111572180973e-11
7.439389801647372e-15
2.0797724298511576e-11
3.845624256893749e-14
9.218841226756727e-15
6.812583932306138e-14
1.1577514185917274e-13
4.1186979188025955e-16
4.395353352895874e-14
1.1048252345364096e-14
4.629482770235807e-16
7.793994242135793e-14
3.6806973053146346e-16
5.486863206758491e-15
1.0073215288039042e-16
2.258602097450519e-16
1.9605917131122106e-16
3.0075983839958083e-14
1.843040014015762e-12
1.8079089774490527e-11
5.184651946822031e-12
1.1870688646092625e-13
1.9284911071619432e-15
7.394955044100279e-12
2.3570154402659545e-11
6.721903706267553e-14
3.4726056852658263e-13
1.9783990270284947e-13
4.330371992733767e-13
7.0180072211541725e-15
1.0977811352260454e-15
5.105402407848784e-15
4.162785673627651e-12
3.282987472823507e-15
2.0670848112001967e-17
3.2916781450822716e-13
4.889401679529411e-15
2.9869150542625718e-15
6.280591129608128e-14
8.305596548163244e-14
5.404468362303019e-15
4.547706515306943e-14
1.3560260558516776e-14
1.5543444255732128e-14
8.334954278117714e-16
1.0024816213988223e-13
1.493825103732305e-10
9.562267615507582e-12
5.489053833399389e-14
4.2821758276078923e-13
8.43861566508484e-12
4.4926492978560324e-11
2.640010016024558e-14
7.352559291723533e-14
5.380818157687441e-15
4.8231499129217075e-12
1.0997248107845452e-16
4.056047171541728e-13
4.0665194517188407e-16
1.665840272492734e-16
8.871767928362732e-14
2.655576256840474e-16
2.6800668988923986e-15
3.416810187002625e-14
5.0572599560042615e-12
2.829627423922408e-14
2.243455977913254e-15
6.864495724668427e-14
2.9531204082976144e-14
8.62415553565115e-15
8.264501012767861e-16
2.9851431870114983e-10
5.172056944959829e-14
1.1093513699139592e-13
1.4191641023347759e-16
1.4654551870860209e-16
6.227370350669068e-15
1.2798678017291695e-16
3.5891170722471475e-16
3.871216190264881e-15
1.0708442148723631e-16
4.428167570653335e-14
2.596038764628151e-13
3.3689135871543593e-15
6.006541830715748e-14
1.338881159594957e-16
1.7052428758646427e-14
5.066866813432384e-15
1.1661225239346957e-12
1.2397208875199534e-15
1.2620389084587982e-15
2.020424721286529e-15
1.4966592977100453e-15
8.314504133658844e-17
1.7299278178888206e-15
5.325418067334303e-14
1.7795543001231056e-11
3.3301329950789305e-14
1.5289810088136678e-16
1.869888982914631e-15
1.7470457102077317e-14
5.746587063938432e-12
1.2340447032339534e-14
8.431344485009058e-12
1.346586444808972e-15
7.297141542807723e-16
1.7341406910909966e-14
3.0108800719371513e-16
4.802780692412725e-12
2.7710472998131725e-15
7.000964919532138e-14
2.1640926458680163e-13
3.7728309588099584e-15
3.8115102872596175e-12
2.612087823624972e-14
5.467389589890804e-17
3.0533514526620047e-14
7.928572928829025e-14
4.363471159082237e-14
3.368251142868377e-14
7.883847409584757e-16
3.066437042635344e-10
5.697235871839391e-15
1.1667655761893892e-14
5.305050022977161e-12
1.2490808610789562e-13
1.632403198161023e-15
1.4962965329587635e-12
8.42962019036702e-12
7.605124122491468e-13
2.5388754030961004e-14
9.780573377076513e-16
1.691807758356427e-11
8.404389896559732e-14
2.5084944610048512e-14
1.0451431730489874e-12
2.824243041217901e-13
2.428768916711261e-14
5.81005226502353e-12
3.618716405323906e-14
8.651944637626288e-14
2.4251391391996926e-11
1.0523772432130204e-10
6.32828876073109e-13
3.4325799838426137e-14
8.19435622977277e-12
3.953523141509702e-15
8.616083364934553e-12
4.283365708567435e-11
1.1645352703997549e-12
1.067826818592166e-14
2.898811625222014e-10
1.7480614777840806e-15
3.611526533820994e-16
5.132439132378131e-15
6.913385752964065e-14
1.0009543755809414e-10
4.6375395943733817e-14
3.746453137034523e-13
3.226168797636635e-16
3.166207504638128e-15
1.115494946343523e-14
2.521777985948382e-13
3.415032253336419e-14
4.560219225385767e-15
3.7286497730076165e-12
4.86637979625628e-14
4.915310883557417e-14
8.446377135206021e-16
2.705014921113916e-15
1.7510739783191943e-12
8.328998033288381e-11
4.468536984896847e-12
1.4921468078783277e-12
4.618683243595651e-15
8.880906590723243e-16
4.161860020434419e-12
2.4320163400827504e-11
6.937742607362205e-13
2.3583025059489573e-17
9.763083490245712e-12
2.881983673908297e-13
2.2347923083824093e-12
5.690085340211509e-14
1.757157066582241e-17
5.3320929243138067e-14
2.0504089370630462e-14
9.258239591530827e-16
3.284440037299767e-13
1.8426048121049518e-14
3.600709184966992e-15
3.609875131814416e-15
3.671477020793439e-15
2.5678590253914636e-15
2.910491720734084e-15
4.178906130539953e-14
7.332546254246227e-13
1.594731402996348e-13
4.577417251704711e-9
3.2078125561784577e-11
1.820108970004432e-13
3.188684123515454e-14
1.3269323903249495e-13
4.837153080785418e-15
3.629362415457918e-14
2.8520973929346e-14
1.8271508263010953e-14
3.2743594490095164e-14
1.185793112252515e-13
2.0743884539368114e-11
6.151287348315835e-12
1.0929608312480028e-12
1.699763993319763e-12
1.0317839124302377e-11
4.054607280075085e-15
7.73565809225099e-15
3.2042356408035837e-11
1.0074286348453534e-15
1.0434688271432366e-14
5.640425056814355e-14
2.2830814821526295e-14
4.341849982723754e-15
3.752504969532472e-12
3.020856658534463e-11
4.103116742063524e-8
1.3487257774574716e-13
3.9769690336944265e-16
1.252744078470128e-16
5.127777000573368e-17
2.4756664298657657e-13
2.2469028216751828e-11
7.415747785553706e-14
4.424551115461197e-15
5.167924435458048e-15
4.156607113433076e-15
5.101229485803297e-15
3.0566127523446655e-15
1.3636545927857265e-14
1.3839052528515915e-14
1.2462157444661646e-11
1.2370833429380216e-13
7.164336595579781e-12
1.0793338073952011e-16
2.428233745854038e-16
3.363211631197735e-14
2.922939975716359e-15
2.7992930560981074e-15
2.7721844828109076e-12
9.758338374031963e-15
1.9807262449900385e-12
2.5323209250847297e-14
1.9966126262832055e-16
2.1453682537362253e-14
1.9376738478143014e-15
5.974136676092278e-16
9.203386767919699e-14
2.6232764589411136e-16
8.4709012314348e-13
1.3606348055251369e-14
5.273544496610346e-12
5.331760444418446e-16
6.856803348377118e-16
4.21080806410716e-11
2.133649372918972e-16
5.990517170378747e-14
2.233940085243841e-16
4.545186231116891e-16
2.5443324211538215e-9
1.9281934203226074e-16
4.868229729892843e-14
1.1975179736082415e-15
8.297683747122225e-15
1.6060922080024383e-13
5.990091284215717e-14
2.1795036881033078e-11
2.7908900127067426e-15
1.490447996269513e-11
5.2181753762719435e-14
1.3387272666982565e-11
1.1194998737123486e-15
1.9129782083722776e-13
8.988004239967072e-16
2.180100401180146e-15
7.981871158299445e-10
1.152057898658836e-12
6.894766497431466e-12
1.6264666673526352e-11
2.4551329688460875e-14
3.738398878124637e-14
4.814185008530864e-15
4.354739764372565e-15
3.618857014276096e-15
4.24722237945252e-6
2.8740167365001215e-11
1.1316177446266908e-11
1.7856420940152134e-11
1.25784997830503e-16
1.2781701642492742e-10
9.061336772310718e-13
6.9163867716988926e-15
3.560715777912858e-12
5.736626683002445e-13
1.2334016209296974e-12
1.190686187729506e-12
5.657073758476522e-14
4.0673465066269405e-16
1.4392210876463625e-16
1.230244327846097e-16
3.3535406135991173e-11
1.3613214568223956e-13
6.1580809085297675e-15
8.309812824897736e-15
2.564669584234968e-14
2.2737128720717297e-15
1.7214294001987046e-12
3.9182514293088204e-14
3.833524664709184e-15
3.059669943499111e-9
1.590753465818406e-10
9.576128922395479e-15
1.5772655934170634e-14
4.811078915076832e-12
2.8669052515806192e-11
1.073562219576734e-13
1.8448005875128463e-11
9.130705583205354e-15
6.12378870098439e-12
2.1813095017633694e-13
7.878728759657523e-16
4.54630964749165e-9
4.8869026763284884e-15
3.2054656831560323e-12
1.759025290590761e-13
1.0040010687681714e-15
2.2443677728452652e-14
2.907760995351398e-8
5.348016604901786e-13
3.2134615163902364e-13
0.000656798136133518
2.661671249063423e-12
4.758706638621285e-14
1.0072927845376539e-10
9.915224987244798e-15
3.8292838594794973e-16
1.7688879566514335e-16
1.2157146786438967e-16
2.219055000159408e-14
6.53203223140593e-14
9.639041630913786e-15
6.000220611750346e-14
7.932808860923072e-11
3.805137217326525e-13
1.1360802116019428e-14
7.975154186484965e-14
7.899825607199992e-14
4.363334599318387e-12
5.541257890564055e-12
1.3580965319294e-9
4.751000393805306e-15
1.9284142163485547e-11
2.749547238430348e-13
7.741920946416565e-15
2.6578589651160995e-11
3.71563707499748e-15
5.342571937517152e-13
9.744490773702267e-16
4.20343371425222e-12
4.571406775538258e-14
8.285675562500596e-14
2.764153678281034e-15
8.296153267947062e-12
5.4791650645973373e-14
2.4956311726402674e-16
4.0486341020400305e-13
4.1569182242142996e-14
8.441741185203442e-11
9.11357367727154e-9
3.297742335419009e-16
1.0182539298605094e-11
4.158666781441856e-11
1.612692413690587e-14
4.2408200959314746e-14
1.6967151791179235e-11
3.971847073132723e-12
3.101005654744518e-15
5.977824330801485e-14
5.936777539005227e-14
3.416527388838144e-10
6.524735512029781e-16
1.2111203646435308e-13
1.3554713906819035e-11
2.462105572147249e-14
1.2267481531780134e-11
1.2257918391961085e-13
8.822625786550524e-13
1.0250027384114163e-12
3.709356154353073e-14
1.2210138681680344e-15
1.7680892664740755e-14
2.5436989268067686e-14
9.763118013165936e-16
4.788394188123169e-15
2.2354217972559525e-15
3.951736557578266e-13
1.5122666264950032e-13
3.975760973245095e-15
1.2110438722394038e-14
4.291848842569958e-15
3.1175936352416917e-16
2.0194649597583674e-13
4.448231948642328e-13
2.5869699348789607e-15
1.1371710436312229e-15
1.123620863683928e-11
9.023118371234891e-12
4.763119775168776e-15
2.8365343934891233e-16
1.4936621577500418e-16
2.2159169138699572e-13
1.8651232067414026e-15
9.049896185048882e-12
4.132266470571747e-15
3.453864231312183e-13
1.879831847632953e-13
3.8096917822008016e-14
4.664400906522167e-16
1.387406145822582e-11
1.1114441364482574e-14
3.969903734311016e-12
3.3023022603619344e-14
5.7021265502124036e-11
1.353478711774409e-16
1.0426104894833926e-15
4.405929952263095e-14
3.176591053727832e-16
1.4233618129315584e-15
1.5880993001419226e-15
1.1954103207862212e-13
1.6204073338606506e-10
6.47512378327673e-15
2.949110631836408e-16
1.488954586198529e-17
5.603292748334645e-15
1.0927777733380914e-13
8.29001578578873e-16
4.770214095063341e-15
1.8385195843270389e-16
2.2776606607467e-12
5.857663848818754e-11
2.1352220342565666e-14
2.3963959437987538e-15
4.62101825385261e-15
1.8772898394989396e-13
3.575834173752118e-12
1.923977497034494e-11
5.478794015819878e-15
1.96430130222135e-15
5.772443685783297e-14
5.883839446534498e-11
2.2471010447539318e-15
1.5268074169622665e-13
2.6941305004453965e-16
1.6990710037680872e-15
2.201992237001845e-9
6.5767575928841e-14
1.2245506585347e-13
9.410688168050974e-15
6.300474827930585e-14
4.448704291277383e-13
1.4786140794272726e-12
8.459828648548763e-14
3.668429763916582e-15
4.640511379838638e-12
1.161603928519271e-14
2.187001514418382e-15
1.6504027760209022e-15
1.3118312288929048e-14
1.6369855790698365e-11
6.22856524684957e-11
7.22324121267224e-13
4.981899482877089e-14
2.73620781922034e-12
1.6205312245767379e-16
6.9391305725469734e-15
1.8438352560301023e-13
1.8165336134688626e-11
6.080116947446605e-12
5.486572871747151e-12
5.266258445276736e-13
6.768357457808488e-15
3.4787367251178295e-12
4.2186684035022993e-14
1.2867358312811388e-11
3.1198212751452167e-15
6.971829565609845e-15
1.1370094267862615e-12
6.638827607829581e-13
1.4810731234164453e-11
5.262760568499398e-11
5.957554218375321e-14
3.127667165242844e-13
4.196910024484354e-14
2.6645227892824025e-15
1.1379109937458517e-10
1.686995980769719e-15
2.7316437215560892e-14
2.888558011174319e-10
3.5341665959956544e-14
2.0453045941938905e-15
4.0991821039805345e-14
7.69636246388359e-13
6.799324294183818e-15
3.184505499384856e-11
6.312984527829217e-14
7.464241063287251e-13
1.2280208540751875e-16
1.5887945990580726e-14
2.485042418186721e-14
3.059350485514845e-16
4.968380314833025e-13
1.503629429920932e-9
4.8531628241819876e-11
4.913707112941765e-14
5.518960906727082e-13
3.548785208684981e-13
2.883128231454513e-13
1.85787307934869e-12
7.930339075937821e-13
1.0786733746014058e-15
1.4667109821142858e-15
2.0989114636105654e-11
8.867565413286268e-12
5.651126669088857e-12
3.71585515226653e-11
1.7630808009736392e-16
1.2606785544801112e-15
3.6055176517986843e-14
1.264602456358043e-13
3.286433226766639e-15
6.196788418732143e-15
4.0618163259195034e-14
3.468720006758977e-16
7.709904010755127e-13
1.6423610221243893e-14
6.753345114820291e-16
4.966799217304923e-12
1.3913968994308784e-16
3.775537425164643e-16
4.952462428495144e-11
8.106451269879424e-11
1.0628094585308183e-16
5.84363055674707e-15
1.0472897960071631e-15
2.88479289665299e-13
6.360102650569596e-15
8.365855148659242e-15
1.6569541674098388e-8
8.806911434739215e-18
2.1917936607751255e-14
8.435048281696778e-14
7.316796421797347e-15
3.3585551916587658e-15
6.494666694270801e-17
1.1745039459434487e-12
1.7461245426696422e-17
3.806550996153264e-11
2.1910097163681352e-14
5.262384807428804e-15
3.402682751925679e-14
4.835619563965549e-16
3.2482083833292938e-12
3.210399725094769e-11
4.2530970666671536e-15
6.37571531621886e-15
8.150982253493687e-14
5.182973503274129e-13
2.66327258049653e-15
1.804428771744839e-11
1.8419900458581315e-10
7.788261348950256e-16
3.598491057853457e-14
4.991169175355571e-16
1.856463567714982e-11
9.207066653941502e-14
1.1331463216066562e-14
3.2162531004720127e-12
8.884319125255995e-18
8.890972342474427e-14
1.3739257565560622e-8
9.838405081631714e-14
7.584721432711829e-15
5.598752317303936e-13
1.0083025369549428e-12
5.483292382111436e-15
1.4549785954770694e-15
1.873765533222518e-13
5.21947489289369e-15
7.266611941167592e-11
3.8304691859154644e-16
4.6425191914391765e-12
2.6690087567972593e-13
4.502803049993474e-14
2.1673352919561166e-14
1.1136323070484319e-11
3.5543104135621376e-15
5.810488847842546e-15
1.9016971220633667e-14
5.69605016569705e-14
1.5157723504261701e-13
3.4305803189229204e-13
1.9062760281908404e-15
4.107314898905095e-15
1.0247813837928385e-11
1.2811799836135854e-14
6.539260603919175e-13
1.3737901503018792e-14
9.229706468685895e-17
3.727761385867017e-17
6.2087453436696125e-12
2.8131604747414102e-11
6.9209599547920564e-12
3.5081962930718227e-11
2.98502798139138e-16
6.932820992734966e-15
1.0794313065316591e-14
6.322945076425608e-15
4.975173896775434e-16
9.195210668022135e-12
2.2336763757261063e-13
6.728238372263889e-17
1.111614754911522e-14
3.2542759118042e-17
2.1854744909371864e-16
4.11041202520396e-15
1.3557883912949231e-13
1.4995701691512557e-14
7.0478517023538876e-15
3.101071218817657e-11
1.5711206795969212e-14
4.128736011859343e-10
3.1070756799097653e-12
6.634672960203806e-16
2.3977408882420874e-14
1.802467202958208e-15
4.0423563342311535e-13
2.485323822224609e-16
9.814520585093385e-10
1.0068152030607625e-16
2.0148259432667206e-16
9.652544750402565e-15
1.2736504816245372e-15
1.004742726896438e-15
4.788565440851128e-12
1.2160803254798966e-13
2.250229392320984e-16
2.4135450182995317e-17
1.871902412827179e-15
3.0319131049161546e-15
2.847437063832272e-16
4.8254482887877814e-14
4.370519703273337e-13
1.4851918333201868e-15
1.34269926897871e-13
7.165053565049817e-16
1.6125324748798064e-12
4.2835311500432345e-14
5.20818151547812e-16
1.1763673674916644e-15
7.292026471347652e-16
3.5684435482394764e-15
1.0437628147992744e-11
3.1419689296966283e-14
2.4926501479108337e-16
4.048389413404576e-13
5.551578149560126e-13
3.0270992738808234e-14
2.50722160316827e-13
3.9677625287124385e-15
3.3272289348465863e-15
2.0081045568593443e-14
2.7987338205487176e-13
1.6961834093662602e-13
4.554644074280688e-14
5.538609642316105e-16
2.979552034847118e-15
1.4185948058775802e-16
1.0765785122878465e-14
1.559718157082925e-12
4.5290581090990526e-17
8.643517362422827e-14
4.831607589227578e-14
1.151534409351779e-13
5.629318130987951e-15
4.1355995467890677e-13
2.1160393349300017e-13
2.3952838408564196e-15
1.129697574973916e-14
4.612230633815529e-12
1.1809382736494476e-16
3.079197118555619e-12
1.6029289736754415e-13
3.901434963997235e-15
1.4092653459747546e-12
9.769741646858918e-15
8.01590247259557e-15
1.2138671781228386e-14
2.4591693468671387e-14
2.4441685237715355e-14
1.1709825375969174e-14
2.78186850308856e-12
8.57063682353789e-16
6.515204733880463e-15
2.2674910345251396e-15
6.734779593065165e-14
4.066273944701624e-11
4.3509098738074495e-14
2.4962696983538398e-11
1.319164756327063e-15
9.087674790210928e-15
1.2844940783228669e-15
5.236716388814897e-15
1.423725245791022e-10
2.293796580866002e-16
3.1343100797233413e-12
1.8528922283319642e-13
3.922219798664287e-12
3.386188981662512e-13
2.904034482643023e-15
3.807085329806839e-12
8.47593517946948e-14
8.130762305792268e-11
4.6835372778153506e-14
3.3514425263526034e-16
2.7593495329597306e-15
4.771425863935042e-15
2.4159381968636674e-11
3.616419053425355e-15
3.4104169647296014e-15
1.4048585785623797e-11
2.2618328419365606e-15
2.758840043349909e-16
5.173913948184615e-11
4.655259822951311e-10
7.2177838053066404e-12
1.7641993290127615e-12
2.389601429346946e-13
7.96270133915685e-15
2.498590614515349e-12
4.822873057733186e-12
6.528608820868834e-16
1.2445300114711973e-16
2.384948403455011e-10
3.3192334833966436e-14
4.579297714783854e-14
7.09858137471821e-12
9.611942464777728e-11
6.334617996970106e-15
2.9722978434608482e-12
1.1061105771079375e-15
6.499629553760335e-12
2.493669200577064e-13
4.026161448324904e-14
3.656993427085751e-12
2.561891329918575e-12
3.636643877344431e-15
1.1261410090064578e-11
6.2030908917500645e-15
5.175938235649137e-13
2.2264786581072643e-14
9.648233117044672e-12
1.5442178056145398e-16
1.3446389400881994e-14
1.6429942547097903e-13
1.89612829559018e-12
2.3446682015080274e-13
3.3322994223953267e-15
4.8773196969815136e-14
6.568835519730631e-12
2.2461564151738547e-13
1.2014786217997387e-13
2.4322866654997342e-11
6.686776945443887e-15
2.4710587906919934e-16
1.3410730602135302e-12
1.2669633703761347e-11
4.018619592557173e-15
6.680177107084671e-13
1.6186878434016312e-12
1.0358827645078116e-16
8.504963987522695e-14
1.0545152490532974e-16
7.421730555034663e-13
2.9079464830760603e-12
2.79302153995537e-16
1.0012230456489858e-11
3.5104950908920236e-13
3.3856979469115963e-15
7.935188627159224e-15
3.3728272718685055e-15
8.370596523890033e-14
1.1147211472368401e-11
3.9155226987953483e-16
1.1266812475124283e-14
1.245142711010453e-12
4.247164627266042e-11
2.2213211819594076e-15
1.6736763447404702e-13
6.796598338641167e-9
8.481160680621965e-14
4.2046251930619545e-14
6.308307983074609e-15
1.709565311592152e-16
3.817116670134743e-12
3.192599615693268e-14
1.6326871251293793e-16
4.261532510082061e-10
5.095318676398387e-14
6.014226050105829e-14
4.988497734771345e-16
4.766695169339117e-12
6.46932831424675e-14
7.634923752396081e-14
5.203862031530499e-15
2.976416703354044e-11
4.318794823435278e-14
5.50387212176791e-16
2.8662667736442096e-14
1.650484483652639e-14
5.46602295236762e-13
8.991616433681646e-15
1.7824526920277133e-16
1.7332998097426194e-11
2.42514129722834e-15
3.4639785172518324e-15
7.16827551655181e-14
1.3892360013344075e-15
9.844184652682764e-16
6.92577135058376e-14
3.4655467013637046e-12
6.954294240335704e-11
1.0054820570730365e-8
2.0147268725411929e-13
6.329042028665883e-10
5.5594103582871835e-12
3.563288266474074e-16
2.111069249695705e-15
3.93592344690009e-12
3.922706057194248e-9
6.772895869946617e-7
3.3651383980508324e-14
1.183478505902876e-15
1.2484683093864355e-16
2.5983539639106002e-11
4.448741639139946e-12
2.832169049016132e-15
2.711544701864021e-15
2.216315958249189e-14
5.273417979716099e-15
6.094720157659965e-15
6.405686365223443e-15
9.732113075895552e-10
1.2601274306101834e-12
4.1647914483463883e-13
4.3288953076740545e-15
1.4935719058189923e-11
2.8761894480098872e-11
1.1189164433052248e-14
1.1693709808458387e-13
1.8081974170155864e-13
9.261190772755037e-14
2.0599707371882072e-16
1.2364234706236502e-12
3.556911464489019e-14
6.615882781157961e-15
4.320782688768287e-15
4.406792521233228e-14
2.700924441717958e-11
6.689643555877655e-12
1.0898191608505933e-10
6.181801193821329e-15
3.2167123598479694e-12
5.371867774521271e-13
1.1914475072829882e-15
1.6549654028113337e-10
1.8285525961388753e-14
1.5230764931208845e-14
8.670503380557192e-16
5.784105119167838e-14
4.1025058725034273e-14
3.258924072376374e-13
5.12109440714001e-12
1.531588087652664e-13
1.5130580226169253e-12
2.4758726197280738e-12
2.3883314185111767e-17
4.6017005372580284e-11
1.2628393814870913e-15
4.3395249009438994e-11
3.726473117890593e-15
7.748557037202339e-17
1.5215128676475435e-11
3.4286108997138074e-14
3.2856135269783573e-16
3.535634211272758e-14
6.373008012224314e-13
8.951099972930772e-17
2.4342241576792105e-12
3.1831003408677693e-16
7.426793604682598e-10
7.257641604691134e-16
7.74662650571787e-15
6.029079530387796e-15
1.7256264220149715e-11
9.519152167327077e-15
5.373785060594413e-18
1.6098172532647703e-17
1.0121318827154546e-12
4.212466166119228e-12
2.7859573940536636e-15
3.933382158324578e-15
8.287727757636996e-15
2.264072443546722e-9
4.063399609543072e-11
6.372038519950589e-17
3.701874455162785e-16
5.603965752929853e-11
7.333615988314994e-17
6.156601548248881e-11
5.45649307239373e-16
4.541743398397328e-12
7.178479291703764e-13
3.333317291756501e-13
5.310784544634624e-14
1.3157714798305809e-11
5.584412406641312e-10
6.451787474515763e-15
7.253307663710317e-15
1.1813739378778194e-13
5.607914564379925e-14
1.0195129758483107e-14
3.4517246122432754e-11
3.1712304657107786e-12
1.1799707733257036e-15
1.0562265162689049e-13
3.941200062264481e-14
1.2977192465714342e-14
2.563856151101746e-15
5.357903040431767e-12
2.871417204935579e-15
5.654355433304715e-12
3.2714775946367068e-15
4.958842143423042e-16
6.61838750086346e-14
2.004485804348258e-14
