6.91395318813306e-27
7.569177490821778e-21
1.7913679907582975e-27
1.763864230305412e-27
2.0126181236275643e-26
3.7849024808180494e-24
5.642905132522047e-19
1.5209798911632864e-27
3.2575387452752056e-29
1.9815000322931937e-28
1.0226825588430746e-26
3.524851471228347e-24
1.2345625939081873e-21
1.0076661882628953e-25
3.5773635361323486e-22
1.1922282329443875e-21
4.6056825576248734e-27
5.836659176312965e-20
5.466784271145163e-29
1.434057499109066e-21
1.2791825851986605e-26
6.246901411563252e-21
2.043095734488217e-28
3.412994777783032e-21
5.2846437080622155e-28
2.596230847039477e-21
4.176392210196957e-21
1.0864694669846782e-26
2.13823051261728e-17
1.0930494271907408e-22
4.960412117408777e-22
1.5465734783516443e-22
1.1666184854081864e-27
2.414337996632886e-27
1.2828285292104694e-20
1.1261211848415955e-22
8.962914108789976e-28
1.6127243615500287e-21
2.0116460829166058e-13
1.2256013777464804e-25
1.3350816261585938e-23
3.932721327046889e-20
3.616103270705814e-23
2.3554939661892135e-22
2.4637123930115695e-21
1.5849491285579836e-27
4.092704227583666e-22
2.734168830445989e-22
2.2648724795714225e-24
1.2190921542162652e-24
1.0715906833454505e-25
9.362312204769681e-28
1.6204906249159412e-28
2.517155704664191e-27
4.2181867111081025e-21
3.022801106795338e-26
2.855304058088459e-27
9.447041067985844e-19
3.302468320447774e-27
1.3933950243197957e-23
6.026848169335544e-11
4.9240825818190245e-21
1.6013383108007794e-23
2.002895392320756e-27
9.674866979452363e-27
6.857324162974623e-26
1.2524785969960493e-21
1.269301584955684e-20
4.297908497347705e-26
1.0258370296638967e-27
1.5583899292114593e-24
6.309868257674875e-29
1.621943444147018e-27
2.025855402554575e-27
4.3385908350738356e-24
1.849339544646818e-23
5.7644068305263296e-30
3.527175388079408e-23
5.851727714511546e-20
7.648270505287379e-22
2.4891308888339413e-20
1.6241734936728947e-10
3.191011015932182e-28
3.249576103395739e-9
5.797615564586952e-20
6.478197832116475e-26
7.621886596726205e-22
3.873452795883894e-20
9.432929273886033e-30
1.7882329709477528e-23
1.1590496699630829e-29
4.094137336075094e-21
3.30789282019568e-12
7.868460636427025e-23
1.8972524729770525e-20
1.576715792331834e-26
5.414324699552037e-21
7.054981559343817e-28
1.9619364173175696e-19
5.141937019446202e-23
2.667561435703273e-26
8.07959761080099e-21
2.2187494993672775e-26
2.2614280576689505e-23
1.3019255531823768e-19
9.372526309454109e-26
2.6147078918406324e-28
2.6032950263321238e-23
2.8850992393059386e-26
2.4496262951135288e-23
1.4780233492359735e-22
6.908823172159981e-23
2.389071900531804e-23
5.576812090896309e-22
2.0432804709365237e-21
3.2442198407698185e-30
6.999487620343109e-28
9.266860174384694e-25
1.4204068543283505e-22
1.8548981641631844e-26
5.330609962281908e-22
4.45504285604482e-28
1.797740748193026e-28
2.421951098035097e-28
1.68012600806363e-20
2.406730895655907e-27
2.3305303780006106e-23
4.903984553707394e-27
2.4369582819849617e-25
1.8128549284864574e-19
1.3487636242234812e-17
5.057352430641755e-28
9.769104539321376e-28
1.0025679323462641e-20
1.4260431654248254e-19
1.4954378934520491e-19
4.4348271966620646e-27
5.138454447431927e-28
6.706116343383536e-22
1.0395905461516428e-24
3.9662788699853205e-25
1.6311367250765971e-18
1.1478736527868849e-26
4.2736487369652e-21
2.0994336234252257e-28
7.956426267384549e-26
4.403682108320856e-28
9.086066910164253e-20
3.7990480265808317e-22
4.414088164585688e-27
5.318215391212278e-29
4.016578192697378e-21
1.619826607287543e-25
2.532537909740361e-17
1.3299412221641658e-28
3.0201781799368006e-29
3.2502109499596424e-28
6.682008713702365e-28
1.5417788650832305e-22
2.8663934544552116e-21
2.8396146611669242e-27
2.758256961356908e-20
1.0107723099787182e-22
2.3388487438180667e-28
7.173843636526977e-28
5.676118994197658e-27
1.4976662138747595e-24
1.8754621315288054e-22
1.8526991287715495e-21
2.0633974436707525e-27
2.588284325365795e-26
4.035019830074941e-12
2.613430392197619e-29
5.651544566141247e-21
1.0075171316871653e-26
7.537157409388388e-26
5.0839315160746285e-20
1.0669277001017761e-20
1.3994450803362817e-22
8.2290666104080285e-25
7.85567394208371e-28
3.326908022280267e-21
2.0706637112536773e-19
1.3052040290269558e-27
5.1352935000069115e-20
2.0262380870752007e-22
8.955548299095117e-22
2.621408654579934e-26
1.121579348737052e-11
1.312517771934196e-26
1.0172584113321152e-21
3.274734705004232e-27
1.1784286583469874e-22
1.4357377399243236e-22
3.1406617879360385e-19
4.142373225947838e-24
1.2715969773343198e-21
7.513385667131666e-27
3.711363749168132e-28
1.0510243506297926e-19
1.4183723218486706e-13
4.2019771639856935e-27
1.5938385781643836e-24
4.8204524115140085e-29
2.1528835786253976e-11
2.8028558651491176e-21
5.135791495949891e-23
2.1834358541036066e-21
9.50917763613698e-23
9.734982909842476e-27
3.280792624029407e-26
3.532488453059943e-20
1.6564885906926838e-11
2.900641879306215e-17
9.486107080415453e-23
2.5741517317946837e-28
2.419115788739425e-11
3.503183814179264e-21
2.2091135541589298e-23
2.173491283417271e-15
2.7602197903088134e-20
5.286707524354074e-15
2.595024910238122e-24
1.995543945151138e-25
4.436964098159124e-23
2.5789371413048934e-24
3.185922073822902e-23
2.5881017217630114e-26
2.0343173408343229e-22
1.5502962334496768e-28
8.163251646273147e-23
1.1936428564973922e-22
1.2061722054796234e-20
1.0013348718967663e-27
1.959587276314766e-26
3.156297185298323e-23
1.5868807541838356e-20
8.855715780192398e-25
9.549294914255056e-26
3.463100837295374e-27
1.5690951492540943e-27
2.364084332894188e-23
2.3050020982525925e-20
2.420077122221631e-28
2.837883884400326e-25
5.453324072143144e-23
1.164982124256385e-23
7.753491823184944e-20
1.4909892062752958e-27
3.079995530862183e-23
3.37838251151672e-23
1.6101813562426927e-21
1.6595194753572255e-18
5.413931206143189e-18
6.057361866407775e-21
2.111957013295876e-25
8.033914090268354e-21
1.4745521328048057e-15
4.559032713947859e-19
1.066469028414695e-18
1.0918061901675723e-25
9.684582908123025e-28
3.367481710428924e-26
9.640758759059311e-24
3.477061549868835e-30
9.493821396825433e-12
4.261252344351374e-28
1.3556154884996224e-20
2.735768341338785e-23
6.153856903917563e-27
5.1392616477897755e-22
3.3770255317803077e-23
1.8585372070809808e-27
1.932742323866608e-22
7.078963109010637e-30
4.2138313050501567e-22
4.6886301782647115e-27
1.771250702635705e-27
1.688783373563688e-24
1.3338913743892674e-25
5.178991764203306e-21
2.043949243347115e-28
8.534673536221483e-23
9.129753327401293e-28
8.683572082540356e-22
4.2397973946729844e-21
3.192007853389848e-30
2.2453484820958886e-28
1.668759473470819e-20
3.2453942567417096e-22
2.8186859032360307e-22
9.19353880913802e-27
7.228331516669119e-27
1.8147173877844866e-15
5.427588028435598e-21
7.312006174635938e-28
8.973674540132041e-27
1.8851849117748573e-21
2.3463247433422874e-27
2.173644916639189e-21
3.2854113662617446e-12
5.598921465481114e-24
1.9793680134980207e-11
3.003572421212397e-27
1.5527805558986607e-24
1.9544291610132038e-21
8.140770699162185e-28
1.0251829872971893e-27
6.630085119082865e-27
2.1050448824634206e-20
1.7692499143557174e-28
5.079326475925147e-21
1.848856177219311e-28
1.4447597688859267e-26
8.060274277106142e-22
2.7143225084711676e-29
1.2829808824835665e-26
1.3694271300750092e-22
7.517619262830265e-24
1.1781200734782885e-20
2.070753549561878e-21
2.4032227612797233e-27
1.4209628756925238e-24
4.9644104183508236e-21
2.1507624161116153e-22
1.0945335843498591e-22
4.9548073689637497e-23
3.3106489918019933e-28
1.9126080928502183e-20
7.537715089547767e-22
8.625946920942698e-28
1.651496072455773e-27
2.9074282064755497e-21
3.1633867274931056e-24
3.122280272315317e-27
1.8118713267363272e-26
8.889128716274926e-24
2.6439853745201096e-21
3.825212417613384e-20
7.52235073429797e-27
1.9880978608726928e-19
4.499303621360956e-25
5.271853198148876e-26
2.0268851561063963e-21
5.2243211659933095e-20
1.5328343468962061e-24
2.517912665928761e-26
9.800811404922285e-24
3.224328599185652e-28
1.7424534416271037e-21
1.1589740759020823e-29
2.259638748488319e-21
2.2717011058634465e-21
1.2843219608012353e-27
2.5638032134287524e-27
1.1282240291704365e-29
1.4317986572722142e-27
8.287655006236352e-21
3.898551499200762e-27
1.3467591452077973e-27
3.661215641327472e-12
3.8331237685271624e-26
3.5587337090943874e-23
6.617943392486434e-27
1.1794626997752652e-27
1.7921857545726156e-27
1.0261724380908111e-22
4.0626606378233714e-21
1.4021040058347713e-27
3.3979334388541697e-22
4.536851489659299e-28
1.753191942422656e-23
7.393778642178201e-27
2.0118595410267965e-23
1.6739680450622168e-23
7.921758868975294e-25
2.20009243583046e-22
4.699037861525712e-23
4.8514925770405635e-12
5.268598290112252e-19
7.612258177292921e-12
2.9049088065536213e-22
6.679095499739523e-26
1.9327256984468715e-28
7.802456192344182e-28
1.7569337407305744e-20
1.6188311424725464e-20
1.5569346235834418e-20
3.1237701592453836e-20
2.7482207319809573e-27
1.0863043430667388e-22
1.0123364265450204e-27
1.424793819211137e-22
8.145414699872174e-22
2.3246872327751617e-11
5.804687573566091e-29
1.780688192102013e-17
1.810651896446612e-21
2.0800997552057427e-28
1.1812518650074544e-27
4.1244352379533e-27
1.1518845325310672e-14
7.0355083897717765e-28
2.117493303543755e-27
1.6198486568296708e-10
8.227597494798901e-14
4.747596072987512e-28
7.877556526565263e-27
1.0833966897657341e-29
2.7437268252172125e-20
5.828249947233617e-23
1.1534175365970085e-25
2.0080948197201308e-26
2.9827594412241495e-29
6.000670025883756e-19
2.6115929950768077e-27
1.5370127043862977e-18
1.4379008032026564e-25
7.512677459692845e-22
2.5712302007979954e-29
7.117359036644053e-27
9.999333544174617e-17
1.6525326954005037e-20
6.316447417470479e-22
1.9297947946939762e-22
3.0887648642242258e-27
1.2335532825129897e-26
1.0244557505271436e-27
1.197625156714771e-21
3.519307578953397e-20
1.8286624585249893e-27
1.64962821331562e-23
3.722370623513448e-20
2.1015322593762362e-29
1.9558471707840411e-22
5.684219947113461e-28
8.998027069753998e-20
4.60106165925368e-18
1.460965637620986e-20
6.6988233996401315e-12
2.696344720077118e-28
5.084922236074705e-28
1.6732421253003012e-22
6.900683978942889e-23
1.0451460198935334e-22
4.286758610997557e-21
1.262945863366566e-24
2.09393025368105e-29
9.218754506878936e-26
1.790071393792833e-21
3.4347401841301687e-23
6.8448340223827515e-22
1.522537008914969e-23
1.0119604350361184e-22
4.1180405135291986e-23
3.5316844133894284e-10
1.2681424287933554e-27
1.0197677467582239e-22
6.538309433023768e-26
8.391230807925272e-28
4.88241262881378e-29
1.2652922068409918e-28
4.612979088170016e-21
1.888130237375901e-28
6.723393720092436e-26
2.2153088792972736e-28
4.86149195897589e-22
1.8883226821753506e-20
2.5635852007711897e-27
1.0196964519894394e-10
4.7274445287731625e-20
2.2129407055896153e-25
8.099932210049779e-20
5.920607356628874e-28
1.3812790984903856e-23
2.953900462392702e-28
1.5665604802087846e-22
3.1107396892764283e-28
1.6566577156284156e-28
2.5996396455007967e-24
4.2833714498942e-22
3.696475143850054e-21
1.8206980017289003e-21
1.2167847606760992e-24
3.8503979842874794e-22
7.408166483399543e-29
1.3542973619302752e-26
2.5081444737149465e-28
6.3889742234130675e-21
1.7936457026618094e-20
1.1335212735065932e-22
5.650527916789492e-22
6.1926993005951346e-27
1.785246008051238e-27
4.449293531315178e-27
2.5253436923647445e-28
4.376738572375457e-27
1.1997043901205945e-26
8.03627458893894e-28
3.2871139426119385e-21
3.3913782872737196e-28
1.0124003561186363e-18
4.598678592215941e-24
1.444446375130135e-26
4.8681143718422734e-30
1.29342713462611e-21
3.244528619879394e-14
8.782843215559059e-30
3.8740136192350674e-23
2.7825971108143608e-28
9.115219698431022e-29
4.578561193244517e-28
2.8097122952554586e-10
5.574794260101431e-20
1.3088808059192094e-20
2.204471194463754e-27
1.021400180794913e-27
1.9916346979960137e-22
2.884750915178795e-22
7.433071063603272e-20
1.7574643770067575e-28
9.749969726144182e-28
5.365589241768137e-24
1.0582188445762089e-21
2.9901846443201146e-21
3.2092887634087298e-27
1.7322470448417245e-20
4.061820325918331e-28
1.3989325842542434e-23
2.451059137711716e-22
7.277505260497737e-29
3.0660144374884e-16
8.624823243753389e-10
3.1152082057943057e-27
1.674588000450182e-27
2.6266438601435914e-29
1.9740127869630195e-28
3.975617229095968e-29
2.3041011590752803e-28
2.8794325223524065e-29
4.0047937117512194e-29
8.848840906521124e-24
4.1072364599793005e-28
2.4167839719805949e-29
1.2687442284178407e-15
2.853016940644843e-23
1.2846901681684099e-26
2.7508360275399e-22
1.9211327609166266e-21
1.4410277436253668e-26
1.0423061230583456e-22
3.621028956950073e-27
4.5376285017408524e-23
2.0420768014767475e-28
1.3133368060781076e-21
3.126101917980525e-21
2.5551016256252645e-20
1.7607445538547599e-28
4.556151615998656e-19
1.8869248753700042e-22
2.948906666160373e-22
1.2460912089275666e-26
2.086409788494834e-29
2.0354711318847197e-27
3.8028112735258935e-22
3.5053728256470672e-25
5.512706152382913e-23
1.3268556041590858e-22
2.161303730901319e-21
5.116889769298201e-20
3.678453031533785e-22
8.186799492869164e-21
4.152290605450861e-16
7.17347608498653e-25
1.3082782397647403e-22
9.021797297539328e-30
3.8139715369640264e-19
3.000860637048989e-23
4.4204133052937096e-21
3.0656445975538125e-27
7.001823836445326e-19
1.2062621442179402e-24
3.009936035243191e-23
8.27695000631761e-21
1.0312835677324543e-27
2.5633948104201973e-26
1.1421194231116747e-28
2.420628137256653e-23
9.013573520428677e-20
8.79376583136966e-22
2.5954154229386348e-22
2.5967938999184636e-20
1.3669371355668703e-20
4.3248667127494347e-29
1.1610736063436423e-29
1.3704216526996164e-25
2.0201951642404916e-20
4.041188515734956e-24
3.716986731731021e-27
8.072333254290719e-28
5.7135504509669935e-21
1.4161935573266162e-28
8.648266229963807e-24
2.315156317019624e-21
9.054528835609577e-27
6.484610358273395e-27
2.8351542379805485e-27
1.682048903489418e-19
1.2883255222330202e-22
2.386419774817259e-6
7.028804191244037e-28
3.773682449450058e-21
9.354601366409485e-22
4.2359942731283265e-27
7.03715544704046e-23
3.8215313153875585e-20
1.2893158451939858e-29
5.694674088153806e-28
2.363962445717386e-27
2.1446013583788487e-26
1.6402528103229898e-23
3.8889662597112807e-28
3.3431978517025712e-28
1.4229550548371041e-21
2.8255761560833017e-27
2.0845748578387884e-27
2.9595863958985103e-27
5.568492789276454e-28
5.067745475623707e-25
1.9063847580641955e-26
1.1539429840573451e-26
6.468734997444054e-25
2.3297616722920393e-23
1.4722197673948136e-22
4.956532346714065e-28
1.0335623118174358e-26
2.140755763486202e-18
7.494412227556732e-21
8.948346352504175e-25
1.7820705886227166e-27
9.352238319246693e-24
1.425261950576488e-22
5.800339601190194e-30
4.346620421475496e-22
1.119063624861674e-23
9.401573359310355e-23
1.8117185742047572e-26
1.1869951438723403e-21
4.5349016217844967e-29
3.713871145764639e-24
6.851930475192593e-19
1.3003313916014986e-22
2.7779738000941737e-22
1.2648329095325482e-22
2.871531351065193e-21
8.37264273570756e-23
3.2496006600006106e-26
1.3425954957907797e-21
1.3063976922167942e-22
1.1886089920706998e-23
1.0605848456672028e-22
2.1245572414613674e-24
2.6658711738531386e-24
1.0391594346094998e-20
2.590477524868908e-28
4.182688671570689e-27
8.997101071197496e-22
7.109380905460559e-23
1.1072813928148685e-20
2.532061701416657e-30
2.3451518467078405e-19
2.855748383226582e-23
3.14217503670157e-27
1.3381571847646904e-28
1.9858613489196881e-22
1.912351158947459e-20
8.949490678895494e-11
2.214847753131722e-30
1.4675264147104421e-12
1.095717259532561e-27
1.3906052007521248e-28
4.1219229790033355e-24
6.85111395268031e-28
4.2169498115944256e-22
5.333872339863997e-25
1.3774231502086685e-26
3.0056296235201065e-23
1.0620159034139001e-14
1.203456303393362e-11
2.965882031348769e-24
3.0761354293554442e-28
2.6532606345797616e-21
4.319068946752535e-22
2.5276494980579453e-25
5.240315977042584e-28
3.287666874422036e-28
3.442361607232599e-25
1.761356610141251e-21
9.012307713772374e-22
4.261068752044909e-23
2.5582372412000482e-26
9.551004601665402e-26
9.005552710761351e-26
1.1481709318712976e-29
2.195253269336562e-28
8.336124234773571e-23
1.1410008604312043e-21
3.3951168451452366e-8
1.4488250009626676e-27
1.7187809620916807e-23
1.3915217780119958e-19
3.6498229748206505e-20
3.777834063125747e-23
3.742178670392322e-25
1.5590945414055644e-25
1.8035100832040938e-23
2.3115122809365022e-26
5.501448976550898e-9
2.205099004321025e-26
3.5619575855597585e-23
6.262117638539482e-26
6.111790260509798e-29
2.081279544761536e-22
8.4923062797417e-21
2.0868441157182635e-20
6.870150481967798e-22
5.550006096287168e-28
9.562035434425256e-20
1.0721923447504974e-28
1.4244378645996039e-25
7.265669838403578e-24
8.677293591260101e-23
7.40784354398304e-26
5.277202170632779e-22
3.0436942815694636e-21
5.90606705603101e-20
2.6407312618980547e-21
6.179187831786323e-24
1.1982331164237075e-21
3.3031352952322413e-21
1.3288996735048242e-25
1.193386411944026e-26
4.705775393835627e-22
1.1178182955553384e-20
8.791952564253552e-26
8.238684799054087e-19
2.071505486097762e-24
3.3016375038137277e-28
3.059740094072151e-26
9.00015765292966e-22
2.655616410326825e-26
2.1015216958780769e-23
8.893253172674374e-28
2.5031043255250832e-21
1.6866662084330477e-26
1.1032713942592754e-18
1.6621486066607598e-28
1.9999153533000264e-21
4.604598354975403e-16
2.4004143388745173e-21
3.924976499018777e-24
1.39559109503665e-21
3.518071359172841e-27
1.450200973591202e-22
8.282853107375762e-28
2.1953880905306847e-27
1.908991577825272e-11
2.9932167878139687e-19
1.2771009298265387e-7
8.648839121669724e-28
8.089690463755655e-26
7.116931854301788e-25
2.1335334473505323e-18
6.990133671783998e-29
1.5732781258438742e-28
1.2467513696439317e-29
1.502107684201325e-24
4.3120418636585734e-21
9.773322765461156e-23
1.138502283017636e-24
6.115883355598218e-21
2.777373812493824e-22
1.539599192374852e-22
6.88679547021602e-21
1.6174947936827062e-21
2.8807567725889287e-22
5.276571465280529e-28
2.9824452407548825e-26
1.4629167751504037e-29
3.6725313197605574e-27
3.9949453179148966e-27
5.553466927185723e-28
9.026922589598514e-24
2.5597614282712413e-29
3.2713185771570604e-27
8.885495903658835e-26
2.6045553666922657e-21
3.675933664673253e-21
2.7231991607559502e-27
1.1987392594739667e-22
1.0825018425218848e-20
3.566734134214592e-26
6.363254986077439e-28
1.544887398203073e-26
1.892469879205098e-25
1.3639980207669852e-21
9.236096639038274e-23
5.320720104560906e-29
6.177642269002068e-28
7.266849916525824e-21
1.751441065990336e-22
2.691031042925365e-12
2.848748480736524e-24
2.025401383866945e-22
6.300951201190119e-28
4.158583952693133e-19
7.911523214031409e-21
4.542015988472087e-22
2.4480609343251036e-12
3.258453340547191e-27
1.5528084102597494e-22
4.43969255163628e-22
4.857971246382977e-22
3.594743773764765e-21
4.840968571814108e-28
3.708398652384556e-21
3.660091764278731e-19
1.3247937500075705e-20
8.937988754005876e-22
6.704023106932436e-23
5.476886378952658e-21
5.5050263488284976e-21
3.6690252536684006e-22
3.428622860448708e-26
3.395600391024736e-22
1.737221679709762e-25
1.2710290787277752e-28
3.3547377932177726e-28
1.047915802812431e-27
7.415305632972681e-22
5.524065513999362e-25
2.7080398587802507e-11
1.2047175385072697e-22
1.1715420722665216e-24
9.862486069707891e-24
2.9058556215983414e-27
4.563969822773943e-12
5.929850775671006e-28
7.188847809059803e-23
2.927873024540436e-23
2.4328628141830835e-28
1.0888878586676088e-24
2.7022433032332892e-25
5.066128747533748e-23
2.4819745263827524e-23
1.5553944919580298e-19
3.793794873480353e-23
3.402096801248556e-30
3.328307583943425e-25
1.0160115138908805e-18
1.074671052627034e-23
9.406210071707965e-28
8.327459311194163e-28
2.310616456821251e-21
3.570509957222724e-28
3.1594985431567756e-20
8.680200388586655e-27
1.8310117490530954e-23
2.53980677726636e-21
6.686061337772552e-25
2.06230714474382e-28
2.0952858441543032e-22
1.8439628967426727e-26
1.6403424445217578e-24
2.809564308991054e-22
1.8497355768094616e-20
4.929135402998803e-15
3.869616824442018e-27
3.370030373485753e-29
6.130318557872791e-26
2.0706282177324995e-28
1.2405895061113983e-23
1.1654205850709402e-25
1.6737726887397076e-23
2.0851923876510264e-27
1.3338519814052935e-20
1.1050444891363508e-19
4.2312096225662835e-27
4.617272132879446e-22
6.3930701717684945e-28
1.8032353162732177e-25
4.026802383680907e-14
2.529108888311406e-25
9.544865050833371e-25
7.047162932355699e-22
1.2435334020045107e-23
2.9447482345620416e-25
5.531936879183606e-23
7.590089906054544e-22
8.495701838705836e-30
1.4792454205628936e-22
1.2842191376842906e-22
7.400192887751198e-21
1.574580449249052e-28
4.611949377556421e-16
7.762350442958398e-23
2.56664353429626e-25
9.500964685892116e-22
1.623204968162693e-21
6.093790576004772e-25
7.136555671906932e-23
6.558769254531922e-22
8.691779804361248e-22
1.4624419707028125e-25
2.2151087438249798e-21
5.984537675080503e-29
3.337794562642728e-23
2.62418125812473e-26
4.0558716523568894e-25
3.1025597874815664e-25
1.8462722369361675e-22
8.664439700868209e-20
4.957874457053643e-25
3.952025597695975e-26
1.5042019062759457e-13
1.5209343811220772e-24
1.0882550297086302e-19
1.2311560107504673e-27
1.1514491618759079e-26
1.6762183149837743e-23
2.078192167765933e-23
1.7342172732989294e-29
2.7001965357788284e-22
8.057534648936887e-28
1.5614309526984009e-27
3.3946507278411437e-28
3.0960812490931163e-22
3.6735821492073526e-29
3.306046804696072e-22
3.9438188276806354e-22
1.7000089518726136e-27
9.564436386324092e-29
3.303272039021497e-28
1.2324423984195432e-19
2.4080507406927303e-26
9.568536000369861e-28
5.3829684133247575e-21
5.195555551078659e-21
6.901948545126918e-20
2.3089036154268753e-20
3.0151184116899623e-22
1.5562470029633193e-22
3.621956486803175e-22
1.757271131638493e-20
3.779881285266237e-22
2.1907356848256405e-28
3.123907646910353e-24
1.2686608158705533e-26
8.71258863642087e-22
8.035151931192291e-29
4.097093950934985e-30
7.211568051822588e-12
9.880739216433676e-23
1.1414973868207472e-22
5.525277586836414e-21
2.4315578810546063e-22
1.4190788249182364e-28
2.829625300186022e-23
4.566168951157395e-25
1.7366151179297853e-27
5.6893269198528436e-21
2.9834708621486028e-27
1.1387019738929597e-26
9.532918402634201e-19
5.941809553738648e-23
4.282253642484438e-22
9.791530584329975e-30
2.2751190199508587e-21
2.2479255038443092e-17
7.382067364520132e-22
5.352209888295448e-21
5.464744976137391e-26
7.914021606384426e-22
1.9915138986639534e-28
1.0592292399549588e-25
1.2149559712552905e-26
2.7014140997059565e-27
3.379358872610194e-27
2.1925065427568784e-27
2.973029171172917e-22
4.9625156218272316e-26
2.1537269935690541e-19
2.023096571494656e-26
6.608875769937675e-27
1.6535040288617316e-20
4.8243805450090405e-21
1.6133469662145291e-12
3.9507330125073285e-28
2.4580429322211889e-26
1.3042377795967324e-26
