8.637209375016492e-6
8.30538274299672e-6
1.3476852569180523e-5
9.092695581525935e-6
1.5328098924759917e-5
1.8712867773067484e-5
7.145687644871396e-6
9.4440478946837e-6
6.471571113306108e-6
3.843985972248462e-5
1.4607230119403885e-5
9.096907342108344e-6
2.900276404551134e-5
1.3269734299467683e-5
2.84323195602057e-5
1.2297373089261389e-5
7.28638581747194e-6
8.159668629006399e-6
6.813851694629809e-6
2.077733025326575e-5
3.699657455214005e-5
9.286636215092825e-6
1.647852653825072e-5
9.157833702874219e-6
9.113657628040791e-6
7.073715065000635e-6
1.1599784697317534e-5
1.0303490539934145e-5
5.502979357764161e-6
2.049786663721497e-5
1.7393184846994032e-5
9.177109008887183e-6
1.920933063919132e-5
7.506402971764769e-6
1.0274633928539474e-5
1.1942466180656823e-5
9.50910796644531e-6
5.613649266000191e-6
1.2699519221936745e-5
7.1869499147488485e-6
9.787345054197681e-6
1.862735013653284e-5
8.719726819558156e-6
7.466781069251309e-6
6.3041697805575795e-6
8.087147089200231e-6
9.755363354588419e-6
9.617736916604388e-6
4.402179732309622e-5
1.107608129054228e-5
1.822790579713648e-5
1.413047281768267e-5
6.473788202420429e-6
7.852478594231302e-6
6.795662188594518e-6
8.255867432661548e-6
4.2489221313410434e-5
1.2154890063936846e-5
5.864348534042933e-6
1.0688077181997215e-5
3.536324851186302e-5
8.0766233674292e-6
1.1007038172221563e-5
6.574699948482157e-6
1.726800868728273e-5
7.592419254426667e-6
8.950871373432044e-6
1.1044284888816645e-5
1.932054790002473e-5
7.207535491509219e-6
1.1860581394413207e-5
1.3813422194944242e-5
4.5425404260692026e-5
8.450901005518969e-6
1.6966084992934318e-5
1.139749147943523e-5
7.830314107987677e-6
1.74315940705874e-5
6.729539343388412e-6
1.5157193890984168e-5
9.995041389608776e-6
1.959528619329278e-5
1.0684508963945284e-5
1.2628320808219616e-5
1.0316789908733174e-5
1.9797739540907615e-5
6.333586719535201e-6
1.928942915326506e-5
5.774686779149502e-5
1.386051713944712e-5
7.901574709831416e-6
2.8064049106305334e-5
1.4779263842449354e-5
9.659272113453235e-6
1.0701667784753357e-5
1.5439990797653776e-5
8.3547737758307e-5
9.013912839675465e-6
8.774708777062562e-6
7.807942677232608e-6
1.2799029393131127e-5
2.3105930622725183e-5
1.6975981678316482e-5
1.135625090511937e-5
0.0007198608086405128
1.1792087066712254e-5
1.6136554556806972e-5
3.3163291194582906e-5
3.403219454354284e-5
0.00012378339084637691
7.403446825795361e-6
9.850082709649094e-6
2.6759353075416857e-5
7.012133246541969e-6
1.2844253262861057e-5
1.0731319132265046e-5
1.0485712415688285e-5
7.317326825688295e-6
9.332101647974356e-6
1.195274799695683e-5
9.320969374636474e-6
4.4708899736687646e-5
8.871323877379568e-6
4.872100309660331e-5
8.33269948145735e-6
8.931480317681134e-6
2.175047344046689e-5
1.2547799761375578e-5
1.4979351544402987e-5
1.7745667332061237e-5
3.2190862220115565e-5
1.58941271460473e-5
8.643505098537694e-6
2.1622803294479912e-5
7.579681831943785e-6
8.242372588029216e-6
8.770491907905297e-6
2.115206274907085e-5
1.2087930771815283e-5
5.7448142702698875e-6
1.2213094836033178e-5
1.1401365655389707e-5
7.1103485432824795e-6
9.443229118223447e-6
1.5670518421535085e-5
8.079110622987326e-6
1.0395108922530234e-5
1.1862456791322782e-5
2.887791932789066e-5
2.1998887351794872e-5
1.3862682681227585e-5
8.291954255959754e-6
6.725113377500988e-6
1.1083823234721901e-5
5.263330351452392e-6
6.8510381084532845e-6
1.4625177645242773e-5
7.193204649279305e-6
5.536280832377696e-6
5.705530607898867e-5
2.5684188966229823e-5
7.818393375262274e-6
3.84787135276096e-5
1.9076591873387793e-5
3.954164594842734e-5
1.4834849207076028e-5
1.8777000897492065e-5
1.0027907026655246e-5
7.980321749814171e-6
1.1457737587282998e-5
1.0834599567248888e-5
7.949467598422562e-6
1.9972723247922775e-5
2.083066532170874e-5
1.0323764120781709e-5
1.6898080968263723e-5
7.562004879527721e-5
1.1624049813915604e-5
2.2404815911466117e-5
8.929815578665801e-6
1.96774480662408e-5
1.1545674015134396e-5
7.67328143138019e-6
1.038457800811727e-5
9.979050097122889e-6
1.6862539641735925e-5
1.035600021657148e-5
4.4570143540227456e-5
1.0676015165358999e-5
1.8000421746924256e-5
5.27430445655054e-6
1.1654336144378231e-5
4.4051094769380246e-5
9.967147664457318e-6
1.4596516998800825e-5
6.381546139550439e-6
1.1522274744023667e-5
1.968192209757773e-5
1.6572272198699595e-5
1.6464927885721e-5
8.065595246244408e-6
1.2715771934410894e-5
8.53465289471399e-6
1.7593687889116683e-5
6.441194355751075e-6
2.9598992405451172e-5
6.467290823417559e-6
1.863519484039845e-5
6.8138909733494285e-6
5.570380290691879e-6
1.1717331521227955e-5
2.157811045819892e-5
1.5292194994851715e-5
1.4226062429120222e-5
4.0124149188220675e-6
1.0174436512395299e-5
1.0744136107650116e-5
2.709735403072279e-5
7.395315726841001e-6
4.7188997976416205e-6
1.3826980332474372e-5
8.489395405257342e-6
1.3741554551652572e-5
9.951425455377673e-6
7.928329531877716e-6
1.2827862470272708e-5
8.441709563157865e-6
1.4964882314117304e-5
7.833904952510595e-5
1.5097179196159098e-5
2.204842123053745e-5
1.3515794550875855e-5
1.4947482243694738e-5
6.000170096242183e-6
3.682327717128777e-6
1.6737780153575828e-5
0.00014909822600588617
3.301550869948338e-5
6.400492696782445e-6
9.442149467738107e-6
6.80680773260312e-6
9.08086863439634e-6
2.1978145415144344e-5
1.2506569655774927e-5
4.001363157641188e-5
1.3477651080660492e-5
1.136982801189512e-5
1.142630825896667e-5
1.2670034374152229e-5
3.1948315973079766e-6
1.0218808002150645e-5
1.853838516441387e-5
1.3537376199800098e-5
9.685110702360923e-6
1.3864687329519914e-5
1.0064130163893824e-5
9.052662044561082e-6
1.3879924915719794e-5
8.48697225005994e-6
8.125890154194254e-6
2.0992932086358486e-5
5.888319576636711e-6
3.261306781410188e-5
1.4054680440197247e-5
1.1552062015407345e-5
1.0511387988814375e-5
6.375928566639122e-6
1.1780058976246249e-5
1.2153032185944855e-5
1.650808680685246e-5
2.2035204076877913e-5
9.039278955941087e-6
4.4688685433387725e-5
2.2833960163962332e-5
1.081517131848786e-5
9.241798884650051e-6
3.623171263381279e-5
7.507456009390654e-6
9.430655602201702e-6
0.00047096963288797094
1.1032513329415359e-5
1.8612303616720043e-5
1.3668682135561366e-5
8.58588457560833e-6
1.77324685190049e-5
1.8756586487811842e-5
3.372942920349469e-5
3.539930531497981e-5
8.902161785736914e-6
1.820795028300808e-5
1.723920988419875e-5
7.275932068071285e-6
1.2212460127107337e-5
1.777088710343572e-5
9.59343004529477e-6
1.254881973886066e-5
7.291980482998718e-6
2.9877718748763023e-5
3.972094460126688e-5
5.637686768422413e-6
2.486589395339746e-5
1.0584808342484434e-5
1.2998811649603938e-5
1.2161639255383087e-5
3.035094346774099e-5
6.303928275594337e-6
1.5051975240828132e-5
2.7100257317266552e-5
1.7168031638598858e-5
9.399816613564314e-6
9.820500376270079e-6
1.1136699274061244e-5
6.255185819617737e-6
7.754061499628236e-6
1.980631023634507e-5
1.4334893534678895e-5
9.941367086586695e-6
7.870032009778666e-5
1.137125619565659e-5
1.644737697447565e-5
2.438958276148064e-5
1.363165085496174e-5
4.2293600426898525e-5
1.7374013092901953e-5
1.491506016934629e-5
1.7807625918784702e-5
1.1962344090579165e-5
5.624575764100942e-6
1.9598295713358305e-5
1.4366186882708386e-5
6.505442826948992e-6
1.170378977600568e-5
3.686289735496964e-5
2.280226569368647e-5
1.0351962072872826e-5
4.899591673111865e-5
7.126004933475522e-6
1.56226595218823e-5
0.00010923302217652388
9.64955247777998e-6
1.7464917164357103e-5
2.2514166726768654e-5
1.1865081986210463e-5
8.23846343306024e-6
1.1854676514307358e-5
1.4481222847844931e-5
4.676519421449095e-5
3.9790561784483364e-5
9.283189877180182e-6
1.5034674439172603e-5
1.2134669562531061e-5
2.214596321813451e-5
1.005411730231766e-5
7.80405768764867e-6
1.6380338208450695e-5
5.498536053531589e-6
4.472208565530103e-6
1.0073413840821634e-5
7.5940383514098584e-6
7.062681182192412e-6
2.19679419038935e-5
1.2242163092152348e-5
7.162178144892331e-6
5.474407980948319e-5
1.0096855513912341e-5
3.1239773639352115e-5
2.4794516572658503e-5
1.747445786222258e-5
8.99038716226859e-6
2.6597291349446315e-5
6.250633560052147e-6
6.201625753243816e-6
8.904940941210955e-6
6.205040676405604e-6
9.21439867486687e-6
7.64788520293816e-6
6.1005798542361456e-5
6.964305474112643e-6
6.429697598879483e-6
8.967675889709476e-6
1.0341265906606097e-5
5.072353461485684e-6
8.678927903803862e-6
2.4234839551228104e-5
4.864355648773064e-6
5.086535661176246e-5
1.2187252706600829e-5
1.8591321522826384e-5
1.4596818436177939e-5
4.413327490605975e-5
6.764109203902513e-6
2.1958616527530175e-5
1.8212850376621087e-5
8.103131979972253e-6
2.0230049202765385e-5
8.721731053700947e-6
7.210550465099991e-6
8.521022983896963e-6
7.080448105007284e-6
3.2570453692487335e-5
3.0432740979741696e-5
1.1242987059758639e-5
1.1733426945643882e-5
8.007783734697696e-6
6.564612916707582e-6
1.201877437138473e-5
9.663251144239996e-6
1.0210148003808742e-5
0.0003016608540648563
0.00014569728259574845
9.804386650664334e-6
3.5117351991896554e-6
1.1479257224710652e-5
2.7913110749834042e-5
4.431637393424201e-5
1.3657656673315739e-5
1.00218582702582e-5
3.549049499811569e-5
2.0061599854764883e-5
1.789867984879284e-5
2.3651402857274847e-5
7.37152607225806e-6
1.3228741192029221e-5
2.4270872287269413e-5
9.740560254688243e-6
6.545223382470001e-6
5.2018300521661185e-6
1.087355975842013e-5
1.5693087248635515e-5
7.928478644840694e-6
9.84500866422448e-6
7.424494298060076e-6
3.8728904319520024e-5
1.2947920463893545e-5
1.269642516696776e-5
7.319512099546287e-6
8.60107370863259e-6
4.370343814239435e-5
1.97428027485208e-5
2.233080160015118e-5
1.5054027509151426e-5
7.758687391493053e-6
1.681792348344247e-5
1.251190467269272e-5
1.197481547902036e-5
7.642076612207462e-6
1.8045623209919686e-5
7.003486429330786e-6
9.14897300214598e-6
1.0085428462570894e-5
1.9132828007364183e-5
1.3051123473049301e-5
1.3361868324527676e-5
1.6546137490417553e-5
1.4022740665011062e-5
1.533786843148162e-5
1.0403602444527534e-5
5.714274519261125e-6
3.315145094901903e-5
1.3275184326053675e-5
9.373599084288432e-6
6.479240954465832e-6
1.2710491311411002e-5
1.544999289569699e-5
4.596882760022841e-5
1.596596733705294e-5
4.377498971466993e-5
1.0332892929889883e-5
7.63899718212836e-6
1.3431223712544379e-5
1.0064506978648087e-5
3.7999600052149245e-5
2.2872535875455803e-5
7.164109952613242e-6
1.1716008611106343e-5
2.5973831263268896e-5
1.4009240134227469e-5
0.00010909802671943685
7.996604279052254e-5
2.043306038807975e-5
7.933508172593349e-6
2.675710089577766e-5
2.7471072147507947e-5
3.40651577635392e-5
8.110089337177464e-6
7.191187826868019e-6
1.445957420015611e-5
1.2094708542618256e-5
2.9533299311731406e-5
9.908043914114011e-6
8.375166975427864e-6
1.4097454979393898e-5
0.0004103981441431457
1.1002724580862382e-5
8.291288635976887e-6
1.2248396545564221e-5
6.986107081413887e-5
2.004471220914488e-5
2.4485120943935206e-5
9.542619694167244e-6
1.762279542282137e-5
1.1536047011874471e-5
1.118211586274175e-5
8.760663225001735e-6
5.401655545044001e-5
1.0158785022578575e-5
9.423724018344286e-6
1.5209367232611976e-5
2.751582463315584e-5
8.35405299294837e-6
2.685754955468575e-5
2.1845522003229553e-5
5.495179136021901e-5
1.8489054546579305e-5
6.697602769457281e-6
8.88173454724067e-6
1.0860874757322826e-5
3.365887119349767e-5
3.701923402145576e-5
2.4287413080998104e-5
3.396263507717526e-5
1.1348209196758458e-5
1.4494053061840963e-5
1.9241673817068583e-5
1.983456881112505e-5
1.0289723582051817e-5
1.3459625415002077e-5
2.141430166377954e-5
1.3301268046623487e-5
1.3278563453935579e-5
8.78401703443227e-6
5.439427547502019e-6
1.4602750893236804e-5
1.4427294479055696e-5
2.0343873957307502e-5
7.4192748259356045e-6
3.481674152049393e-5
7.000171599323323e-6
5.715195304760792e-5
1.4824436575925463e-5
2.9241838758774278e-5
9.133877302669446e-6
6.408894014791026e-5
1.4200634754361289e-5
1.602666558170857e-5
1.789524291775473e-5
1.7560181662208186e-5
1.186802312010924e-5
1.7216694301495656e-5
1.2918970641573838e-5
1.3535801671304027e-5
2.0918254721407394e-5
2.6908961872912124e-5
1.5373217375377227e-5
1.1743160425141395e-5
8.557421867019816e-6
8.733394748925716e-6
1.0590865352251804e-5
8.046735468832331e-6
5.835169250024169e-6
9.41551317521656e-6
1.7511417908004516e-5
0.00012584203512081024
1.302059888458029e-5
5.949474150594527e-6
1.7359758405224693e-5
7.470728851658748e-6
7.552057421347324e-6
1.0859619220255284e-5
2.9118732604153087e-5
2.5699798592843102e-5
5.5581443966749156e-5
3.087167158661931e-5
5.398536062868279e-6
6.026703142271523e-6
1.3012895599943597e-5
1.238968265933592e-5
7.051250266197448e-6
2.3352144092358585e-5
1.4986315760251554e-5
1.3381481241295214e-5
6.683958471628904e-6
2.961142460598188e-5
1.0776482903495662e-5
1.134803837565916e-5
9.64188734114488e-6
3.7080539175032086e-5
3.262532521041186e-5
7.936538562912133e-6
1.895180895608545e-5
2.2726354658454835e-5
7.588648862121519e-6
2.1491569060457815e-5
1.5611122979558588e-5
1.5525098645446654e-5
6.384864426765793e-6
7.3968380494346434e-6
3.2354165415922126e-5
1.5673382970914767e-5
1.5370073170950913e-5
1.2285588795514345e-5
1.4309082910701835e-5
1.1018451505790866e-5
7.310336648711248e-6
1.0747527358508298e-5
1.0090434266065587e-5
7.796947203950826e-6
9.450603255987577e-6
1.653546993799366e-5
3.9609122882220634e-5
2.2850577559668788e-5
1.9993683658525522e-5
3.240385145273479e-5
1.356735564426552e-5
1.2479093893354717e-5
1.1606882377448225e-5
8.914650673320431e-5
1.0306335151201755e-5
5.697869661677342e-6
6.3820250734232165e-6
9.08263156723854e-6
1.0314128352808487e-5
2.0739893302669543e-5
1.0299341844540177e-5
8.80775347949421e-6
7.335089768988234e-6
1.2739782044592999e-5
2.072101511415415e-5
1.2361064412011531e-5
1.555879645660657e-5
4.435196344137039e-5
9.525774271648413e-6
1.2661469925365849e-5
8.84412396333397e-6
1.8000784867943926e-5
1.9699489088185982e-5
2.8284743019660886e-5
7.218617423748971e-6
1.4456770188261926e-5
5.105279512024133e-6
2.4788573945202292e-5
5.0986970600804155e-6
5.629483421582853e-5
1.5870200764711583e-5
1.96300010539009e-5
5.766711622548288e-6
1.8169699614148618e-5
8.99343025967581e-6
1.5239010760225001e-5
1.6238278395920482e-5
4.3657121112644386e-6
1.3721321476219696e-5
6.1901981252552546e-6
2.639872490222134e-5
8.957549298941836e-6
6.7023071623497404e-6
9.52741690764189e-6
5.194505176025578e-5
8.787766118104678e-6
1.1401945138320326e-5
5.7815033464090285e-5
1.0037415313189691e-5
1.3264740180830165e-5
2.3075737494972113e-5
3.528536188074928e-5
1.144785451847443e-5
7.9064922826246e-6
2.565760743822047e-5
5.548120669864055e-6
2.491362810587017e-5
6.135758052894444e-6
1.1353706353791958e-5
1.862947284684203e-5
9.510034351521406e-6
4.5718008234674544e-5
1.3064782553738468e-5
1.0053735524243535e-5
4.115926674416856e-5
7.767280238958289e-6
5.1656966101447405e-5
6.700330451981101e-6
4.1231031702658645e-5
7.518278457273241e-6
8.000619981284813e-6
0.00011225259588624166
6.903263513943493e-5
2.2580369960794683e-5
1.7380064039998723e-5
9.905358865674928e-6
5.056687776574668e-6
8.976237696726966e-6
1.009050001592036e-5
2.1058253891334433e-5
1.2172417291567582e-5
1.0019487075432759e-5
3.7532511405539755e-5
4.358842907740708e-5
0.00010623936715418718
1.8385220572994546e-5
7.196534195507619e-6
3.6924034731938396e-5
1.004151492104378e-5
7.537829841402438e-5
1.436010308883437e-5
1.5724689208887434e-5
7.146625848716938e-6
6.853455781144058e-6
9.910872769781366e-6
1.0803088376997941e-5
8.072460244720773e-6
2.9141779753476104e-5
2.9472922058247034e-5
5.092793006189754e-6
5.992274845413991e-6
1.6607917919512703e-5
1.744323924994327e-5
1.73958559078016e-5
8.21573891295946e-6
9.512543375081675e-6
1.0644476028462339e-5
2.977930615795257e-5
2.274136354325492e-5
1.7629295567609247e-5
4.3615887718605766e-5
2.1340658344635394e-5
2.2320220715936525e-5
7.597007082912363e-6
6.579583659787434e-6
9.930131789168264e-6
8.965460832837608e-6
7.878182969219216e-6
1.0565130895129194e-5
8.99498706389457e-6
4.601616464849392e-5
9.153133580559686e-6
2.255701012470704e-5
1.1041296097161463e-5
7.157980888747205e-6
2.541716316462602e-5
7.31923384704928e-6
8.053130928340597e-6
1.782042489074454e-5
1.0431256188777654e-5
1.5475133760443145e-5
2.152483593121298e-5
4.8281254650647005e-6
1.291892984788109e-5
2.046087357587199e-5
2.007377839745024e-5
6.757514855329059e-5
3.1047656147446695e-5
3.149318538108305e-5
0.00037619695196591357
1.8603875932717802e-5
6.953431404656397e-5
8.059826705867932e-6
1.0473065667565118e-5
1.4325668037788037e-5
1.3801782818637412e-5
3.896630819364259e-5
1.0203174271322103e-5
3.0706897079625855e-5
1.877063252531634e-5
8.80943355633125e-6
8.888583704900909e-6
1.4360412082861632e-5
3.789894770307862e-5
7.4803063952907e-6
1.0431673665016588e-5
6.894419123659274e-6
0.00013238672351163425
8.097604185230569e-6
1.0176133048147858e-5
1.1028350842587392e-5
4.860257212831904e-5
0.00010237552514227921
1.5467151596309713e-5
7.258743903317996e-6
1.67813836785585e-5
1.5825038573307663e-5
7.897503901955228e-6
7.747077130705962e-6
8.438082437688426e-6
2.704536270423655e-5
1.179239893106191e-5
1.0272419501281019e-5
1.6947990031781446e-5
1.4571035775853054e-5
2.5526716480734465e-5
5.490323792468907e-6
2.8967985765632163e-5
9.60713912160199e-6
1.4897254043739331e-5
1.9232380904309533e-5
8.154937172120749e-6
2.1902830387262696e-5
3.9192888240144624e-5
1.0507780389412162e-5
3.138990384713758e-5
1.7903339658888117e-5
2.144108313072668e-5
1.1564438932631523e-5
6.481228354351746e-6
6.718502333143654e-5
2.167379206926725e-5
2.4081787027344593e-5
8.177099543767338e-6
1.0869983277324245e-5
1.1658451007245977e-5
1.565941277655934e-5
7.93048810944734e-6
3.538157532710401e-5
2.007535145346432e-5
1.2837869925922204e-5
4.837153597122719e-5
4.431614515102352e-6
2.0877464099263906e-5
9.868814862272606e-6
0.0003081556696079102
1.030942989008622e-5
1.1399226009919573e-5
7.064021529508572e-5
3.327107615687713e-5
2.6593739236329798e-5
1.0557620263263522e-5
1.4082832313243352e-5
0.00013418856497582235
1.714906561673399e-5
2.1914926682440754e-5
1.2788170002110318e-5
1.7417488817171662e-5
7.951089283802125e-6
4.671303272267145e-5
3.561931880766829e-5
1.3931350677386524e-5
8.385781953963477e-5
6.614569477678992e-6
1.4116510151285583e-5
8.348415958958596e-6
5.132044878866613e-6
1.219659451623239e-5
6.808337910854341e-6
3.5593152003958936e-5
3.119699110822368e-5
8.716575413165543e-6
3.2708911640208784e-5
1.4917933249219934e-5
2.5908154712065096e-5
1.611729312189067e-5
1.4095264237159935e-5
4.690131740309298e-6
1.0543883080987647e-5
1.511686857997743e-5
1.4034428694206795e-5
1.1860842414153087e-5
7.959915803894287e-6
8.675648463159947e-6
6.467797598892046e-6
7.119468330958337e-6
9.10308654756839e-6
2.2839606979799084e-5
2.113753151056718e-5
0.00011880532411780214
2.217779513120092e-5
2.921879699161543e-5
3.607113743959357e-5
1.5813123139965187e-5
0.00010778405884922397
5.350946615321043e-5
1.0565752389783488e-5
1.0102289163392931e-5
1.3688018029922834e-5
4.3816440845266825e-6
9.948234918471927e-6
1.3181160185622528e-5
1.3632968950475398e-5
3.9103246484057084e-5
8.373748989162857e-6
8.945962353468477e-6
2.3990587848785026e-5
6.919528038055617e-6
4.996585255793868e-5
4.1552628665528995e-5
3.4155366245038726e-5
2.7505899503684945e-5
2.2589256799780676e-5
7.802799348009077e-6
2.914070469596075e-5
8.428771729233961e-6
2.412270419148293e-5
1.980071407088356e-5
2.9715904817974268e-5
8.830803331262912e-6
1.7999663705907526e-5
6.707836844586688e-6
3.90136132575482e-5
1.4845007259561377e-5
4.367494220976352e-5
8.979583275794881e-6
4.547175410394317e-6
8.906607068174403e-6
1.0546179966652465e-5
1.0930229240167739e-5
6.448895072573775e-6
1.9130567649588665e-5
4.62764576414467e-5
2.053942782089156e-5
1.0289645456070654e-5
1.585296618591334e-5
9.128334203857183e-6
0.0003109670000007493
1.1499177471069815e-5
4.674756439566067e-5
1.0377057322332117e-5
1.614761351110463e-5
2.5968634817311168e-5
6.954767898643693e-5
1.259161463411903e-5
2.1843317336535502e-5
1.2448983419076485e-5
1.9083904937054863e-5
9.053265508744498e-6
2.3561616813862617e-5
5.391919317645852e-5
5.7550015725523495e-6
7.467892361903868e-5
6.991818630498737e-6
8.507510585528322e-6
2.732649318144782e-5
1.3708945647409453e-5
1.5395032881225663e-5
1.1750468113745155e-5
2.7325059858345524e-5
1.0502314802954125e-5
2.6725595258896284e-5
1.5114516135354253e-5
9.695475377962498e-6
8.612914408359808e-6
8.492230444222423e-6
2.6005317113016238e-5
7.960022826814711e-6
3.7103645670908104e-5
9.123013892342994e-6
3.4898849306169043e-5
1.6889213562670194e-5
2.7977934151019342e-5
2.0654011792606014e-5
3.600258863574076e-5
1.5297053147608035e-5
4.7626715153605526e-6
1.3936006516466496e-5
1.0725368845298877e-5
2.9862960494080192e-5
8.791954491781613e-5
7.77650171892723e-6
5.609982068852266e-6
9.251612402266668e-6
1.200229174971105e-5
1.3909409265302082e-5
1.9862795718182883e-5
7.488088987828223e-6
3.244636905603932e-5
1.4064657882481078e-5
9.884441598560291e-6
7.660434240011663e-6
2.3911217347240573e-5
6.77026971628689e-6
1.1850645586032573e-5
1.0814946338690274e-5
8.760921558219217e-6
2.5520906447582636e-5
5.905674064099118e-5
1.5384129887990226e-5
1.7152512885949488e-5
4.730187923127617e-5
7.765823386487228e-6
9.846263144830545e-6
1.9199303619947208e-5
5.044033078825847e-6
2.0106154365958198e-5
1.442389339524693e-5
1.6036975569470416e-5
1.2006960727797921e-5
5.876703429285439e-6
1.8187065968746396e-5
1.2032729302232513e-5
3.552695702872255e-5
1.4581819261422654e-5
6.284938224209283e-6
2.2419457328976013e-5
2.3700602459242348e-5
3.673933044432436e-5
9.754682507128845e-6
2.6216671653473877e-5
2.3180794324647197e-5
4.9909170544152e-6
7.863215935471585e-5
4.437771498414903e-5
8.399227950440576e-6
9.998772579391568e-6
