0.09214915686433699
0.36779550349211576
0.6198266599316812
0.1580945503601376
0.6307357142184249
0.09101452463233967
0.07446575082247867
0.6820957225437695
0.9331519118150124
0.10153718593556349
0.0601056254681966
0.8280535686013648
0.33577286824008074
0.12028059616110093
0.11094828426990065
0.11820967324221687
0.26169970817286914
0.07498183925330706
0.00290677410020021
0.3447706533021586
0.6708517595989882
0.07399440547995374
0.049094188662691225
0.12455338750510823
0.06322800737021274
0.49600603812717264
0.3567393469388365
0.21145902550436832
0.09551238198447554
0.6263081885496289
0.8396055281540352
0.1768495212764925
0.5029780441028218
0.04476051340000334
0.047785377767720995
0.09001996348834831
0.1549604490851835
0.2703498863159512
0.4813297699968967
0.34945461159666186
0.04656285518220604
0.9188781887323079
0.028435077075583307
0.06977127582655522
0.4412629018068431
0.025485960925843675
0.13254536774111
0.38935976828777874
0.12674138249047776
0.46801122209157286
0.601346835170838
0.01974959321889846
0.8817994616519761
0.1204460389090009
0.07223626991623631
0.0292675425417787
0.21240341356629447
0.08632722999848169
0.31678799627000015
0.4235063394776342
0.2763689354798998
0.022079772876839942
0.3007422397713765
0.5015789875525675
0.21311079289780172
0.8744511873950632
0.21807775262028184
0.3197914180426764
0.10986544031456269
0.9138501875356102
0.1474200291865971
0.07216858223951805
0.6868331087655418
0.27784269140341017
0.0886312539925649
0.041508264057265994
0.16825859064956467
0.4893822934389447
0.028409538841194827
0.06137893120837285
0.008976996914001346
0.0302812614777064
0.08071243458543426
0.5091401263118808
0.05089129261959317
0.005591894128605317
0.18757201056007045
0.06231364872913393
0.349984623324646
0.32862954257727967
0.024658175951616724
0.3904314783989429
5.067212827421131
0.019618521703242676
0.16955973208448671
0.026832932918334336
0.4409351321550492
0.01992977354170173
0.6789397799913531
0.5367052206972619
1.738591237274295
2.6726314067132377
0.8006218442634958
0.008200010776391656
1.3249146299745003
0.01455609574864599
0.405579879341534
0.5312482466358304
0.9850025135787446
0.23849987259077182
0.03109887163471182
0.20292604663734676
0.15441578628797611
0.34385598574930337
0.4589192111889562
0.08517462517692262
0.7410513535550685
0.3947016540339683
0.009385248794587655
0.7568923761102293
0.7130339639481592
0.2521137702418137
0.012666486918724858
1.08897574455235
0.14443602283154497
0.05126088363457463
0.43476293112357556
0.15750566393455115
0.036024823251106335
0.09399056192667993
0.6686163049607098
0.003393691235100485
0.02539478379595694
0.05870252990035462
0.013571460508235766
0.5388569673560243
0.3797765209941469
0.39475948143503914
2.618768752300492
0.8975323881950529
0.015238781967809603
0.01657092428729361
0.13134685127025147
1.2959169060455658
0.004002633562096043
0.8079739787903351
0.006388387939309717
0.028305507738720405
0.13785154160987012
0.5151908282886649
0.0049161300310709
0.027486667545972603
0.03928333851045538
0.1371392829229041
0.13033022243756778
0.19611900249713252
0.13705965219965185
0.05950116194558472
0.07476552102211571
0.2016975835096328
0.11377794469164176
0.022971275719980623
0.049848722595383796
0.03257815154715979
0.1385610167254959
0.02550730381715963
0.019024620450950106
0.14929925856252102
0.00917675812083702
0.6979327317064211
0.149403291153286
0.06627181441722321
0.04917285797914366
0.14951306239518386
0.002312651933567133
0.20938199014961778
0.09086586265396794
0.20014880866330528
0.007585039777753877
0.016892938243522608
0.029169234944319278
0.05465499520065445
0.05343459787705837
0.8779163134042373
1.3486063785886588
0.218602635454236
0.23811656471832698
0.26633024272018
0.02273219997996198
0.8225008846007212
0.4106330077750868
0.0734581712319986
0.14125156567076838
0.6571703974941486
0.17895709259624243
0.6123464967465003
0.009526703203045432
0.2855218482647819
0.013602753400174923
0.1476364623005166
0.010299956031500487
0.053206658908176704
0.0230666692720682
0.9344516347820491
0.0022479116799372957
0.1939297346015285
0.27176389620430574
0.23864362198069825
0.03214033026828956
0.03953547772997692
0.19216906404589973
0.0032228604819852236
0.500378188615474
0.04080025542715214
0.028181328791542497
0.038774000842281435
1.3730898821258637
0.2258611177960122
0.15435693459310926
0.29229399685845714
0.26212763585490134
0.03749644383975507
0.07791175554859374
0.11710357039741896
0.009878338906526046
0.061097871983564395
0.24946406013514583
0.031154075638986565
0.0572238768955241
0.09152180360616162
0.35084480020758885
0.21379992335160772
0.03578387125487878
0.08768796229364081
0.44139006643718925
0.2111705906951262
0.07009795347254749
0.06104066171123025
0.04499080382254321
0.3938005661796426
0.1384229603847319
0.013901983608959443
0.45482322435222067
0.10121869001495545
0.07820959023497277
0.9254898648896999
0.06231264300356854
0.07421513774870837
0.016503981927078235
0.015137741959262091
0.3036138541567195
0.38815272634101616
0.08941302313134947
0.026571494192609218
0.043387756580696143
0.023601797439002724
0.0099835477772325
0.08930898691425487
0.21387360613588421
0.9568018675437158
0.05088131860354251
0.15384971501150005
0.036827328257607914
0.024102500115188667
0.03157311942640196
0.00408950233381744
0.2190396743031244
0.04073765101229884
0.46125444507748303
0.007388778006158411
0.05367803528838145
0.1297350390598002
0.003474040802851922
0.044191905800181244
0.3404220949382168
0.26499252671153284
0.006433554355380989
0.006066000452489298
1.0
0.007677825369619013
0.7950466947553609
0.009502236404181246
0.08735118298075467
0.28251574999112133
0.3028718476752219
0.011840108060671277
0.034140101233540034
0.023851790377100363
1.0
0.05044223016282272
0.09267782801377852
0.10765739220900876
0.011547220792021015
0.21791897167685453
0.058475250192562125
0.0007093439948039788
0.032541143373188246
0.14701497396923982
0.0038391172668126557
0.008689477909315993
0.027298333044949937
0.03169266128744974
0.006479676574765871
0.7796822058039684
0.816995171135847
0.004566970936261427
0.05704297780827436
0.011402186730543492
0.05718653020915824
1.6733943653643089
0.03847427977200326
0.00045754698700787503
0.006590661573336255
0.26857241295872986
0.06484556345619492
0.0021706527590225864
1.351330846540542
0.2826723039402184
0.4597142595597
0.004957334264012007
0.017533386135348696
1.2114081536902324
0.6897506794815957
0.07287393973532219
0.10389213026510491
0.02772221539409742
0.020929458391128544
0.0020842101207229997
0.028316808569889843
0.012104079534158855
0.021552826380513722
0.02133755073492628
0.007860350256236794
1.2157545424608553
0.06050416519392879
0.05391548481938536
0.0314123427177763
0.006099180612224612
0.030670390958338598
0.4535706278426537
0.17657337546358132
0.02589248000172436
0.6266357601136026
0.2510653480389406
0.3458292736118952
0.3920437462899684
0.04381950486890184
0.03691930048351441
0.0009827238596596892
0.008780468495275903
0.04174759323151246
0.03117141161355708
0.11274537316264811
0.11109201694377055
0.05581649581036382
0.37006151218466504
0.019488597303006117
0.1678726379854657
0.02943221268230551
0.10198115156501018
0.09482299815843911
0.2665967696172799
0.028603120172013673
0.0013678518678862928
0.0057105513360833455
0.033777468506902726
0.03754815706757262
0.18171966974376985
0.09249641157631777
0.24439737395922342
0.10751146086017974
0.00988616844718808
0.07470191290094229
0.32776884098464965
0.08125452224479848
0.04493948776893371
0.44291220573484397
0.05292756010540314
0.09037423228354816
0.19664437069266652
0.018775240849204056
7.456065581967811
1.3521807227900098
0.02171559081411802
0.033892253655639325
0.15979707253032885
0.26347985965589954
1.2038864092135126
0.04374433597322178
0.21503459420069715
0.08831103892366933
0.01566667586945588
0.007510247515077432
0.0016963141058001403
0.04386717503588744
0.05126149340247643
0.11939854967960066
0.00536481056828253
0.004981466173203463
0.003522327964981357
0.08453607448649483
0.16401459891945405
0.03936980939750178
0.16838030791585643
0.0369483565809373
0.034994617949239915
0.008398807644290653
0.010250139334171763
0.007166264064619761
0.05698339957060515
0.4346472004863751
0.4455668667333643
0.3426983586250554
0.006741050630531822
0.02773646891564161
0.008283162777202467
0.09493208857210522
0.05712699257990554
0.010755462897562343
0.21796597018344788
0.8677344686628511
0.5969505323546128
0.03315348386279313
0.1415478405052531
0.015864763662574038
0.18222294044008647
0.0035186504325564216
0.12107084451640884
0.12044158480937053
0.005615079740560456
0.3285045393333486
0.3180401683806565
12.806496435507325
0.163905097841153
0.0029445531792519192
0.03843239284274262
0.9977340195736896
0.07561912634294483
0.007985862368559244
0.26161521693833445
0.47242417490708233
0.030935997324657964
0.1536144357803948
0.984339517713896
0.2790098958097522
0.03562969994772285
0.15310010241056574
0.5734140591849398
0.06479308346506985
0.0557881892491138
0.05706799767880098
0.009380548392470406
0.02597260410460887
0.04284155797121151
0.013323269461551051
0.003436880322799939
0.554006428069053
0.01838519702340035
0.02394546716587146
0.8228166142547011
0.11870691267447045
0.0013118471067414322
0.08181626404208259
0.03209496161635871
0.19521352357812619
0.008614724462272074
0.03824044090206181
0.006146929703739815
0.025227285150465635
0.24619913345243927
0.17420397677467162
0.006802781722901255
0.003630201464209292
0.0271695976754165
0.028275526902191393
0.27850271566730894
0.0061091428605891075
0.043926197355287806
0.007723578545345218
0.022023079036495936
0.002289863444732437
0.8831318307616722
0.10787604354889692
0.005676377195144433
0.10898909158464093
0.09918839807785361
0.017745619796419986
0.26967396152127826
0.0797748175564589
0.06035315660441754
0.050211402893806274
0.0008841931586877256
0.006774930696008286
0.011906263272623997
0.022675034487070374
0.08751485932182791
0.012437470734228065
0.10325818984636484
0.006913807045142617
0.027145634473712814
0.03499112456072722
0.013392883333074954
0.047157337231724245
0.3666311758869127
0.0648587294231296
0.09984046789858875
0.04590918255854057
0.0019565595047028425
0.00342380102486242
0.2993153016232865
0.024545843250914603
0.08079912820234877
0.0037754094215181927
0.0002420842383307089
0.0504622221353298
0.017807750801386697
0.0442197786263986
1.858151691244584
0.4855343681397618
0.016765496944299758
0.001685722507316098
0.1196300341930439
0.5903537251157188
0.027580199532521676
0.02337281661318608
0.03059202092623284
0.008801067319088838
0.6476228458085498
0.0019000872338284143
0.04812956850397378
0.09070490522022176
0.19908321985332664
0.9419373371677029
0.09413863222798408
0.11292044012514996
0.13055845930658797
0.06825124625587194
0.09599002942432319
0.02498518615480198
0.14022773851573433
0.13729504076592888
0.09826186142520224
0.0008653357945585376
0.0005633981862209889
0.0018400451373388202
0.2246708021423879
0.044097553181885525
0.005812143950645575
0.7430281499644192
0.0010175661830097217
0.002377412855465855
0.10945663674115766
0.059870897798958544
0.37179646509784037
0.023265915620845658
0.0026938814358889044
0.10146315882314748
0.007176653637284504
0.0010175606194532025
0.13780606992956437
0.09006932272512579
0.12415557827801697
0.2587987115780633
0.011416718697867314
0.0049443755851502616
1.3203679445570313
0.08721688624626782
0.31587749866948156
0.0433430434233965
0.0001854094376110887
1.0301049546052956
0.7178011830878099
0.04903077553449957
0.007959855034724747
0.14328772518955468
0.1155500180099258
0.5944876802384812
0.09357879651155533
0.028575816628129906
0.11412696723794633
0.09788700413554517
0.15440726022822573
0.002571278055417
0.9662700764492995
0.010886110277619446
0.011530868400351462
0.12186539461408165
0.16197863439464988
1.03637818546592
0.02367259857676995
0.7149708493513615
0.054625349819543985
0.05872513860871402
1.8679661816607995
0.11550750748410403
0.03746954407000475
0.027251587322539333
0.132254022194162
0.0014867336405741778
0.00332428903381603
0.21757752405619957
0.04425222472570868
0.009838407908144517
0.0021773691534675114
0.928537383382139
0.0064963372319693366
0.011570921740143136
0.0039578894796418245
0.03683843085799904
0.25582707044793446
0.021925913477201135
0.008057078913240852
0.6382124103567856
0.1473109695515116
0.10342782314173711
0.6626158465259115
0.07287733614169035
0.668601014218809
0.07583679971644416
1.4564613233571921
0.9507678885654549
0.01971847525955577
0.012226000587334496
1.520128211201082
0.001487693865319043
0.125725189387995
0.02916449647415934
0.009281335670612617
0.0006428921674908205
0.02622907874993432
0.2555238278272451
2.1522275255374588
0.04923477509166874
0.003538093838908125
0.04965384184570355
0.011780083318819374
0.08135855165426407
0.1798672248471257
0.1574393460718452
0.020448285806184175
0.009339120093874439
0.13337119167960998
0.06837458110709206
0.020895126225442855
0.006939863679738366
0.021844986707365826
0.5783902178783437
0.0116551287917251
0.011194682124904475
0.08114374376816645
0.01464787436659967
0.0028687831533482974
0.04243260493238898
0.14085278995048894
0.023167716494372045
0.017268145756551216
1.432785969686553
0.049342217841792706
0.015845941319955942
0.0007538547501394089
0.049297222734855
0.032090262331807846
0.03544681480986205
0.04717698581775449
0.18083072799079153
0.006024218640431637
0.294924163557969
0.14676198211415903
0.16928460969925424
0.06038622708266953
0.011726986270234161
0.06022239056680429
0.045755595370298066
0.006256141761684286
0.02162779802314554
0.06479437846587559
6.180926920313513
0.026603382008393205
0.8945982142217103
0.03482886753403156
0.1783180564777508
0.09996981206466397
1.3273025962667868
0.290616339804421
0.1055985739979857
0.03240588891255635
0.042245455246862476
0.07051019029900699
0.0845119995317345
0.240361900467304
0.02713482378107226
0.1682998098684788
0.8738565776767089
0.4036617131637613
0.045220670428828505
0.034935623532528215
0.1454867290917918
0.02199271435469097
0.004881876859920557
0.030495996183496965
3.374063425294788
0.003956693435743714
0.010884973663525201
0.46165286729267263
0.011630597459106952
0.3543023458521423
0.18653606612467435
0.03094177657760572
0.15230595160580082
0.06883250313873134
0.017064369422130844
0.036647924822632356
0.0010719185579335687
0.031676887031082214
0.000648811788959516
0.0345216147777206
0.005556879191541681
0.0012594130040221557
0.005995853805909765
0.11804511951638434
0.013033306421241979
0.006302006236555553
0.02659782693292809
0.010215503330404095
0.018573176526757447
0.0258068343606192
0.0032857623500653376
0.00014763178733691508
0.009841107005273072
0.0002480379727529637
0.391971201997236
0.18389594429342845
0.0111923315318299
0.4802179449982728
0.007850164301198021
1.1849417508167883
0.13788504823375766
0.015829385766603515
0.0534731210047182
0.1454089564695715
0.03152248575833565
2.0974342604252008
0.058989268358949416
0.004228774673716634
0.23880773775648287
0.004192566297220991
0.0016376987180466702
0.10573866954565488
0.009151035605982948
0.04307516655562859
0.15133628191681064
3.2099542232289573
0.014707412200064472
0.0014657058495069829
0.6976117866720857
0.0006276451266847668
0.9630334829805696
0.6785169153412548
0.1346363892590584
0.18976393083968407
0.3467282281379649
0.016296399319929655
0.12261692378512813
0.07587262597595726
0.006203813542569272
0.034020694458248395
0.006472856154705354
0.0028561865220275667
0.005958505250635826
0.00045227335666338865
0.03744062835873144
0.0008682059208534761
0.026683748216594028
0.001549747086639678
0.009650050523057258
0.7560083830417667
0.05345165263309856
0.004445357242650239
0.3713446732031075
0.02737770694224574
0.12856893218901627
0.0953963379054457
0.006824115081336718
0.16387782255616165
0.44462496104304955
0.006768105953252078
0.0074571130457579664
0.019176918651645676
0.01324773179082572
0.12866993170723182
0.004990357492186759
0.038430127966832275
0.008964240199475603
0.00373025482110607
0.3522694326067667
0.8081488937857446
1.0585646482495032
0.03561299147346131
0.04470726187600191
0.08329502526153956
0.0061957900066887004
0.017992794747271577
0.00953944455207073
0.3086253762751651
0.1135914660794883
0.003896310705037521
0.015750716836740022
0.016727914477509594
0.03293890705432938
0.008524760106408446
0.29504523530126225
0.02407648831399427
0.9801198044761148
0.013304460605496208
0.7910649439311943
0.29114545231811517
0.02596332160905586
0.00840242189097836
0.003779148217993287
0.010697197423413345
0.021834043035376047
0.3595711204664475
0.031395465351833456
0.018472439107330225
0.11743367425778942
0.01629071400027744
0.0074900481890526885
0.010100012772513926
0.0031070567038103095
0.07412036985673381
0.03257032069728447
0.9491267060638106
0.004673711398331327
0.007544999587074659
0.7798759342758781
0.021451794971435283
0.10751101481770156
0.009398673582825878
1.720317497816871
0.02091208040638032
0.10271986023525986
0.051637156921590724
0.09773003183793398
0.11714218281263536
0.11952179395740167
0.06961700754684026
0.03787168778101241
0.010855569217375183
0.000497332906529225
0.000154287551161268
0.02137107225123375
0.014593644379204917
0.17947190446059935
0.042137472217833455
0.0018966722514857984
2.7478789005393893
0.5512344410017547
0.040707130949004855
0.9337137208315578
0.03821483932007287
0.06841779199561795
0.08256624600511484
0.6242162804124022
0.015659947049934817
0.23586836941086997
0.012667953520446393
0.012241989059325043
0.005909281978214818
0.004483985687889549
0.7489610872846378
0.49219521764057883
0.20290372291160588
0.001076317093887519
0.8488538518032537
0.01167918792948232
0.012203882608816764
0.41264596519990465
0.08346778154285386
0.0035997203186882696
0.42843056314253475
0.09351860688075082
0.02781078591746161
0.15582699400057903
0.036189242035895124
0.004424833895865533
1.0911673079155073
0.019633102292195188
3.3791435139231347
0.024538246971396702
0.15067202623108283
0.014577454042159564
0.0005404601999222321
0.16309610248128598
0.0940424140980661
0.050150991726187505
0.01619140891786954
0.0025483329310577044
0.0006184531340004386
0.2611503211573788
0.011786615576656494
0.0009004622643158649
0.18639963754026118
0.6854666253992289
0.024888221950152122
0.02189039903424502
0.13044400269419323
0.012212184100355603
0.07056562210279792
0.006872720154712907
0.12604677186329272
0.015927719138965582
0.00046063403625587826
0.013398154873802741
0.197185400581361
0.017202885188172375
0.019536251421788445
0.06922091908601224
0.08588315761752001
1.6882402617568488
0.0009420200912580317
0.4407930650423092
0.08688239179424612
0.012808209355701816
0.007118655646605204
0.05112606268877926
1.0666677783989087
0.014801210115446233
0.10679901780969578
1.365623259212351
0.008538992751275922
0.0019270855660647077
0.33275313478415414
0.042886431968582356
0.09486843996711067
0.012863596578780558
0.0532602931663497
0.0031686529246022837
0.025228000180447928
0.01586792549812958
0.004648809677128433
0.0008055843349888788
0.00648379130484765
0.011811595433801607
0.014072987612716375
0.8042397738002411
0.23063566670891147
0.3951943333789637
0.09865373062122752
0.06559382125073554
0.0721922942737791
0.0038812517189618194
0.00556377470808981
0.0774588558481401
0.0963875104717345
0.012913778510607179
0.27111549605832475
0.007492843981523524
0.2244072167505983
0.05919548080805863
0.1150253394420098
0.0011532261653672594
0.07109519474053322
0.005317912977026086
0.040598692048496504
0.2437299346542976
0.08861784072752335
0.07835258270575939
0.24994302659183879
0.012698257475736191
0.3813986595973904
0.7100221345174554
0.013839944023301003
0.03862744627199947
1.9805114923737719
0.10298447071087762
0.011952687861100663
0.03242116667856349
0.005983810359461328
0.01969239382236893
0.00039301738746627527
0.01838617793576426
0.0011435823314969046
0.02186681818337459
0.15706401089138464
1.7942744646615392
0.0009917819637398043
0.030514529762215404
0.05382271368108639
0.518965831860364
0.24985054305762405
0.17893956675548905
0.09627055444486682
0.0058617629455241385
0.6162582197205362
4.213457305049091
0.1398930211232171
0.018360845697179846
0.15325937232565665
0.035055110896206505
0.003190778004979592
