1.0010021918694146e-6
2.0809681689680083e-7
7.920813450089584e-6
5.521810109753397e-7
1.046099878560341e-6
1.8102981294970933e-6
1.2980192115566864e-6
2.913293063225065e-7
1.013526063773078e-6
8.135813125525807e-7
1.004614857639315e-6
3.348703670040486e-7
1.2624379915917347e-6
6.111412675058085e-7
9.398941333982875e-7
1.8608411949170266e-6
1.0545221559224687e-6
9.249595467432304e-7
1.3535168065524635e-6
3.8052617096705896e-7
8.649044187380105e-7
2.7937816921773305e-6
8.304350940814839e-6
2.8804042663039006e-6
5.529866336649274e-8
2.3883629634860392e-6
1.0256173314985296e-6
2.3712597834279125e-6
4.027868431949816e-6
1.8621630898904947e-7
1.3454884148928127e-6
5.0236787865217975e-6
1.962052559316088e-6
7.672631860872377e-7
4.0704820814942423e-7
3.709799326631939e-6
7.050195581897912e-7
1.6284827856954639e-6
1.7179823885717313e-6
2.7765687096419654e-7
3.435736150823773e-8
4.768413652533617e-7
7.380307114272307e-8
9.919569983410054e-7
1.761664940319956e-6
8.372926037973134e-7
1.7717673577602961e-6
1.8637634295301374e-6
5.432818157395211e-8
4.643923506992547e-8
5.63631985822744e-6
2.364233987553742e-6
5.349855670365574e-6
1.0066205612132077e-6
9.485863184114064e-7
3.70550575978027e-7
1.0720944952271758e-6
2.1933729908473677e-5
1.3583679924338684e-6
1.0778659084349491e-7
4.944450202422598e-7
3.0463123096158013e-7
4.1782959985524864e-7
8.353680467233438e-7
7.799223580776949e-7
1.8378486166418154e-5
9.731561454501249e-7
6.405094758560179e-8
5.107372432507495e-7
1.8481341779337218e-6
7.197201956126802e-7
1.1173740655502418e-6
2.7026965571364202e-6
5.304849674050815e-7
4.221578084107222e-6
8.266904342507513e-7
1.3336915225911966e-6
5.142121090398601e-7
1.1462155747178239e-6
2.568471494083464e-7
1.705713874056452e-7
1.1480689645237215e-6
2.9606441758966522e-5
1.1930026423961998e-6
1.6532081368317422e-7
1.414554242063843e-7
1.8743836139323028e-7
7.584552511830938e-8
1.08511830611911e-6
5.47656897201841e-7
6.878165803949034e-7
7.769128198469192e-7
3.013269806104847e-6
5.967733895671266e-6
4.092937865870741e-8
1.1602145047246392e-7
6.401805135854886e-7
1.3489271751694391e-6
2.0451479103805503e-7
6.687340281978665e-7
9.141458949471354e-7
2.633319324865204e-6
0.00010878275992474804
8.413318920243458e-5
7.866742493000235e-8
1.9445017258085946e-6
3.1285500210274204e-6
5.290441452773484e-7
3.059476013110572e-8
7.564384468804694e-8
1.8505780675588815e-7
1.122931107673547e-6
4.5920431694158945e-6
1.0360662118420582e-6
7.719923106171832e-7
3.5388194941827595e-8
1.4434728672286967e-6
2.562843319076553e-6
1.5407751373745487e-6
3.0239024526458287e-6
2.1073402654635447e-6
6.294747893516551e-6
2.2561686171680247e-6
1.4069389464008563e-6
8.893879893209861e-7
1.2264538218808532e-6
1.5122394948064853e-6
3.9782739310996105e-7
3.956659917368406e-7
5.954150437501239e-7
1.0633475201335658e-7
6.650191806886896e-8
1.2613420874201126e-7
4.7481312622116746e-7
1.4507991981810175e-6
1.6653475672589852e-6
6.643032322284391e-7
1.5861652278956496e-6
1.962877639475028e-6
1.9491773937229761e-7
3.5850114339752146e-7
1.4012298569320781e-6
2.180784418621454e-7
2.8994943426166154e-7
1.8210636270958472e-6
3.7909730875997265e-7
8.929448077242488e-7
1.3231667221201117e-6
1.7601721224895344e-6
4.62651782319063e-7
1.3482882234608135e-6
2.1303212455541652e-7
1.45951541874919e-7
2.0632569197653908e-7
2.045735286962182e-6
8.183108057164956e-7
2.240877449418082e-6
1.2800375128726349e-6
2.7583450976937627e-6
1.3106359795996254e-7
5.933740931013587e-6
1.466809745786069e-6
6.228136269897994e-7
7.886983129389546e-8
2.6005069416997543e-6
4.5502217657814685e-6
1.8150125153983892e-6
2.8578306147258694e-6
4.555232493453087e-7
1.7723234797758103e-6
1.1347642285818072e-6
4.55219772541821e-6
1.2934499820477714e-6
4.719026480063961e-7
6.0150821050518935e-6
9.742686006616146e-7
1.7247684292149559e-7
1.914845047544469e-6
1.0318873317879457e-6
1.0186882999612732e-6
2.2607529661732352e-7
1.6002605764318886e-6
1.8497353276537325e-7
1.1232445582906709e-7
7.99809482403401e-7
1.4874469911849363e-6
8.26587366897828e-7
5.455073287640409e-7
6.121265124107513e-7
4.7325218580838153e-7
4.903033108717994e-7
3.998264889633135e-6
1.5410637833951972e-6
8.68171830831774e-6
7.448898228341541e-7
4.0561248143824886e-7
3.6818073923874737e-6
1.05801606851957e-6
2.5109755712101724e-7
1.2060548728559253e-6
1.3090349326485175e-7
1.6145566697061237e-6
2.54531548649267e-7
1.5787831763497853e-7
2.004978834283953e-7
1.67553183284311e-7
3.1448417166792417e-6
1.4587992984684804e-7
6.855570678061621e-6
1.884395306017516e-6
3.018933547322428e-7
2.955966653798177e-8
7.296919130995164e-8
6.250630440421255e-7
1.0645318425929219e-5
1.719010268272644e-7
1.7822689354033553e-6
1.1245871205187095e-6
3.571051453623804e-6
1.133238423151042e-6
5.401763572178008e-6
7.832791768231068e-7
7.0576067574287e-7
1.0127840677838606e-6
8.108312617581623e-7
1.8534075196237893e-6
8.54958538671833e-7
7.252633030090587e-7
1.3765380661564007e-7
9.117652958401762e-6
5.266143359287785e-8
1.9705981687619103e-6
4.756139950109674e-6
2.0336715639800357e-6
1.1224665172166573e-6
6.971402979093479e-6
1.5732569974997137e-6
5.038390397704576e-6
1.4764501614852477e-6
1.019226327093903e-6
1.7690191323467935e-7
4.237445208021702e-6
7.697507781998066e-8
1.2921502513155612e-7
2.5697997725960994e-6
1.79793447545656e-6
6.673359980968042e-8
9.252778852971755e-7
5.595500380421609e-7
1.8783401511255637e-6
5.58398778808295e-7
1.6948532972094092e-6
1.239523587784181e-6
3.5794765327008483e-7
1.390589163548009e-6
7.023847698804968e-7
3.379499612889178e-7
2.68027199435116e-6
1.5243980602660098e-6
9.692681031625433e-7
1.552879116112355e-6
1.5455986757689014e-6
1.3485039075356134e-5
5.926167384266954e-6
9.335785473147713e-7
3.634393329173296e-6
3.289642708655899e-6
8.3607353178345e-7
8.425817114723138e-8
5.979573319542303e-6
7.879548233590748e-6
5.860391355530827e-7
4.099211417408278e-7
1.018550447513537e-6
8.830720716240673e-7
4.192788403459324e-7
5.998027357099532e-8
8.83865665053722e-7
1.1568743976796193e-7
5.41853827849616e-6
1.1866001942176845e-5
1.0783510173926157e-6
2.133756489949888e-6
5.4984215955550133e-8
1.994684058147967e-6
9.862271974839856e-7
6.621110901350804e-7
1.6608326359669728e-7
2.1845512666996516e-6
2.8868609203931905e-6
2.8635163639336966e-6
7.855952604205182e-6
1.5560237450172365e-5
7.138630199613406e-8
1.3311354238073622e-7
5.316280746468323e-7
2.3759391813299457e-6
7.950881482568171e-7
9.77419877675383e-7
5.074051059478407e-7
1.3077672245061755e-5
2.597886688406095e-7
7.645779202803872e-7
1.2651973509566436e-6
1.3034376336984836e-6
6.266305523637903e-7
2.0484529281533105e-7
9.203033539178218e-7
2.213542440425802e-6
1.4612901464943942e-6
3.401726491036161e-7
2.1352123434758647e-6
7.352126207851701e-8
4.8322406604801e-7
3.103998884076022e-6
5.223519685672441e-6
1.0342997966548235e-6
2.018021108037591e-6
9.109410398804246e-7
1.4820440349725877e-7
5.04956149679659e-7
3.853394608565959e-6
1.1400797165488293e-6
5.15043981585475e-6
3.5240037593426687e-6
5.429072679433083e-7
6.853712352032044e-7
3.0548469798944103e-6
6.480708787134039e-8
2.7554128859058796e-7
9.03854897437465e-6
3.4930240906504237e-6
4.467155826051818e-6
4.134469550888466e-6
2.417150329003169e-6
2.7555939921923956e-6
1.1394026969730283e-6
6.012225596484328e-7
5.034917855577384e-7
1.13171228260233e-5
1.58249348149888e-7
7.23119690569743e-6
2.7503202774975407e-6
8.032483859283907e-8
1.618393462732196e-7
8.785196261088263e-7
1.2047427365322136e-6
2.9209782292318976e-8
1.619506117525896e-6
1.1930110979614902e-7
6.716366790551036e-6
4.5453625782535925e-7
9.298836175802752e-7
1.1776107171693818e-6
1.856008636727099e-7
1.342917781306059e-6
1.0484327817213892e-6
3.629185776071047e-7
2.558587492908666e-7
2.991776724711212e-7
8.18699193817038e-7
2.727257613928053e-7
1.1029667905691078e-6
8.325456821480542e-8
3.114889299585966e-6
6.568008154550959e-6
1.8414396259972064e-7
1.5037573745471639e-6
2.0648519071354127e-6
4.928343813639264e-7
1.6067280249895922e-6
1.1300138661900025e-6
2.1496512860060215e-8
3.0537953838450146e-7
6.80644800506088e-7
1.039703371555807e-6
7.661711062737768e-7
3.6096465899508326e-6
9.98977775895155e-7
2.234096450869573e-6
1.3972362868656228e-6
3.2336806484466447e-7
1.6604243079136644e-6
1.5646438744925627e-6
1.7165986568199767e-5
2.0562204898675303e-8
1.2203791678684287e-6
7.304235101447343e-8
9.226994830767227e-7
3.3666350775729326e-7
9.275911722925861e-7
6.006868353055416e-7
5.704144653348927e-7
1.6434057608215552e-6
7.788043225691926e-7
5.478513309832815e-6
1.6859716027961343e-6
9.80828475994816e-8
2.541343945180781e-6
2.017807641789379e-7
4.5281693271530857e-7
1.1988172396230984e-6
1.858149114178148e-6
4.80541319405562e-7
2.3321888947245953e-7
1.2413876863933556e-6
8.136146479290787e-7
1.1452331794375023e-6
7.836697513449761e-7
9.787090808433606e-7
4.861706318624373e-7
2.147847576744835e-6
4.2789955615616015e-7
9.688244770623436e-7
1.4916309514577436e-6
6.249898382012717e-7
1.3173090501073422e-6
2.178902150198008e-7
7.114735548348352e-7
5.064134703071766e-7
1.1398735502369059e-6
1.4864581412593575e-7
9.330323378383817e-7
6.051608487911344e-7
2.1509334896620747e-6
1.2985378222042537e-6
3.9934811000333905e-6
1.5156376466369035e-6
1.5694138388236036e-6
8.512100076924486e-6
5.957607189561776e-7
7.51924089617243e-7
2.253138633352682e-6
5.947087384366346e-7
1.7393544140654814e-6
1.1726597417629937e-6
1.529602495364569e-6
4.287459029986799e-7
1.6561248582819822e-6
2.4944135724390505e-6
1.0057514804643969e-7
5.808366677841798e-6
1.5167491426420368e-6
1.1167207188122445e-6
2.2230939404531656e-7
3.6939349409411565e-6
2.8854254709386027e-8
7.379093727148571e-7
1.6178269307301666e-6
1.1820854909980955e-7
2.6063141993579835e-6
7.503632079496441e-7
1.117769553688796e-5
1.0159967804270957e-6
6.935484675101453e-7
5.48060495599176e-7
1.29002282658651e-6
2.495440241770001e-7
1.4164431862044275e-7
1.460989822306548e-6
6.960128361764341e-7
1.374388161817203e-6
1.6810088895211887e-5
1.1198313475694437e-6
2.2793510298996095e-7
1.0163327854144096e-5
7.342565884258878e-6
2.954612330164712e-6
3.7396473671238122e-6
1.4489233138165503e-6
7.671271827283691e-7
1.2791125221244383e-7
1.4324936669158752e-7
2.2883379552249697e-6
1.0316961027735484e-6
5.948124113184918e-7
1.9074819663513284e-7
2.842618366119658e-6
1.5361545816022789e-7
4.169681278912777e-6
1.2220441404427909e-6
5.588736952074961e-7
1.6754676909716165e-6
3.4732735887154017e-6
7.402886579421515e-7
4.848267616905743e-7
1.0737879845432353e-6
5.681629174180417e-7
9.98023281691135e-7
3.2969594215091807e-6
8.110686919464892e-7
2.0250467632108074e-6
1.6833692858740774e-6
4.419140337234213e-6
2.0846386818374817e-6
1.6440059279637198e-6
1.1440811908254363e-6
7.722650989453139e-7
2.7484584432922816e-6
1.8723097325625192e-7
8.239524722568575e-8
1.919517558650943e-6
1.2468607891416902e-6
1.6598845122500092e-7
7.81715208192324e-6
1.8626922282717908e-6
1.33770575644135e-6
7.662174744879096e-7
7.517654046558501e-7
5.424983408643081e-8
6.763773625078521e-6
1.1821788126824752e-7
2.5779050655387597e-7
1.1515760840415872e-6
7.842141964818043e-8
4.386861915869948e-7
2.1786751292217675e-6
1.419518151021083e-7
1.1466634171236242e-6
3.6328502176036396e-7
2.587200422298764e-6
3.528927004938354e-7
5.486068366605857e-7
7.618131035408183e-7
5.365889070944733e-7
8.476151747600764e-7
1.492561823537823e-7
1.7690696262521673e-7
1.5933268700440736e-6
2.3655714284582037e-6
1.077741379702995e-6
1.8759675293809633e-7
1.7324591251142464e-7
9.414055539798075e-7
5.4805733973504875e-6
5.125068299643308e-7
9.815472549409254e-7
1.7324447196464075e-6
2.1439186354431103e-6
3.283918772950294e-5
4.311135522135751e-7
1.5178377630534397e-6
1.3160939259219328e-6
5.0406065620047e-7
8.754230445604993e-7
1.99313835109298e-6
3.0595903248825816e-6
7.944496097565757e-7
8.588576922547582e-7
8.666901496287747e-6
1.7091502446606633e-7
4.479295592946292e-7
1.2856382633683948e-6
8.341649300145609e-8
2.8663384814003885e-7
9.751361479639774e-8
8.46565347945999e-7
3.949933571259926e-7
4.457517744191469e-7
1.2870243176336494e-6
2.8822065960280596e-7
1.2593510222067965e-6
6.106549592305193e-6
9.942812927170132e-7
1.106951346604588e-6
0.00019743218752515119
7.942699567017591e-7
2.2764571284408634e-8
1.4194828294452539e-6
2.634148029598007e-6
3.623637484538037e-7
6.226918912105579e-6
1.1158454362341478e-5
4.1658379997065556e-7
4.534768049414679e-7
3.859355542381569e-6
2.877217110126205e-6
1.8183657749390993e-7
1.1671196843427873e-6
4.7005744562782055e-6
9.610174542583872e-7
3.940382652517938e-6
6.872581227249364e-7
1.742790432713914e-6
1.6482849849595237e-6
2.978619945229197e-7
1.3157973189360036e-6
2.156688226353332e-6
3.705381880756598e-8
2.2814939180547622e-7
7.204920252030349e-6
6.393771751438455e-7
0.00010187222609023858
3.6723366557092144e-6
5.585948241176635e-7
1.169346344573554e-6
1.0869476951505307e-6
5.418936134413731e-7
1.9173070376901641e-7
2.486974570597357e-6
6.403992910626097e-7
2.920154534055238e-6
1.520178311897203e-7
1.1976043762769724e-7
6.57311711629562e-6
8.614313737308939e-5
3.746640635628606e-6
3.57291404187255e-7
1.9157873481901237e-7
8.476437683415115e-7
8.914648412556367e-7
2.107665277839154e-6
4.263395147597205e-6
3.1733177069184625e-7
7.725895442557384e-7
1.4433104022877257e-6
8.283796821034607e-7
6.278324605305791e-7
1.1905748049732753e-6
3.217299641196249e-7
1.110957196541203e-6
1.0502136870136666e-6
2.783239029036827e-6
1.5187987694948626e-5
0.0002140894433489975
6.318629083956335e-7
9.532362517666309e-7
3.1052647645466914e-6
6.062515374000774e-6
1.7415351992288891e-6
1.5606262499916125e-6
4.2284530645568474e-7
3.889794077872944e-7
1.2884604431723667e-7
7.074088018893432e-8
2.1212870003884567e-6
1.3745995532780503e-6
6.222389952913762e-7
1.016788357359667e-6
2.6150704558018957e-6
1.4343525188688223e-6
2.6198142029366943e-6
8.015334896574728e-6
4.4604017506797025e-7
5.85304911669365e-7
2.5586969849919855e-6
5.1639898708929336e-6
1.248704219679432e-6
1.1868701096170041e-6
9.969445237142508e-7
3.997832927842864e-6
5.059884933705175e-8
7.243156723342273e-7
4.285632672351902e-6
9.578566171756586e-7
1.8507616595629754e-6
8.408033437259992e-7
2.1734178255671114e-6
7.44739454473261e-7
9.027079720234255e-7
1.1075728457750517e-6
2.2473106814547476e-6
3.129523968584793e-7
6.9664557040174205e-6
5.397742738202174e-6
1.4687391437952555e-6
4.558224386061121e-6
2.2960547517067317e-7
2.6331339710952738e-6
1.0930733467735467e-6
8.976821378900365e-7
5.998344924077235e-7
7.29640226724867e-7
1.3277753330528197e-6
1.0184179124672672e-6
1.5056926823400056e-6
2.117698888133557e-6
1.2767700368186472e-7
4.864679474383514e-8
2.5881007133041706e-6
2.748695846030213e-6
1.937946700733732e-6
2.0407012716649813e-6
3.473739097304526e-7
4.02633130380518e-6
5.514224173560077e-7
1.0598906104207808e-6
9.086669424675272e-7
2.159025554330978e-5
2.3275154401176868e-7
5.42469576413466e-7
1.1875885416007697e-6
3.418228010735643e-7
7.880133970069659e-7
1.7571314310413393e-6
1.4271552065080328e-6
2.578855314720071e-6
2.1305691008487098e-6
3.9073026586623276e-7
5.334179838272071e-7
3.6713556961401335e-6
1.7246886122075036e-6
2.281179302304424e-6
9.461623630231677e-7
2.7787323818673747e-6
3.0036896068213834e-6
8.127845114724015e-7
1.5994867911656031e-6
1.3100695260572947e-5
5.685754769907913e-7
3.6147666846709614e-6
6.953322239668853e-8
8.923585679560026e-8
3.062656029455995e-6
8.262195533207734e-8
2.673282269159897e-7
1.6730690442792387e-6
4.0464191420564966e-7
1.6365714796959728e-6
7.395596332100372e-7
2.1784932265836525e-6
4.16587794298302e-6
3.980671393805142e-7
1.6945241171958272e-6
3.120723367439637e-7
1.0665152049548198e-6
2.6145575182215086e-6
3.2424606910073714e-6
1.3527338024666592e-7
5.853915785446367e-8
4.160717578408013e-6
1.3143810399271195e-6
1.349795042287917e-6
6.936729098421285e-7
2.9163599121207794e-7
3.6125108509193235e-7
1.3222403776435402e-7
8.451023133820447e-7
4.865059317244542e-7
5.853675206252288e-7
8.891960812174379e-7
5.326307654064814e-6
1.7868215216953908e-6
1.2088982394638365e-7
3.3048455211751807e-7
9.323176260249678e-8
4.2096118691054345e-6
5.384149649604561e-6
3.7658896763428714e-6
4.3123161239820247e-7
7.016603817316511e-7
1.7279116342881166e-6
1.7800274150340163e-6
5.577100957882251e-6
5.4910148987007406e-8
1.5000487444837624e-6
4.7586919288507515e-5
8.662849755264804e-7
1.29748488453427e-6
2.704870306130569e-6
4.370554735149102e-7
8.124549742974877e-6
8.34328302216468e-7
3.865749758677172e-8
0.00028440651414302325
1.111830506943223e-6
3.6755724975716427e-6
1.8273951441517282e-7
1.3082388784864322e-6
1.624583922029498e-6
5.018508266256913e-7
4.4292342329370145e-7
8.74407165217316e-6
1.8971031863782368e-6
1.4519792146067085e-6
1.849855801968291e-6
1.053291326269361e-6
3.3386977562765146e-7
4.3199496027079017e-7
2.9511306312348607e-7
4.680106879205325e-6
1.1796553637767641e-7
6.36013450588815e-7
9.636885118533528e-6
4.701612475722105e-7
4.17647123959642e-6
1.1423787201276127e-6
1.1160938453701204e-7
3.8695365895421236e-7
8.589831196171592e-7
6.862076426376436e-7
3.7694768304212423e-6
2.7383747456542183e-6
1.6917210335679462e-6
5.833645951164532e-7
3.2108025664316984e-7
1.5890941910464853e-6
8.697661878562109e-8
1.0968610935701405e-6
6.13467347869787e-7
8.457478954545946e-8
1.4682247667572053e-6
2.0267733482285063e-6
7.258055542607301e-7
8.720088088169654e-7
1.2153828710152329e-6
1.5627557766000367e-7
1.137735253626561e-6
1.1874346702083485e-7
1.1949408401985036e-7
1.5060267957347375e-6
5.729805547756999e-7
2.04104410138133e-6
1.0179624906325459e-7
3.005414765761091e-6
5.364213205223475e-7
4.8074441173877794e-8
3.686132861298579e-7
7.86072822152479e-8
9.443761926411167e-6
1.4821629992535537e-7
4.247171411802868e-7
9.54074040586854e-7
9.999142794376437e-8
1.4570337376573652e-6
2.5864976525550426e-7
3.825048966895966e-7
5.098599168351053e-7
2.5184241084946617e-7
8.793431966739353e-7
8.667035002361187e-7
1.7540499635618105e-7
7.520744002584911e-7
2.418503238954116e-7
5.2623278235439055e-6
7.02949505119838e-7
6.985670550719233e-7
3.6394992232430007e-7
6.773625026597504e-7
5.153067433371886e-6
9.471488392728053e-7
5.100036524785937e-7
5.419693285951388e-7
2.008960488889834e-7
2.248595256198726e-6
8.938599442004469e-8
1.4092660361321773e-7
1.1135511081483728e-8
1.620772472221056e-6
1.1003674394056994e-6
4.21590743254668e-7
1.1494004766810717e-5
2.4326310252557383e-7
3.159799496259558e-6
1.3149083944677652e-7
9.086288021429845e-7
2.3787744130448772e-7
2.3009315428481118e-5
6.316563532702233e-7
1.7679979924345103e-6
1.9303735114193563e-7
6.800458483426168e-7
2.8333414765819287e-6
1.3858514902882514e-7
6.109530385239426e-7
8.472240886999418e-8
7.651882408095135e-7
8.153431411846517e-7
1.5847965461619306e-7
8.251917679546694e-7
3.817773586051118e-8
1.6400834067629293e-7
1.8987256448605717e-6
1.64177532090899e-6
3.802502758295161e-7
2.6714773092361383e-6
8.582598047676184e-7
7.655175883989714e-7
2.031158481835956e-6
1.358142354512668e-6
3.095021297318179e-7
4.1961405685058525e-6
1.3975677364010799e-6
1.2446605935741202e-6
4.131437639394087e-6
4.219131917661751e-7
9.348263041236549e-7
4.0981451306463915e-7
7.406529413080242e-7
7.099783014040385e-7
4.403449036157943e-5
2.298568280783381e-6
2.4799489909827808e-6
8.975126735362806e-6
7.515165555836705e-7
1.3544268168493662e-5
4.0833434133323216e-7
3.0499324162778576e-7
1.2467411761367708e-6
2.3570159997622926e-6
6.941069953684725e-7
2.3646449604739884e-7
2.8661345272035205e-7
1.1061615789725343e-6
8.605496585458319e-8
2.3603157732020186e-6
9.563551900803514e-7
4.458311626313389e-7
2.382509283442213e-7
2.728977121004029e-5
2.563887543703393e-6
2.872436624316479e-7
3.948672659287252e-7
1.5108354546689266e-6
2.974017135822929e-7
2.48530333340259e-7
5.80921840249715e-7
4.378628459274494e-7
8.612666216627628e-8
1.6408785485770606e-6
1.8777969082128835e-7
3.594801399741258e-7
2.0459880939773023e-6
3.6306666633731376e-6
1.477635013898207e-7
2.4743481449394796e-5
4.52406408452963e-8
1.1330184885093892e-6
2.0915630478084327e-6
1.3349711398458502e-6
1.335439372361309e-6
1.8232660783759562e-6
4.405489886744437e-8
9.701407144786358e-7
3.6014398783963825e-7
2.628555988107808e-6
5.845249343504559e-7
1.7217907861605117e-6
3.257608947202976e-7
3.189835431640962e-6
1.4725167323889633e-6
1.822661386033525e-6
1.0540512766409317e-6
2.5793495672031222e-6
3.415409034853945e-7
1.9952695923832714e-7
3.25267735841191e-6
1.405809529163612e-6
1.70895729794771e-6
9.977623652903198e-6
1.251513255510313e-6
1.662099575049538e-6
3.8205629623070576e-7
2.754581186559436e-7
1.221330604406418e-6
6.93088286973178e-7
2.0911471431829996e-6
9.047642199339846e-6
1.186380197775878e-6
1.3370615433727341e-6
2.89258642581557e-6
1.6028113374080113e-7
1.8184582398870557e-6
4.598512743599758e-6
4.6705460085149263e-7
3.6945041815434277e-6
1.7614130268718002e-7
4.260224340086467e-7
1.2296213895918342e-6
1.6818628584116524e-6
1.5124434849247442e-5
2.8456773885919492e-6
1.881737793968427e-7
6.180031134497593e-7
8.522107562091946e-6
3.6234666478300155e-8
5.529373719160931e-7
1.996650481558016e-6
6.615899280409348e-7
7.44274187683122e-8
3.673353379772021e-6
1.2914528036244677e-6
7.780451929481616e-8
1.205072892753944e-6
1.37725888315456e-6
8.075861050474257e-7
1.2925334314746954e-6
3.584962549004061e-7
4.720006000047763e-5
3.6123479950607953e-7
1.7193056142945884e-6
6.505087429126686e-7
4.4123909166770033e-7
7.28642099886233e-7
1.5391680324129633e-7
8.886387067136505e-7
4.2702947399795365e-7
4.559788610009526e-6
4.592918033825635e-6
1.1667482170814872e-6
