1.1407250126206167e-41
6.963146298502513e-14
2.595824851082156e-21
1.3909472115259004e-20
5.905187166742377e-21
5.520923586757855e-21
8.766347598735782e-21
8.851204475583191e-21
1.137613546680425e-20
2.9497566072283297e-19
8.39962678262381e-9
3.5404120850908356e-20
1.1707363902978992e-20
6.700223119556631e-17
4.4577619478700066e-8
6.781049296293335e-19
3.533140440889058e-19
1.2464357643098601e-44
2.47263590591772e-13
2.0471033127091032e-43
9.424349581169436e-16
4.3021850253646375e-19
1.258895570807789e-19
3.846841783236282e-21
1.6827654895611742e-20
1.4756739186347396e-20
3.903645313366698e-19
9.79794048155161e-20
1.488018851468568e-19
3.7699162154849415e-18
1.7938043805985468e-20
1.860633960887003e-24
8.928977279117722e-20
1.834225631888366e-19
5.695109103976699e-13
1.4824652399974891e-21
1.7263152567367122e-21
8.415921226072207e-21
2.265597577072461e-19
6.4498310229361574e-18
1.2397621811897721e-12
3.5887107973559536e-20
1.2928815346466995e-20
2.663635444343693e-20
5.611372967572508e-20
1.355169198177785e-19
2.258513837245483e-20
1.2912257523997581e-12
6.980803579127634e-21
1.4944602706626178e-20
4.243511174680278e-24
1.4955458199217832e-17
4.248337817734441e-21
1.905223857314865e-20
1.9151911500417717e-14
1.8992988758135743e-20
6.96895081614122e-19
1.3090976891180615e-20
1.5612738839633056e-17
7.135444992954905e-17
2.59000564042951e-21
3.64226472918658e-21
4.585761892488202e-17
4.234063068533642e-15
8.853668781897153e-19
3.795792051071027e-21
5.709860585683001e-19
6.738998379296125e-21
3.0288989902805854e-19
4.656491777846064e-20
6.101080844012908e-20
1.2726115287123204e-10
1.052970382766641e-15
6.540027069361704e-14
2.557501678224257e-19
6.790566264456237e-19
5.3596590032692405e-14
1.975343775776048e-10
4.8395273532098715e-11
3.1602240207547314e-20
9.512087399515191e-20
9.832409004304772e-11
1.6711229666971282e-13
4.121971767755066e-19
1.6121492813202257e-12
5.583316805816401e-21
2.6846355296546307e-18
1.9958288964109239e-22
2.1902107104020185e-18
1.0309575780565715e-19
7.9294363138353815e-19
7.344440691257355e-21
5.05466843996223e-20
3.3586659729979957e-16
4.3756607243748995e-20
4.147815745598307e-44
1.2806408585627182e-20
1.573677237978993e-42
4.860995775189046e-45
1.8179608748841974e-19
4.0060725937039625e-20
1.0095186119150095e-55
2.896303528598606e-14
5.524262681034665e-45
4.6977977850161875e-21
1.996961856105916e-19
9.724935299806819e-20
1.746643891566487e-14
4.245110321444441e-15
2.0261099444864225e-13
2.7461392401795812e-18
5.544597316847537e-20
2.923494630793579e-7
3.0837794889676357e-21
5.854384913740954e-11
1.8261425587110137e-20
3.7386796733930533e-42
1.2172087448035976e-20
1.0829860588544606e-20
4.741116764381073e-20
1.2734737028918894e-20
5.518391004606114e-20
3.0010525491697246e-19
3.808208359451352e-24
1.7704051622068018e-24
8.16824860436454e-21
4.4931553603344665e-20
1.915611210507917e-18
1.0786120235505223e-20
1.376922593987446e-25
4.996282755933942e-20
1.507615790639756e-19
2.3304171883117877e-20
1.4390027898713763e-17
5.729140286845266e-20
2.0578234115017616e-19
3.634577149091299e-18
2.218348646372965e-18
7.755239284822181e-20
2.3342459552173573e-20
7.52753123396607e-19
1.342257191678974e-18
1.4630684209792415e-20
4.0833272212175337e-10
2.9636962116134857e-21
6.181521495544856e-25
4.0772847941991383e-45
3.9154831346135113e-20
5.177415839701025e-13
3.660798973064434e-18
9.170421228503202e-18
1.0280542511776461e-20
6.923811208524064e-21
2.1963433700699004e-19
2.216823420468453e-18
1.295152282644108e-20
1.5236527139629155e-24
2.6975423528332645e-21
8.94366030881958e-43
1.8031715678433706e-20
5.936516132948003e-26
2.6982273676140976e-25
9.094463148546852e-18
2.8680848064038658e-21
1.3013712326809542e-20
7.625426089371737e-20
1.1319716162084958e-20
1.4329088088826241e-15
2.7943499490170467e-19
1.1634710944485928e-20
1.7267244208742178e-25
5.494566881569405e-19
9.738786704809859e-21
8.2816696565758435e-44
8.706444638706785e-8
5.979481210028567e-20
1.5996019527531098e-43
9.880756743116663e-20
1.592989167260062e-19
7.201485307822979e-21
1.0267972552492737e-38
2.651288274051124e-21
2.031066449579819e-44
2.4383143485633026e-21
4.7512002831626124e-20
3.159674901510814e-20
1.2741229258635258e-18
2.735259651207245e-20
1.3768829686159965e-17
5.59163390668492e-46
9.107668534496518e-18
5.768999595756269e-19
2.2953492573183128e-19
5.625605504544586e-11
1.5535446049596157e-17
6.027751801221225e-21
1.771204735254282e-18
8.643191061504265e-18
8.060555098808712e-20
6.388637826504463e-21
1.3521195470955386e-19
2.104981515565611e-20
2.654980966865565e-25
2.72029211767932e-20
5.183255083238833e-21
2.6413882603835276e-44
4.050585916558581e-18
9.846049111694959e-17
5.541406484008233e-26
5.1178841598473816e-21
7.488230727989422e-18
1.6781635449560499e-6
4.698566129830024e-17
1.4876322758876976e-14
7.130253201428126e-20
2.709532970269118e-18
3.837588536022736e-24
1.2639228744295465e-25
6.750387910541925e-19
1.0469101506071577e-13
7.920639880451142e-18
1.358255871727598e-24
2.916203366084132e-20
1.9583115901601808e-17
1.5661704900282743e-19
2.1303520062572739e-16
4.433491749886509e-21
6.4605206444142766e-21
6.696694700329161e-19
3.120978160920456e-20
3.2517862699174654e-20
8.816657949351837e-19
3.8795919540750355e-17
2.687781088651138e-19
3.3160483057732657e-11
4.8017863769562705e-21
4.823965224075203e-18
9.54088127837427e-21
1.2225390705451925e-18
6.7543668078712586e-21
2.4642570536420638e-20
5.656967217192266e-12
5.12929355069001e-20
3.373452606091879e-45
2.796474651235973e-42
3.84003280599946e-26
5.55626431173481e-46
1.636698248786067e-19
3.326969981772721e-20
1.3080273155318918e-17
4.1603670073188735e-6
6.281856718257895e-21
1.2412523609709514e-20
1.028668769012595e-43
8.295821912800073e-24
3.8011037811741486e-16
2.1980451718330095e-17
6.9567040741170905e-12
9.642034554854349e-45
6.737129628359085e-20
2.9093004108331873e-11
5.774648024130208e-17
1.3401890630340963e-26
7.816945871024924e-25
7.09259742416175e-18
3.2920210878439066e-20
6.886192563927897e-21
3.5970518982219694e-19
4.3256870115419546e-44
4.129292057039142e-21
1.3484109063930939e-21
1.7380577378204254e-18
5.834970927606724e-9
2.7821346949377504e-14
9.81474318610031e-21
6.177495660921e-20
1.3615182405859778e-12
7.578614543936271e-21
2.014154998311706e-21
5.428105864153314e-19
3.436719336602265e-19
2.4591509533326705e-20
1.1166936971347715e-20
3.93168698212367e-17
4.626192498525884e-20
1.9055744378455544e-20
8.060109283280302e-13
9.057170796513964e-14
7.550468241101857e-21
2.8141097572931435e-19
2.5017184478644035e-25
3.862706284355849e-21
3.1735202285755737e-21
5.193301962468786e-20
6.107485471583773e-18
1.824631468406167e-18
1.545499506457182e-24
9.203673774796404e-16
8.432416422267128e-15
8.395831687317705e-43
9.657558851930777e-21
3.3439931962624734e-20
4.4716609435030575e-21
1.052286636145981e-14
1.0456509202791058e-19
3.755316129608712e-19
2.3765399602967507e-11
3.525791478951612e-21
4.18958493201912e-21
7.433670086728665e-20
4.5997361167623916e-20
1.0760794830011193e-20
1.8528468656626317e-20
3.539729015021511e-21
1.6762474565473917e-18
1.1087416109798949e-20
2.3650951086210446e-21
5.9255617895082716e-8
2.0955909881383666e-21
1.0661190654894219e-19
1.4912140557078084e-18
3.469493710829002e-25
1.6567954380401108e-18
6.810956357467807e-20
3.2245312671482056e-21
1.0558566092267001e-19
2.0853893420182487e-18
7.711977288676215e-13
6.8938981800159225e-18
2.4545541490302873e-21
8.578053009394114e-21
2.374692907704433e-12
3.564893279208558e-20
7.615735995141096e-18
3.00943626615026e-20
1.738560909938744e-17
1.3387650501824633e-20
1.3729651557062804e-20
1.2081998940077436e-18
2.066393465579069e-16
5.806640345860257e-21
6.129671671127567e-18
1.7032174427610738e-19
2.5450290114146163e-18
4.629782642356472e-20
2.7234645251221995e-15
7.570601808262412e-21
1.0360956666238626e-20
6.213044727888486e-16
5.359481238235299e-24
4.753421010234965e-18
4.189269950283674e-20
4.639413096299461e-18
1.5418150684729596e-24
6.245805538218043e-20
4.318312263808584e-21
1.6236545614159993e-9
1.5605874922510307e-21
1.6097295264084186e-22
8.447186462932782e-12
1.0242405370671047e-20
3.906588772804297e-25
1.7707478369423418e-17
4.508425348488761e-21
6.3392967527028765e-21
1.4001625568860794e-11
2.5399361214469605e-20
2.4541493559711313e-26
8.638365011003015e-18
4.927464588089614e-17
4.395726129091793e-21
1.3908440780278398e-19
1.6272308265232323e-19
2.6570082193807257e-18
1.2810376141513168e-16
7.81512259236045e-43
4.2803022469422873e-19
3.55788372807549e-13
8.546786580971344e-20
3.0151529263848228e-43
2.696700026054079e-20
3.13892638115021e-20
3.2878483615074027e-21
2.562718576811547e-20
7.861727974123515e-16
1.6559588020287178e-18
2.5393156997952603e-13
4.830340772107324e-15
6.08124312032894e-25
1.9412251441674582e-20
5.246660150686264e-19
3.207052835067943e-14
5.214891501683798e-26
5.259507048680769e-20
7.525477601594773e-21
4.2781011551528374e-19
1.6514176970989975e-17
3.9801342052216314e-17
1.3410360673278538e-20
9.529832971534987e-16
3.1564030057608146e-14
2.177879663387168e-21
7.34608854585369e-21
5.2699583890864595e-20
1.536532502494916e-20
7.292535834697911e-26
9.538584459852927e-10
2.393485339821198e-20
1.8753922167950115e-10
2.194438074420692e-14
1.7153191682521886e-16
1.2655583558437194e-18
2.4103661011082667e-18
5.5795464398289335e-15
2.6059138204309975e-14
5.573727220318248e-21
3.292607051731175e-13
4.941778493013355e-25
5.75867937622405e-15
2.575413121942332e-15
8.1789668503816e-21
2.7993855059828253e-19
2.97617945314631e-21
1.465066707694323e-16
8.318938279286178e-16
3.97086838990597e-21
7.590199031312131e-19
8.60053849651672e-20
5.833948949393846e-46
5.66051795264263e-9
4.150798971857368e-20
4.0018595534234956e-25
2.12071414593945e-19
9.72939936468134e-21
2.637393047371878e-20
3.2426401469507953e-17
2.6429423983208736e-25
4.016772173158016e-18
5.258395621878254e-13
2.5942066882551925e-20
9.114019572131274e-15
4.747792729283432e-43
2.605429349342176e-10
1.6576731064296208e-20
3.756123665627234e-13
3.424412638307753e-20
2.2414867773811474e-22
8.995071153838058e-21
3.8413258537191745e-20
4.1762362296557585e-17
3.0760594427787196e-21
6.269160992741865e-20
1.4491845421183571e-11
6.88899085296387e-20
1.2290394860620236e-17
1.0144646625560652e-19
3.98001824029645e-17
1.0359912967707361e-16
1.1923702261028827e-20
7.331472227711477e-20
3.702794352611129e-44
6.570945634035758e-20
1.1222315335783794e-20
5.1137976489188456e-21
1.5920223767945213e-19
1.2457080821126623e-16
6.5658173982556425e-43
1.3355099561856628e-14
1.2061910940197621e-42
1.601419913007992e-14
2.515455420651875e-21
6.738637406699823e-21
1.0197191213723794e-23
6.268022959553902e-13
5.225753163237061e-16
1.4087831076272967e-10
3.8359732620659894e-21
3.1395200684237755e-21
1.1784640738386457e-19
2.5647866877956962e-20
1.3604910348473484e-17
1.928877114472383e-20
2.0635874483426333e-18
2.940823780732616e-20
3.041112726892324e-45
8.020961536152219e-21
2.527128300787247e-20
5.979358632282241e-21
1.3776885030575748e-19
1.0490464850587907e-20
2.8478462380948334e-19
2.554976624028173e-21
1.3342382115152645e-14
3.5518703466843897e-20
2.8848973468569133e-18
2.9686636980553884e-19
1.8119697105178846e-20
1.9294369457843817e-11
8.202776981011839e-20
5.59073280649658e-20
5.28815857503704e-43
1.2598164924537113e-24
5.609959160461572e-15
1.3513450127786722e-16
1.354923555290364e-42
1.876581902237553e-43
3.664219575645734e-15
5.070672888484597e-26
1.4375497005968736e-17
2.308200675629916e-20
1.1239083647529349e-40
4.470934661203139e-45
2.9680124481611915e-19
7.230030618443629e-43
1.50543455458131e-19
9.932385801478181e-26
2.695785633013964e-43
3.565076675162264e-17
1.0293737890768898e-26
4.897245047484744e-16
2.317409569110398e-20
1.0130958568233635e-25
1.2931800495650886e-12
1.548889726398443e-19
2.6820997093132033e-19
6.818553234435479e-20
5.113986359689325e-17
2.7190644523323744e-16
5.097393058547509e-21
3.257765176229082e-19
2.4037950861739664e-21
3.487160208146919e-20
1.3712322099620359e-12
1.3309131132982657e-20
2.9691159498399975e-40
2.060219946021233e-21
7.079933845825628e-26
4.943674787902877e-14
5.349236003812547e-44
2.8665207545543485e-16
1.6274188879666484e-15
2.324883090643308e-18
2.0539795334483488e-19
4.468284716553405e-21
1.4069725097622626e-23
2.399043782351295e-23
1.1850630643191538e-19
8.54498254313449e-21
9.172511392167331e-21
1.9130145970732168e-17
1.1086064861596053e-19
6.542981151712296e-20
1.5218332329023283e-13
7.169144781830168e-24
4.184535283462694e-19
3.9599115960810715e-43
2.306492768819611e-21
1.2345509866527453e-19
3.200880558364115e-17
1.1076579549668785e-18
7.289900445516504e-18
9.097890093787863e-20
1.5247506266159938e-43
4.101028543343516e-23
9.656067084072764e-13
6.946511809172398e-43
2.066758754698261e-14
1.5990144179979163e-24
3.251996965788222e-20
1.2929804850926515e-17
1.3086885682016734e-14
1.0387092048645851e-18
5.020763698589989e-15
2.0227347729358535e-18
6.341163770738776e-21
3.1088884404223024e-45
1.2905571124797428e-43
3.9066786661943385e-21
1.1398333161733557e-12
3.929336913624751e-21
4.9213759273211545e-21
2.6921176258482426e-13
1.234636590791135e-20
5.167574887034912e-20
1.4865422286834696e-20
7.313609222574612e-21
6.645871505989481e-25
3.192843507598718e-20
1.5822509299282025e-25
1.5096872218136396e-19
2.301716715256608e-20
7.109636573195229e-20
7.535096253032347e-20
2.6474085680503723e-20
2.2266708066749834e-24
3.78395995915564e-20
1.2402032379693238e-20
3.010675866291275e-21
2.773014577301554e-19
8.294501052339189e-18
2.7776274534588223e-11
8.773710446207905e-20
7.591612355731138e-20
9.392159389237392e-21
1.564636930830493e-15
2.2219488318024197e-18
1.8077415294961177e-39
4.3511380776153496e-54
1.4597758204859082e-23
3.583249694499903e-46
7.664605701269289e-24
1.7169430403966397e-20
4.3422480762190743e-14
3.746000672165139e-26
1.7718540649936178e-12
2.293247173402546e-19
1.5844567988543966e-20
3.916493014406241e-20
4.826402600730599e-43
3.0892048599005116e-16
1.7386117347572144e-14
8.78008456031714e-19
4.9899335884334807e-20
1.7475873820343552e-20
5.463555393502726e-26
2.8401386419601045e-18
5.589337714257416e-21
2.759829432794902e-19
2.2532296948968287e-25
2.2465407704941182e-26
6.568534530185707e-19
1.922484472723558e-24
2.0927152305040212e-20
1.4423097773353297e-46
1.3928860326028272e-18
3.875300890204067e-9
1.2643614337322998e-26
2.1146101832115444e-12
3.0451774091934017e-19
2.0424323426207418e-20
8.684017302182308e-40
1.3327996843763841e-18
1.8118657142685102e-20
2.2053437155632347e-41
1.0299943407554717e-20
4.649138785299455e-21
6.163117757785357e-20
2.4202509163139284e-20
1.749150400747249e-22
7.37181682751725e-21
2.571804609392101e-20
5.618500498448945e-23
2.4127428791732472e-20
1.414525457474058e-17
5.576663220535738e-17
4.755611544609343e-24
2.58943321404911e-20
1.020934831583718e-42
9.082415482811553e-21
7.948421808521565e-45
3.7170252837128117e-14
2.1814337088466297e-23
7.47916774352767e-16
4.1309154332649335e-26
5.070185360676687e-21
5.155634375278628e-11
8.416916587730562e-27
3.7823507573675176e-19
1.5824247664106741e-41
2.0812445792780936e-20
5.93491825015378e-21
1.0492097820884169e-14
1.1764002282097648e-18
3.81751881356214e-19
2.385220733292522e-21
4.332020656019965e-21
4.497688635590155e-15
1.4132561504081268e-20
6.962583000259875e-21
3.471287898358211e-18
1.0890710378610817e-20
1.5704095157506404e-20
7.336646215188579e-19
1.3602763497516207e-16
1.9284724083438256e-20
3.255457978343481e-19
2.024041495631857e-14
4.625471907916022e-19
2.3139785230880727e-14
1.764624866187741e-19
2.921225219010458e-21
8.652163380450022e-10
2.771104445681101e-19
1.7958479072415558e-16
1.5443468694847536e-25
1.640192492985844e-43
1.1639539226691768e-9
1.1464317193726087e-15
3.3590882572057788e-43
1.3524013464139266e-43
7.2820272446658e-19
3.5317443732428263e-43
5.656035936012705e-18
6.618949092645305e-14
1.1944671244219932e-41
9.201093902641262e-21
3.0683563251808316e-20
5.917726253728162e-46
4.0567319431674465e-15
2.5348378235248833e-45
2.1489495740020822e-21
2.1006013288310295e-19
6.333672476831234e-20
3.1727883484017173e-13
4.8144394550936296e-24
9.848485854005634e-20
3.5195942587519775e-18
3.0553798148541357e-18
7.810511064907287e-17
4.1541998900044324e-20
2.823228155081328e-20
5.287049954319651e-16
6.688074607131039e-20
2.768807753255292e-19
1.415825001260972e-20
4.438750537518971e-20
6.359173418029631e-19
2.2290393219402882e-20
1.8749217511575518e-18
1.2387412851871827e-19
4.9350936281223865e-20
2.616139110623047e-46
1.6087349057950953e-20
9.029604151631127e-45
1.2044601554352399e-20
1.1673490936991679e-26
3.1040742480451164e-19
3.15926327440537e-20
5.2536409463252795e-21
1.1888958427678213e-20
5.489064951323256e-20
1.0215704260637932e-19
4.092852098186745e-21
9.344932098807892e-19
2.613692251165954e-21
5.866229308156358e-20
3.939207389868522e-11
6.864535817076512e-19
5.599883847521818e-16
2.0479654559375918e-19
7.619280422953773e-26
5.922911477446359e-7
2.244671600667711e-19
6.49844846803216e-12
7.070756153129757e-12
1.1821060674915288e-17
9.197147042220142e-21
3.2617142624775313e-20
5.380677066452239e-44
5.8275381617658895e-18
1.0782958156193697e-17
3.298292181380604e-11
1.7125763346202061e-18
1.7081024509263764e-19
3.1536600344980946e-19
2.1062921898165595e-17
2.4481601736346225e-44
1.0628412567729385e-17
1.3541099472431642e-19
6.604428442342618e-25
2.2425652484137546e-42
1.4392461307950163e-18
1.3404943138533334e-11
3.8841044091739485e-20
3.7105450376570665e-19
1.9567750934554674e-20
3.8565490798760976e-17
1.2022995039908284e-19
4.754776146694585e-20
3.216622326878192e-20
2.8329476807455943e-21
1.2365244121947303e-19
2.3403181092315624e-16
8.456925845427897e-19
2.0695324979469312e-44
3.515577280452245e-20
5.521087688076205e-20
1.396258802254542e-19
6.602994351998012e-15
2.4046471276391567e-26
6.055178327895053e-21
5.976760786142597e-21
1.2614721464063543e-24
7.671249586300199e-21
1.1202847056440944e-20
4.0993014040520524e-19
4.880413175562353e-21
4.923148432420353e-21
8.312254621543296e-20
1.4407712295115332e-44
1.0232593353883219e-17
4.923835501215703e-10
7.615044972898369e-20
5.498622247191282e-21
3.2354255125702566e-18
3.1995876190649736e-25
5.353758050100634e-18
3.2488380065510176e-21
3.4613284929062444e-18
1.6239562665926764e-25
1.4219661028493803e-19
1.601934470223429e-13
3.4963982573723334e-20
1.0413166853573475e-19
1.2242883725122953e-23
3.436907338462962e-19
2.8727491898381425e-21
4.829002784206503e-21
1.0400251157631632e-43
2.146927624047428e-17
1.5217321335267483e-19
9.109268497429304e-21
7.025319040292456e-21
1.1570954142180103e-15
1.5002359770589082e-18
8.195371911497507e-21
1.6531549209746325e-26
3.2997121329227447e-24
7.158507775785501e-18
2.7915427184959727e-25
2.996600013078509e-17
4.168368526908459e-21
1.2903946169024127e-17
4.7487731691140766e-17
3.6978353178247435e-45
6.470126710288679e-13
4.0910160387215214e-12
3.6940361245626765e-14
2.7616453120218947e-19
2.9181619299695357e-19
1.4013640012949052e-19
3.832443856614744e-10
1.754439421773574e-19
1.2747993297471409e-20
1.7466963235883977e-20
8.458549118634138e-25
1.881477217297203e-19
6.963544800990207e-21
9.866083787472298e-45
8.132254437047306e-13
7.101126825695151e-20
4.747297326520279e-13
7.493791218816686e-43
1.7374140766815834e-20
2.6732041522521035e-13
1.3246722369586132e-20
7.397748909504746e-20
1.8402551257833286e-19
5.271891233342666e-19
2.0921859928099345e-19
9.745615127244962e-8
1.1385835519181304e-20
2.270765453036076e-20
3.4381542679011624e-44
1.0234511631864483e-20
3.947152798171771e-25
4.476024356810889e-21
6.204516460014016e-45
9.008575497552349e-20
1.3835367909767904e-18
2.6760289656988344e-21
4.711675978223206e-26
1.1897757120257439e-20
4.750527279897679e-21
6.857916964350663e-19
5.789110664265747e-20
7.403951253437693e-21
2.666218362126489e-15
1.865726810517477e-18
6.492573278654306e-20
7.344209837936825e-21
7.667459110792268e-20
2.8131845072601315e-46
1.914456595406394e-19
2.094185044360441e-19
1.582517827739083e-20
9.934372160615445e-20
2.059021328047734e-15
5.478911316402783e-19
2.4267215944213905e-20
7.133553171385552e-18
6.720891365169127e-20
1.7366845127436814e-20
3.389900496149327e-20
1.3143448446544458e-19
2.2179733772913044e-18
8.601854634900463e-21
1.0750912604240504e-21
3.97740777513459e-46
6.654002663590005e-21
2.3570558695757257e-17
1.0915838686009676e-15
1.4582663403676565e-17
7.047301833903732e-14
3.251960558957968e-21
4.8247360570686145e-20
2.754398966803605e-15
3.3885234986201266e-13
6.787122421720387e-19
6.230451397302817e-20
6.048069200233245e-17
1.1401223848978165e-20
1.2882867489375101e-19
6.772369159454427e-21
1.1672727422943982e-21
7.856109391732314e-18
7.942848226449944e-45
1.8238948578027744e-10
2.644802366808379e-15
1.2560006870560572e-20
2.7288765674327477e-21
1.3917731150528454e-20
9.08929113180436e-46
6.320876037596134e-21
5.24290322573501e-19
5.361380967265757e-13
3.442954766362343e-43
1.1906861385946425e-20
5.624102320877744e-13
4.1569612133031374e-24
4.931687153555059e-44
1.338723515469071e-14
9.205203900829004e-42
2.8986333252954687e-13
1.1749085189618417e-19
3.915035331783808e-19
3.279164387370521e-43
6.69022935597316e-18
4.920496343455855e-19
3.618413427264694e-18
3.3450954956168283e-13
4.495585479465142e-14
1.8119547576576038e-20
4.418307444924611e-15
2.4011097388835445e-21
3.4893759733118247e-20
2.008303661649353e-18
1.2699125130888806e-16
1.5218274973664924e-43
7.595414600682591e-25
3.4643649838710847e-22
6.3286539208081975e-15
2.396119715120846e-14
1.3564636450368111e-18
4.347930248878672e-16
6.975281616932399e-44
5.331273760520688e-20
1.7785786725234022e-24
2.6745576461638416e-18
2.129435757467978e-17
9.953831894087901e-18
3.197676616491577e-13
1.4559198819729348e-24
3.466998936494173e-26
9.776710251177872e-21
4.47271407340953e-19
2.9610494555024255e-15
8.549950305632668e-20
3.4048131807711566e-25
8.928863449912069e-39
9.361704839185592e-21
3.8354563342239098e-56
1.2648839419161504e-23
1.4556816686567708e-44
2.8939404375453004e-18
4.3258654891117955e-17
2.768604347873978e-20
5.138147615829098e-21
1.0838342358422217e-18
1.7452241013207438e-43
3.270490303289513e-18
3.057950561967743e-12
1.0976462534376594e-41
2.372117936611566e-42
7.991561004490005e-46
1.1692537791153261e-45
9.017633984305471e-18
9.720165110341605e-17
3.337356706222003e-23
2.3602238150484247e-21
2.1329404433589977e-20
1.3785539451926674e-20
3.0524773083685358e-15
3.106646850196621e-24
9.916799425946832e-21
4.521687737758246e-16
2.0766500590953597e-14
4.606170807992355e-20
1.3940134390065986e-41
7.697924323177121e-12
