0.0002289323250346797
0.0005142649238515397
0.000541445232197187
0.0002956425172204871
0.00018277728281384487
0.00021279508548975598
0.00014059199413348394
0.00044020193961174587
0.00032528295137214993
0.0003065401378929223
0.00011892934844499536
0.00022921671162318401
0.00014059464716261464
0.00014425143290162942
0.0004125797670737322
0.0003904753587944899
0.0005020670614591129
0.00014815607198236046
0.00020228691909718771
0.0002925837153115815
0.00038024872400036093
0.00016027165492046727
0.0002462355740003239
0.0013618057278147074
0.00012894097152826376
0.0003297316696836523
0.0001723503364468128
0.00027167337289565175
0.00011545964589717673
0.0001872377812269346
0.0002705492858881844
0.000432572091103481
0.00017096772639039248
0.0002080753059193424
0.0004064722060424286
0.0002001859741008954
0.00015286841372903631
0.0002180390171948248
0.00042802695367767283
0.0018858385086449904
0.0001259948338814252
0.0004866983910552011
0.00040089681584072373
0.0002683204392475073
0.0007771286959618701
0.0001181359550988082
0.0001833172344862
0.00026427356912436947
0.0007075996724209428
0.0005031042512953743
0.0002846213597528229
0.00011405130072568173
0.0001777285776700112
0.00026029942836513803
0.000161252180965591
0.0005051087907643828
0.00019757874824326098
0.0004109377988368635
0.00021128112821646328
0.00013826691399950472
0.0003513408757311664
0.00030400581264146957
0.00024160028789560673
0.0008230408544986316
0.00018954654894379997
0.00018200813971419117
0.004541834597428455
0.0003208807426599205
0.00024011649463267687
0.00013194237856005005
0.00013481457066382202
0.00029676968809708816
0.00015350247302571435
0.00025517633144922513
0.00021225077532463697
0.00026087758147932673
0.00017172219562031207
0.00020857692495339036
0.00046804938474133504
0.0005288001247366605
0.00022675350665500886
0.00036743769129611933
0.00014862028673778613
0.00015253226284847246
0.000471548369616436
0.00025521935996100946
0.00023759199127246965
0.0002213944068907991
0.0011315774229121232
0.0004906561461284596
0.00036241562637157905
0.000854115076798984
0.00014679282669759496
0.00020639089531147723
0.0003573273365849977
0.0004071507170922208
0.00022211461402880928
0.000350979767383541
0.000280715073784062
0.000225987068877296
0.00011025303638719437
0.00018939525749195628
0.0005091125270575838
0.000839346346673516
0.00013720756904557835
0.00014917935922794187
0.001965088902930641
0.0006789967673063637
0.00019040723163522174
0.000123886975374143
0.00025480112811606726
0.0010084274502529735
0.000450825844049924
0.00015653837562068244
0.0003305279636466898
0.00019341400862463596
0.001999087196829903
0.00014208281227743577
0.00017340450463287652
0.0001559019169816659
0.00026165151996408384
0.00017930018927252327
0.00021386756032497936
0.0006763589923119732
0.0005227562114949977
0.00016301212581420438
0.00011942673891298559
0.00017482994383419005
0.00013638431485783837
0.00032415034175831625
0.00014955991518420672
0.0002634830149648635
0.00043820924566150346
0.0003614742788886652
0.00022496062928577295
0.0002588805477699513
0.00046030213210593307
0.00032265143331916687
0.0001965998487153681
0.0003588641297154329
0.0003711380038988991
0.00021036003905239864
0.00013870375181344256
0.00021303599094293175
0.0006767504308562951
0.0004447753124664857
0.0006774097501333001
0.000989089008200058
0.0003325511968844359
0.00019312728123502078
0.0010794728844156685
0.00045406326173459157
0.00021757800419111025
0.0007361194721751031
0.0001993715354128587
0.000199245200531951
0.0007969960501016819
0.00018787446286389604
0.00017870659716310395
0.00022843615667101735
0.00012388306153953552
0.0003247452448406531
0.0002993738014607432
0.00028881565422707073
0.00011042796930571708
0.00011504999138572596
0.00011946434118422273
0.00021200282221184674
0.00025785610895990847
0.0004221926620248038
0.0003167757300032275
0.00013266747614231736
0.00012164215839455928
0.00036773171133305316
0.0005485501830523457
0.00021530744550133087
0.00014169227277282314
0.00014466574545192177
0.00030425106116260873
0.00016230252498166653
0.00027475029171831393
0.0003974256089551101
0.00018117018176984985
0.00026208411397848024
0.0002195879670376073
0.0005959736146531278
0.00019100744068512474
0.00026895159905955117
0.00036026496047032524
0.00036014316401460853
0.00019971366086057873
0.00017572972697932405
0.0008905520960510241
0.00013226564037480633
0.0005376829342428683
0.00014665924871914851
0.0006588023650988487
0.0004639098106817786
0.000410203686504149
0.0003806561482470641
0.0003862847670476663
0.00020921288367190127
0.0004840449378644862
0.000181651047598182
0.00021105009640939084
0.0006207361163577166
0.0007150798499170532
0.0003913181009550965
0.00021640234791206356
0.0001710472836364012
0.00021965373088188243
0.00037468002189797384
0.00017152244627819099
0.00022211345608316927
0.00013894760650200665
0.00013655334498346804
0.00013865031223357673
0.00017143569691976796
0.00045425523234887585
0.0003276881879730794
0.00018032559266802537
0.0002077419750054256
0.00015152301637975322
0.0003981337519448509
0.0002018572223025238
0.0006077378364818146
0.0002347957306449858
0.00010867542218379702
0.0001292800149498301
0.0007954361849334072
0.00011401392054592331
0.00012296745206735347
0.00020901618084373492
0.00019335606637034666
0.00018767981001280998
0.00026373500657452236
0.0001445140958453603
0.00011219787636691472
0.0003942884595504718
0.0003174107545715535
0.0004221899803770567
0.00029117519008658164
0.0012574629362337012
0.00034071190913396467
0.0001817110914878025
0.0003360663196565355
0.00015462635027848918
0.00021951952441044256
0.0003646871111983885
0.00061530261235029
0.00016026586246667142
0.0003521472183566037
0.00017358327633141066
0.0007013513114879157
0.00033474074739281505
0.00017058964134929473
0.00035816035540253374
0.00021372467797387617
0.0004669725184922898
0.0001168503006314004
0.0008431683794581389
0.00018884925689269269
0.000661456372775917
0.0001673022037033384
0.00013256857103945672
0.00158530049580967
0.00014784541567021818
0.00017617972086870926
0.00044880113037935583
0.00011870573146290545
0.00015581805382942768
0.000215969177445809
0.0001876708986212034
0.0002246121365564289
0.004665760131423797
0.00023296153721391846
0.00035154509796961206
0.00011454511091081385
0.00012754087603873444
0.00021212721021330626
0.0003693152843695451
0.0005765573103341644
0.000231522707384161
0.0002294974540911101
0.00012775621602705746
0.00017959749503220027
0.0002547068116703153
0.00024864925742584267
0.0018250165232165585
0.0018766339617824856
0.00023049137245180745
0.0005719956310663598
0.00043933308440310243
0.0008828865813640311
0.0002616823979496013
0.0002431034760313285
0.00024738036012914846
0.00016434980346332378
0.0002695396958223353
0.0009116848949502659
0.00017561283921016958
0.00015301808278820884
0.000409180179836846
0.000299690337470987
0.00031941574672114014
0.00040884398337103037
0.0001945684426215356
0.00014125834746096146
0.00010408187048964609
0.0003755181843500629
0.0007846542186757178
0.00025155358921969117
0.00020567176866468408
0.00029577593582654746
0.00018082643249673366
0.00022492183360206658
0.00014252187732170167
0.0013014361714929793
0.00014118408660633564
0.00029267486031380786
0.000584387958244108
0.00019308813015425308
0.0004076738591051345
0.0004483481400165528
0.0004150994606635881
0.0006585989801919525
0.00011324937332249659
0.00043336065645425634
0.0003086473513755822
0.00031819048874599174
0.0002832463008433565
0.00016999115812801893
0.00022493860917538586
0.0001336914278233857
0.00027977788373455406
0.00011848518764057115
0.0001760968724809286
0.00018595852132528986
0.000390951582949706
0.0001348517612769551
0.00020015569265142944
0.0001759351842868722
0.00036000239758860733
0.001459217989550825
0.00030014661250362437
0.00046280681679627207
0.0004814509010798165
0.0001980721764674902
0.0001443838803398128
0.0004597332308697353
0.0001594160075030574
0.0003883429310812931
0.00024220915434666784
0.0002104631533283331
0.00038488398453486366
0.0001638762727433281
0.0003553804286504507
0.00012197994909617134
0.0005365232265505959
0.00042446498981463937
0.0001660346669278491
0.0004268085661627712
0.00037666867909989327
0.00023055439888509144
0.00019997741222711868
0.0001376867669359284
0.0002794761243562032
0.0004595765210458332
0.00014245265338942343
0.00019110310931003566
0.0003210741875060865
0.00018004357362997944
0.0011268301841046474
0.00021662793706932843
0.00020578943697741964
0.00014435449201491437
0.00043458202324419176
0.00014452980544380696
0.0001678067917879046
0.0003492057839971354
0.000157778031052401
0.000422761280255546
0.00013351981492328472
0.0003818853516163082
0.0004566875970655861
0.00027051662081737656
0.0002342750891864738
0.0005820464734289688
0.00016209686724951195
0.0005721987151854954
0.0006328019181720742
0.00018705105195673157
0.0002130127752856298
0.0003104192143046493
0.004465981610111712
0.00011446599056834277
0.0004992222748550198
0.00021093898377511178
0.0008211272865486518
0.00013762702862186391
0.0010595108620112214
0.00024357375235623368
0.00017796070606342294
0.0002492571875734049
0.0004272848567655667
0.00012618666094284145
0.00013233085625421518
0.00014046997386370946
0.00016526710925906314
0.0004980091138727879
0.00047098718193257867
0.00014922418337877478
0.0003290433629533836
0.0001715552967474669
0.000206500744170055
0.00016172835732094823
0.0002129321413850566
0.0004432833000634449
0.0005197874018480543
0.0002984046237248078
0.00025202992811604655
0.0002709391528010454
0.00034589341419605625
0.0003233384827966806
0.0002344151258308483
0.00021693550728806913
0.0003883276001212525
0.00047483597864501285
0.00015650487795432457
0.00016299511995642382
0.0003373225734553928
0.00014620715311780455
0.00012949854929349207
0.0002176124896246609
0.00011899298689493038
0.00016322785730066113
0.00020204689629127622
0.00026401308918167345
0.0005737898107186134
0.00032181074106808603
0.00014582414668599307
0.00018915594800281553
0.00022388532652108507
0.0002845977538878155
0.00019698476545799024
0.00033423888082813026
0.00011057620881691876
0.00018930369432594232
0.00022189664526482935
0.00025531014669752497
0.00025357078505612796
0.00019859442365851912
0.0001341956415680193
0.0004902216941240734
0.0007683682660997733
0.000852782090433779
0.0006182458652305743
0.0005053385212531863
0.0002843546620756297
0.0003380715924707138
0.00034571935985946214
0.0011193940344139605
0.0001315297483635195
0.0011679289299501186
0.0001805150333617538
0.0003430600606658764
0.00032158673048625255
0.0006314978171730681
0.00022988416302738532
0.0004659920931001709
0.00024356758811295152
0.0001603770267125373
0.00016928607967352523
0.0003374272854180628
0.00015302135666095396
0.00058761722173515
0.0003906042121312648
0.0005405961123009315
0.0003703806440755873
0.00020603526805664646
0.0003973385853905446
0.00022182019186881623
0.0001251019900230953
0.0005854016155709833
0.00021276067132901044
0.0012564261122727314
0.0001524044010965231
0.001094482654972504
0.00039182926812090217
0.0006074121140243493
0.00018071179236919634
0.00025110101738942426
0.0003437946701114984
0.0005309664688055556
0.0002183186365475823
0.00022254372832403865
0.0002277412652670351
0.00029222945585106834
0.0007530810483095599
0.00021488160435489782
0.0008080920601902035
0.00020089660118551852
0.0025387977199995367
0.00019630357663795065
0.00017035461004678127
0.000640364295004922
0.0003955510134176348
0.0047453478892087895
0.0004075838899471327
0.00027890938394725754
0.0004947737614452234
0.00018557483959745038
0.0005044489724533009
0.0003362061026182716
0.00032016342176457443
0.0003152929207986592
0.00014550265129649963
0.000244537233701418
0.0001563165566161242
0.00021450554964564785
0.00014385672744060565
0.00028211564592517694
0.00014610709590794972
0.0003521749237116669
0.00042003167133906986
0.000330584233500539
0.0011783201671100082
0.0007983860470729934
0.0005709832504396348
0.00024156982589664636
0.00030759676307228856
0.000258018555992861
0.0009427242456774511
0.00037302408724033053
0.00024496445025728146
0.00015360970187060932
0.00020090863807116244
0.000752963851142479
0.00018080517326462078
0.000282923772823578
0.0008588106822320758
0.0004640556910009992
0.0004373942802079765
0.00022110443872665246
0.00018788320306410697
0.0009595907001152165
0.0006845466374528482
0.00013577132307925944
0.00019838013521152018
0.00024902351782436934
0.00012136744479887069
0.0001677358821518574
0.00042838819938124814
0.0001360682559720356
0.00019117687105950172
0.0006510845289984556
0.00021054177780194407
0.0007388428268838943
0.0002393282905420868
0.00020913010382457204
0.000549852490816229
0.0004401185687849977
0.00022650997322671104
0.00208467064975453
0.0003185124765539967
0.00023568972568516298
0.00035654599090203636
0.0007350537162681318
0.000627912979143402
0.00019462229283761492
0.00029345059228308125
0.00019385643254003762
0.00015562258359028803
0.000159246030428639
0.0011798832410081937
0.0006302414087090097
0.00026589559215434014
0.00021314417527963644
0.0006246758371843662
0.00020370440327703685
0.00020676737991690044
0.00017769131850387673
0.00034822107270108995
0.0006211753063731908
0.00018221369459458153
0.0008679622621786013
0.00032841128004743405
0.0002444410018507271
0.00018604959601543127
0.0003173759332110655
0.0005459517632949129
0.0002893056256467192
0.0001803533985181628
0.00043870184987975685
0.00015369499825955004
0.0009882443389980543
0.00016714792201014692
0.00018037219978829576
0.00014078640254652522
0.0004339157128068238
0.0003305788000179066
0.0004633029449921234
0.0002577764543099503
0.0001047567898197972
0.00016076072760684234
0.00018446826391409397
0.00020971060575894682
0.00026229429266317955
0.00017552349327011767
0.0012231409613646478
0.00019322740389577232
0.0003267222591134005
0.00018559139423815097
0.000417908599449304
0.0024053303724546893
0.0001411663036349092
0.00010657384148537759
0.00033595400977254894
0.00016968569233389205
0.0006380636151032085
0.00031268397545861055
0.00016342639369055115
0.00032075847055653046
0.0005061610818039627
0.00032394451352682154
0.00015825798125337153
0.0005480488046007839
0.0004141337723812773
0.00020477966143978365
0.0004486914274394584
0.0008446877680136792
0.0007564125613294423
0.00021478003958151946
0.0014727113931159634
0.0008516284165478178
0.00019649898271830577
0.00017682535828910157
0.00021033947888319108
0.0001956487334581384
0.00035784543397523625
0.00023749453970010388
0.0005616698980877383
0.000141084916631233
0.00040755062514831453
0.0008828435513489896
0.00020160023691107433
0.0003176069669209649
0.00018543012039400538
0.0006764258175891342
0.0004875905023387882
0.00016109372033734022
0.0019250470181266482
0.005923329276447838
0.000495540259513909
0.00029001075176229645
0.00019939280804184844
0.00034099690399041967
0.00013954411802782822
0.0003143241808570128
0.00027557224644935037
0.00016547307322795803
0.00029435187170742677
0.0015313407604017194
0.00024912549967011865
0.00029239809158847175
0.0004530236445073551
0.00017211958667622085
0.0001706045856224665
0.00029317905651980123
0.00021977178401472446
0.0003476123751997871
0.0006459996336093494
0.0005164730511125933
0.00019826261420530055
0.000462002459608422
0.00014518514945963373
0.00013416623651219336
0.001081514669380384
0.0007754256215762201
0.00022279948134710435
0.0007721503676632924
0.00016077880144025784
0.00034663289227370136
0.00032173949270300863
0.00236560169575935
0.0004138113924310621
0.0002855100454435536
0.00027977688254898336
0.00040780122602108255
0.0008517235052792711
0.00035079080457989736
0.0005975384141579798
0.0009099153818972676
0.00014070471959785023
0.00022872933443290452
0.0003931762937536589
0.00046966426142765243
0.00018485344695317755
0.00034199950080234567
0.0006442854632848653
0.00042850682379498133
0.00012708735965800402
0.0001396779716659503
0.00015783390890204392
0.00012665813546986106
0.0003256772042506996
0.000261036970223636
0.00034739485159140335
0.00022692264564939452
0.001685426594384716
0.0006582332221750914
0.00020312904669311153
0.000216585651094648
0.00022041761916654306
0.0009855729735220194
0.0005456992174307125
0.000694291738541374
0.0002627814012589236
0.0001274353086985337
0.00016837815557200513
0.0006556862104773533
0.00022974727044439069
0.00019385349054295507
0.0006785179567654593
0.0001269467226321418
0.0008993660977704658
0.00015546731936607477
0.0002458971222228873
0.00019416059978363316
0.00030013300746986176
0.0004769789991245315
0.0002591704268117387
0.0002689051439170782
0.00013806562667495386
0.00026766898137739557
0.00038029487115031957
0.0002274343666177442
0.00024341914378985503
0.00018986221005788632
0.0007865940664244284
0.0001530824271130598
0.00017341731238680323
0.00018965630310367957
0.00011660861461713513
0.00017757052495726177
0.0004401033985526874
0.00017441909707955532
0.0009103419068195488
0.00015312740849027603
0.001060613048569807
0.00025052434949113716
0.00031179483600919205
0.000269417540250591
0.00021314040599106077
0.00014222222254098887
0.0008759162080585754
0.00021034371354483107
0.00013960208146201764
0.0004222291728873191
0.000557526584506756
0.0006525833396948939
0.00032651521920106354
0.0003092709367883167
0.003318912323169124
0.0003664765135999456
0.0007013012657674804
0.00019343808274863877
0.00014138644208330336
0.0003161953416594873
0.0007617583869665572
0.00023404351284129788
0.00012070149586774012
0.0007677836154912564
0.0004145021703957574
0.00018871786665839303
0.00046255672699366084
0.000424251753825881
0.0022078288996381034
0.0012793794862655664
0.0003163079603008901
0.00018121868949127102
0.0005055302164010398
0.00016521193697872355
0.00016868633570740375
0.00017113636016733035
0.00028316015503894654
0.00015291903859879368
0.00018559296027438268
0.00022530646298639265
0.00018844352464690974
0.00021061772100344626
0.00029398893753317237
0.001523595901421099
0.00020880859562272456
0.00048167959511335984
0.0003929988179332392
0.000935232139928407
0.0013353983896395808
0.00047437483121963306
0.0002961675489007636
0.00021247100127293534
0.00023779995416412972
0.0005565591800960306
0.0008958082825317911
0.0008835133612096114
0.00016099423278085503
0.00017928876122723673
0.00016472464656771624
0.00041577818962469935
0.00020626969323390886
0.00039095553838313767
0.0005663347602475269
0.00027359487536598813
0.00024477922976310094
0.00027297189747880546
0.0025805086646441336
0.00020195879597512562
0.0002923971564643902
0.00023797411898514005
0.0005148487351254835
0.00019018698281229518
0.002039710728783738
0.00013352682141472942
0.00022347134864635703
0.00014063279622175294
0.00019981573835906955
0.00023743988802408904
0.0002139294901736599
0.000614478264523019
0.0009742216140005975
0.00035795370089792286
0.00023520293238846649
0.00023423052079095424
0.00033355213930272477
0.0001525331507121087
0.00019767571369839354
0.00012427835468825443
0.0011110518706097976
0.00023680767354876292
0.00037821800412896745
0.002066103989260775
0.00020565032874627563
0.0027043518412476664
0.0002532138315561637
0.0007100908224280903
0.00019708983733093493
0.0015025697126026458
0.00012797850435271243
0.0003026406816785882
0.0002130964007271033
0.0005094136997544726
0.00016446579464672836
0.00015085558408812328
0.00011868556173481331
0.00021488403611246215
0.0006166021890106763
0.00022119538002044004
0.0002446806760697677
0.00022591631159985274
0.0003976922554379381
0.00042673112431620687
0.00032640805083867955
0.00014740244930849474
0.0003214318207052688
0.0002119366885825972
0.00012563791953821847
0.0001663094971464066
0.0002652478960536233
0.00021585834615030572
0.0007143107061840941
0.00018379179313158348
0.000192378235493464
0.00011703234756119498
0.00014806609771628767
0.000194526366548801
0.00017403607023553706
0.00022493369383331304
0.0005106542869781391
0.00018153734132017428
0.0003227364290976802
0.00033620255058361013
0.0005365294914746834
0.00015622415593663516
0.0007792142832523298
0.00024220190972744016
0.0008290551541522739
0.00015385601537896054
0.00021386792779531246
0.00011984853908300731
0.00034520839540735877
0.0010866646076267107
0.00010058013529063871
0.0002714638627465204
0.00018195903108703457
0.00016513201410419903
0.00048604206033285997
0.00029392896227768445
0.00028480298262376834
0.00020367232162376574
0.0004642601482359704
0.0002688177323718338
0.00047434738606671323
0.00039549416983764105
0.0001766980442852438
0.0002903454858961095
0.00017922722932983172
0.00021135485882993897
0.0002764184109619865
0.00012381607122275218
0.00019636545324306645
0.0010678214806735713
0.00016009403715798614
0.0006073480070276066
0.0010606754602434708
0.0002557029804220325
0.0004085721035110322
0.0018348538301635317
0.0001665025246084376
0.00017094837036843035
0.00020769772589110245
0.00015516896422243458
0.00012187179300151431
0.0033620899734386673
0.000183322510952953
0.00014873625988481463
0.0005029990660047566
0.0006909476875396165
0.002150113116090555
0.00022424155255976384
0.0012314496454974952
0.00048124474115260064
0.0003472841084228344
0.0005964407440483034
0.00016919936103727804
0.000177956161624728
0.00047120500152447373
0.0006834386660884604
0.0009548663541441084
0.0005857553649222779
0.0010440737507585206
0.00040402792430082777
0.00013926863455673253
0.000641535555774161
0.000251484218808987
0.0010191049866811685
0.00022826608120514837
0.000155075582556817
0.00017581200070852324
0.00032029462204208873
0.0002305441466087739
0.00018640887628126703
0.000445944802234278
0.0005606794640103215
0.0002989072545726709
0.00014840789704853393
0.00013953319600576314
0.0003309684658680281
0.00010637994281406199
0.00018358122474140947
0.0003323751186225889
0.00018117025547442216
0.0005316865721796507
0.0002070695522809172
0.0003618575952305339
0.0007641519022515231
0.00020572015755152361
0.0002141764787083315
0.0001959584880936853
0.00032908572817652457
0.0002971078482100908
0.00025130098187785277
0.00023375541644898493
0.00018841341879676174
0.0003012608649912904
0.00015613787036710333
0.0002479056950629914
0.0007760771782801892
0.00022149248532907725
0.0005060218245149179
0.00037194271641499276
0.00023933468205999186
0.0001543834856647792
0.0003081607107613758
0.0011208572374202272
0.0005245855379616541
0.0005769455716392493
0.00014756195526503132
0.00019428659567036539
0.00023795026549918477
0.0005355259505358585
0.00016333635471285003
0.0004783087065935078
0.0002450484329267867
0.00019273437273532474
0.00016525869860416285
0.00016136830780493787
0.00021703052526917432
0.0002206002085325184
0.00023361654081395094
0.0004137095665832622
