0.44007183216972157
0.12535865459532874
0.7239890914392946
0.0430540082518544
0.29016179250459667
0.6224083866857941
0.03314871287059453
0.6053258960837852
0.1542288798274737
0.18356465842543146
0.050462646634555665
0.35778532185098727
0.38584115359454835
0.13309986488268413
0.5638505640903367
0.11139722051145293
0.3674869195698268
0.2441615503084085
0.15091383072732067
0.007072037526125712
0.22036944161322805
0.014761451819615362
0.21624648010294975
0.059394137189492505
0.25476203743284453
0.22975374160183049
0.0499078200020065
0.13862796732947094
0.26314275896824857
0.0021346012554598883
0.5277220484465077
0.3990157603961491
0.11869161957625339
1.1481504397057254
0.14864074360510932
0.1820035635237888
0.6697205863620975
0.03254758429741678
0.2359557254899552
0.2744707816143369
0.024822695907342752
0.13134391434455453
0.0898100380309581
0.08303341295561435
0.5510568569687454
0.39762256406748436
0.2214823274035289
0.37332228340298085
0.11238688280050944
0.20701966965580532
0.08495258109288358
0.01302754144273514
0.01711464144236503
0.026398195210059993
0.012109565962044376
0.24095080410824296
0.03019714746503697
0.1943035844434013
0.8425597645909797
0.07820201290659413
0.6015383950348775
0.23009378478176065
0.011018642455725739
1.5253128121187896
1.0789678173947177
0.01155737484681712
0.4129916257918944
0.1990835992426397
0.9979194690712088
0.18657920533118513
0.011414213755081752
0.005641315561377119
1.2800024186162953
0.08511864547988764
1.1804240235981134
0.18185409704059718
0.12816944781194686
0.483853911998521
0.33796474596523474
0.050513002307871376
0.24788186026762413
0.09269631473666512
0.08805800441001262
0.04014216396849982
0.11676753456006089
0.07181743808747208
0.4131979827854823
0.07203017980252836
0.0687924019235828
0.38363669241894943
0.014243362615116157
0.26677513904159855
0.001794273784206245
0.553546760373722
0.11778843112911884
0.4832866379906119
0.22495644426038305
0.8823128610164854
0.05981176580883795
0.0948970835625908
0.35070370257192923
0.12865141243455375
2.868554156627639
0.009727567150618852
0.0357335548042573
0.5043446815770496
0.07283462123521617
1.8018095858802103
0.06508210130673009
0.3464623726100232
0.04204584385518808
2.4001867473429033
0.4649886112522223
0.24440816114526825
1.929399991385592
0.061231721596661945
0.03288013651913422
0.34728396502702696
1.0671923342160303
0.02204360911387668
4.0991974055194165
0.008059761273647279
0.41077907205588443
0.049963173875561415
0.024444397124023673
0.5320126241206459
0.07328326354269848
0.5826037827067571
0.009511149615309257
0.005660533391738319
0.20385261122411033
0.09275353259126419
0.9607973541684569
0.016138965984421556
0.34888784324663846
2.5406490647545255
2.1263858720291022
0.015608172252655863
0.04538810683697684
0.13041819077400474
0.006496512798873189
0.027347640265353815
0.03814170862780096
0.23126409315475216
1.4841717982552558
0.21209344065786984
0.008484384957751327
0.018758134919055085
0.1726184587684723
0.12867724817305
0.4592388698115884
0.008695275404985924
0.012899418695557479
0.08506272143475649
0.12360098295278296
0.16824464764077673
0.021213477289742825
0.14185891547023133
1.0
0.24828015958891111
0.5177613819742046
0.15804990696267665
0.07635780040620607
0.020692035545040184
0.20689255495075048
0.021535146967025548
0.004189698654690317
0.4085191840828658
0.03126536746274407
0.362147907602283
0.05335897029144219
0.14013137570225948
0.001946211792502625
0.12931258845941698
0.3270760501357035
0.42139926620037865
1.194152087428326
0.2363337326305348
0.21892711917860563
0.005066300233364293
0.01583522056239425
1.9223969096074403
0.16419505747542218
0.10800202279814684
0.19503536861429335
0.0045238157685447864
0.5151589171383033
0.011933112019650855
0.1531746550427546
0.018044938212094692
0.17056419265592193
0.15025184579823003
0.595801285528532
0.22897169468951012
0.08972108632461939
1.6530428654761693
0.0570120090554206
0.07356626539489503
0.3853276640826448
0.8004302247175895
3.5350388909969412
1.772135951128752
0.038321429306961655
0.24058573069073277
0.3259978693101036
0.0967005447098491
0.08956359029714919
0.1489175723857468
0.018221763916490767
1.0418098231468063
0.15584284457572847
0.1389823517538946
0.3532015505395899
0.032352238336066805
0.12151828648507797
0.11405910815148457
0.17650167325196062
2.47371998965108
0.7604268671122234
0.4053568814555688
0.04134497029343216
0.005427920260310519
0.19328077516459544
0.5878365090229908
0.6004135210698808
0.011431877526819465
2.254463813802282
0.21764678805233048
0.5545509818307108
0.2825587285705318
0.11870176066225423
0.006107579717137966
0.0015015295123462634
0.07875712022698693
0.060359668833033196
0.12236141344117009
1.277446345585471
0.030665955377981897
0.21843347273526548
0.3252781121570007
0.8801987664494265
0.011255122620684793
0.06479514415945602
0.1868016173608132
0.5062704774444801
0.009459805185896012
0.11346511872067844
0.024324676990517637
0.02933027530338597
0.152021908910523
0.0009969490890711764
0.4726828573788177
0.4792977588833775
0.8588170555436027
0.0990019147200989
0.1234723698204529
0.007116488186864135
0.1416316945681909
0.12070634639043182
0.10718208291451292
0.010036583385170708
0.008613985668959316
0.3695062610239207
0.1471912792218343
1.0797781896534027
0.6570009282439917
0.4534742715413452
0.0036879998952909004
0.18390482648900847
0.11645024180763651
0.03397145081069383
0.008336802223660096
1.099715761344736
0.008567747250380245
0.011912722255913631
0.20287646197820433
0.006566857763142802
0.769939830808137
0.013864002687822775
0.014123089796928183
0.01193427635829044
0.0342588254515333
0.1261804651446531
0.027092091713268873
0.01719926968804121
0.2035499137898332
0.004823224779465023
0.17854819287182097
2.825570085864722
0.06846526719918061
0.06579520037584814
0.14314914323314196
0.05676732327109692
1.9961419372718356
0.012590582548846685
0.20701679824832153
0.1530469786694782
0.6834829464984308
0.13135987915362118
0.10734715514115603
0.04197135775553896
0.01993043871920597
4.159837012328881
0.27634029562349527
0.08049393030684752
0.11346978811278746
0.0019533414837493435
0.07279363669998488
0.11669105908083303
0.25632943566786676
0.7279340396918529
0.14713667930917984
0.170384065678035
0.00993539030837856
0.10826564304511442
0.3070446597108371
0.0035238390234946797
0.0007236826325196823
0.02661368032149677
1.1393039627047812
0.4557391509042789
0.24647252625815022
0.6061158998990079
0.04717295386313185
0.1691053574580324
0.04206367295667563
0.14748307780109188
0.7185047631239251
1.4887142561318893
0.22918378835232514
0.15804207583221794
0.933164092668739
0.18646469228593796
0.0067982108384376455
0.4197914711301377
0.0037081870144269453
0.07901754944281197
0.10650971865245777
0.14188434964204014
0.015980857144708
0.08118744368713617
0.041788548495311745
0.014726645987747741
0.038809675553040074
0.004949880691356389
0.17993014718059566
0.12750059653741802
0.003620131347338708
0.6954266403623511
0.09646217390294566
0.12896098121928512
0.08031492354939972
0.04659539143728077
0.05927180128119395
0.13968059580037773
0.0026412804598656405
1.0006626434011257
1.3704697821242073
0.19454960116458586
0.0005992033342772429
0.03285246677188251
0.0007108025909267888
0.0055949393108342925
0.01230372419439551
0.03403696764967328
0.0673123390123929
0.031910599125398814
0.004934990708500102
0.8002949521701476
0.2590389859070073
0.9749519943581779
0.02208215767480386
0.05898779889811457
0.018540492821855114
0.8805396364706766
0.12898260171146217
0.06869963804927372
0.06162645935091613
0.05679392337927092
0.0002498360814260654
0.012090009578599396
0.029018115645026737
0.016709906341186572
0.01778879241683894
0.15095728228393634
0.044223688541340386
0.008577555145956251
0.07238508847173634
0.014858507307718347
0.20743441821144948
0.006176915624673786
0.94266600016043
0.24942053635585204
0.20607198542664593
0.06464503439343335
0.15946009626098828
2.1050888792911935
0.029522740124354033
0.023686153266882375
0.023339104425199184
0.015338122503816555
0.5906647418045398
0.02349453927167384
0.003943122494779648
0.007510178523181043
0.020582821188999154
0.9294273448013834
0.405545929571728
0.06546536445416024
0.08755280812323453
0.3409036247628887
0.18355383907664197
0.0009284776396097935
0.18343497479322107
0.02473750449677673
0.039104265258774154
0.03683942950382399
0.004652319390578697
0.005636544815878961
0.0049424408660666275
0.21094011082350117
0.00017579084795043802
0.10234057067137864
0.054208796389250684
0.04144923169465056
0.017090742315866346
0.27086691705861965
0.03405114163506623
0.6535790008968676
0.03451708437629514
4.634381235334033
0.05310737786547682
0.09097923580604671
0.4410382064756897
0.1729765795779652
0.06540668628131435
0.00412200112931374
0.035455980096119076
0.45346498500251037
0.34418965002186497
0.001039813666632762
0.31390833899294107
0.0011006093381978066
0.9135923137622187
0.0090765893783537
0.0035192791480672253
0.0008748568812121637
0.05436514890039716
0.013646032097855023
0.043941741208573776
0.29648675409403447
0.0033089238651777715
0.06367990740479397
0.047253090137755895
0.04395470697782074
0.038398005334890704
3.2764637148385303
0.009471402153671395
2.623782964933839
0.023651518351509276
2.8307759889200264
0.2062966232925178
9.475309421319983e-5
0.0066045980018570915
0.019747070170923926
0.2344952623870299
0.01128980039772102
0.04844543456036348
0.006700398072023668
0.8020484396288974
0.0008147724635685768
0.6539032094462088
0.06887376652130173
0.1166003669142832
0.026707986434777207
0.20285300624292485
0.35124079907505557
1.1468807794562002
0.026068763480062655
0.0029180639934612714
0.01288493760578461
0.35974294115231037
0.0569737969524046
0.017022520306235918
0.0004740176185311899
0.10534096225133205
0.031466180243739476
0.21662846323209722
0.06467291270921097
0.6850816939304281
1.2389134395917467
0.5755893683755027
0.26159773212986615
0.40075965139445746
0.09765265834798915
0.03864434950938855
0.04873343398518771
0.0028659775842103806
0.0583368028446976
0.024881578813362958
0.08320974639608796
0.6696675076445404
0.010254178198652568
0.013246909534186535
0.0034685945588439
0.03885103433252787
0.7584347889979307
0.12338355466190065
0.9634490377149676
0.10601301630433428
0.05053411899918801
0.6844768488515711
0.01749839430073319
0.057694410884356076
1.4628826672239639
0.20547225773923813
0.2695849169038993
0.00522496430866626
0.00020005040714922756
0.03698636392239273
0.14504542693081687
0.0071832117722664575
0.004545550475378242
0.12553502738419708
0.04291158227920898
0.9155003955206522
0.29257074792791055
0.02194379635500946
0.01363952074557308
0.006925821576999502
0.2661788224365679
0.32828565167035434
0.007906637356364465
0.11397700144772487
0.009159674255720722
0.027937958549158183
1.292758667713532
0.06990989761600058
0.58533985316748
0.08295828420980798
0.10303343180785002
0.004212287877348635
0.008618958757367647
0.23697666861406705
0.01097358800982545
0.08890040040160314
2.594808603374552
2.8364584339121954
0.3462513073716709
0.007486081324948074
0.002864395973542515
1.1605902379306818
0.0612227936981523
0.7988303112007548
0.16299256055729064
0.19993632327846692
0.006482103528897313
0.00045697035968922335
0.004486455685656987
1.9796186074045077
0.0051545334333312175
0.0006221757276862434
0.20640346465095455
0.32784850736797116
0.04111822030562692
0.33404534623925314
0.08118897594759746
0.21076373983453559
0.12545095168992235
0.018470184052048096
0.8317201645598029
0.034189472093840635
0.019792172562611694
0.030399965743047874
1.1066323375229223
0.007533746196733109
1.0361760119382553
1.6377003730570945
0.0379984567577224
0.11579735270245826
0.27453581133787286
0.10086422092311279
0.9927033303354078
0.4157837680257943
0.25924250131558146
0.030048973739414432
0.04269669930126333
0.005595835226140881
0.6087453258551335
0.028095386887865243
0.028882415607751826
0.020328765453688738
0.0022686677884290285
0.14913168959160836
0.00016635387952951424
0.008334571327092411
0.006733376273231486
0.0005755157425242899
0.010777236062404221
1.7945177020127416
0.0738573946935423
0.04928393866101228
0.21579836144495354
0.0015016007741910074
0.09917021656352774
0.0020519906816310646
0.021187101426777544
0.0040664662415861525
0.0035633329409146693
0.4230244384054721
0.1203104393153448
0.07288947903163377
0.03040750757739834
0.3906099168573012
0.0007866471471496361
0.07057764650279759
0.46852525614120394
0.030721076425504777
0.00920500370915295
0.037931947798833174
0.019917025030694913
0.000138712040653432
0.06593796513265139
0.005311380509613041
0.07588412782508848
0.025386487212586576
0.012703358123346048
0.5885893743603285
0.16684669366776503
0.047387333945747394
0.002868215662997885
0.12120531344088172
0.00010805875173806728
0.0011764341643306527
0.07421337821354212
4.675368824537509
0.8591045307726289
0.533617058532897
0.012284175762742574
2.188395087810547
0.2893378076950511
0.9122449223646022
0.10205756224661011
1.7571604452197338
0.052615269636543886
0.06878760707601766
0.11067840368909873
0.07824445252430458
0.4608341581930685
0.046717027652126604
0.026310273104980336
0.0008382157665050415
0.15717656336489877
0.03822758158225874
0.09942327188900343
1.1804302735352783
0.4621719812536163
0.3124407886936964
0.11510825118723803
0.00045830957149000886
0.1023254575965543
0.005501760488603486
0.043008771406483806
0.004234163810496688
0.001446346089513133
0.13145145756572965
0.3019141391163581
5.195658019270438e-5
0.10363470166923695
0.07426782222687353
0.19152589883023136
0.5017422576022906
0.502604040018182
0.07013780031161554
0.0026811072576348083
0.006939675252211301
0.06641277924551303
0.0600167830134098
1.1171092997385974
0.00550651762437093
0.007130584540866142
0.43388004395771673
0.1370878164801697
0.01765589765632662
0.1819304316490168
0.6349807621018811
0.5423036509213375
0.04429384923016309
0.022106530555623147
0.2530827926121365
0.014065227778181345
0.03657072761667989
0.9458410555336313
0.14967595402820172
0.0014714511166460137
0.03214329077163721
0.011779372754881853
2.3809760535206332
1.0
0.014635063371471291
0.020353644084191855
0.018467156024894814
0.0033156643575270504
0.02911002130985872
0.00425637041867897
0.009053094647454055
0.22089337766989495
0.2395126732084132
0.37518340449016097
1.0
0.0011527219650830966
0.025969574524587934
0.14002203363787435
0.16340256095061031
1.3288612205525154
0.4926714260978763
0.0075691712223479694
0.1644306937706721
0.03667455427898592
0.10162088640010833
0.20619109155111964
0.061822620606556716
0.2694669688470745
0.0015231959266680897
0.025668433891763917
0.022034090891159958
0.45114818824092057
0.0018666325458993303
0.005831118260154597
0.13254077593917662
0.0006799325122952592
1.3381941636018042
0.050628673132492114
0.004079382578252308
0.006240743277236741
0.001186036981755894
0.3963392038121607
0.018940414145866658
0.1615942636583757
0.006678641752094041
0.15330465652108335
0.006366747391649524
0.21690468344237032
0.11347516503779978
0.0717897847913623
0.20479372461153003
0.08981523400485876
0.8420505199268324
0.4811240555861028
0.050781226144245004
0.1475557983741283
0.005880010828655026
7.305140172754972
0.0036813049111872453
0.0364395292382394
0.14643013547114495
0.005446458150770683
0.027012647761095455
0.0120488726272073
0.057318107720559876
0.05599733132970593
0.055790119684232
0.0020853537986624494
0.027618259815436398
0.07652067234036748
0.00011617248820916499
0.01921845513803125
0.0031119804094548917
0.019167705924618993
0.05014273253674917
0.051391105293682265
0.02330447113444409
0.09062758348882305
0.03745889467737325
0.15379328222402772
0.21409161225165266
2.197999456445333
1.3162800723463786
0.06935836734184149
0.8058615118513468
0.010375601099757398
0.2307121671123199
0.014114309806870427
0.0120765747709667
0.000387144576436665
0.49536311454193904
0.013609036396246806
0.0027046898165907123
0.004459854364178474
0.3648016716311748
0.054421411142338935
0.007103517869944313
0.1199867771060959
0.05399897228819528
0.0035613693781168364
0.18674421243502168
0.0017777758847828198
0.0022506443483897285
0.022504184692596844
0.005322498678011351
0.0831379499323415
0.020907187040026354
1.5997133968945942e-5
1.6359344686036301
1.0391435227327994
0.37760968686979496
1.494436286201351
0.0008937794611321643
0.22080075866330864
1.5777370024451454
1.0
0.007670343751322904
0.20452714863161803
0.07987887443351185
0.00726516657923901
0.013608168181731894
0.030591560772333895
0.0003131949842088499
0.036466399945992975
0.07561720597390204
0.006981266211114875
0.1397750344083992
0.5796583452784866
1.0434369840509827
0.36389092787770594
0.5326219311642001
0.000313686831519422
0.014557928142083437
0.025616566727718566
1.0234815454065924
0.006331020071805788
0.0523019694468845
0.0033587621963010314
0.020435040960392527
0.05098819581547915
0.007352410655040556
0.005263973089736979
0.01343113610784641
0.3217727567093424
0.003701369003344717
1.0835498071423015
0.0036240902240243316
0.022278192959418634
0.0016580025075517504
1.0
0.012744001999578489
0.025966620174964587
0.11176659873856908
0.040877227890872725
0.0029779394492045292
0.005004612019932885
0.05023661484283814
0.18386234773723906
2.722261362624918
0.10499372261225122
0.00010144334749357447
0.0021286647482342273
0.12234055190478746
0.6451326245141003
0.0009573525854644723
0.001198935670755931
0.08338765931761986
0.4229139750974294
0.0040010938046884425
0.009337790968670373
0.14984967030082652
0.009900344676093454
0.1824727797037285
0.10653927446326394
2.7648912413549653
0.0035935570211543455
0.0005417120291840602
2.9423347338336185
0.00045497666325540535
0.00011696753879676943
0.006720961680814083
0.015746883735774972
0.12666903158679277
0.04184392022035072
0.0006250167407784886
0.25742756648167575
0.31267237976284495
0.11346644407328614
0.024848875038730584
0.0398672069043672
0.21143235513308586
0.011900154325284351
0.10834539894516189
0.008350160603133254
1.0345199092349036
0.9148562219940908
0.3001454784729794
0.0003864020905623881
0.6968478095232945
0.12476701883660525
0.07266274343705982
0.009132688793073256
0.026940505071360945
0.0910120709265347
1.5303463589834378
0.12380792551117398
0.02264189120575149
0.004650341794015017
0.029383286324181235
0.11524782875995283
0.23972691695730788
0.0080645328080257
0.005242794302827028
0.001005824559387483
0.0011254310256153014
2.6983438923632987
0.04088216968927954
0.026434192485653124
0.01374729176964752
0.0027227922794100423
0.001613416987508753
0.0021348741866508624
0.00024458716345563775
0.012790953349328098
0.07251541187283078
0.29477147664765274
0.00023242864793246478
0.28040673596587434
0.08529309920699281
0.003570255603839503
0.001658984242523506
1.2169272181037798
0.1231847157531132
0.14366402681149168
0.07927198675575889
0.0005862754779140433
0.0018345500606424515
0.0089285259423492
0.08365959109923636
0.16455913379633658
0.006043182601494492
1.8820371953921746
0.12792472743071995
0.00021103594163749626
0.008774933799033458
0.20683410872678773
0.09749472696875888
1.364929423541278
0.21709036659226297
0.016511879707739163
0.05153422656913811
0.04961082101139334
0.03428148652280118
0.015255044737158217
0.004932859208618885
0.24504104927234818
0.2506265429268187
0.1541811598813709
0.36193603045555467
0.029000566812694816
0.0029154427335869107
0.0008426845034801479
0.22931014198145144
0.020111699832006533
0.1363329890980789
0.0003842263724814845
0.007291728054234076
0.3769885545449128
0.010308208319383562
0.25278201717786025
0.006824912741500291
0.013171478086150334
7.582599954303153e-5
0.045661448925066996
0.013502300044420766
0.000202188899911743
0.0021067604366623357
0.2173818946277237
0.5830151154250666
0.6563054719672605
0.25218179471536395
0.35799201389048124
0.009581484081325756
0.060306505058317965
0.0008131500406434614
0.009595328429668395
0.056963813710931815
0.020617006432330255
3.4204966131111774
0.04536560771503466
0.09761798157961932
0.38689079384729624
0.32550670023454603
0.588964504321356
0.06872941262539725
0.12050762378959289
0.0007983220817009805
0.9997981214827688
0.12066998057297432
0.2388444758956596
0.054919269678616246
0.6906538553975391
0.28191827703477873
0.16262173261354446
0.02675168811495044
