1.0283975879631908e-5
1.6468425851166622e-5
9.567239004942538e-6
1.565789301302845e-5
2.591421595557511e-5
2.135772483184784e-5
2.053649207839516e-5
1.3963224635275955e-5
1.7782522814028737e-5
1.6464139677184783e-5
3.642550589368121e-5
3.123362206229236e-5
4.014478286912715e-5
1.096403437685609e-5
4.1365278572813324e-5
1.4471485061784099e-5
6.649703655509866e-6
1.6706216798052105e-5
6.013965235634303e-5
0.0005223688493419459
1.9961113705718666e-5
2.1916870344313877e-5
5.0561527071982216e-5
1.9540481846219526e-5
1.719557666193694e-5
5.090161630748239e-5
5.06238354012998e-5
2.9604524026804818e-5
1.9410073231000493e-5
2.8754269418236794e-5
3.3943954200990916e-5
1.4217743277487963e-5
0.00015933031319906364
4.627408626136974e-5
2.1300949910056778e-5
3.1271747622558526e-5
5.383219150624761e-6
3.139465331704867e-5
1.192078417059899e-5
2.4003810203328896e-5
1.7411922647647624e-5
1.0720558739943175e-5
1.4091924522760877e-5
2.815886243055084e-5
1.6527468431577344e-5
1.425504636333122e-5
2.715468730416462e-5
7.720739817749182e-6
3.781842366368318e-5
1.5545731565123558e-5
3.470086994664279e-5
7.653454255259749e-5
1.7389357074017543e-5
7.85906746551209e-6
1.4791249415848685e-5
9.714652456197646e-6
3.16671447184625e-5
2.2788288114016324e-5
1.8476090269741644e-5
1.7329457498516003e-5
2.1206057111617356e-5
2.7995087940807884e-5
2.2196890077187165e-5
2.8473797536982134e-5
2.200240881518945e-5
1.3409316161429243e-5
1.6878987007517397e-5
9.58501253327645e-6
1.4793260292976606e-5
1.4184960241694485e-5
1.616144469206962e-5
1.0063764024472198e-5
1.8759606084303884e-5
2.2507523069289074e-5
1.1256745107631345e-5
1.5134471345833157e-5
2.4850976384134508e-5
2.8546382575600984e-5
4.3735103030366615e-5
2.408224862808884e-5
1.236238729732791e-5
1.5419759251681084e-5
1.115877029926143e-5
3.376529971807245e-5
0.00017282069053232334
2.6787752688597176e-5
6.451208469656107e-5
2.302581185840981e-5
1.1091947797069138e-5
1.4242176203580777e-5
1.67353380851409e-5
7.060412557566746e-5
2.209750020628961e-5
8.980699700244473e-6
1.4436907401715941e-5
2.3945622805543373e-5
1.5266071969344305e-5
6.725044347473222e-5
5.483492562043109e-5
2.0167564546849104e-5
2.2737216915946467e-5
1.4046809588921366e-5
3.5159673294635445e-5
2.7645173117740555e-5
3.1347895030019944e-5
2.2203617568404266e-5
5.980676696166778e-5
2.54173884515887e-5
2.4057145766487328e-5
2.5586181487126216e-5
2.9383051102139155e-5
6.395287303980545e-5
4.2074559297236404e-5
0.0001662774406090902
1.666383605133556e-5
9.279218450236331e-6
3.708717746684484e-5
1.579953525112336e-5
0.00018764733674538132
1.2647999389429364e-5
4.488206483734233e-5
2.220875431618907e-5
2.9072312334328057e-5
5.2897443122822885e-5
2.5555777820506868e-5
1.2204302475216363e-5
1.3043128640748926e-5
2.9855897793704978e-5
4.586443457035688e-5
2.193985958021057e-5
0.0001153420171215548
2.1123852874139236e-5
5.474726786574358e-5
1.480508360573075e-5
3.121011682033268e-5
7.637316343056661e-5
4.623234096393407e-5
2.154306551931998e-5
8.55445912854499e-6
3.8603675215194523e-5
1.073798535393569e-5
2.1357492625487185e-5
1.859962549182674e-5
4.3831920090382154e-5
3.021106132162729e-5
0.00021154903543655745
1.852670812480963e-5
1.2905285602303528e-5
1.8460238460490574e-5
1.2670632567276192e-5
3.0861450144683215e-5
3.8793398003792236e-5
1.563667382692309e-5
1.9886505209331335e-5
1.125561598430331e-5
2.134183038849004e-5
1.8293236468374113e-5
3.87459418499587e-5
7.10299684185978e-5
1.7612807289598523e-5
6.916988757494384e-6
8.482406362550676e-6
1.7588556190219767e-5
2.970622867881925e-5
3.0330995548866827e-5
1.9141128075041683e-5
1.623174336196626e-5
1.905298103488363e-5
4.932238056857228e-5
2.7210213315941556e-5
5.065013589596255e-5
5.69677269502987e-5
0.00012649183104607257
1.6717810673371686e-5
2.319915215196713e-5
2.650414122904917e-5
4.330102423063678e-5
1.6439489671325053e-5
2.7052804909156726e-5
2.7147634337443703e-5
9.622739095556619e-5
2.0608090537613674e-5
1.829890344732125e-5
2.5357559546021396e-5
1.591097392253947e-5
2.916877544048384e-5
1.3763423145542662e-5
0.00014572416592172885
1.2056265619156018e-5
9.750610858583397e-6
2.932314022980763e-5
1.0759559921876888e-5
2.411182487257841e-5
2.366366238834588e-5
1.3613005927067547e-5
3.7234566115702645e-5
6.406373565480723e-5
6.179336726833809e-5
8.31169839714382e-6
1.8858127083419134e-5
5.365457051199054e-5
1.1710125570971249e-5
1.5893687318327542e-5
1.3626194102999585e-5
2.148330410808216e-5
1.3828705230858812e-5
3.0884649799333235e-5
5.4883092440529145e-5
4.4633577440124536e-5
3.812957744584939e-5
4.990366947859187e-5
2.039808986130381e-5
2.508874960209412e-5
1.7348700565064423e-5
1.4084181222314547e-5
0.0001089726539216104
3.478019959836447e-5
1.1846481397026701e-5
0.00017266085582459193
2.0007944286157358e-5
3.3153805750709676e-5
2.0864747625824088e-5
9.232876901877147e-6
4.359332876514166e-5
2.7683811452561695e-5
4.421582811891781e-5
3.223729225269819e-5
1.6442556839794272e-5
4.775093193133037e-5
0.0015041087986678357
9.810593963811353e-5
3.1376163102044856e-5
1.3361381136456822e-5
1.2182576137354899e-5
5.489204966552213e-5
8.590481344314641e-5
1.2896813448101904e-5
1.1570833390369618e-5
2.7555868514207462e-5
2.8613195081937178e-6
1.5002011083633854e-5
1.5476496012723193e-5
1.9786255890502194e-5
4.550091165391859e-5
1.761525018698898e-5
1.0502588049379394e-5
2.9226505283097766e-5
1.6495975911146336e-5
2.5142486878219562e-5
2.9283473626480145e-5
1.2698337721416817e-5
0.00025769734814041134
6.853803514117111e-5
1.6701046041902118e-5
4.305125138377171e-5
2.4823701898258078e-5
9.84729071282369e-6
3.46417506075e-5
3.3637674850631476e-5
1.744289098890897e-5
1.9996865962113502e-5
3.946490969980026e-5
1.5088620307119225e-5
9.046075203309449e-6
1.1794769426619766e-5
8.976851018067409e-5
4.9729320334784324e-5
3.3693843456773965e-5
3.922249230324579e-5
2.323751154524532e-5
3.78182092452643e-5
3.8823181938404884e-5
5.6830499623219244e-5
2.633095325809764e-5
1.5936274277744354e-5
1.1551170519041455e-5
3.0346536458653304e-5
2.990108298550693e-5
1.1478553547447652e-5
1.8665383323942993e-5
1.0404247523164768e-5
1.8781788127125172e-5
7.777294523576298e-5
2.979187972316143e-5
2.90547607288739e-5
2.204979881202193e-5
2.310177315297567e-5
9.365656891981442e-6
2.8886045909798486e-5
4.6862861473499876e-5
1.3610854400224671e-5
9.68570008743571e-5
1.8794604786377506e-5
2.3756685771205797e-5
1.4014568986249953e-5
2.9289909681190557e-5
2.356395063854333e-5
3.546796956800156e-5
1.8416438849308653e-5
0.00030806487143082543
1.4558885235844463e-5
1.4941753220944978e-5
2.4434666066484235e-5
1.4860112320154014e-5
2.7675249737067423e-5
1.4316043333457055e-5
1.537372200634894e-5
3.8169764750189065e-5
2.127041694540048e-5
9.168588902093426e-6
1.4345860623457091e-5
3.7419096017475575e-5
9.916003003148597e-5
2.589150813214215e-5
3.076771373132929e-5
5.0454839701867496e-5
4.559322339663888e-5
3.2798833713969945e-5
3.409360742820755e-5
3.283330153389686e-5
1.1114459179832951e-5
2.347731688652356e-5
0.0006088904952904676
4.153618972768992e-5
3.678339824424121e-5
1.3436930176264111e-5
5.884547362589551e-5
8.681280029435605e-5
0.00033553142988973635
4.177920719168663e-5
2.3960900263512217e-5
2.780037718328363e-5
6.0635774661959315e-6
9.045065846438091e-5
2.30014702989723e-5
2.2084241217748745e-5
4.3006565246628896e-5
3.6178411240272845e-5
1.3878333228549478e-5
3.4508285052768474e-5
3.3368854843493684e-5
1.723589699082226e-5
1.9559244478850505e-5
3.6484143939021006e-5
6.867297813590208e-6
9.218796758808743e-5
4.5654066010094025e-5
1.2247807664954415e-5
0.00016247541716069773
1.3994346602638895e-5
7.834677610729979e-5
1.916019341492061e-5
2.6211939930868164e-5
5.155978139981098e-5
2.725144157808521e-5
2.540911977136971e-5
2.0817656107653858e-5
1.8743727035941575e-5
3.204925816021568e-5
0.0006373345147767232
1.855623283109871e-5
1.1950847991535592e-5
1.4195435214092086e-5
2.1839395984241835e-5
1.5497176419931833e-5
1.614843424809107e-5
1.9252770677530343e-5
2.7161170844316504e-5
4.24020560610076e-5
1.3317356409278458e-5
2.4619781567785923e-5
2.1742467087815995e-5
4.560027280218457e-5
4.7855411577442634e-5
1.8260224952439158e-5
3.1699037786250124e-5
8.753878328041496e-6
1.7376679247393816e-5
2.780227256149682e-5
2.5050761789036148e-5
1.7546290404517553e-5
9.871143010446337e-6
1.682800910551744e-5
6.612943117770113e-5
8.084817071602176e-6
5.273966662239928e-5
2.6632056701543226e-5
2.0016454631497013e-5
2.8860928520104627e-6
5.0788017263169744e-5
0.00017482868492656788
3.580525487586051e-5
3.3617610460687538e-6
1.3053619264016489e-5
1.7669101534247938e-5
5.968563997512844e-5
1.6960248483263296e-5
4.8015931740316466e-5
4.349415752076601e-5
2.9406682041406055e-5
1.6559567299866936e-5
2.3873632312967665e-5
1.663525196391632e-5
2.6565531676423242e-5
1.2349658775963595e-5
3.0323253318290597e-5
2.5002749071697373e-5
4.7408413104094204e-5
2.1679562222908373e-5
2.2841202011711734e-5
2.7406838889681626e-5
6.232603151331359e-6
1.3616055904390068e-5
2.3803702437030826e-5
1.87450240218468e-5
8.934969152792314e-5
4.094038597589352e-5
1.3073428518072882e-5
3.283395545008839e-5
3.366527851001867e-5
2.3559200132241165e-5
6.761340805347017e-5
6.215892667550137e-5
4.781764747464478e-5
1.4888599426048071e-5
2.0838207833433947e-5
3.614323238835861e-5
3.4090127024510804e-5
1.6652624208776734e-5
2.6831282924777764e-5
3.5470400320004004e-5
4.49036097450594e-6
0.00014006583694419373
2.7766989712269514e-5
1.387780314299719e-5
0.0001517271558371294
2.6869143127902003e-5
1.663153185524408e-5
0.00022590899200417046
3.167180600282997e-5
1.7858888402834023e-5
1.4680134065300238e-5
5.493526034277625e-5
2.9854532580005456e-5
3.1031554700314376e-5
2.657875281981728e-5
3.7619731139898055e-5
9.738946170386561e-6
7.206463196969272e-5
1.6260823341180082e-5
1.2966070408404355e-5
3.720904088548999e-5
3.8100988997919914e-5
3.1496147711518755e-5
1.8586078541486104e-5
1.4871269371205883e-5
1.6721192945088364e-5
5.37697101232937e-5
1.542184020715125e-5
2.2967611950408186e-5
2.4047890732629865e-5
1.7491181373784263e-5
4.0645554951536786e-5
1.3666703917813355e-5
3.8579395272074164e-5
4.5436330027360356e-5
3.2265025600728884e-5
2.467405406107078e-5
1.251227800876916e-5
1.5388168143672484e-5
0.00017771620692658187
1.7618486706607826e-5
7.898644662128658e-5
1.9604950106377258e-5
3.490437536020562e-5
2.4955584587929165e-5
1.4575405396300146e-5
1.370605787895098e-5
1.9407572448854336e-5
2.3706653302214907e-5
1.5697928155006634e-5
2.7569390758953938e-5
4.841627604624949e-5
8.545085881374643e-5
2.285154562865848e-5
2.5068557264439757e-5
1.3155650944713603e-5
7.423935092788817e-5
6.0881740878091483e-5
4.1297458787274936e-5
1.768663999460527e-5
3.233851532119876e-5
7.358105247247619e-5
7.251695506326209e-6
1.529071431228023e-5
6.858821492985065e-5
1.9019729543110885e-5
2.8672159845476213e-5
1.1070072517705276e-5
0.00017022601553880033
1.586436165178491e-5
1.8538172364419305e-5
7.017017999123927e-5
2.6417720821296252e-5
6.869680298837454e-5
1.7766462722157786e-5
0.0003382736474762706
0.00011385695348303512
2.8775438173269174e-5
0.00015857844069994343
2.100546920768881e-5
2.661888693960733e-5
3.080684315564392e-5
7.413832295465114e-5
2.1861000197620365e-5
1.5045971073405358e-5
1.8708855698532916e-5
0.00022906282194619178
1.6785149330451663e-5
2.0213178783750006e-5
1.4280966678002245e-5
4.468602335663479e-5
9.703049859023462e-6
1.6930576368034306e-5
2.195994519811254e-5
5.4664429550995356e-5
2.545220756383723e-5
3.548240395219121e-5
2.330524927733238e-5
8.054410844046365e-5
1.1854773815383956e-5
1.128656321087953e-5
4.054073193463961e-5
4.425191108185141e-5
3.799464977145419e-5
1.4345007362502181e-5
4.691800299286364e-5
9.829104457096317e-5
4.440490928009559e-5
1.6688790166166337e-5
1.4308829909266364e-5
4.157178948830832e-5
4.200720127373262e-5
3.4422073533737323e-5
1.2408922468174316e-5
1.5492482271759745e-5
8.360432096658114e-6
5.430831835871515e-5
1.911931591289309e-5
1.4695830375138053e-5
3.5966618028988494e-5
1.7587782205601343e-5
1.5839580034961822e-5
4.0809958725905436e-5
3.911780641694582e-5
0.00013321989641279405
0.00013366888908097324
2.3556731617104254e-5
4.0692571815368306e-5
3.635580135110718e-5
0.01125599394432751
1.2049311597114197e-5
2.1456313719035046e-5
2.0768975963309262e-5
2.3276485251272224e-5
0.00031255056248060206
4.260442687811532e-6
2.640712541411795e-5
4.5179137657860096e-5
0.0001227351211608663
2.0021221828233723e-5
4.099568780922614e-5
2.0362739738971527e-5
0.00010808980647511712
2.9083351798802924e-5
1.6344151779519378e-5
3.362586780696646e-5
2.662415576785903e-5
2.634916974826559e-5
1.659871562526434e-5
7.303340579943937e-5
4.45130093256335e-5
1.854389938903256e-5
7.971649773175505e-6
2.1587881565548437e-5
5.337982757656137e-5
2.7847393004951868e-5
3.519679112290417e-5
1.808129799099814e-5
6.873939683042896e-5
3.236749855778181e-5
2.0071930275794197e-5
1.985029228362094e-5
2.3405277731715996e-5
7.425876395341949e-6
1.7744626954010793e-5
1.6907350141055384e-5
7.50105187687118e-5
6.303358709777357e-5
4.4587205166361634e-5
2.8114914673578807e-5
2.2747820533086095e-5
1.5194498455690193e-5
0.00010862713569725638
4.673707101246135e-5
2.458113708414445e-5
4.594714666413176e-5
1.0122501858466082e-5
1.4590807856159682e-5
1.1660974485616777e-5
1.2593821877555231e-5
2.6154650474851284e-5
1.4631051401955793e-5
3.650243741754152e-5
1.4457178472877645e-5
1.2397632724514426e-5
2.763120368046262e-5
5.9614619659997836e-5
3.1837253062589276e-5
0.000130430873787755
3.6458881512951686e-5
4.382471992309201e-5
3.7518689186086376e-5
3.3719111993356924e-5
7.342865842280142e-5
1.8333325792009275e-5
2.8697236899966186e-5
2.491221608054907e-5
2.152091522793313e-5
0.00018719431393045605
2.359004564593514e-5
2.885107359060909e-5
1.646574527891149e-5
1.2426814033905508e-5
3.3157181330084385e-5
1.7145802773847437e-5
2.067049595894565e-5
4.846096203170598e-5
2.334992111656708e-5
2.5239776352724004e-5
5.648209078252934e-5
3.726908087534932e-5
1.7673175327713073e-5
4.367778513114724e-5
2.006744759347055e-5
1.0834551253750575e-5
1.56888913587048e-5
2.3101896045651527e-5
6.060827170891565e-5
6.661798046218333e-5
3.9790117548917964e-5
6.135473602360195e-5
3.923677884060448e-5
2.690076383934648e-5
3.060633831402254e-5
6.382627841368984e-5
2.85307778125363e-5
2.8657972823033847e-5
6.745043014527693e-5
0.00017977338183266785
1.1025704099874601e-5
5.359362676936379e-5
2.379768846750519e-5
5.389544414089337e-5
2.2647608494988743e-5
3.55228224325777e-5
3.7307312611380434e-6
6.608550164618701e-5
4.457926167341938e-5
2.4257087384740928e-5
5.582066972619255e-5
1.652009102643773e-5
1.9537109170500093e-5
2.935054286961034e-5
6.937151212384731e-5
3.108430824677804e-5
2.184541893539386e-5
6.301836895579176e-6
1.1484012011881079e-5
2.0286104790346134e-5
0.00011623362971917524
4.4902427264747784e-5
2.315030760635698e-5
1.0362898695662588e-5
4.9006459581561926e-5
2.479057759788535e-5
2.7129869171360198e-5
0.0005515338698791176
2.4965056769594816e-6
1.775885333650499e-5
6.902657494935615e-5
1.313715188419368e-5
0.00014247452336723008
1.2319845486869602e-5
5.020104345003021e-5
1.621844477450009e-5
4.4522791159383136e-5
7.514090786326772e-5
3.2566541214033503e-6
4.844737996873525e-5
8.326181309436575e-5
0.0003325240582243182
1.4090737852520845e-5
8.994037907462868e-6
2.3779022734720702e-5
9.675749737494068e-5
2.4494107794710017e-5
5.29017884776959e-5
5.32489333515526e-5
1.304697269355991e-5
0.0002073643028001293
1.619459214567494e-5
2.1209689200263364e-5
2.6371931023405684e-5
3.7884900317239094e-5
4.5970552094500774e-5
5.15316945271641e-5
4.041869461269896e-5
7.811737142283554e-6
5.5580336859493865e-5
4.3853317743731407e-5
3.2944910786968456e-5
3.7231127792061665e-5
1.3534434173921946e-5
2.4711888215584583e-5
2.03472944708625e-5
2.524569415568192e-5
4.581527122612435e-5
2.3875616505364277e-5
0.00010463467872413881
9.078760940588164e-6
3.347694698643178e-5
2.893578243753226e-5
2.919158633173825e-5
0.000544705601221298
1.5898336386560167e-5
2.272190941087387e-5
3.202980656646526e-5
2.3193214152292182e-5
1.4690168135003346e-5
6.010728759866004e-5
4.178353510378014e-5
1.3474236615932058e-5
9.552121630226747e-5
0.00010658551838609148
2.8976401661467966e-5
0.00014072509041470187
7.0158140919526285e-6
1.2828198207951415e-5
0.00011113993208077269
9.554217098250136e-6
0.00017415007185505422
7.309332939759393e-5
3.2116495042035944e-5
5.102271764622791e-5
3.4094138770480115e-5
0.00023876747066708712
4.861660625721238e-5
1.7699741050228537e-5
2.7555024925939787e-5
3.644934533443458e-5
7.953718270726528e-6
0.00011744949179322148
5.4145089160639555e-5
5.609416279511512e-5
0.0001142163741444401
2.368563558477973e-5
2.3147847354972142e-5
2.839597507221609e-5
2.6511062370429233e-5
6.947098148441541e-5
4.336325631805696e-5
2.6090133297804434e-5
1.3917017471813778e-5
7.404221857122416e-5
4.1022634627363635e-5
1.796779296994153e-5
1.241297988542563e-5
2.2680278260706316e-5
3.088066791337145e-5
2.3178040892747397e-5
2.4727122321214368e-5
2.1581320619023046e-5
2.7526251841151276e-5
0.0002631992726995892
0.000313901053415125
3.413410595499083e-5
1.0563918352745558e-5
0.00011099416898583076
2.084794100920464e-5
4.355964554441093e-5
2.610938441098007e-5
2.0005925765657658e-5
4.1688865052043274e-5
7.130453886403959e-5
2.4951037964585396e-5
1.0849798478611385e-5
2.064360458560031e-5
2.9171387366676583e-5
5.29898128115869e-5
0.00121994982721898
2.353187580808256e-5
4.127297646761974e-5
7.918186389270265e-5
7.433196571521722e-5
3.639310851572422e-5
1.3102636678870221e-5
1.7075882114545273e-5
1.4715291392954124e-5
0.00018238442390230153
8.3948269040428e-6
2.029278337700133e-5
1.0872397538681915e-5
0.00016148947882928285
2.965374817741408e-5
3.222847296318534e-5
1.3495222057014683e-5
6.360466647613629e-5
0.00017152610957512946
3.781686305646351e-5
9.063065531769115e-5
1.700504866745902e-5
0.000807139372965035
1.8577030505777322e-5
3.455533600022413e-5
1.1687284036927227e-5
2.1977665077785044e-5
8.918680652341425e-5
1.7929476270220457e-5
4.256874828239703e-5
5.919991696611572e-5
1.478389370261879e-5
1.2938637675452786e-5
8.671643657740502e-5
1.1566740400553961e-5
2.4458753766542495e-5
1.4916127906146047e-5
9.465322720036343e-5
4.291740384349226e-5
2.7653021702745857e-5
5.487263466633026e-5
1.8589554129820044e-5
5.3761803910934386e-5
2.856035509344434e-5
4.2758704907930834e-5
1.66134263663004e-5
1.1324692324236165e-5
5.310970318186394e-6
0.00010383458942547812
2.269485666998083e-5
3.4373237228298825e-5
3.04866763420854e-5
3.812779951484159e-5
0.00010517731227353712
4.1388952940343034e-5
4.744911404592284e-5
9.86946086287815e-6
2.217828587349963e-5
1.1782098322273385e-5
2.7406141456334224e-5
2.5769689244026975e-5
4.88385367908078e-5
3.518410890400758e-5
4.103279782214883e-5
3.531102679549486e-5
7.318525082902897e-5
5.426725378542745e-5
3.2016134511468065e-5
6.200042789040551e-6
5.2339546886574554e-5
4.145610063657337e-5
1.1907611481201888e-5
1.1525247608541127e-5
7.265503740448705e-5
4.67413578752556e-5
5.5185625023544715e-5
8.052905212657918e-5
0.00012069805649441661
7.382130128969272e-5
1.525084463856776e-5
2.234488464797359e-5
0.00015561659173315956
2.11905888008066e-5
2.9402221126118973e-5
2.587586223402846e-5
3.043404034716169e-5
4.096496438878649e-5
2.0947559389520447e-5
1.3649216841315661e-5
2.298573389642329e-5
9.023638552605125e-5
2.3658660282929023e-5
8.746106945973779e-6
5.006830950316247e-5
0.00010806112319697041
1.2888336687361025e-5
9.334483090396285e-5
1.6163455748921343e-5
1.487425641196025e-5
1.0528637155221263e-5
3.9524761130021954e-5
3.946810475930137e-6
8.783608919706369e-6
8.876554054622002e-5
2.6814946126701447e-5
8.219165851074103e-6
1.7610409748869053e-5
2.0699715009127527e-5
6.767958986617656e-5
4.4171295091661475e-5
1.326998009410526e-5
4.498232612976611e-5
1.5860539779467113e-5
1.6030523922487145e-5
4.2509823637542354e-5
7.091039010049104e-5
9.625133122680217e-5
1.3337796971412833e-5
1.7997675334284626e-5
1.5450582298503645e-5
2.7630114084010686e-5
0.0013605779594383768
9.220100557001458e-6
1.3728424288871896e-5
1.3607046474981507e-5
1.3051224578113028e-5
2.3901899857687073e-5
4.52989282158173e-5
5.441779618223502e-5
2.065334567049701e-5
1.3746441580932063e-5
3.102695293891116e-5
8.286117807681564e-5
2.379198891523887e-5
3.653794803745518e-5
6.924049652484574e-5
2.205959037811426e-5
7.602689004905733e-5
2.321968102426279e-5
1.8097962976463296e-5
2.019129414945619e-5
3.340692673420601e-5
6.193024578376747e-5
2.64588350134716e-5
8.763743939091112e-5
1.099579481509407e-5
2.8698155523182022e-5
2.5695404384206988e-5
2.8451886770778728e-5
0.00020219040591160968
2.017852195025549e-5
2.5735152259093907e-5
2.1659735862671565e-5
4.677752922162657e-5
6.232794919457217e-5
0.00011162712377068933
1.9801211737804596e-5
1.786736212547042e-5
3.094452503546208e-5
2.505771725545342e-5
1.656378592544964e-5
2.2871131135830454e-5
6.251292651502829e-5
3.065879565211896e-5
0.00022743509414200914
6.120912982358324e-5
2.115971973873837e-5
0.00019507121659271995
2.6156690786935173e-5
3.6266359545345267e-5
7.671511303955301e-6
2.1572327575191706e-5
1.5103549268517943e-5
5.2189925655200064e-5
9.156262601570123e-6
1.1211834713595137e-5
4.430706448444698e-5
3.0502011498155974e-5
2.0587468612093372e-5
8.400856608537703e-5
3.1653275712226734e-5
8.410584565443586e-5
3.13458777829534e-5
8.007027849250686e-6
2.920382706608742e-5
2.2343479795201524e-5
2.7463918897786872e-5
4.798436776512661e-5
3.0968365852986854e-5
1.173055726093927e-5
1.797501804647764e-5
1.5465988341465233e-5
2.355193873056127e-5
1.4938717431263862e-5
2.4644724300665306e-5
1.2499779537174429e-5
4.496864863424589e-5
1.3434609853770853e-5
0.0001374010250147709
3.527162056155764e-5
