4.16875675083183e-6
4.812419308455346e-6
3.955367627841467e-6
3.262553210177365e-6
5.525562064112501e-7
7.551082289394215e-6
5.562997828951623e-6
5.1779737206228875e-6
9.770859042136128e-6
6.114178654414646e-6
1.1481397183784806e-5
3.8868889482301095e-5
1.1004426939645189e-5
1.0397793053470555e-5
6.346487357839161e-6
6.212901315153131e-6
5.851180096515036e-6
8.508993595822413e-6
6.052517648740687e-6
3.030853706645085e-6
8.302804297168994e-7
3.548699274636275e-6
6.129085361015719e-7
2.5872751461267306e-6
4.004034059227848e-6
3.796329012019371e-7
1.0833851775762446e-5
3.134164389421436e-6
3.390139369084839e-5
3.375183884268012e-6
2.3942650122508354e-5
1.2171124996918704e-5
7.924779416373819e-6
6.048893179990162e-6
6.059637325883391e-9
6.830211785299686e-6
3.3743882099680635e-6
4.366429401832448e-6
1.9504476928077138e-5
4.406943377008005e-6
2.43101527269171e-6
4.567762397818481e-6
5.226199142812367e-6
1.147561997784673e-6
5.419899994641325e-6
5.414788469577227e-6
3.60822780933135e-7
1.649313035693621e-7
3.6413454486368653e-6
2.265558336284123e-5
3.6449569594173264e-6
5.272627110367755e-6
1.0151156564138195e-5
4.4846529649680593e-8
5.166506200648473e-6
4.7228015065764666e-7
7.554339528108935e-6
2.538998866124419e-6
7.278925575762548e-5
3.888314402848782e-5
3.353800894984397e-5
1.003127421262497e-5
1.7077111334565434e-5
7.534535323174787e-6
2.334561810049354e-6
2.544089163676715e-6
4.8612666246085944e-6
4.924798681877479e-7
5.913328351448883e-5
1.960730691149099e-8
1.71214086880438e-7
5.681471784736709e-7
1.3068624812228299e-5
1.4521002233822657e-6
3.183737007015593e-6
3.4793114944923123e-6
4.813916882067258e-6
3.6023076749745723e-6
1.6454388387659763e-5
7.395131669048205e-6
1.821917277843387e-5
4.3185247124059484e-5
1.3646029634734958e-5
6.3269472441844035e-6
2.9017191420252225e-5
2.0669595624553708e-6
6.813266569712292e-7
5.897005546972782e-6
5.297122773035915e-7
4.772014585078125e-6
2.1667750781479743e-7
5.443323371265103e-6
8.606382159499242e-6
4.661481061238663e-6
1.055147226661289e-6
6.309863201095027e-6
2.995716757345573e-6
3.133756940718154e-6
1.3694240090437915e-7
3.5325957371652984e-6
7.757009113699332e-8
5.067447071402826e-6
1.7672156628992375e-5
3.808644467393033e-6
2.9529523366205154e-6
3.269756323638683e-6
0.00013836084678123578
6.752127984567782e-6
4.55401778847905e-6
1.4392046712243256e-5
5.894551467461585e-6
4.509369309389134e-6
4.557642180209649e-6
7.4803216251084585e-6
1.2578055310019054e-5
2.7651903070827393e-6
5.339268685122407e-6
6.408483960675321e-6
7.323683367568181e-6
2.257504618970811e-7
1.4241078864612653e-5
1.8562213691722916e-5
1.0730988032271903e-6
4.893280326316993e-6
2.5696488009276025e-5
6.033098725473343e-6
2.8110967277500092e-8
5.652787077214251e-6
7.101863988289128e-9
9.30554003816853e-6
5.356025720094458e-6
1.4744576566420578e-5
3.2872223542833487e-6
9.000622682170275e-6
4.879609916958419e-6
5.295137907425707e-6
1.2684963987491115e-5
3.1227137582571826e-9
1.0161274042985316e-7
3.8007456713386637e-5
1.5799884966105417e-6
2.4681742878433352e-5
5.214666903433238e-6
4.1088923606354585e-6
2.501556228780223e-7
6.096351694001612e-6
3.4967371735758956e-6
4.827996806875713e-8
1.2936589294458884e-5
5.286589035094979e-6
3.58810956181696e-7
6.340547321768803e-9
1.4721306526739524e-6
4.900006987955708e-6
1.3427862580644434e-7
3.8118592461887296e-6
1.1063446811428211e-5
7.128501049493792e-8
1.5224417525611907e-5
4.109612634292202e-6
5.358920666754554e-6
1.545474260758077e-5
2.098434533734246e-5
6.435261814286366e-5
6.587804568892476e-6
3.337911605413645e-6
5.099182489350964e-6
2.6309201270897886e-5
3.072820878697773e-6
1.4992431115592103e-8
4.456117754908455e-6
1.6061759275379208e-7
1.4058120165488893e-6
4.202790471165199e-6
1.43033550155271e-6
2.971676244305011e-7
3.3764577714528674e-6
6.348337619595945e-6
7.449608434575383e-6
6.1953921969671745e-6
6.304855897980071e-7
6.548550170611761e-6
8.213515850648387e-6
0.0001443410276870305
3.017947214167162e-6
3.6652786745917328e-6
1.1383654974121483e-5
3.0992047752587106e-5
2.0205691529413984e-6
4.853711892374608e-6
8.583113090273695e-6
3.6113663796297046e-6
2.8782486506811383e-8
2.2327310926336862e-8
7.516145406780709e-6
6.1142480435527e-6
4.998923709752108e-7
3.1523395510202368e-6
4.012027187625933e-6
1.6553457680432855e-5
4.349499242052959e-5
4.1704655478039535e-6
1.6055054907871133e-6
6.233126537590652e-7
1.6961479907522895e-6
3.602781890544768e-6
4.37487112483269e-6
9.944205533662796e-7
1.4111724957950406e-6
5.409622763417352e-7
2.1072399605265088e-5
1.7413795407231542e-5
4.983242715609608e-6
1.3980643060890753e-5
8.607845180567728e-6
1.4372052629930024e-5
2.9911663348743895e-6
2.576679750104938e-6
2.4561963926843932e-6
1.884472057443834e-5
6.24411055740897e-6
4.542033324454331e-6
4.401368201804649e-6
1.0422404278108152e-5
1.062983704484112e-5
6.038900142510375e-6
7.831809431514649e-9
3.3922236738837905e-6
6.349619779402602e-6
8.000703048378295e-6
3.0233165722034174e-6
2.7238587591334204e-5
3.5236401488776663e-6
3.3187057294455207e-6
4.472602151788898e-6
1.5655323894561712e-6
6.689509739845591e-6
8.03211989348092e-5
6.289690273500805e-5
5.642903876703971e-6
3.074802426183748e-6
1.1325840915257882e-5
5.923730935769622e-6
6.325931608653607e-6
2.995297617641896e-5
4.579071454107589e-6
3.927954708950546e-6
4.30389009498148e-5
1.3846869324063359e-5
2.2650539349341805e-5
4.339113784006641e-6
1.4687569511063941e-6
4.3355581127322415e-6
1.1890395935815876e-5
2.2649079100124995e-6
5.077944826676721e-6
2.5516636851684337e-6
4.736867044462537e-6
6.328348607903167e-6
2.0118614329605628e-5
6.427396713431793e-6
0.00037771930044389106
2.1765758370324596e-5
6.152456444604332e-6
6.603954657622571e-6
5.159267435454401e-6
9.774045394769882e-7
1.0078848110857593e-6
3.1648656530993034e-6
3.940231494859789e-7
1.6057422478931579e-6
3.06577740189636e-6
5.50363638241832e-6
7.325014911400429e-6
1.1188019651055978e-5
6.647544569450716e-6
1.906764993453528e-5
4.832191984458991e-6
5.055971027209483e-5
3.7217018376923762e-6
6.752197509531997e-6
2.9753534564824085e-5
8.959032216882259e-7
1.3417813049186684e-6
1.3055028273743497e-5
5.760568572197592e-6
4.4639243667433985e-8
1.8063288032637044e-6
6.692162392709988e-7
1.825026362304852e-5
3.53109025119738e-7
6.024114415643344e-8
9.956749634391816e-6
9.296656664065513e-6
2.582416015278879e-6
1.894115846681882e-6
1.6063638376161347e-6
6.285448529953419e-6
3.4838290298164912e-6
3.639106779487232e-6
5.05152633984298e-6
4.728473986226704e-6
0.00010164421397398677
8.084013540117513e-6
2.508493794636914e-7
4.0679949260226855e-6
3.865693067275991e-5
4.863650183380382e-6
3.5409730702209337e-6
6.906980791485828e-7
3.7688962542957845e-6
3.126055073583307e-6
1.1750540856236212e-5
5.625848574945202e-6
4.586282233943995e-6
7.45655611459426e-6
1.0346535389612085e-5
1.1514401070954954e-5
2.508143714479238e-5
4.310841037092247e-6
5.602103771975486e-7
8.482932424950569e-6
2.9925102154878217e-5
3.202259287087297e-5
3.3646722866176892e-6
3.64791804896025e-5
9.924628112212529e-5
5.0087429267098535e-6
8.186422412633749e-6
5.467633057045341e-6
1.7101468079745705e-6
2.8213765819451374e-5
1.8001235557934753e-5
1.1497755224182003e-5
2.1265837426202198e-6
1.571717557579355e-5
4.808855440883525e-6
7.546407085994119e-6
1.2147919940118629e-5
3.4881722659664756e-6
4.301546323214114e-6
7.082794859224683e-6
5.314091339779918e-6
1.7913529069182202e-5
5.996756873190869e-6
3.3254756087505156e-5
7.060729243413458e-6
3.760141776074139e-6
6.165093310952037e-6
2.5251889414853516e-5
1.1081786864341658e-6
5.12631075495997e-5
8.611709666931668e-6
2.999673366793991e-6
2.1033143458065885e-6
3.2219292553117206e-7
6.514370377351557e-6
5.167545757429713e-6
6.492814545580776e-6
5.60742286558841e-7
3.0617983741604826e-6
2.047339733215821e-6
4.605810773789778e-6
5.988485144304462e-6
2.22225434397514e-5
3.1512925455757496e-6
6.638498524606788e-7
4.529632634628456e-5
1.0236734237044675e-5
3.5775091807062725e-6
1.0236217370340357e-5
5.9921042829061404e-6
4.080153125886718e-6
1.6866575878166165e-5
6.479352703743339e-6
2.2437468719598837e-6
3.0537759893532344e-5
7.486952455543489e-5
2.726800966404034e-6
3.1625838934896472e-6
3.877209731002616e-6
5.556507542723055e-6
6.101499502682629e-6
2.3972005936450086e-5
2.6037498429954127e-6
6.893602902422902e-6
2.4867891012266353e-6
1.3384955849978093e-5
2.4279075453531605e-6
3.1663216994240274e-6
2.6135975472704512e-6
1.9685240876257516e-6
3.6551169939800053e-6
4.336153925506879e-6
4.725938052033681e-6
1.3552515280850135e-5
6.85536908949403e-6
1.0001757151408032e-5
3.317534730982987e-5
1.1052676904624684e-5
1.4183162788505118e-5
6.2710849191110435e-6
7.76292878082868e-6
7.33139136353788e-6
9.282482275385866e-9
4.9907534776523825e-6
5.0162104318530754e-6
2.092752139872212e-5
6.9949347116299375e-6
7.558049600615709e-6
6.722144798309184e-7
4.866783398491374e-6
1.3325846844675506e-8
4.870196099275186e-7
5.053210295534136e-6
1.962054898571525e-8
5.812478137805612e-6
1.3352843795700404e-5
4.329145387960514e-6
3.4381182505413067e-6
4.146229018549371e-6
6.732366868754886e-6
4.023993708547879e-6
3.081023333692314e-6
5.439926665681283e-6
1.444051342517503e-5
1.700567608340229e-5
5.0718816404672e-6
6.143713905754874e-6
2.214058395005887e-6
7.001983324680946e-5
5.757068758829001e-6
4.879266082947644e-6
6.355225336118431e-6
4.336097199939844e-6
0.00012278005726621533
4.042856618388299e-6
5.70892095852872e-6
1.0397880703197896e-5
2.8790381416231453e-6
5.578269206413994e-6
1.3416167187729974e-5
5.320277572614865e-6
2.4633160167189707e-6
9.085009408801145e-6
1.8118535810289849e-6
2.4071043285362576e-6
1.4878072889611836e-5
7.768031683989638e-6
9.965695230750906e-6
8.117452452380804e-6
1.36710824071737e-5
6.424091386960249e-6
5.285850423432536e-6
4.375539474864197e-6
5.318420094873573e-6
9.934187288756124e-8
8.544631347126092e-6
2.795235028773522e-6
3.744717638887292e-6
3.7750643402009593e-6
1.0578251999231894e-5
3.7526014650611062e-6
1.3595508558934965e-6
8.798635423193382e-5
9.134740584727071e-6
7.33587284690308e-8
1.345615754388323e-5
8.311344185729858e-5
4.402013953822083e-6
4.832768451639288e-6
2.7346847556328305e-5
3.4237689703117518e-6
8.449508434373028e-6
9.853137450454907e-6
1.3164145088098946e-5
1.4351169224242236e-5
4.2368334604299095e-6
1.6350222781877638e-7
3.0108726659704492e-5
5.350250080965778e-6
3.0536554482979855e-7
7.13551095680877e-6
2.984441573504722e-8
0.00012284209216315258
9.574283602588714e-7
8.184400053223814e-7
4.018536007666088e-6
2.96528617257515e-6
6.841694146238901e-6
7.476541747686707e-9
3.463797344750084e-6
5.937506117119921e-6
2.0569109883714525e-6
6.816375690229337e-6
1.5762467094139374e-5
6.025964004952074e-7
6.357002670744547e-6
4.250684560551371e-5
3.371654671834396e-6
6.710568367593555e-6
8.195528189233127e-6
7.322508455452508e-6
2.1042669377760164e-9
4.1287440904918284e-6
0.00012059843493044138
1.4485222162963958e-6
1.43454910692573e-5
4.401002853334377e-6
6.986696325573215e-5
2.5750977366152788e-6
2.7994638428547426e-6
7.224307015018211e-6
6.842601152109392e-6
2.4083364491412814e-5
4.5420428382877325e-6
4.48365091386716e-6
7.360669448156539e-9
2.0068359547343384e-6
1.1660958707946352e-5
2.202553259084774e-6
5.074057779253811e-6
1.2812934299822393e-7
1.202470651256933e-6
1.961662136722092e-7
4.208615431503767e-6
8.303626997454673e-6
4.1764623131023535e-6
5.276604108135842e-6
4.744739817889634e-6
2.2542979876758664e-6
5.323951617327867e-6
3.6108411570260534e-6
4.185707460255704e-6
9.593208780227405e-7
7.439048806861666e-6
2.547138851222705e-6
1.049501786783783e-6
8.453471276249223e-6
4.761321934328179e-6
1.0763459817158303e-5
3.1199463383143608e-6
3.646409556585386e-6
2.7839637425436824e-6
7.73518394690853e-6
1.3217851274573937e-6
2.466731009235509e-5
2.9418670491979722e-5
9.497815391409761e-6
1.9925016963053846e-9
4.265006806010002e-5
4.137753498489187e-6
5.913964894721303e-7
4.6055363649782896e-6
7.4885706079677686e-6
1.3274227655237743e-5
6.563604644713367e-6
1.9614685742043547e-6
3.914260743265537e-6
5.215406194566376e-6
1.7610303377669102e-6
2.4350867917204335e-6
3.5840596521547e-6
2.726609734729389e-6
7.973210348015927e-6
4.873114047350988e-6
1.8705698288042265e-5
1.0318517170237967e-5
5.624041515740947e-7
3.855417238926209e-6
4.947677924230087e-6
6.874965583597799e-7
9.74973513028354e-5
2.3330729829329735e-6
3.6628521171519712e-6
3.857497138719384e-6
5.165634789538535e-6
5.41351399169238e-6
1.4829840613061933e-5
1.4111677271379866e-6
5.527625483841061e-6
7.91390797419745e-6
5.8784004372664555e-6
1.1413824543545984e-5
4.8941076732808094e-5
3.7407335132904916e-6
1.4628384729282772e-6
4.619051772313808e-6
6.7445723016302365e-6
4.6444887755388085e-6
5.409195094215409e-6
1.2515995278582487e-5
6.895336680533004e-6
4.879429314935553e-6
1.1317829743060547e-5
6.419607891107931e-6
4.72634712988996e-6
7.613106877874366e-6
2.660724218654679e-7
9.380321443336831e-6
3.498512049317455e-6
3.174650556683046e-5
1.696062060656731e-5
4.048607330214722e-6
1.639258922892092e-5
1.2926864781682539e-5
5.726077226680436e-6
4.7552142416552724e-6
1.3720261365513602e-5
6.846620682115827e-5
7.755358046793973e-6
5.394748109595974e-6
8.34512903463417e-6
3.3004024285165525e-7
8.942981505895187e-6
4.322488532427295e-6
2.7128397687398185e-5
5.629649574012358e-6
4.570054120607151e-6
1.2287052779590695e-6
2.4420841166481375e-5
6.285468563204452e-6
7.077794924106664e-7
7.836192678617596e-6
2.017645610528849e-6
1.8997658916284077e-8
2.479419958137712e-6
8.87359861399417e-6
4.50697287843509e-6
2.7190167434217577e-7
0.00020267580886307069
3.097874430872469e-6
1.923256736742385e-5
8.009234944990362e-6
4.497235045932741e-6
3.830139725299679e-6
1.2154859461088085e-6
3.0839185832806453e-6
4.645010903320307e-5
3.516126684162346e-6
8.377826200554219e-7
6.021734346023909e-6
4.281886910739093e-5
4.970632493915572e-6
4.5737765872405625e-6
3.0745876164282813e-5
4.244724649192864e-6
3.316052176650453e-5
5.807923605980225e-9
5.355234335795325e-6
1.1590040511858942e-5
2.9167612162777772e-5
7.614015822414201e-6
7.792064454835752e-6
1.588390174819359e-5
8.328779922378352e-6
2.5274810721958585e-6
1.2524770941852787e-5
5.691457121787417e-9
4.26076399437709e-5
1.7286304108390702e-6
6.470967442944507e-6
4.521213889373586e-6
5.295114857651021e-6
2.778747598245795e-5
4.759571687125193e-6
1.6163999185254214e-5
8.778855797965743e-7
1.608082788563362e-5
1.3660926694448397e-7
2.737806800923255e-6
3.0720326826265587e-9
4.421302306049704e-6
9.50825373843136e-6
4.467488957674067e-6
2.7806298875605624e-6
6.36504667077788e-6
1.2509072106952018e-5
1.6016233016065185e-7
3.9810305612956414e-7
8.744444139580617e-6
1.9276151227763246e-5
1.1394284349885998e-5
0.00010861255015488508
4.870057071703525e-6
9.713610669647718e-6
3.481064107519543e-5
9.05714683637953e-6
4.535281033427691e-6
2.7814400214723598e-6
4.879295458226743e-6
5.116149154390237e-7
5.365045026139315e-6
3.4886614845515554e-6
7.963961521732216e-6
1.860869503520236e-5
5.867991940397275e-6
1.7739697937713663e-5
1.933893237171542e-6
1.1515761948041039e-5
4.351673841005224e-6
3.538486687830958e-7
4.915536780278025e-7
8.644904306092745e-6
1.2285370590595547e-6
2.2245044857108365e-6
6.399247298486281e-6
5.431332320907708e-6
4.025210178939812e-6
7.406877531719832e-8
6.843962487304341e-6
1.98226033385397e-8
5.686503678414232e-5
5.520694263661516e-6
2.0890605651936113e-5
5.675538461032028e-6
1.7208257986994206e-6
5.823355045083239e-6
2.0209047826124282e-7
3.0839671235137834e-6
1.3772888816874568e-5
6.601450924895701e-6
3.731158970156728e-9
1.7684132672502026e-6
8.36370219463272e-6
1.175735834470126e-6
5.314180580671825e-6
6.136255541438204e-6
2.024549765320296e-6
3.7742444139775656e-5
1.942656721372412e-5
1.6233108184119563e-5
1.5135709331431857e-5
6.1023384342646236e-6
2.5646541259643776e-6
4.703008882755876e-6
4.102973410205119e-6
2.09919179059563e-6
1.3276635580742997e-5
1.431835819223814e-5
9.442684978857904e-6
6.9937573216298075e-6
9.898532096233185e-6
2.0948599946149434e-6
2.0693119584583856e-6
6.641731890784475e-6
2.1891575327516582e-5
6.432049637092458e-7
5.824887778280851e-7
1.1891183721668318e-7
1.4047988137540855e-5
5.722419666928741e-6
4.156094041568972e-6
3.23298410568282e-5
6.857844315526222e-6
4.2698883865035e-6
1.91120798338306e-5
2.856746141891966e-7
6.364749391448699e-6
4.7402525734300743e-5
3.6021295784047464e-6
5.255594890071791e-6
9.426091659125505e-6
1.4165456973427986e-5
3.403931406982949e-6
2.9247130579497345e-7
2.4760109375910065e-6
3.88324939785354e-6
2.572196276802932e-7
1.4216163558834778e-5
3.92488526356806e-6
7.16201589365801e-8
1.017884249611888e-5
3.760235474758437e-6
0.0001098827525281363
7.636636789377887e-6
4.52418230797965e-6
4.2558658978226575e-6
1.5695033996533695e-5
1.1804875410461627e-5
4.946898596069814e-6
4.410274643511974e-6
3.881737915675506e-8
4.914209364408823e-8
4.073159765027861e-6
1.1411946255345463e-8
9.355805096759923e-6
7.829959840054482e-6
1.3278585772949827e-5
2.4462863065533525e-7
6.959007488407721e-6
3.015124004767072e-7
4.420694753020876e-6
2.4253250152402165e-7
1.688449871099793e-6
5.869145540487886e-6
4.513011080626881e-6
7.85799665498829e-6
2.7059344400468323e-7
8.369501004767023e-6
4.635690213831991e-6
8.418053060114946e-6
5.866950771548532e-6
5.030500688802567e-6
4.2232910147971903e-7
1.1256676565118818e-5
8.795465454699601e-8
0.00018756603281740468
1.83066484483612e-6
3.346414152199375e-6
0.00027967151984948263
1.729449911205895e-5
9.501581252852756e-8
3.421434794741926e-6
0.00023121171982587061
1.1986910986135786e-5
5.981072922983196e-6
1.1110145156785787e-5
7.662942986363902e-7
0.0005678901672144968
2.729141834231415e-5
7.73088405101745e-6
3.079813548865967e-5
3.6967448546555023e-6
7.934229755706033e-8
2.0270346852418776e-5
2.17513461116005e-6
1.6252670200199997e-5
4.74927142994599e-6
3.009081402198629e-7
1.5969357598502723e-7
2.707668590377535e-6
6.079326005345077e-6
2.7008282411873322e-6
1.8579789820807146e-6
1.2181489211045873e-8
7.260011213819233e-6
7.594200393644517e-7
6.2937750106943285e-6
6.274214446460483e-6
1.2220762755900624e-5
4.678292025096805e-8
6.330733501584165e-6
1.3504997379421988e-6
5.309449969495472e-6
6.448251921203478e-6
1.7087460420252693e-6
1.8978769980432943e-5
9.989450056736482e-6
4.223518366853316e-6
1.3779823618046793e-5
4.250806371096888e-6
1.995028533909423e-7
6.660142538337987e-5
1.9392349201231967e-5
3.441663383656055e-5
2.4109893927302076e-6
1.3822638251269163e-6
3.6023533812400294e-6
3.0718882570393877e-6
1.5017472376846293e-5
2.9996947184522097e-6
9.464751729081906e-7
2.407267369029468e-6
5.149960269571318e-6
2.6140849650927256e-6
4.736235976034005e-6
3.493866288133117e-6
5.051803399746291e-6
4.205051915949923e-7
5.433270455234617e-6
4.094361056045865e-6
8.601857223499634e-6
7.920967111867378e-5
1.6249287251056856e-6
5.714877722373171e-6
8.296770035971774e-6
4.624406243778824e-6
6.521518711650396e-8
9.104727026138108e-7
1.164288567533809e-5
5.803997618810601e-5
1.784891815542831e-5
4.0269817694155154e-8
6.135993683311001e-6
2.504291131503688e-6
1.4469158582782848e-5
4.371105854613357e-6
1.3228500795821009e-5
3.958119527139945e-5
2.1653503011082505e-6
5.0228697365492e-6
2.616370014930023e-6
6.582911604605279e-6
1.7878637268946005e-5
5.079887256787715e-6
3.068756073415139e-6
1.374387697202866e-5
3.7535150493174726e-6
1.078429486461381e-5
6.650454053761678e-6
1.2775305514770618e-5
2.3369732511852844e-5
8.442644584637488e-6
1.00624350943329e-5
2.2762121232123583e-5
1.633247596273874e-5
1.331599542827092e-5
4.3536227769446194e-7
1.8417225447926143e-5
3.7387817973597743e-6
5.781725236968171e-8
0.00014187297987436218
2.105680527002429e-5
4.097528291659171e-6
1.0521452653196199e-6
2.7517490018837353e-5
1.5809704223377435e-5
5.116834007317105e-6
1.894356894103991e-5
3.1253782356913e-5
3.187500646151645e-7
1.230622126274944e-6
6.839821970093162e-6
8.47269188644855e-6
0.00013453720139653855
2.2777391454162023e-7
2.7367598749383796e-6
0.00011568457463623526
4.4669172597995463e-8
7.18948706053571e-7
3.586486244463883e-6
6.20044936015757e-6
8.082896054414263e-6
7.201565713940736e-5
1.3346875991659487e-6
6.509898192660425e-6
1.4083886465558809e-5
1.5942839839406607e-5
1.4323132889213272e-6
9.35996832938195e-6
2.0523733338180604e-6
5.6403434748901325e-6
1.4780002254160165e-5
1.2996519949014637e-5
4.861385201447641e-6
2.616937908314787e-6
2.5063902366044087e-5
2.160420569690589e-6
4.118783360579968e-6
5.570304880581714e-6
3.731055263316987e-6
2.2558844514949047e-6
7.72931729084367e-7
5.809702125846952e-6
3.188010792935645e-5
7.090664786807635e-8
3.8278034601260345e-6
2.602830240121278e-8
3.0343507569837587e-6
4.2585742718816034e-7
4.009136382465073e-6
9.707562269183179e-7
1.0777994515818729e-5
1.5521261721037806e-5
1.7643238120151537e-5
8.871819095814165e-6
3.7468437920195477e-6
7.407911425528139e-6
5.673106810748185e-6
0.00013129760087179422
5.770810516285895e-6
5.308151808448987e-6
2.476990574880647e-6
4.8279056483825134e-6
3.849942934673832e-6
2.006354549202902e-5
1.8147073429357647e-5
3.5469020008565925e-6
9.383394714092183e-6
4.711828804260372e-6
4.368951810281005e-6
4.347277725670779e-6
9.715159539484054e-6
1.7897134846444128e-8
1.2156929405810768e-5
4.648424123973739e-9
1.6618930840197813e-7
4.713705308220036e-6
6.583303300085568e-7
6.9937119219820305e-6
1.6118362747734921e-6
5.7044240489967985e-6
7.007327907015095e-7
2.607525653979377e-6
2.3286061283002175e-5
4.132191147500996e-6
3.892535832734277e-6
7.774760535896859e-6
8.633377994904225e-6
