5.174878873814561e-5
2.7071407562158016e-5
2.293158376937833e-5
3.8311768494246564e-5
3.486922341284297e-5
2.760415423572262e-5
1.9837715601344843e-5
2.3594958512265972e-5
2.366173058698433e-5
3.1954736316297924e-5
8.523695982690527e-5
5.293484345669051e-5
1.8997764935595376e-5
3.060264779450756e-5
4.3712098087508335e-5
3.0114282268522897e-5
1.884231661878045e-5
2.5748163235423034e-5
2.1337969078509712e-5
7.808368163027004e-5
2.0870225425756344e-5
5.586793554618999e-5
2.0921262776933543e-5
1.8494236073048794e-5
2.0527116459265027e-5
3.0436980277213486e-5
2.1276616261259353e-5
2.693223502457749e-5
0.0013794804015100027
2.7706048341960303e-5
5.8902628197595396e-5
3.8009525060975114e-5
2.135624741749887e-5
2.084532585501044e-5
1.6651615885759557e-5
0.00019156012009724266
1.7977211223874333e-5
1.5625037114299295e-5
1.9234028325164482e-5
1.606555355052407e-5
7.055160239121575e-5
9.568485109092979e-5
1.557454696006845e-5
1.4473777727367664e-5
0.00039453742802414356
5.1418947231314234e-5
3.967293616431992e-5
2.9819651931613173e-5
2.7179985486579797e-5
6.348111307072491e-5
1.3494230241797633e-5
2.874384431710201e-5
1.9997158850014077e-5
6.366047814237999e-5
4.105435958324702e-5
1.7636980571057334e-5
2.6108294055531045e-5
4.2140364374433884e-5
3.353385645719828e-5
1.8911971124829063e-5
1.9355939402540975e-5
1.4080120224464111e-5
1.7404994230381693e-5
0.0002559488108873999
8.583043197980044e-5
6.993025386626054e-5
6.318560987320981e-5
2.514260285544569e-5
1.5809557293148617e-5
5.259607617207149e-5
4.277560054923059e-5
5.330339558313919e-5
2.827008292894731e-5
2.464626897551129e-5
2.7479429240092952e-5
1.8527880297815146e-5
2.4796949906307812e-5
9.27586422407102e-5
2.270899332872007e-5
1.94025825473999e-5
4.2582465067870174e-5
1.5868986851667998e-5
3.467787021334215e-5
4.301526233762435e-5
5.220748067459396e-5
2.3644854396235134e-5
2.7694239495312396e-5
6.200959172875281e-5
1.754986210865774e-5
1.90133013068876e-5
1.893435973966673e-5
4.321112521267992e-5
2.7085354122093844e-5
1.2868685814579027e-5
5.3529996440466965e-5
2.8743534331873736e-5
4.866942867695431e-5
1.2960312217967493e-5
2.025500787606572e-5
2.8956421641851942e-5
6.518679140523228e-5
2.660246353328701e-5
2.407950458541355e-5
5.373177594824037e-5
2.9785543027629902e-5
3.577251863219116e-5
0.00010745871825962177
5.473448679295693e-5
4.1652414350855656e-5
2.31080537526967e-5
8.967383180445421e-5
1.5844586196918557e-5
1.6065250211083457e-5
2.297408318026635e-5
4.508548544184623e-5
2.3946690282200968e-5
3.633112308776263e-5
2.910195078504253e-5
9.100342650393804e-5
2.0984162365114213e-5
2.073836034249144e-5
2.0010398012200444e-5
2.3949288449247913e-5
1.5002472776779104e-5
0.0009261746515030884
2.224867711293518e-5
2.2631791794633183e-5
1.595379138960177e-5
4.8219181592832216e-5
2.4900763990939084e-5
3.833838371265252e-5
1.613271932452641e-5
2.6857348163869795e-5
5.0996948963738764e-5
1.9907342048167934e-5
5.033028750400847e-5
4.0540139816499485e-5
2.496172118652488e-5
3.7603652490880884e-5
2.6439896613959004e-5
1.9756604990431428e-5
4.042650683207256e-5
2.671396626669989e-5
4.174769910580175e-5
3.257427980541861e-5
3.445954396161153e-5
0.0001558247178017561
5.030170233403578e-5
3.979221229352508e-5
1.6614609957683477e-5
2.0669627553709598e-5
3.2191790019350276e-5
3.461841702552188e-5
2.3122706313951526e-5
2.8633330210404158e-5
4.7864491919988347e-5
1.591075996944552e-5
8.931077386421615e-5
1.5954031845793377e-5
1.930271880884596e-5
1.4939456335663165e-5
2.493971835645354e-5
2.2101505502275466e-5
0.00037560655773383796
4.108286403572125e-5
2.553239334332758e-5
1.694955124700761e-5
2.5414952891567024e-5
3.828476033235645e-5
4.875897641679128e-5
1.5397029136487827e-5
4.89417735458468e-5
1.688597899612578e-5
2.7200726149271813e-5
0.0004185012448129119
2.2027436898808812e-5
2.22037340394303e-5
2.4300580626408008e-5
1.5430252876295502e-5
4.678929627617417e-5
6.306744342326921e-5
7.46904230056143e-5
1.863782550579826e-5
9.146144483724242e-5
2.5444970786491046e-5
2.892540204081735e-5
1.677299612178039e-5
0.00012317274980439734
0.0005356489591809416
2.3294852377677112e-5
6.203661168162148e-5
8.310292673052604e-5
4.688841765888848e-5
2.8297682228828674e-5
4.082665181151392e-5
2.7973775053617028e-5
2.288503921977701e-5
4.198632684241702e-5
4.584443719254e-5
2.8670190566227334e-5
3.2158521444799137e-5
4.677962480309404e-5
2.368964014381159e-5
0.0002477203833580303
0.00010170332494581182
1.677396812336333e-5
0.0012027387380467963
2.083231702691257e-5
4.793308721454698e-5
4.969766532325638e-5
3.565800252975052e-5
3.1664674900965186e-5
2.081949103855043e-5
2.7139007121847544e-5
5.695263063842509e-5
1.6336276536573192e-5
4.018391820297061e-5
4.607871335836512e-5
1.8322620133407074e-5
0.0001108206234219005
2.0347864960066052e-5
1.7259855619919627e-5
2.5532051654200383e-5
5.943684086352356e-5
1.882674237345847e-5
0.0004058761712437879
0.0001195168536551311
1.3252226240059567e-5
2.664960099269284e-5
2.3923777190776543e-5
2.168084050061151e-5
1.9032650777705487e-5
0.00024749352789897166
3.505844855916184e-5
3.490109838855167e-5
1.9702667034168523e-5
8.863363876895405e-5
1.9491766976432872e-5
8.714287704190845e-5
4.9380231587638116e-5
6.441554257564961e-5
2.1690950033854022e-5
1.8373553027038882e-5
4.279857951941077e-5
1.6260006018017512e-5
2.5813294810355857e-5
9.017094271539574e-5
3.347607843546971e-5
3.237458660766896e-5
1.8559305442034566e-5
1.8911384667940444e-5
9.984938399317981e-5
3.632802502056307e-5
2.9224712423218485e-5
4.2052069599086785e-5
1.7759569228073142e-5
1.5372953214420554e-5
1.9462064447100195e-5
3.085740772592965e-5
6.399951641110064e-5
1.881390846760773e-5
2.9216309767274988e-5
3.053021713189625e-5
6.258138106908986e-5
2.2502208700831647e-5
2.6691657167183002e-5
2.882136942467924e-5
0.000131335195583157
3.1114875800939014e-5
8.536698636291843e-5
2.1416556113122996e-5
3.634626045875206e-5
4.0128057594312e-5
2.077539275216224e-5
0.00012850661735575993
4.417579123614035e-5
2.248079990844882e-5
9.694935152758338e-5
2.274595219036573e-5
2.065807106245042e-5
4.7723368652807564e-5
2.9089733991728012e-5
5.629017059860761e-5
2.8651603626652396e-5
0.00015479832151038902
1.9125924602498677e-5
6.573570771215459e-5
2.3727297920862362e-5
3.5383387165447004e-5
3.140690183049425e-5
0.0001532862363676037
4.478493181866395e-5
2.6876001082755235e-5
2.853291563650651e-5
0.00010515108699368115
2.2558324478366535e-5
4.23931374659809e-5
8.39556112157482e-5
3.153706433102376e-5
1.9414149710253598e-5
0.0001586695883682307
3.329252022204623e-5
1.6455768210010223e-5
4.5145124814573094e-5
2.0310900594197586e-5
2.17722694248681e-5
2.774531405441037e-5
5.128427735500143e-5
2.5633332294571216e-5
4.0468183404321914e-5
1.7675355025680562e-5
4.7422106337746355e-5
4.95777982643532e-5
1.4676249133460486e-5
1.3718805404040344e-5
8.902231520067246e-5
0.00011900753481542043
5.3382272536085874e-5
0.00028145781684988497
3.17972888335181e-5
2.2170895625794478e-5
5.109040467922748e-5
2.4277438848123495e-5
3.1640177624185903e-5
8.434728003389642e-5
8.503190730359084e-5
9.567769386273836e-5
6.455863014558578e-5
3.642875597168772e-5
2.8947000177768796e-5
1.8444587724415252e-5
7.21004363590563e-5
4.026097298526237e-5
2.9233678432961996e-5
3.343767990600731e-5
3.795799645531201e-5
2.842388657557399e-5
2.0926609104096946e-5
3.3330930301024754e-5
1.3476012764894958e-5
2.8281457670264848e-5
4.6012272185264405e-5
7.770732465318848e-5
2.6384818205825633e-5
7.969671728054498e-5
3.628861175824135e-5
3.991983537001584e-5
1.688041473050755e-5
2.405693332065555e-5
5.709656865647636e-5
1.6372763546376657e-5
2.0785645505474564e-5
2.6441060835107422e-5
7.731477794670178e-5
6.720624761251158e-5
1.560752934736441e-5
1.7704045579172664e-5
5.884909068910018e-5
1.7780712981386166e-5
4.1165769867531775e-5
0.00010860118597251685
5.668452236796048e-5
2.479505670850683e-5
2.0988431095759438e-5
4.459355571829999e-5
7.510802452094506e-5
3.473605998983725e-5
1.3901310176046353e-5
7.616823246915288e-5
9.099641114195031e-5
1.6367451898178916e-5
0.00035203160370368133
1.560926985602283e-5
1.9053092312065922e-5
2.2190433269449204e-5
1.7482222383858534e-5
2.6709423643646264e-5
5.944838708553735e-5
1.4675372799141901e-5
2.644987796630589e-5
1.8690003093463334e-5
4.3350960165265557e-5
2.9374810313881143e-5
2.9726618684542148e-5
2.3458220638939805e-5
1.6039985013465935e-5
6.747986706402753e-5
2.0295829940989375e-5
0.00013153135535397335
2.3836359021403664e-5
0.00011082706457100039
1.7701669236614804e-5
9.83233240637253e-5
5.2251119948735553e-5
1.6054760072161378e-5
2.4320302488261396e-5
1.962574699733295e-5
0.0003722221782893359
3.6582644627201787e-5
3.57916342144605e-5
2.0953677290232935e-5
3.3907507202103e-5
0.00022191006813452902
1.564752380284332e-5
3.114512253065848e-5
2.5218377218936556e-5
3.2009918668138426e-5
5.968701131442102e-5
3.91769104727822e-5
5.482089494529525e-5
3.2872160749161296e-5
3.401509433125423e-5
0.00014374622089565882
1.3584902675772458e-5
2.1038749052652998e-5
9.428240508842162e-5
0.00010322885514121517
4.859127143864582e-5
2.56616904446018e-5
1.669678429380348e-5
2.5457861300610278e-5
3.0533249547332106e-5
2.5985237732155077e-5
3.9163750127648654e-5
2.3962931974129135e-5
5.608944342264031e-5
2.5722400700140202e-5
3.7444395043833796e-5
4.0332448546530674e-5
8.751345098876581e-5
4.272450288611355e-5
3.556655003478666e-5
2.666576236106186e-5
3.4738778759426335e-5
6.629725247347834e-5
6.434445298662894e-5
2.240715106721869e-5
4.941024251278493e-5
4.845192144244818e-5
2.655141790926328e-5
5.767837190578576e-5
2.1877117389463568e-5
2.224224484228932e-5
8.724992189013177e-5
3.364013463309403e-5
2.223991696771751e-5
1.762541027214198e-5
4.258104037976659e-5
2.07820795458093e-5
2.7093627232834424e-5
2.630169600705977e-5
4.836051489199393e-5
2.4934982126512494e-5
2.014855817006182e-5
1.6924836409677957e-5
3.643052091793484e-5
3.2203156518450974e-5
8.179379227170418e-5
1.7842553276400114e-5
8.267664657812376e-5
2.2043641846407158e-5
4.852681671041156e-5
1.7630185345576495e-5
2.0404909184133504e-5
0.00032144993193157625
7.105098529936619e-5
2.407874261324125e-5
4.203012186520945e-5
2.598684559764305e-5
6.973936557039065e-5
3.93844405209047e-5
3.725461806144522e-5
8.306260792882311e-5
2.3346774630696477e-5
8.574853046719516e-5
1.928812317951682e-5
2.6715865810049317e-5
9.597510623293762e-5
2.4215852245315607e-5
3.2847675677681766e-5
7.270924779068951e-5
0.00011499378106002686
2.4807061577635235e-5
2.9332872892907776e-5
1.4882999220991625e-5
0.00010683958432315221
2.905387241025321e-5
4.4875442068733954e-5
1.795937300108424e-5
2.8704210561452322e-5
6.980923123133277e-5
2.5627967500312654e-5
5.56216536007437e-5
0.00012392914419528773
3.0726220082316666e-5
2.8302264774222147e-5
3.0550935167746434e-5
3.0254801872282572e-5
4.306486111411905e-5
8.890123679433401e-5
5.586751021097755e-5
6.464891118328156e-5
2.5533577182286985e-5
3.9339712548602706e-5
1.9197018887726435e-5
4.157203139269781e-5
1.911058056673326e-5
0.00013133578814213565
4.2419581016182765e-5
4.8246685164916724e-5
2.1894681301114667e-5
2.912728419446708e-5
3.591762320216663e-5
4.04550134642826e-5
6.041475958167096e-5
2.834689267757781e-5
3.194230128619879e-5
4.4448776096208125e-5
1.6339739573679405e-5
1.4533822575997466e-5
0.0002650987516697697
3.767153323599957e-5
1.6897269536979525e-5
2.1191749200894893e-5
6.153277083749115e-5
7.991965736649294e-5
3.7647958249020213e-5
1.861986303624228e-5
1.9817931488879696e-5
2.4266499419769982e-5
4.444271677228581e-5
0.00013876584384175177
4.792379419452405e-5
0.00010102873278773507
7.294973151699575e-5
6.172878399478015e-5
2.0869002281621496e-5
9.131873636332715e-5
8.832627633233776e-5
5.892293158695098e-5
3.5169145633513836e-5
2.148792538172503e-5
1.4134201972321475e-5
1.9953478804042076e-5
0.0001147643633852999
2.9065200471786182e-5
2.8103635995263092e-5
5.76614469004481e-5
2.666904773935549e-5
6.463527229255201e-5
3.81807336668017e-5
3.402570014722964e-5
9.396823100858739e-5
4.6641879114959516e-5
7.998706391709057e-5
4.253617643905656e-5
0.0002981529235973818
1.4724894629835208e-5
3.313581972143898e-5
2.037051133128273e-5
0.00014079732061861566
3.170484554907063e-5
2.8902398977140936e-5
4.9468699845828304e-5
3.828313933016981e-5
4.452310884214806e-5
0.00027093869966027847
3.208344039931915e-5
9.32801844677652e-5
9.326851646224252e-5
5.683018801323791e-5
5.1886900241000545e-5
0.00012178366077990618
2.7378868498184243e-5
2.3784228471978795e-5
3.5063047335798665e-5
2.79333577561723e-5
3.5018687893576705e-5
2.0403260939827987e-5
3.926650379832914e-5
3.28800245043087e-5
3.0778209474406614e-5
3.539760532641975e-5
7.391551458091756e-5
5.369330867431267e-5
3.0666213767432e-5
4.951088744779441e-5
2.7136791823755306e-5
2.2182184744349944e-5
9.102383092840833e-5
2.686201127173342e-5
0.002444856807029824
6.0327250437123554e-5
1.2511058483300257e-5
3.0026242640996495e-5
6.805745903435897e-5
1.289210580388116e-5
5.243242607860746e-5
2.2940501488198604e-5
2.0557656278417942e-5
3.8036506583829396e-5
3.0518123545327995e-5
2.2885772869172153e-5
1.7805311584991105e-5
2.0053756171393302e-5
2.060779529257178e-5
5.2260459739273985e-5
3.7384164576699274e-5
4.696501796923429e-5
4.7057773877541354e-5
2.8652800244223103e-5
1.779139571650323e-5
7.348434299191666e-5
2.9275363989384298e-5
2.2003703369164577e-5
4.136277785199059e-5
1.635358013352149e-5
1.76852268364393e-5
2.8229988526391254e-5
0.00010517520951917735
2.9763584719922782e-5
2.817256409481088e-5
2.22970723855199e-5
2.027006418755367e-5
6.296944291112073e-5
4.575674740645185e-5
8.532968841225714e-5
5.608173247287594e-5
8.199117496605e-5
1.8589056271091154e-5
3.6133190306344815e-5
7.830383525822712e-5
6.214446961348427e-5
3.9729827911586915e-5
0.00022599247592922664
4.85908984719418e-5
7.676950774391424e-5
2.2947164804891656e-5
2.819416161779279e-5
1.5718106150821664e-5
1.6240357770521027e-5
3.69030391036573e-5
2.9778187698537152e-5
8.177758484330432e-5
2.6524927908165895e-5
1.9660020749679964e-5
2.5696138995098125e-5
2.6074675260938103e-5
0.00013093658874391897
0.00032117286206158346
2.1271787461213092e-5
8.217053748747751e-5
1.8821398308026052e-5
3.117120095796445e-5
1.941305460772293e-5
6.133792153328711e-5
1.8035333587625374e-5
0.00014524688454522076
0.00012232519138750782
7.93728268726142e-5
3.2703538630763935e-5
6.899878731889453e-5
4.580316234451814e-5
5.75892424227322e-5
2.3091006352494546e-5
3.44542873501807e-5
2.7694791584041377e-5
5.937248238633218e-5
3.469643653219929e-5
4.0802143456031546e-5
5.440654340143206e-5
5.396419830767032e-5
1.8628388643255932e-5
0.00013059988355574326
2.7455212824906557e-5
6.413170075629587e-5
8.255217139589438e-5
2.2374838516171184e-5
2.8827254843590055e-5
1.7736057460368086e-5
6.850244340406408e-5
0.00010062294642213684
2.5390101735210536e-5
2.8962903760359557e-5
0.00010474160171289258
2.3014921289777838e-5
7.738233058600315e-5
2.8016437894849353e-5
3.075793224885031e-5
5.4120590859124814e-5
8.948886253958612e-5
1.5717672191849724e-5
2.378706989113307e-5
0.0001879215942664342
1.7621695468423895e-5
0.00014376697343994002
2.0861560191601432e-5
2.2505035008016372e-5
3.5078861957830346e-5
4.6155410820072345e-5
2.5945829690558797e-5
1.6389180369004903e-5
0.00011439951541102491
7.310162804957253e-5
2.1021847425164615e-5
4.7555777302135724e-5
1.3623196705845582e-5
4.1423048766737996e-5
2.6545338180957895e-5
3.2077653196854425e-5
2.025117625288977e-5
4.3751459836073165e-5
3.6037590519441343e-5
4.11448024417918e-5
1.5026348300332455e-5
0.0003049743233380106
3.9407229468409014e-5
5.453014514083829e-5
8.165580398295449e-5
1.546319519494785e-5
2.7017581628486065e-5
4.647948001691743e-5
2.9830050284563166e-5
9.151036920831225e-5
0.001983624780632566
2.2480357110768445e-5
3.506953005437751e-5
0.00012159483109545274
8.137451982606038e-5
4.87022232895891e-5
1.3928094015370983e-5
2.041293251802881e-5
7.858293683960748e-5
2.1050153561669535e-5
3.854327462888155e-5
3.6131964497941586e-5
0.0002103391995665321
0.00011913776533543682
8.576478506818682e-5
3.0560376206620244e-5
3.65272517636875e-5
3.1041222380733894e-5
2.2010066282781206e-5
2.329895078340734e-5
1.5189269194492956e-5
0.00010529018969508248
5.966963600450428e-5
3.726035683274648e-5
2.836936103667384e-5
8.45571339734279e-5
1.6526263156710464e-5
5.375637763359499e-5
3.545355993833564e-5
4.3779238872984275e-5
1.768511689523053e-5
3.6187460416524165e-5
4.204525600190744e-5
4.2584192308642614e-5
1.954249396879387e-5
2.5637835148219652e-5
7.019826362325943e-5
3.7370319274934585e-5
1.9958242118773016e-5
2.8441432651271757e-5
2.5656120061302662e-5
4.611895844884569e-5
1.6662851178069634e-5
2.8248614258607068e-5
2.5270291601782184e-5
0.00014653037620485952
4.404492969278617e-5
3.703128453571794e-5
6.11703402787043e-5
2.854697520719713e-5
3.542667624208138e-5
2.7633864677695365e-5
2.6697018219891032e-5
1.4012290677490383e-5
4.636251659545333e-5
3.832688410387258e-5
3.589194684650528e-5
6.726682143212324e-5
2.97283951021367e-5
0.0003951176467699532
9.209934394977563e-5
2.9623576125073925e-5
0.00011241451191681383
2.983386400483996e-5
3.3319583124972703e-5
0.00013475214493389122
2.1909255027577232e-5
3.163103425022565e-5
2.306863459536183e-5
1.926985131120357e-5
2.1086126740912573e-5
8.205112078835922e-5
2.671435694847272e-5
0.0001253031489728492
5.146009600522531e-5
2.1556395897516526e-5
5.0638703311955216e-5
1.9042736957353657e-5
1.975847678565992e-5
3.911165321466298e-5
8.808859374845198e-5
3.30696809080881e-5
3.109888363418411e-5
9.276517876988423e-5
2.819818410580116e-5
2.89295031468955e-5
4.017209337668512e-5
1.2416149157427531e-5
4.6390490986136494e-5
1.946073863869213e-5
1.9703982239688586e-5
1.798733200699009e-5
6.035580849773471e-5
4.0825662357723807e-5
1.7133245228120508e-5
0.00018362630216258667
2.4647983479956595e-5
3.669241378432586e-5
0.00011108145027346348
2.431552138306177e-5
0.00016710360424703347
3.6916802054544616e-5
2.5220090151513983e-5
8.635090684589029e-5
2.5934959172762215e-5
6.0155019180719874e-5
1.877739849064433e-5
1.6550565104562864e-5
5.081710829024488e-5
2.30552689367785e-5
3.9740660525407545e-5
5.4713193736007166e-5
7.489376294524648e-5
6.265187532288613e-5
3.409321756682643e-5
7.856486636092265e-5
3.258622797666188e-5
7.985956938262419e-5
6.595634035395783e-5
2.8270112408406387e-5
0.00012662165581245674
3.31232573066423e-5
1.9742470803694497e-5
0.0002866426986364256
1.8076043212291107e-5
2.686990467246451e-5
1.4514403930826135e-5
2.0288836375664292e-5
1.946378784497019e-5
0.00012590804766924427
2.2328993398589822e-5
2.4435239311746684e-5
0.00014031490864514402
3.1849757733431725e-5
0.00010742211967135223
2.159760836642305e-5
4.918116469751036e-5
2.3401028699524323e-5
0.00011022792144952065
3.750420458695792e-5
2.6816832578752542e-5
6.320895180169214e-5
5.063807246108571e-5
5.893458908438103e-5
5.148561412078426e-5
2.2160946394126943e-5
3.02105861242678e-5
3.8131852844566484e-5
2.6269885907917658e-5
0.00042531305573046947
2.4176177837048334e-5
3.221070521847627e-5
8.04484218479426e-5
4.950230260197005e-5
8.705942810991021e-5
2.6547167464422942e-5
5.316258728483679e-5
0.0002661982817179312
1.8659008255494357e-5
1.5174493026724682e-5
4.182983401473951e-5
1.496903631680496e-5
0.00011280736610423587
4.6836850883828996e-5
2.7519150044521592e-5
5.223535671266389e-5
0.0002183989326373846
2.2958235593331782e-5
2.5982089272013613e-5
0.0004741006138889461
4.258834224355799e-5
0.00012567663104571044
3.580938370186215e-5
2.965625436939653e-5
7.690356068522228e-5
5.070053971878732e-5
6.404867365852799e-5
5.7153147626931994e-5
3.658968192654916e-5
1.9481864474786614e-5
9.458056933262848e-5
6.33004418769608e-5
0.0001267270749813933
1.644307352520252e-5
9.355854913498641e-5
2.184049167737741e-5
4.8968337404003096e-5
4.450584536560066e-5
2.7936489749550215e-5
2.3496400274972503e-5
0.00010129100663947353
0.00012515937005838564
2.4767514891614474e-5
4.552167342162417e-5
3.9201935964375075e-5
2.1588010554281896e-5
2.3156674059550147e-5
0.0001587763956144455
2.349722883051074e-5
2.3038254292653414e-5
2.222704754878994e-5
0.00010771206169952671
9.5090814092343e-5
5.627851779158549e-5
3.561849142464863e-5
1.4221163650853053e-5
2.92716786052395e-5
2.266643884653488e-5
0.0014938224899771694
3.304320479691759e-5
2.827016766001818e-5
1.722006587089545e-5
1.840916419222491e-5
9.907368792723191e-5
2.7280179624968077e-5
2.0222413210502867e-5
5.060329368148536e-5
3.149599562884317e-5
1.877123681340074e-5
6.367376986879161e-5
5.3507672745895546e-5
3.58038769700084e-5
3.005561190540944e-5
5.3068605395197454e-5
2.8037033537469456e-5
0.0002532980782275976
1.9051100604925104e-5
0.0003424901011486475
1.8135848942960328e-5
3.9714316798244565e-5
3.059127899680423e-5
3.0693525853645234e-5
4.589121460893586e-5
2.4941866378077872e-5
6.762466744151772e-5
1.9834877625258603e-5
2.3783174432517034e-5
2.4534025235591404e-5
4.641869078675829e-5
0.0004132685552897067
6.376988084956624e-5
2.7674480821227956e-5
3.466129638029358e-5
2.334824004818563e-5
4.2419943919659634e-5
6.351514453453963e-5
3.901896033109301e-5
4.864744041193796e-5
8.815967286175124e-5
3.628534780364021e-5
5.913094493686246e-5
6.234817450111382e-5
6.313537284852325e-5
2.9055746350236475e-5
1.7330498394251517e-5
1.4315317500535589e-5
9.634133302206949e-5
2.5699002468676748e-5
2.7823579632345276e-5
2.9495895186887252e-5
0.00010104737323647327
4.162696393398734e-5
7.647376860153967e-5
7.598604951470436e-5
7.664814921878101e-5
1.7877232806037874e-5
4.147491686192346e-5
2.139770954898354e-5
0.00012874713829477658
3.415842381076351e-5
1.8509937194690836e-5
4.057649790965277e-5
4.4816502519064344e-5
1.8306296009028667e-5
7.360181443036831e-5
1.9807308815570865e-5
