0.0701627264171547
0.03287785571317156
0.18112438664187153
0.03129678040236504
0.014827133707446063
0.021562867139305435
0.012451152356972809
0.02251257733561985
0.04609191438590731
0.046853914899420084
0.03143942945794389
0.08071253463742403
0.012155152343087583
0.24057377625220366
0.10629312119815801
0.021563764414645692
0.02091957476634034
0.039798942220425106
0.043803232059520227
0.01084828596821959
0.06987435276254257
0.037010410005652875
0.027006569203359056
0.047034911582997906
0.05216947171767437
0.10006579183431932
0.013596444046303726
0.055942349630171494
0.016147497117623276
0.014225653660504739
0.08950124355696047
0.03709731202432013
0.027687895795618814
0.3030521746581644
0.02371579467850241
0.13030124393651965
0.053666917378108414
0.018695672561357818
0.03787747871078707
0.03094451030199724
0.025967814808000488
0.014628373689764072
0.01332475322974621
0.2874744228877722
0.03168763394526806
0.02588476802580841
0.030075702351665314
0.011810572161609618
0.049767696034202856
0.041947979432137045
0.02978243777534212
0.009840299862301997
0.01452838206656415
0.005113851404356118
0.01667024314918451
0.035699186962840405
0.07197999128237198
0.011987306680343764
0.03554919309294029
0.040519421251441236
0.0230512776669631
0.05864358795431949
0.054273645457838145
0.04531796080343185
0.012028429386891163
0.02099361647115629
0.01116173256192288
0.010404301512937537
0.022696658242449295
0.03536549182147388
0.031779605108155695
0.023018447907534028
0.04072142941576877
0.04456796311823961
0.1296646573416655
0.030974130258620385
0.02474110689720126
0.10766261687399858
0.08197762707393244
0.026151447946414826
0.01167221424287277
0.01035661417939061
0.02402665897705809
0.06049844207836041
0.05106230206875454
0.07782872130798825
0.037177468364481124
0.08673313725669415
0.034859403795890316
0.006559353666590322
0.00674413850330013
0.010074839819358368
0.012440793688228143
0.015350264738839608
0.031032171724681794
0.06963677608174881
0.024273465848651556
0.02726503046410179
0.04195093400564093
0.008879958893590861
0.013111238472307964
0.17197387846799303
0.0644617585797733
0.02077266192078693
0.014057653254257346
0.015910618649769268
0.03415182810440599
0.052086910184720246
0.4065733607422317
0.037107110578047234
0.016731088844785177
0.3213187651209875
0.127103467448274
0.08808089214672414
0.012199162940952456
0.006212970077206555
0.07136899099661673
0.011411043095600327
0.01247001097235072
0.0653660812965878
0.011065148315163559
0.010791791978001527
0.07184844851737188
0.08606666201561568
0.01296706399794447
0.048352911427536734
0.0074982606212277945
0.08229310025847246
0.04193561018611078
0.008364235225652291
0.04155458085456716
0.014024316784760524
0.01634888001894007
0.01871961951396508
0.11122349686284531
0.015928508106274462
0.016096723225817455
0.008335967584510898
0.021606033332349305
0.019397823192393613
0.015794762152665506
0.017427135845910352
0.030065893854085268
0.031247627747939037
0.038140930029831856
0.11116862538807881
0.04453268058636413
0.0233216059005812
0.24313319194327102
0.023910973130528507
0.035283336384206325
0.020334758405241966
0.027860170612214834
0.16938294578797616
0.058094068548099356
0.025462537229783373
0.02272746283749613
0.031020727104863213
0.021025208212483878
0.0907206685491
0.0102794564950393
0.03304097156428561
0.012934998445221887
0.010346539230518271
0.009863747566517022
0.028754551232421797
0.08476944393142839
0.10551118285956804
0.008187508738051212
0.011257288713841993
0.005120010728826282
0.026393693020312494
0.030156123858454398
0.016192250915338192
0.12342331861152435
0.01961471615645605
0.018779705595164776
0.00786240032850394
0.012575407214746112
0.12584900581883665
0.19868012254697437
0.0646026263981256
0.08278279689250219
0.015412733470380613
0.02677293767625084
0.010927816204308358
0.011137170926239533
0.052058329119798685
0.03528578406908285
0.038517417491927844
0.20051184277163672
0.014336979248931564
0.005390117590538874
0.05299117871943698
0.05134992420381888
0.0046487255028629165
0.08562481796265253
0.024856243560095373
0.006127153297727064
0.025967207904865678
0.1003224131529932
0.11517309459936499
0.008907859535116238
0.027842973389584972
0.08873737291964186
0.006123625848939354
0.37618374834889
0.00662958002371572
0.029848081768450014
0.04228084539562359
0.03632550638660615
0.09223680932842897
0.024907793327699757
0.04877938534715937
0.04958260148334671
0.06557155051574468
0.013260088406658795
0.008297084997913557
0.022595936127570094
0.17020264580278524
0.47771049678634103
0.10358862140912686
0.005295682910361076
0.013799479996357613
0.10191075307847434
0.010208037154290035
0.018067362531690525
0.011245527504998723
0.02280360914394712
0.09346222552158683
0.07696017993003869
0.013769873055236949
0.054927310085530305
0.009244471214432733
0.014161371143019191
0.019780260728933474
0.010030844966365063
0.19876559033191646
0.11753868814557573
0.018853005639018188
0.05256725048735411
0.0674249605734738
0.012244834584176125
0.019723072657424564
0.13211786646176388
0.04092866563350293
0.006535256951812538
0.09896321901320915
0.1563087998446969
0.05678214939041873
0.007600737559350384
0.020756676182482756
0.04506190570381325
0.9420074368298669
0.004473211231567046
0.10008011040935795
0.010758278278406102
0.04066367024341714
0.028685759006305888
0.03978652657177085
0.10657689260373761
0.03189679347017695
0.02985191813242302
0.011223057276985339
0.005568344141151535
0.028154588626211126
0.08707840599991495
0.012532223403333945
0.04885970057802105
0.00781491978280872
0.016630830194590798
0.030935061843209426
0.057649425276879024
0.010724905360961903
0.4262689654832635
0.04761240781648218
0.034214206947305655
0.07705600899286145
0.021692708098981724
0.015456495329155063
0.06752811690408037
0.0074372092521586605
0.02227721208071473
0.012366930710182258
0.21935105705436075
0.014310720933506327
0.006605294965705077
0.059959245680948646
0.006287952975226664
0.007530436592192242
0.054386423565379934
0.03877148749745163
0.4487485089480424
0.04825284749448804
0.07677857071399287
0.03738100920863191
0.07642022317248581
0.006497734191823056
0.09167580723208384
0.010772310760839227
0.17257425088329606
0.1603411056744811
0.10258077508917922
0.018180378613585183
0.012952900402794733
0.03704390008982764
0.008805244459464194
0.011623606583736571
0.012714069683035586
0.3535783046806206
0.01779935217770056
0.021687164462083543
0.14892799291378603
0.01676469578073111
0.014444889059885512
0.020912693440510107
0.008232573137398268
0.013577727384487646
0.004796477120618937
0.04591043326381569
0.06272090661621155
0.08106858981464349
0.003819831671703427
0.03271187100434086
0.05450148005926755
0.06363615460448238
0.09796928090864096
0.2114552993638036
0.028742793006036677
0.07795282785796896
0.06823997114839736
0.006460156339144207
0.007590887564989647
0.042541024694332
0.007110562421947898
0.08149456734179478
0.03645212298022817
0.09711544032650166
0.11367806102875844
0.008074089437101986
0.04323935937118532
0.010145373292564716
0.024842404419502948
0.09394726495280545
0.012613930022244386
0.01603661799236786
0.2706134717088171
0.17950893151312863
0.013845680763353749
0.016317536889016177
0.02063500951666403
0.012033841036660381
0.011825917191243275
0.02692216765092157
0.02009362491050639
0.02692097256842396
0.06910814041991066
0.014262472290390283
0.011679384316002694
0.06448779353255907
0.07232678466211033
0.05478117739044567
0.006690487123425426
0.13978292943940462
0.02862345838722475
0.04171474007038748
0.016343086756875316
0.013119905325961946
0.10403155952240718
0.027093938534898082
0.09056241082400569
0.009703409089037305
0.023985980640933605
0.10979041991262675
0.007217477270164002
0.01896273333050679
0.011287507945817895
0.03745648861424109
0.023143280650102457
0.017161931858754673
0.020662631382904573
0.030163867832079718
0.10919780452714173
0.028849951855099684
0.004040743013318366
0.15080217233137116
0.06015358561927329
0.4117236344543503
0.07441456404554952
0.025833502890710895
0.011223316998829063
0.10486826853188316
0.06169289425795464
0.12053779295109204
0.011691524891152076
0.004518214583907026
0.025172470364246004
0.0038861268377988
0.16051436420159207
0.021217096731260623
0.012648445723098032
0.06119900125237627
0.015048755435195973
0.024075315471062324
0.021848797009408602
0.012297041972408053
0.01625308310213945
0.05571176098742873
0.007424896574686559
0.01499101430695949
0.036538517517371596
0.03371203909602966
0.17010066636156557
0.05269137914436491
0.04373229567550045
0.1288031999063968
0.005570949535136058
0.08372967467633387
0.004584456698869395
0.0398410181705805
0.01429119646191796
0.003718199249396826
0.1578783593615171
0.010759020912735394
0.07914644353384753
0.035406324809773244
0.035355905747058235
0.020732330131442468
0.02156838121252997
0.1334168728482197
0.1115968424825839
0.017705464461796522
0.01519449932138732
0.027421175659254185
0.049054505835725945
0.01920345358885493
0.017677723551071643
0.02735391192037946
0.08198187730793532
0.109580378777641
0.02285097812813636
0.15994239546114974
0.0690042107473142
0.06923776059852524
0.061102673957507785
0.03079985486849899
0.10432795950016843
0.031233651751381528
0.0302120007603942
0.029870439180250632
0.09385119243136139
0.005453077834613253
0.24140869931445413
0.06060291019834947
0.006998393817927953
0.007123167285038436
0.0707337464985655
0.010469455578422613
0.09351547045257975
0.023026400242973286
0.09010674381562354
0.029265953881284567
0.00867177961522122
0.018374405766491
0.10929285233751128
0.2293507447050531
0.12829434499664988
0.022099000248280085
0.04275331185939848
0.3043882935589597
0.00997879852601201
0.22049418160928588
0.007818203160227457
0.022425063346396146
0.07142051079623866
0.0492389916210934
0.034513957731627416
0.2621091327446084
0.012280050109035493
0.02036030799880675
0.02827344533039828
0.10273954443538018
0.0506290428480018
0.05929041928859428
0.05445508413150123
0.02117627718725732
0.02131552251413372
0.018445107068080006
0.08330526731548006
0.021939919042835817
0.018973255387617134
0.03693344357217077
0.06806891446062424
0.01459434098443991
0.05635038072148376
0.32576912007399694
0.12014284387652366
0.08263426179331443
0.013438058959098682
0.17703831380302276
0.02308914811410053
0.134048052395018
0.0465383997895874
0.059827119269774715
0.025451355863748918
0.05882647709136107
0.006703426838422503
0.0024399426465799346
0.047135217530127865
0.09753457810716235
0.024174175781215883
0.006611368052159702
0.015907439533902872
0.004775730016236326
0.009858063423092622
0.04684871570432314
0.007098295301856698
0.07814715196778496
0.050966505690608725
0.001731503000891399
0.0696667735178139
0.01077602744557317
0.012555537069888194
0.02032125049296729
0.026205525740852383
0.003827432563314863
0.04698499272383249
0.03808231836700229
0.011655424958271503
0.02273186611792406
0.03058663147466016
0.015530512607005787
0.05580140106034426
0.029795595823664166
0.05646967792876112
0.10451394146033013
0.011437272389831886
0.007478156702030999
0.013380872054918256
0.05353804148904686
0.10983841790032559
0.30629848608609517
0.04336846312972693
0.018409256166360393
0.017876614107212724
0.028578787444690102
0.08689716114882164
0.053507812247241
0.05982265560338123
0.015038565749998935
0.016600524344459508
0.13302059149092388
0.10346406757363351
0.011657385619606513
0.02150663020860498
0.6869837637296902
0.08077285741360891
0.2649412246469102
0.007246548251338072
0.12113558303031437
0.011136829995681276
0.11671188862392232
0.05529305653142065
0.014273216443406752
0.003882763587486446
0.02869097561452988
0.034726222859498106
0.13719155550988085
0.01908216585736537
0.009221401588312594
0.4559753561044797
0.11822011296693392
0.03332839848552874
0.07918613468087869
0.009566036098543194
0.013473796819581677
0.04226653201404735
0.031029064589313017
0.2013771805842337
0.007894940921901891
0.0680124641512453
0.012877239961570336
0.009782498547577451
0.2923507411711792
0.006765641279458805
0.11716519245869166
0.010920724098487135
0.027582752116742125
0.108932167250321
0.010558876442301107
0.01546523399388674
0.031249764068298682
0.020617605919789964
0.023542041027869554
0.030779604163082005
0.004705816168627429
0.037731478503554745
0.010554779435593475
0.03005365686971383
0.031463493791855555
0.6283809963858807
0.06192115516993832
0.061103201480235944
0.004149749770622385
0.004053475388030272
0.025957146616533616
0.1337807362048538
0.003439267870507453
0.06664891061841571
0.07890603815195826
0.11612314464956465
0.010331620741131909
0.04405728186920801
0.05169992853514836
0.060543305836763664
0.027341846200919208
0.013017068390362837
0.022785375749245024
0.08298646795673757
0.009104132329951567
0.15738462725935443
0.013965657596122043
0.1436289935641215
0.007135892936406121
0.017741368191876408
0.07129401949733312
0.044891821474895025
0.04858821326440325
0.008425579229751732
0.027253399282656642
0.063040920797839
0.0558937478112626
0.01544057204390403
0.016580517608776314
0.006492530128597073
0.3931696304665747
0.08179222626505606
0.011269958253482273
0.019185793050049152
0.010033931000613346
0.008514894020428154
0.026888879091543208
0.0013257882085961912
0.0426399861394601
0.04749201989459287
0.010786213838718558
0.06144428177858833
0.00994380515133362
0.022460984188705166
0.13182658989317167
0.058809890328686255
0.006958000403057037
0.0848877757625066
0.2162320078512121
0.03718172298638754
0.020767158071517255
0.01923527160526768
0.06603504051715448
0.030983204511517006
0.07704790134302306
0.05050282777356572
0.009497198328830699
0.21330709948848642
0.01955924819288488
0.07487314089802174
0.03395008108938265
0.014740465056301638
0.04399608562506696
0.012067179830939264
0.16904993256342274
0.02330976268859424
0.3666752899958114
0.12153684988278607
0.032942515151754115
0.03078143664792621
0.0024403338755045936
0.018104818304696294
0.01993276626727514
0.01930898615521556
0.001961390016965076
0.12386792146813994
0.009189662308818724
0.05160539967723125
0.060071591681029726
0.07515213183250012
0.06679269150799283
0.009601311311120698
0.14633538029777285
0.01827844474484362
0.03502574445169708
0.0019810600579252893
0.022365084055071253
0.06857182818752293
0.004237085072928004
0.03956206279923172
0.010366963652358858
0.03901257581954085
0.18413617673334748
0.07101952485203414
0.00503402962859668
0.02183766085553694
0.007994953706909908
0.007220763970477162
0.026092202364719916
0.03587353485388514
0.013692768813952776
0.00550514146987244
0.016557214870103705
0.011498933925676748
0.037210959942438976
0.01685062120124361
0.0750777754233929
0.11501565572053851
0.025103707680837598
0.017572675089338522
0.011357525091039683
0.03477995113017342
0.01494312380389819
0.14115237240940753
0.08322386007173607
0.03678238567498786
0.008642256577946298
0.00432489595594595
0.24773266692881293
0.0072796471581913925
0.009877546446824956
0.009659598928715554
0.09128863161625894
0.02282806596352692
0.010485550314454134
0.010139182311126755
0.03935492280053613
0.03275349641347292
0.04654994951162623
0.03194065072015948
0.020380538675032554
0.05258043299043648
0.012439690555574642
0.023591075496123264
0.08798032697938682
0.0440925172306082
0.09260726858197836
0.027905077242130386
0.015284963349093815
0.013786046009949284
0.9949382364733611
0.05057916193919825
0.049962220036615754
0.10296437627933333
0.07253755178803291
0.12202410509871828
0.05564129454952035
0.021684396309669247
0.008886062684246928
0.024326330858840173
0.02615971805327458
0.006760259476002635
0.004482228210636004
0.019507958612944017
0.006681903142945612
0.0111708420456929
0.014538757661832925
0.035335786258052594
0.020641562623372155
0.013804011778861064
0.0803811370893986
0.009947642751185384
0.02182449636185232
0.11460516538711168
0.006035921801062941
0.10208337197132956
0.003866092358203941
0.0695253285736581
0.0024858090793585578
0.02896397217193432
0.0759446784981229
0.09229022010258901
0.04298835473726019
0.026434854726030545
0.016094945301565054
0.11447934271719516
0.08067688591459422
0.13638757748731883
0.035722839534504225
0.0916546357273626
0.026743548281829926
0.010808547918107111
0.019007046265708566
0.02825657339318066
0.0060986000494736865
0.018824427813734303
0.0037017091865664607
0.04648236230190613
0.011758036407545521
0.22664946950169326
0.0328488961008635
0.03722120694176981
0.003875899772921536
0.004513370767055486
0.017694825145317738
0.07505277635752554
0.009589954312134203
0.004629803659701557
0.06817480519513522
0.002493390945369601
0.009173471863514533
0.005298706304798501
0.013950215484422289
0.023277628444670975
0.09606987018509089
0.01153226519165139
0.22919762522289247
0.016533267086212427
0.10468945432906585
0.37480498947446755
0.22430364585757373
0.5690895282379664
0.0025161316087903194
0.011127793233140022
0.009629443588748943
0.07780112045591536
0.018144946439628187
0.014859564274254633
0.013965622193570781
0.027439709885974384
0.00427780460354628
0.0354994352819458
0.1396518346954628
0.0289389729625645
0.02979077017792213
0.03905076398106259
0.036852291656588425
0.1428030369147274
0.1211870049624496
0.02278602133674337
0.012326325360332577
0.02714413489981238
0.029512817054030034
0.0057423204791263215
0.06196718727929588
0.0059825834720521965
0.02979213462861876
0.852941687001827
0.01075389968834816
0.02865146968215083
0.0056651668913635265
0.07853608321820793
0.022619906582533673
0.026354131829026226
0.011978573171777038
0.05069506537240846
0.0580552055870723
0.006640572723188482
0.03711946083563174
0.019937644699915595
0.03978056380731091
0.04903703418422994
0.037200428524896634
0.06404362131912235
0.007153606593786888
0.006950657816736834
0.02617479420924071
0.01664590861261522
0.00924932047484428
0.03819241738762912
0.008608970734187545
0.01259858738487424
0.002707151725758396
0.013049810954583038
0.11696336503197889
0.005416644537548882
0.24689990287641733
0.06255162815207534
0.0239022735504126
0.03147186230270096
0.03387393712173095
0.010200130755467867
0.10270617015750347
0.0051648277565128475
0.05639923959828977
0.019154250394370645
0.017625820294651116
0.09857132528225167
0.009848979477737054
0.012424722607520039
0.0024075276872992457
0.013944496305275566
0.2650370489524408
0.0040718062804232374
0.002096752520844435
0.007988942527183879
0.011271189758102826
0.10659826443809957
0.044969147507148616
0.07196563461516321
0.02248555518495689
0.014402655930601997
0.006664906623435355
0.07236949249132382
0.2951870873433446
0.058873365971705796
0.08711456695036714
0.09399435158377716
0.03510652186383065
0.07938104200626718
0.003963408582767546
0.004993263353290522
0.20581715192442154
0.23130490361424852
0.0051755414314798055
0.03985825450107888
0.1472656226689354
0.002654229766242801
0.060113706946610515
0.08042541705731804
0.04264990408372507
0.012419809759933637
0.03170356287916228
0.00467976716900774
0.004903152795915706
0.004922838559150546
0.026264345839558067
0.012805515159064772
0.03550308145276755
0.24019150740354206
0.03630672304050772
0.03068979289583616
0.03833107242717545
0.2526347006345655
0.41914771091748204
0.022845940177164754
0.10846365521797229
0.005744488316852932
0.028834797744382617
0.011271533715190608
0.025161438315791484
0.06393682484085265
0.07615150375938383
0.0049717938225647745
0.006365413588462096
0.08663042156091981
0.026120522587184093
0.12001141951216056
0.0009980368138131825
0.02110264187579291
0.04923753256235338
0.009301168396831178
0.13297287715474843
0.003465160232356294
0.02331711963699364
0.005563696606973643
0.032004200038781044
0.12921016005238048
0.03274221850052916
0.3229091473003069
0.06059081176218556
0.029064271186624305
0.09061876170819934
0.14890903836972186
0.11780229751384197
0.06699750316648989
0.024754777864920877
0.003620188110977735
0.012529441628253103
0.01462112604434989
0.07066716420594983
0.02929906369755778
0.09239845101911152
0.020201263701184607
0.023159379650115067
0.31822707846003023
0.03234326873614532
0.006200520214276855
0.06581564194486074
0.09153804299916943
0.18634407510074627
0.10690754666831495
0.11372187591168191
0.09511540241341603
0.011291131085541662
0.045111257482098134
0.021101155147562663
0.021444402081279863
0.0061205492316417105
0.017525371945573902
0.0035277527395166887
0.2987180862135149
0.010617787056267898
0.004173197338578987
0.01905115928720806
0.12554573076138406
0.02862331246856886
0.009710795580346968
0.15038862017992738
0.06411645565180456
0.09237889519216504
0.026996776903947608
0.1125406604529525
0.056031275779141604
0.11957565381503896
