3.920789550075812e-54
1.6772053648773113e-55
1.6711907040575007e-54
1.5854506339193112e-60
2.148776749972743e-53
7.244054280073403e-57
4.584577656379354e-57
2.3232721755597714e-53
1.6941127515310534e-54
1.4555378751222038e-53
5.096288144957426e-53
2.1839661284147037e-55
5.0261793511753814e-55
7.483105700774757e-56
4.588982007647728e-57
3.821981929382653e-52
1.6789775114988823e-55
8.632233425481443e-57
9.391196165263626e-55
3.9245481693547905e-54
8.034686301914386e-56
9.827175356546193e-57
1.0674909496182823e-53
4.180091168107146e-56
6.27994518464938e-54
2.302203513279457e-55
2.34586703080688e-53
7.331751526696405e-57
3.1484067411546488e-52
2.438424219927257e-60
1.5119251691707944e-53
3.113906213700181e-55
2.1693169517605494e-70
7.72193767208019e-54
1.4151698335788524e-56
3.373758374330381e-52
3.062571967406465e-56
7.219344142785643e-57
9.271712913798312e-55
2.791082228922327e-54
2.506935176729017e-60
9.335091785669397e-55
3.2736326160140345e-53
1.6710545641319518e-54
9.398711762595303e-55
8.632233425481558e-57
3.2374437927980035e-55
1.5855873793026308e-60
7.284372428621603e-58
2.4429591661427994e-60
7.818234500081318e-53
1.2240817200116314e-51
1.6982737255495938e-56
1.3642001018765984e-54
4.0035524129082814e-56
7.345371967532704e-57
2.1839661284147037e-55
8.034686301914386e-56
8.043098791853324e-56
2.3072600035148255e-55
3.8832170024889392e-53
6.714859447400449e-55
8.639987191995634e-57
1.6966437792946932e-56
2.8596642723208444e-54
1.6982737255495938e-56
4.584577656379354e-57
7.446727702395442e-57
2.1344027430914646e-54
7.225828803951394e-57
1.677205364877324e-55
3.4353171580606435e-57
2.101034367249228e-54
6.267746919661327e-54
3.595653081042836e-59
1.1291176711968254e-54
1.4151698335788524e-56
1.8108799389227162e-54
1.8526699723617117e-56
9.173654372068179e-56
8.522810577991765e-55
4.89890439359347e-56
1.8962159671044895e-52
2.0193483775684848e-58
1.2201389029914219e-54
3.597154774045584e-59
6.716827414997035e-55
8.034686301914386e-56
7.52013583401698e-55
1.1674740219085872e-56
4.5709789918260675e-54
2.101030063868384e-54
1.7665938114049906e-54
5.096703336838961e-53
2.963682516321121e-53
8.5386611782526e-55
8.345410727320648e-57
4.0035524129082814e-56
7.981377346464092e-54
7.475923666495769e-56
2.3212502733358653e-56
4.588972608402482e-57
7.34538701250217e-57
7.084594523869821e-57
7.34768902577325e-57
9.796512191251172e-55
1.2190439161635128e-54
2.818215127593569e-52
1.6803246072388378e-55
1.6906970572716342e-52
2.6050983341129395e-54
1.0269421877240963e-55
4.889820410134138e-56
1.1940881333940508e-53
2.7692221089339833e-54
7.17190299000617e-58
6.278656509387534e-55
3.9659195768913416e-52
8.027475749373751e-56
2.438424219927257e-60
1.6535765315306853e-56
2.0543424533743315e-56
7.257526667804026e-57
2.1733514161578037e-70
3.974758491059418e-55
1.4125428068278195e-56
1.7909666368672597e-54
2.01244591779951e-58
2.3032096376806805e-55
1.669290847777083e-54
7.34597039107569e-57
7.111760954570707e-55
4.5804633279755016e-57
2.4431531885994915e-60
6.279403585036044e-54
8.522810577991765e-55
3.9248679002044335e-54
2.0122819782582265e-58
3.5994178074094074e-59
3.648762497220637e-59
9.484747896014453e-55
9.138999300524047e-53
5.908148036259498e-56
2.1880278371395003e-55
1.8108799389227162e-54
1.700361260963012e-53
9.389710425956246e-55
7.178345037910244e-58
3.2374437927980035e-55
1.66945416132637e-54
1.1815360499911342e-52
7.17948087159422e-58
4.894678816344188e-56
5.415051813652232e-56
5.987514323999293e-54
9.756093377634018e-57
7.185241191807486e-58
4.029974098730043e-54
3.8216784075540695e-52
1.0694941982943929e-53
7.34538701250217e-57
2.1803334661349015e-54
3.919159724918301e-54
2.088235583082756e-58
3.907774700707947e-55
2.2502881083866e-56
5.908148036259367e-56
7.250561136727345e-57
9.484767322905487e-55
9.190696577627645e-56
1.0672273351499549e-52
2.185927841287766e-55
3.1545635798996506e-53
6.714813594993414e-55
3.9259843214924014e-54
1.0672273351499549e-52
5.8690552912238505e-53
1.2603449570577901e-52
6.368424844398004e-55
2.7129891468031325e-52
2.6050408195554037e-54
2.1859278412878044e-55
8.032953131005833e-55
1.8526737670453799e-56
7.331751526696405e-57
7.336999737140711e-55
6.515644466590054e-55
5.7282505183637015e-55
2.4431698717810322e-60
9.878182905279015e-55
3.974758491059418e-55
1.493150483569335e-53
8.632233425481558e-57
1.5689473449780812e-54
7.270155320189518e-53
7.34538701250217e-57
1.193605986516171e-54
3.982142533285753e-55
1.2579972054118913e-64
3.8216784075540695e-52
1.66945416132637e-54
1.4140353091864138e-56
3.110599074071564e-56
1.0273313158178142e-53
4.898914427648613e-56
2.5648760706239867e-54
8.648287528776897e-57
7.477076923032557e-56
1.2341390535797687e-56
9.398711762595303e-55
8.027475749373751e-56
6.707836198152264e-55
1.6535765315307061e-56
5.748999432812208e-57
1.2603449570578081e-52
7.262019789887511e-57
7.327892129268283e-55
6.273376823741513e-54
4.5804633279754705e-57
3.9040241494024605e-55
9.439581246413081e-58
1.025394622382482e-55
1.0260374116995799e-55
2.7083842485616777e-55
6.714280339593792e-55
1.671521749818496e-54
1.2276285725149099e-57
4.571717059047343e-54
3.9787013784049795e-54
2.010354775046075e-58
5.981292667516993e-54
9.598116201525642e-53
1.4538175020056885e-55
6.5655282559257694e-52
1.7633394083702342e-54
8.433748398831017e-54
7.178345037910179e-58
5.827854039674622e-54
1.0282540998486463e-53
2.1839661284146653e-55
2.876501310671852e-54
5.209163984899559e-53
3.5956530810427384e-59
2.569850274245744e-54
1.2190439161635085e-54
1.719178649108766e-56
8.027475749373683e-56
9.477163500644164e-55
8.639987191995518e-57
7.218078129073126e-58
1.223888063496015e-51
1.8098747707786566e-54
2.5696461901687146e-54
1.0268606333430113e-55
2.5789300092027638e-55
5.092484136064452e-53
1.2381609043728516e-54
1.8508956328007542e-56
2.0978253038750916e-60
6.6114779310052635e-56
2.188023355576862e-55
2.458330952374181e-62
2.1716090668393922e-70
1.104029394374574e-64
7.72193767208019e-54
2.438424219927258e-60
1.2626889284416776e-52
9.208299044408667e-54
9.335091785669249e-55
1.2203319662752049e-54
2.017536157772163e-58
6.267746919661327e-54
1.2190439161635128e-54
7.469214563194922e-56
3.272838626627263e-54
3.9245562077097894e-54
5.977078707980856e-57
2.4429541624246838e-60
1.5855873793026703e-60
7.34597039107569e-57
3.824321115972311e-56
8.522810577991747e-55
3.4289400647546865e-57
3.429756289635138e-53
2.010354775046075e-58
6.279390723435282e-54
1.809141916994841e-54
2.4429591661427994e-60
2.4431698717810322e-60
6.279945184649512e-54
7.331751526696405e-57
4.17020761553917e-56
9.33553209661728e-56
1.2190439161635128e-54
2.5648194440811784e-54
2.3247665350850163e-53
1.2214164147522679e-54
4.132448545860559e-55
8.632233425481558e-57
1.6535765315307061e-56
1.0434418762260096e-53
1.4138116009597007e-56
6.279902302053784e-54
1.677205364877324e-55
1.4138116009596964e-56
2.101030063868365e-54
1.7909666368672597e-54
1.5536003867325505e-56
7.607910902461197e-55
8.0424051330603475e-56
2.567123252393575e-54
2.9087699547791865e-54
2.185927841287766e-55
2.823718034738798e-54
8.5386611782526e-55
8.035957634971545e-56
9.007254574956798e-55
1.4151698335788524e-56
7.067308647826005e-57
4.3101559611801955e-53
1.1022233843217513e-65
7.225828803951487e-57
2.1733514161578037e-70
2.2006682927043085e-52
5.239844098259097e-57
2.3229027981128435e-53
6.18745456384599e-57
1.1815360499911342e-52
1.0656173163247767e-55
8.522810577991747e-55
3.924894701341604e-54
3.920789550075812e-54
8.027475749373751e-56
1.607324316103737e-60
1.8108762298419808e-54
8.034686301914386e-56
2.3204509937749452e-53
2.188027837139539e-55
7.338337156008677e-57
9.173654372068179e-56
1.5634907595528628e-53
1.9225990203139274e-56
7.232755760652911e-57
8.657677326681277e-57
7.264832358602206e-55
1.2937433720085092e-59
9.122034272673436e-53
2.2881688918036862e-54
1.4418926581070613e-67
1.9107227000490624e-56
4.177167562452786e-55
2.319491660463807e-55
2.9636764460470623e-53
7.10494987704579e-55
8.018041293384319e-55
2.8101247672709456e-54
5.722764456808574e-55
3.987426750614604e-55
2.0122860998631026e-58
1.8807629464950566e-53
7.185226474851913e-58
8.656464884591838e-55
2.0971341473910606e-54
2.769222108934e-54
8.042388660444274e-56
2.4406144957378924e-60
2.1733514161578037e-70
1.221408074312244e-54
7.446727702395425e-57
7.084594523869821e-57
2.518648237472892e-54
6.374145180824512e-55
5.987514323999293e-54
7.073656745524273e-57
4.6522939341359057e-57
3.482712538345962e-57
5.02616905645371e-55
3.8841522705111326e-53
9.31778182969557e-55
1.6058099403773289e-52
3.792336435671515e-56
3.974758491059339e-55
1.4164501553614833e-56
4.898904393593517e-56
1.2190439161635085e-54
2.1012012336689272e-54
1.6941127515310534e-54
6.7088975829506e-55
6.70783619815236e-55
5.026578535770442e-55
7.72193767208019e-54
1.4138116009596964e-56
9.13167267626824e-53
7.34597039107569e-57
9.398731013265263e-55
9.697178269792361e-58
1.7003647436842907e-53
3.551719078473665e-54
1.6566518293285598e-56
3.3018434270397457e-53
5.239844098259231e-57
6.7088975829506e-55
3.924556207709776e-54
5.975924887939831e-54
4.898904393593517e-56
2.0300430873873523e-58
7.232755760653005e-57
1.2203319662752049e-54
2.0103547750460963e-58
7.09857369601489e-55
1.8771225406885752e-53
5.841645684335701e-57
1.5571793562180042e-56
3.1196910217639984e-55
1.6566484361409309e-56
4.5699256825049584e-64
4.165356157318254e-56
5.7236699731359685e-55
2.0124459177995314e-58
2.4406144957378913e-60
2.438424219927257e-60
7.244054280073417e-57
1.0077261420742241e-55
1.6566484361409309e-56
7.332557551282963e-57
7.58631633107551e-56
1.6087964025574873e-52
1.2593542145722647e-54
3.7099237050334245e-53
7.219344142785643e-57
3.9172709237113924e-54
5.975924887939814e-54
7.280038587864486e-55
1.8834318627512914e-54
3.0653228740139867e-56
1.8108799389227058e-54
1.680324607238825e-55
7.280038587864486e-55
9.279888856951017e-55
7.520135834017061e-55
8.0424051330603475e-56
1.7648982938193914e-54
4.5804633279755016e-57
7.121340480382255e-55
1.7633394083701777e-54
1.0292398236764846e-53
7.338337156008677e-57
2.0428914897536126e-54
6.698924176390027e-53
9.31778182969557e-55
2.2919777862772175e-52
7.185811851426948e-58
6.788689150106653e-57
3.821678407554047e-52
9.068517723839165e-53
2.0544328767984994e-56
1.7666188415841997e-54
3.917270923711379e-54
1.6058099403773552e-52
1.6087964025574873e-52
5.77413011641395e-56
1.8526737670453964e-56
6.374145180824512e-55
2.0085506263604817e-58
2.7718767914854294e-54
3.113906213700181e-55
1.440219021890433e-54
2.715774814206407e-58
6.273376823741645e-54
2.3798796371491528e-53
4.432883943886833e-53
9.326151379170831e-55
2.2502727422978706e-56
7.483751119897799e-56
1.2190439161635128e-54
7.456432925111946e-58
7.237779582334243e-57
1.678711887946664e-55
3.818967377404158e-52
1.8788086361845387e-53
1.6372062625983522e-51
4.5804633279755016e-57
7.232755760653005e-57
1.6072523336410632e-52
7.073656745524152e-57
8.64826981518038e-57
2.012286099863124e-58
2.254278493466226e-55
5.249589084783279e-57
1.6566518293285598e-56
3.4320200556843597e-57
1.3668150383502195e-54
3.062209922707495e-56
6.76945922837998e-55
9.3995416553931e-55
7.331751526696388e-57
1.0425500207834085e-52
4.132448545860559e-55
6.368424844398074e-55
7.339498305337948e-57
2.1465087342120386e-53
2.5070554152789958e-53
7.721953488340826e-54
7.331751526696405e-57
3.028266725849119e-52
2.1880278371395003e-55
3.4289400647546865e-57
5.368491822037201e-55
7.331751526696388e-57
7.345387012502187e-57
1.6090550124648378e-52
1.2614770418894546e-52
3.290337517839391e-60
1.6089241749061479e-52
2.3350190782994575e-56
1.6553237117658586e-56
6.267014067058394e-55
1.608935161517311e-52
3.978328754717783e-55
1.0272995323807975e-55
1.0434418762260096e-53
2.3011647067678224e-55
8.028095045273224e-55
9.469235783829676e-55
7.073656745524152e-57
4.5889820076477583e-57
3.068511379741572e-56
7.622623111129421e-57
3.305008700820122e-53
1.3399832831471897e-53
6.326725918366274e-52
1.698759542614864e-56
2.0543466611284957e-56
3.0654454745860365e-56
4.853894174452386e-59
1.6695170204597784e-52
2.2472054126868166e-54
7.007156895529525e-55
8.641354302162272e-57
7.106074097371046e-55
2.249647761255587e-56
3.891375960915697e-53
7.257526667804041e-57
8.033591116823253e-55
1.4569361936952442e-53
6.609761366839444e-54
2.5850176237108762e-54
1.2201389029914175e-54
7.714542215953176e-54
2.012286099863124e-58
1.6057548723055395e-53
3.068267694605989e-56
8.668190461569747e-57
1.5119251691707944e-53
7.080452326577477e-57
5.91052719028952e-56
9.122034272673436e-53
6.193275093481227e-57
1.680321165564157e-55
8.056025836866267e-56
7.618610600350156e-55
9.326151379170831e-55
1.2674068801969794e-54
3.924556207709776e-54
9.209070626199405e-54
4.588972608402482e-57
4.5889820076477583e-57
1.4569361936952442e-53
2.0564065469432565e-56
3.8904309850201783e-53
8.648287528776897e-57
9.827175356545977e-57
8.522810577991765e-55
2.9341378651312366e-70
4.178323657587792e-56
8.539339327949745e-55
2.7667369314469103e-54
1.8110237609641944e-54
3.033898652654888e-52
9.700440362559392e-58
1.766593811404937e-54
7.073350426229716e-53
1.05169267653905e-53
2.5671232523936517e-54
1.7633144246553212e-54
4.0372753442233043e-53
5.167179155059338e-56
2.099017864816927e-54
8.632233425481558e-57
4.177954750162477e-56
8.027475749373683e-56
6.326725918366274e-52
4.575414775739636e-54
5.249589084783279e-57
8.035957634971476e-56
1.3104660465688953e-52
1.6987327905402022e-53
1.4138116009597007e-56
6.06963905533601e-54
2.8740267909805833e-54
1.6804695355183243e-55
6.714280339593792e-55
2.2502881083866e-56
9.856834456154718e-57
1.45693320956924e-53
1.7776853110196056e-55
2.247628864341599e-56
1.9696008963848607e-54
7.331751526696405e-57
2.2607868230294717e-52
7.27713967517393e-53
7.219344142785736e-57
2.0525891711897346e-56
1.0694941982944202e-53
2.441000675580072e-60
5.245380553251835e-57
5.2006426511085495e-54
1.0293236752968601e-53
1.36542547294189e-54
1.0873592969400553e-53
1.0434418762259919e-53
9.808932844632655e-57
2.322535302009704e-53
3.8679019152348994e-54
9.208299044408667e-54
2.0085506263604817e-58
4.6256979024990576e-54
3.5991000120290418e-59
9.615623990136804e-55
1.2190439161635128e-54
9.3812838368121e-55
9.835220636554674e-57
1.6679559464002102e-54
9.399541655393125e-55
4.132448545860477e-55
1.0273313158178142e-53
8.554120289739183e-57
2.101201233668946e-54
7.244054280073403e-57
8.345948706581245e-56
6.707836198152264e-55
8.027475749373751e-56
2.3063534032362717e-55
2.0505331092094076e-56
7.244054280073417e-57
1.2213110764668793e-54
1.6987327905402022e-53
6.790617632220056e-55
8.345948706581245e-56
7.346020553365226e-57
6.272643312865506e-55
8.583442282610842e-55
7.832758696661793e-53
8.027475749373683e-56
1.607324316103737e-60
7.618610600350327e-55
4.483411142779369e-54
4.570988354216473e-54
2.1733514161578037e-70
1.4138116009596964e-56
8.034686301914386e-56
1.1838355509147711e-52
9.753466238751634e-55
6.326725918366274e-52
1.6679559464001855e-54
2.4490459880215633e-52
5.086838155022378e-53
6.278669369484404e-55
2.0505331092093777e-56
1.6695170204598059e-52
1.67897751149887e-55
4.889820410134138e-56
3.5649759391196915e-57
8.016439123224019e-54
1.2190439161635085e-54
1.2813102834632205e-56
1.678711887946651e-55
1.069212149164313e-52
3.6038447106430254e-59
8.632233425481558e-57
1.2213110764668793e-54
2.769222108934e-54
2.101034367249228e-54
9.399541655393125e-55
1.8526737670453799e-56
9.3812838368121e-55
3.065807901823904e-56
4.5845776563793846e-57
6.196103178206369e-57
6.714280339593792e-55
1.678711887946664e-55
9.57361864412882e-54
7.331751526696405e-57
1.608935161517311e-52
9.263360253653515e-55
5.249578332469297e-57
6.2204201533046155e-52
3.9245562077097894e-54
1.4138116009596964e-56
8.632233425481443e-57
1.6803246072388378e-55
4.898914427648613e-56
1.697208300152069e-53
7.475923666495769e-56
2.101034367249247e-54
7.073656745524152e-57
7.098573696014992e-55
2.054523848872895e-56
4.566601272654051e-54
1.6804695355183243e-55
6.769445554210081e-55
6.714280339593888e-55
9.208299044408667e-54
3.597154774045584e-59
1.728900209145327e-55
7.400620065623611e-62
2.384310790743357e-53
8.95941212960676e-56
3.979522814914096e-55
3.6625479432454834e-54
2.77531924977932e-56
7.338337156008677e-57
3.0622099227075847e-56
1.0684498064021089e-53
1.5938377759109733e-60
9.317781829695718e-55
2.170315789165191e-54
3.435310121774923e-57
2.4431531885994915e-60
1.7005114004289101e-53
6.1225953347793435e-58
1.906559486316229e-53
3.062209922707495e-56
1.221311076466875e-54
7.33833715600866e-57
2.1891677165911265e-55
2.5095428554299214e-60
9.223365601935979e-54
7.34538701250217e-57
4.5804633279754705e-57
8.034519778463643e-55
1.6550618303759177e-56
8.027475749373751e-56
2.6274506295026843e-56
9.808932844632439e-57
1.7623714757799323e-56
2.3175462847877626e-56
8.034686301914386e-56
6.3751537655003946e-55
7.32789212926812e-55
8.656464884591857e-55
4.5804633279755016e-57
1.3371669748288657e-59
1.8810151414266988e-53
5.021355392536333e-55
9.335110906031375e-55
1.7255419659968306e-55
8.034686301914455e-56
2.2479344724856543e-56
7.338337156008677e-57
7.280023676742977e-55
3.944113425223662e-53
1.2190439161635085e-54
9.842749806948292e-55
2.769222108934e-54
7.026806257295677e-54
1.6803211655641693e-55
1.4573313436736216e-55
8.043098791853324e-56
5.8690552912238625e-53
1.2131211767828886e-53
6.803232790461982e-55
6.279390723435282e-54
1.4542316346631269e-53
9.484767322905714e-55
1.0268585301064019e-55
9.475664160827664e-55
4.372729180599143e-53
2.93314805499081e-70
2.4429591661427994e-60
8.042405133060279e-56
3.096246234009146e-55
1.4228731909540757e-54
8.648287528776897e-57
7.469184931318591e-56
1.6951211636437356e-56
1.0284152969951326e-53
1.0888377156200357e-54
9.130227995015799e-53
2.186860219497008e-55
8.64826981518038e-57
8.524941396461686e-57
2.934496697478682e-70
3.4174211463881125e-54
3.467718118033125e-54
1.8528209083978474e-56
8.027475749373751e-56
3.982142533285753e-55
9.19144533878385e-56
8.648287528776897e-57
5.908669717275617e-56
2.879371864578885e-54
5.981292667516993e-54
2.1693169517605494e-70
7.185811851426948e-58
7.266524410509073e-55
1.53810303764345e-50
5.096298583298835e-53
7.250561136727345e-57
9.335091785669249e-55
1.293746021885141e-59
2.1725881566297445e-54
9.317781829695718e-55
5.331879850187009e-51
2.0122860998631026e-58
6.963682645656637e-56
4.727583146429079e-56
9.404195493771158e-55
2.3279015575693743e-55
9.484747896014453e-55
2.412509931492745e-53
6.708897582950696e-55
1.2419654416674376e-51
7.244054280073403e-57
8.632233425481443e-57
1.4140353091864138e-56
9.130227995015899e-53
9.684431099032236e-57
6.327241353358036e-52
1.764898293819338e-54
7.273051450600743e-55
3.3018434270397457e-53
7.34597039107569e-57
8.034686301914455e-56
1.677205364877324e-55
3.305300528358494e-53
7.277717633470072e-53
3.709923705033338e-53
3.8904309850201783e-53
8.04304386956609e-56
1.680321165564157e-55
2.5696461901686305e-54
3.978328754717783e-55
1.37124131066114e-54
2.7718767914854126e-54
3.1520410608329247e-53
2.421366019097827e-56
9.399477470638046e-55
8.0424051330603475e-56
1.2674068801969794e-54
9.38971042595627e-55
1.680324607238825e-55
1.8492345872158936e-56
7.244054280073417e-57
7.457042581053377e-52
2.837756487697531e-68
1.6803246072388378e-55
3.418131229979102e-54
3.3052779581191514e-53
9.226157199421117e-54
5.987555210010399e-54
2.3225353020097286e-53
2.1703157891651712e-54
1.1077861555099154e-54
2.1735240260756688e-70
5.98702656413304e-54
1.7437449059576625e-55
9.484767322905487e-55
1.0302259784468255e-53
2.3008006497513362e-55
1.9614467470974712e-48
1.6803211655641693e-55
5.096298583298835e-53
1.830014144029776e-54
6.267746919661327e-54
7.24358667741201e-57
6.267014067058394e-55
9.17365437206836e-56
1.8528209083978474e-56
7.833450318044962e-53
2.4349494413546056e-53
3.273632616014022e-53
2.1862737219134203e-55
3.0625719674063554e-56
3.067898692836898e-56
1.4569332095692192e-53
1.084518226570434e-55
5.2545615839539025e-53
6.77177789815601e-54
2.7108480061315284e-55
9.335091785669249e-55
5.244550704962772e-57
2.130021304479911e-54
1.1838274670956154e-52
9.398731013265263e-55
1.2792083992148456e-54
7.776511082626273e-57
9.808932844632439e-57
2.2502727422978706e-56
1.8806135861319673e-53
2.421366019097827e-56
9.479221238305169e-56
6.2786565093874766e-55
2.012286099863124e-58
7.345387012502187e-57
2.769222108934e-54
8.648287528776897e-57
4.6522939341359057e-57
3.0367190532845366e-56
7.34538701250217e-57
1.3668150383502195e-54
2.1725733211150108e-54
1.677205364877324e-55
9.834131062571071e-57
1.8075183423640593e-54
1.2190439161635128e-54
5.083813592405767e-56
9.398711762595303e-55
2.173346964655706e-70
9.266049010628066e-53
7.080452326577477e-57
7.112340345948756e-55
8.042388660444343e-56
1.2885313453944876e-59
1.697208300152069e-53
4.571351387050702e-54
8.027475749373683e-56
3.9005205687781944e-55
3.298880260262992e-53
2.2049512248854556e-52
1.439504439664651e-54
2.438424219927257e-60
9.381283836812122e-55
6.279403585035911e-54
4.1667918920062935e-52
3.067904976581596e-56
1.8492345872158936e-56
3.921409938872287e-54
7.232770574959123e-57
9.087531783721104e-58
1.879105921160874e-53
1.6058099403773552e-52
2.7731412276461826e-54
2.504685382881604e-60
1.7633394083701777e-54
2.170315789165191e-54
8.042388660444274e-56
1.852833560468852e-56
2.3247617734514252e-53
1.7524475930569505e-56
9.317781829695718e-55
2.171265506243486e-70
9.09704662559907e-58
1.8075183423640698e-54
2.0319933265404937e-58
6.366804499724875e-54
3.3018434270397457e-53
9.138999300524147e-53
5.717628687689118e-55
7.34768902577325e-57
3.982150689606914e-55
4.211633600861518e-55
3.41711941963367e-54
2.0122819782582265e-58
5.086838155022263e-53
6.516406393554821e-54
2.4431698717810314e-60
3.8867050404597276e-53
5.026578535770485e-55
9.317781829695718e-55
8.522810577991765e-55
1.681750129975219e-55
7.178345037910244e-58
1.439504439664651e-54
7.818234500081337e-53
2.168368086984962e-54
3.5971547740454614e-59
6.70535975615443e-53
7.284372428621603e-58
1.6804695355183243e-55
3.8216705799154645e-52
7.345371967532704e-57
1.2201389029914175e-54
7.264339720635588e-53
3.8904389534955175e-53
7.232770574959123e-57
6.380775476964187e-55
7.257511802791887e-57
2.879406101642274e-60
9.38971042595627e-55
2.438424219927257e-60
7.483090373726869e-56
7.400385214474384e-55
8.639987191995634e-57
8.034686301914455e-56
6.268502149745797e-54
3.9077666967251814e-55
7.456432925111946e-58
1.2213085749529556e-54
3.924548169354804e-54
