4.8133482333896185e-17
8.951913908739481e-20
6.679388450326456e-19
6.007703103136964e-20
2.291297566255227e-19
3.015891530770852e-17
3.278372287921339e-20
3.56234642310534e-17
5.101072424707631e-19
5.69771941766527e-19
8.426279618385404e-19
7.972855926410082e-19
1.5841324867473352e-18
1.2707111034436477e-20
5.392842768574914e-19
1.0991540489491893e-17
1.1666028737628874e-19
9.94324113133895e-19
1.0705678544500991e-19
1.0353723679312945e-17
7.375023542382895e-20
3.308850847968863e-19
1.9008085806588104e-18
4.87305290625794e-19
1.500692276941716e-19
5.8478522615990064e-18
2.0710511491628665e-19
1.4632780251369966e-19
1.4229022724855987e-19
6.991522650672215e-18
3.816296406324837e-20
1.0093446962491779e-18
6.094635832091508e-20
6.694950320095515e-20
2.799932134568389e-20
1.366096571081156e-19
2.998100048464469e-20
2.4531035659684577e-18
7.098265381892565e-19
2.5380752460556467e-18
3.063521196221274e-19
1.0443064475270902e-18
1.749482867195865e-18
1.8104428101305751e-16
2.8568068108134926e-19
5.629645759174329e-20
4.122580725571578e-18
1.211171426056483e-19
1.635067781054246e-19
1.1817532841648438e-19
1.8199483343932668e-19
4.568382634620005e-20
1.0562807275923723e-19
3.01631027080969e-18
3.3966312212863837e-17
2.8056185544887888e-18
2.7126032309022767e-19
1.1681382118883022e-19
1.5124601116643417e-18
5.661430808772005e-19
5.892696241740769e-19
1.1616916118975155e-19
2.287546971429173e-19
8.726748986467024e-19
3.5407216416540367e-19
9.91375711466644e-19
7.154398791215197e-20
5.664532415976563e-20
2.498030117632308e-19
3.995860609964954e-18
2.6702817083981e-20
1.188343302314139e-18
1.5180421646670874e-19
1.1049898146978832e-19
1.4703299853724812e-18
4.696302214921685e-19
2.9129226940774777e-18
1.1637672680426538e-19
5.7059372039091e-20
1.7752445730442094e-18
2.080671254972699e-18
5.953666283971238e-20
8.643613721621872e-20
2.0789158339721165e-18
2.1275004241206862e-19
5.061515714393225e-20
1.7034101373698724e-19
5.892378714080057e-19
1.8711256504741522e-20
1.6198069360475887e-17
4.4291277708710775e-20
3.996956806820319e-17
2.0043643459839063e-19
3.5917109195566013e-20
1.4892013030758281e-18
2.665679774260434e-19
1.0984795284155528e-19
1.3736097023161427e-19
6.961626134460156e-18
1.2036139093085756e-19
1.546890699014459e-17
3.000951556043104e-19
5.738204875597577e-19
1.961706346256144e-20
1.3769495863230918e-17
1.4526467410114017e-19
5.193730258703047e-20
2.0878255056997934e-19
1.3651249679826838e-17
1.015336488896422e-19
3.993423338151875e-20
1.0132282024726722e-18
3.285765354392461e-19
2.311655775331151e-19
1.4943049519592428e-18
1.2390009881800179e-15
3.164512728249202e-19
2.365052357002801e-19
1.0282684996775854e-18
1.2220153196170537e-19
1.3113732294019773e-19
5.678608963646598e-20
8.396704411429259e-17
1.0389210281777364e-17
6.587126277520631e-18
2.726835368437819e-18
9.157687656491083e-20
1.841554809662224e-20
7.450167471819635e-19
1.479148088416186e-19
1.489984045527931e-18
2.525753058666039e-19
4.56694978243626e-17
2.55739201335405e-19
9.769448610799348e-18
2.7132979479974117e-19
1.1439461869318915e-19
9.363618695675201e-17
3.3403564034527396e-19
2.1680630396937e-17
7.32147460919841e-20
6.0870839981106364e-18
5.725358438610451e-19
2.009992424310243e-18
2.989045601892534e-20
2.305964069894612e-19
5.00308067660723e-19
1.242371475405607e-18
1.851851756276791e-19
9.330890445438267e-19
3.388314344132239e-20
8.703656281279891e-20
1.491184544874493e-19
1.865771364278425e-20
2.6554872920253035e-19
3.541226438317599e-18
1.0457242229850002e-19
3.049145319015751e-18
2.2547668888542386e-19
3.6923079755423743e-20
4.2294672935490414e-20
2.2983429359669886e-19
2.1241702358526584e-18
4.0006267510665805e-20
1.50791825636399e-19
5.694605429093048e-20
1.1880983265308921e-17
3.71652111860122e-20
1.8249061731138825e-20
6.573490233010297e-19
9.871171209807556e-20
2.67311001813656e-18
1.701752375181285e-18
6.414852101316096e-19
1.5404820496624667e-17
8.374099274523317e-20
9.065576187918497e-20
1.2850075819919162e-19
6.962628275267478e-19
1.4680536626848642e-17
2.056751751631261e-20
1.6190937905901918e-19
1.4481305020059039e-19
1.0490321747004461e-18
6.642889603087384e-20
1.3707703744717434e-19
4.203335417744503e-16
1.1618365150950943e-16
2.1356694073707263e-20
3.393957589610181e-19
3.7774436424763984e-19
8.769822498196693e-20
1.1356925820482588e-18
3.664378935793174e-20
1.4143626106685007e-19
5.039864095982023e-20
8.06565332280123e-20
1.4218508552292841e-19
4.40477137487579e-18
5.543215116811105e-18
5.0544111457293005e-20
1.463828348608969e-19
2.2161115959483797e-19
2.0618667987631086e-17
7.586269018370778e-20
2.3452889379348676e-20
6.597337411144314e-20
4.732764875727773e-20
2.8068141586630677e-17
6.959662799251867e-19
1.1078600334677238e-17
1.9732015106181646e-19
5.66841489579132e-20
1.0716687520127937e-17
1.7946804759363068e-19
1.8663149382454426e-19
1.3764934700506177e-19
6.55456386612831e-16
4.834238060163862e-19
1.3134965457653497e-20
1.790347889038085e-18
1.8205652485896214e-20
5.3518565874099235e-20
2.88348691763638e-19
3.7967147858349087e-19
4.506422905318294e-20
6.957576586625455e-20
1.9887858096960004e-19
3.381378899638486e-20
1.9656408309462716e-20
4.2652088620463534e-18
2.652967268555002e-19
1.1349028521374399e-19
3.0510170333359273e-19
1.4068753180522875e-18
3.457701264286852e-20
4.319203049460282e-19
3.475804513037485e-19
4.368621866955247e-18
4.672401245535106e-18
7.721368044678375e-19
1.43124027982672e-19
2.4783200190775164e-19
3.077860346185441e-18
5.143240959717609e-19
1.9385623123032998e-19
2.686691473913404e-17
3.065488268592303e-20
2.542755161980237e-18
9.922491765924502e-20
2.8112701294076516e-19
2.0423198951598003e-20
3.491006915439541e-20
2.708760627979002e-17
3.185730911013128e-18
2.064475875523011e-19
5.867235537752741e-19
6.58878132199651e-17
1.6520045679392687e-19
5.5479840298849756e-18
7.17969048961994e-20
3.692660291074179e-17
1.2604169083643516e-19
3.274696919592634e-20
4.172613020911125e-19
1.4609886504393458e-19
3.9469683532878155e-20
3.8479076158232856e-20
4.503662289391806e-19
4.418812176351873e-17
2.3933538639712133e-20
2.8232406765334526e-19
7.287547964854346e-19
7.324729628489449e-19
1.8386742156228117e-17
2.0992642412806375e-19
2.9656579567396688e-18
3.7465100896102295e-19
8.554180998783521e-18
1.706504848454868e-19
5.555455920151867e-20
3.047030307645606e-18
1.0180354908802962e-18
2.045396027588779e-19
6.307895598277048e-20
3.469531649694821e-20
1.4921036807538716e-17
6.021247130541708e-19
2.1025146487647396e-19
1.0719180164181019e-19
1.9121959629213338e-19
1.3754095729930108e-19
5.279282764446692e-19
1.3713132016693613e-19
4.985176228017104e-19
2.7610619378302436e-19
2.244409605136594e-19
3.803629581864795e-20
4.0130437397694663e-20
6.316692300016734e-18
5.445611593139696e-19
2.465551151425985e-17
2.214252201347038e-19
3.197449059283571e-20
1.802862654873642e-18
4.800085205307166e-20
4.978053355888341e-19
1.0139910501205926e-19
2.7950567794010934e-19
8.300501185808826e-19
2.5141725984226217e-20
3.581189073728424e-20
4.749414021236132e-18
1.3759804713959686e-19
1.0351801225142164e-18
4.805157949254668e-18
6.585705754850036e-19
1.083797239267615e-19
2.0182678812265294e-19
1.7756351854288788e-20
1.6150047988737214e-19
2.2138843629824918e-18
9.192387495400854e-20
3.288568305468304e-20
5.391839146345219e-18
2.5922550554278623e-19
1.2015281497191403e-19
7.978850015043618e-20
1.0169316165156663e-18
2.3523340622196094e-19
5.984783507807215e-19
1.2158971367808051e-18
1.676758712109105e-20
6.74382399296987e-20
1.449585016457443e-16
2.423838024503448e-19
6.646197896075393e-20
2.452452948683862e-20
3.5338225010222715e-20
2.1836963609477548e-20
9.852803821995597e-20
6.73248462062009e-20
3.6020678212949397e-20
3.987035475128783e-20
2.125890729591119e-19
7.943447014346766e-20
2.5067740862085144e-19
1.5097717503780212e-19
6.92053803229034e-20
3.971921121938607e-18
2.5621434194433315e-17
2.1146367327947134e-18
1.717946745119115e-18
1.5819939284701797e-18
3.814253629364836e-18
3.801017313498179e-19
1.3769066849903183e-18
1.9832596287666048e-20
7.687700044680655e-20
4.223608383239676e-20
1.7199853697161052e-18
2.275215900804976e-18
4.711398579962875e-19
8.162927667572836e-18
9.124782318088506e-17
2.4774627333021537e-19
2.513685302371278e-15
6.303441400201397e-19
1.682370566254244e-18
4.987058449339035e-19
2.329727106161499e-16
1.5585392175852356e-18
3.678814958473668e-19
2.5613778386128023e-18
3.1517875600056124e-20
2.332412357606076e-19
9.13367484597949e-19
3.8386474222623854e-19
2.72924729831844e-19
4.9413217146607916e-18
7.289868555031479e-19
2.0667396466279e-19
6.9792649880114e-20
1.2321211822115909e-19
1.0067337664241007e-16
8.114318860031474e-20
2.703426783826905e-18
2.900924069213848e-20
9.436860260300606e-20
2.7458533974299764e-19
1.25984512393792e-17
1.9406969857210154e-20
3.1312561343222232e-18
5.08162661863336e-18
6.917154085726016e-19
4.839214313146889e-19
9.143714674064893e-19
9.04211686817184e-22
8.891145051102184e-20
7.750300281122747e-20
5.179882018209746e-20
5.574550548929546e-20
1.5101017511865682e-17
3.091301400795873e-20
1.8574450824455723e-19
1.1623706861015235e-17
1.4015649730293894e-19
7.190813960582199e-20
1.6794049484495975e-18
3.981332508203407e-20
1.007150608095123e-19
6.438750692256963e-20
8.169282979010849e-20
4.291567956700256e-20
5.030762390041826e-19
5.7636621274058035e-19
1.8696600019722147e-19
2.744567037382344e-19
8.569496778999898e-19
1.38014384022443e-20
5.668810891612457e-18
4.751840553613698e-19
5.890312251576965e-20
4.458467008839628e-19
4.324492546312042e-20
3.931403724041642e-18
3.9737500991660244e-15
1.0974744866739085e-19
1.3755413028271557e-17
3.9014128404186907e-20
7.522292338334412e-17
8.703254490816418e-20
3.129715296871084e-19
4.340905401976529e-20
1.7469475140586436e-17
4.416108378187149e-18
9.746849102374107e-19
2.392726012076954e-17
9.327452821206836e-19
5.415692971709148e-20
3.580304713598764e-20
1.4681266439859758e-19
1.4413672502821326e-19
7.433972402644771e-18
2.856436918409684e-17
3.5394208354989776e-20
8.598266468917687e-19
9.127045330194127e-17
1.8184824193951247e-19
3.925389552124232e-17
2.817445237800155e-19
1.40761109246164e-20
6.844544214583676e-20
9.316504969605395e-20
3.5644795874099234e-18
3.1616490116176456e-20
5.46068967699316e-18
9.27517525822575e-15
7.925027449592423e-20
1.1290861803879455e-18
9.086412111478493e-19
2.2821461924526364e-18
1.664378117248236e-20
2.699493454451594e-18
5.695183645128411e-20
3.508437979442012e-19
8.237045742240446e-18
9.805847499905369e-18
9.788154503615639e-20
1.4452263003490243e-18
4.205681087195237e-20
1.566902987726163e-17
2.3967122175016928e-17
1.3551651039934477e-19
1.10316100806626e-19
9.139312051635187e-19
1.5942946528766202e-19
4.254724061713725e-20
6.057437861351935e-18
5.772597148132997e-19
2.249119135623328e-18
1.6393074751107007e-20
1.0047197968799052e-18
4.178639405074959e-20
6.55890494320907e-19
2.654151715866632e-19
2.2332688596786926e-19
1.9572899328108605e-20
7.380357319996852e-19
5.962475912176165e-19
6.351666303798739e-20
7.931162385651033e-20
3.538417739807098e-20
5.484115439592649e-20
3.9496901214228734e-19
5.682267514196318e-17
2.4732700093467366e-18
2.686763319141298e-19
8.664452214165032e-20
6.772505834664977e-20
4.0428426480108875e-17
3.623575372936355e-20
3.106937258130303e-17
1.185879374064633e-18
1.4742036873380818e-12
2.7072592010756645e-19
2.6597293655025087e-20
1.0305065256333232e-20
6.3388470042135325e-18
5.519803234807694e-20
4.6336952084893317e-17
3.222927001962417e-19
1.1425758323511518e-19
1.143331611660052e-16
1.6062727478978162e-19
5.212793728694749e-20
8.050292401681396e-19
4.461344641877813e-20
5.1948393940631635e-20
2.2187428841722896e-18
3.665822122396787e-19
2.2070063281242453e-18
2.820283708860303e-19
1.46646372920139e-19
4.5218902775175166e-20
6.542170304848386e-20
9.751926424696974e-19
2.372286126900302e-19
1.0206202865924381e-19
6.137363601540701e-19
1.6761067350950185e-19
6.687184756762169e-20
5.651481373983621e-19
5.6278574697368234e-18
6.970248395230946e-19
3.2579200391159746e-20
7.347115109874499e-20
3.7598047554266063e-16
4.933672445429753e-18
6.88018431782957e-20
4.148453087236538e-20
1.615149459298179e-20
7.009321491317394e-18
1.239230629854371e-19
6.283109931780941e-19
4.896047947979369e-19
5.976922098567145e-20
9.367582313029022e-20
3.060445408191151e-18
2.843889740880571e-20
1.4416998238126598e-18
1.0987510967007828e-19
2.24362210662411e-19
1.0929204481881128e-20
1.0843368193409174e-19
1.905921968582882e-19
8.71969225293387e-20
1.6691758392301825e-19
1.3808298653031336e-19
1.3119211640942542e-19
5.52930531205454e-20
1.3894627100232519e-19
4.1763592924234876e-19
1.1618345386787185e-18
1.735593499589873e-19
7.14802213531678e-20
2.364799759342507e-16
1.679863668179679e-18
3.06244302916485e-18
6.31419764355433e-19
2.1489446330855267e-18
1.4257846484790899e-18
1.1312112037177986e-17
2.340834948929292e-19
4.7691601880591756e-20
5.452401975675323e-20
1.12248154350572e-19
3.124925349000591e-20
1.6077802748549414e-18
1.442846851196916e-17
1.6497652537474105e-19
4.7400272204242913e-20
2.2831140395268147e-17
1.3241412622443325e-18
9.276089650619878e-19
3.796689529364814e-20
1.0267682554074458e-17
6.625724206728803e-20
1.6403213488043586e-19
1.6917738611935588e-18
9.369215627043396e-19
4.2006137259574404e-19
7.582214511306684e-19
1.6897707124444448e-20
4.0474952155137256e-19
1.647209145545953e-18
1.7483242465005627e-19
3.7271539740746824e-20
3.689746861323247e-18
3.128393802108375e-18
1.8446805511128454e-20
2.0766263767761137e-9
3.693303579499395e-18
4.0611043405789067e-19
3.9654705126939967e-20
4.5338620718791494e-20
3.027260210304556e-20
3.178183330090019e-16
6.036058052387003e-20
5.466118033631937e-19
3.437351553635321e-17
2.8644254487377243e-18
2.348222039766207e-20
1.1357820460197414e-17
1.2060979573710654e-17
2.2974749965451926e-19
5.647086202174623e-19
2.1067555634304038e-20
9.300115601381308e-20
1.3612320734080587e-18
6.445458242435078e-19
2.0251272451578875e-19
3.6599068904161543e-19
4.45557565173635e-19
9.32609314585044e-18
5.0999342874221916e-20
3.833437261889479e-20
3.6788864335892214e-19
8.745644009017908e-19
1.0774641359755777e-19
3.545497277526938e-19
2.658310159548313e-19
1.165628857114792e-19
1.4380568407591794e-18
3.222175418736143e-19
4.313831199092299e-19
5.073187776193922e-19
1.0640461145373846e-19
2.355619654397303e-19
2.0086056122806463e-17
7.901091906394338e-19
7.672143974173707e-18
3.089297228464906e-19
5.628220181518143e-20
5.2775633717892124e-20
2.1505704525332772e-18
7.567489993660588e-19
3.572417165363457e-18
1.6346394068061114e-20
2.994460905068986e-19
1.6359722368671967e-16
5.1244307821337285e-15
4.006465262699396e-9
4.1968525695295304e-18
3.269835643368587e-20
2.3800949909169435e-19
2.2065535413714483e-18
1.456777936682348e-18
1.5206689185232816e-19
1.6624430968493808e-19
2.050514332671192e-19
2.1954360240162173e-19
8.723366845537396e-19
1.0583016309602135e-19
4.834322480188205e-20
5.272394293110438e-19
2.5518286678149408e-20
1.1873443275418615e-18
6.186743967845718e-20
1.6576492696676524e-18
7.242789873807782e-20
2.7712953049572665e-18
7.06157822879528e-19
1.0204613626099863e-19
2.5796807818952364e-18
3.5907661598696403e-19
7.289604400803058e-19
1.8220886085276778e-17
9.032491826943215e-19
5.929912506134809e-20
1.202890780927537e-19
1.0411749227170083e-19
1.67555812084041e-19
2.293040222553084e-19
9.35198873267633e-20
8.712585338709225e-20
4.618069973746499e-20
2.462134877582718e-19
1.717485882686081e-17
1.1547741734907732e-19
1.0071345945441394e-19
4.1300044787366016e-20
9.194912928817137e-19
3.733467458382323e-16
5.006641994084631e-18
3.0077373814017675e-18
5.475281043810557e-19
9.255105401997935e-19
2.6736367948040005e-19
1.399284376805475e-20
2.3694439136019137e-18
5.548979430111093e-19
2.312383710182844e-19
9.607941473940468e-18
2.515042735504266e-20
9.133096559373024e-20
2.3838189409547384e-20
1.2028538375271913e-19
2.3366495146383386e-19
5.459220822074107e-20
9.289940972875533e-20
2.5591288591531436e-19
1.5754060285598338e-19
2.0787280224618003e-20
1.4697972041555261e-18
2.467552740424531e-18
5.226667760486784e-20
4.107956893510438e-19
3.325669006040387e-18
6.587931976095699e-19
1.503169891329824e-19
2.257435145420939e-19
2.71470691591804e-17
5.634416893389821e-19
4.812140920141221e-19
5.548832624264093e-20
2.4219807367868023e-14
3.5075953228547124e-19
1.462638344924567e-14
3.420506466770762e-19
5.235728353999188e-18
6.898689015570401e-19
2.6149866139735404e-19
6.586964446926724e-19
4.5413220367262176e-20
4.1236861324855227e-20
1.337016922213366e-19
3.0064991382960017e-18
4.427064189783348e-18
5.562404861706086e-19
2.4610642569318595e-20
8.045641519109506e-20
2.2288059211982643e-20
4.273125520789694e-18
6.658197474632053e-18
2.645362896553118e-19
1.161570544115874e-19
8.267489061989465e-19
4.433569294399548e-19
2.2189019734930163e-18
1.5053091650692067e-18
1.0194861827766449e-19
4.185387526221498e-20
2.8257545207589777e-19
8.389709351331196e-20
5.34552532676132e-20
1.2427506030360185e-19
3.667100667640719e-15
5.915918009621513e-20
1.5085781899496224e-17
9.841005066313964e-20
1.7443904771930546e-19
1.4813488702907912e-19
1.005324148986099e-18
1.196023858321076e-19
1.023373322486474e-19
1.3411146269533622e-19
1.1676868930708243e-18
1.5310944219469322e-19
6.251556134607383e-16
7.472296051272753e-20
2.4337744158496456e-19
7.314540498650105e-20
9.078222210538352e-20
3.1850688325409683e-17
9.284313034093596e-19
3.1559447458280594e-18
2.5266095217514206e-20
6.748120724381696e-20
1.682586405481637e-14
1.1325119633740676e-18
1.1816815388400622e-18
1.0407322751990883e-19
7.970243255472452e-19
7.55402133355856e-20
2.283833727137765e-20
3.7158600868239283e-19
2.336365840315221e-20
3.258960283437342e-20
4.174091322446604e-20
4.1392294604474546e-17
1.643870690865544e-19
1.994976267190411e-18
4.734376842655366e-19
1.7964416716040872e-20
3.864601400679457e-19
2.266468744313753e-19
8.58609284257287e-20
2.405462600521382e-20
2.5357330267476493e-20
6.850246659672156e-19
4.900332860099923e-19
1.0636192916448602e-19
9.923951121616387e-20
2.2603692214927895e-19
1.8085942618175612e-19
3.8934774560443697e-20
6.461790369002984e-20
3.2428654487583963e-19
1.107616383870813e-14
2.620397391276651e-19
4.81158404807944e-19
1.1122746189760562e-19
6.17469916928753e-19
3.893431877241827e-20
1.7606743080994328e-18
1.2082562679142423e-20
1.0925156341892586e-19
7.724068827473229e-19
1.7460213025097008e-19
7.257354649683323e-19
2.7066353771803727e-19
2.3060812347877395e-17
4.35376512720953e-20
1.949475605148075e-19
1.3540432154695733e-18
3.834385172575989e-19
2.4022436526600576e-20
9.673977163370808e-19
4.344627656759776e-20
1.7820195692568313e-18
4.2071603333611096e-19
1.465434547582024e-18
1.2425372401037903e-19
1.3269280987044165e-17
2.2716654470660143e-17
6.42632078799801e-19
1.2057254438894677e-19
7.236313305585936e-19
1.1821688609194275e-19
3.3943139724404567e-19
1.0092816354189356e-19
4.359169418913569e-19
1.0510943206942723e-19
1.4628567662283972e-20
3.4874002254986265e-18
9.149066339078952e-19
6.279036649472068e-20
2.5517593368016794e-17
1.0381727790710405e-22
2.4549183618004806e-17
2.7606337132098886e-20
8.841783165060594e-20
1.9223707661727975e-18
5.300514778363461e-19
1.1712727777865645e-19
1.6134242529389145e-18
4.142399129731439e-20
6.552118749312762e-18
5.160085902804285e-19
1.9730581835279457e-16
4.716015948047996e-18
4.458406457432019e-18
5.2539959169475024e-18
7.96360520580112e-19
1.1787840078693696e-19
3.050071579453949e-20
9.171483010748293e-18
4.466246999742057e-19
1.60159626406746e-19
6.62805238577164e-20
5.339643291027361e-19
1.3724281237013478e-19
6.249117781378327e-20
8.96644264551851e-19
7.09400966385401e-19
3.1352864426134675e-19
3.1639467230858267e-20
1.3975685268088278e-19
2.6584697050069654e-20
6.191578370161363e-19
3.2212675332431686e-19
4.844828457782467e-19
5.1530846669543547e-20
1.2618112005547776e-18
3.3792517853083094e-19
7.443780719962238e-19
7.600412220966258e-18
4.6446135577335475e-18
6.429315366827766e-20
1.7203110753804495e-19
2.1919943495315466e-19
4.067872315677206e-20
6.365726381670197e-20
1.503248062906816e-17
1.268638881032784e-17
5.3142953005068026e-20
2.15701884087032e-17
1.215871985828474e-19
9.750522014536161e-20
9.288749850110146e-20
2.7352940266364826e-20
3.974943481557313e-18
3.024425381836702e-19
1.2739389999522854e-19
8.311184183353843e-20
2.1305442450003278e-18
1.037900990784349e-18
1.880366554155203e-18
1.3405901761934817e-19
4.088811144956287e-19
1.9287704666449604e-20
3.8484738483771725e-20
3.8346643819718244e-20
6.925438790995878e-20
2.774242416347314e-20
3.1729655576873183e-19
2.7651023562929916e-20
1.1538833990858046e-18
5.706004707032863e-20
2.947175727213559e-16
3.428503443935136e-19
6.058094750976196e-20
2.2489754349285307e-19
1.0207158150548109e-19
6.848224028140465e-19
2.0633974304650002e-17
1.2285714016252246e-19
1.556930176571203e-19
8.281525974924433e-19
2.4175023937124006e-20
6.415232622092899e-18
6.382506673444173e-19
5.381592687808533e-20
7.6039536880095e-19
9.157904974718067e-17
1.8952338826221936e-18
4.325696909628841e-20
2.874651832134934e-20
1.0775448102920146e-18
4.483800994810703e-20
2.963481874264394e-20
1.5991576368901505e-18
9.431580473447675e-20
5.682552621558431e-18
2.3601753985447534e-20
1.93973908662068e-17
2.3041181066410774e-20
5.856464225682297e-19
6.14985960306028e-19
3.0501253851681613e-19
2.7577931131383886e-19
7.509413400010739e-19
2.3762012370466055e-20
2.9255617137030604e-19
2.042440598931766e-19
2.636262659694644e-19
9.377111350623912e-20
2.6884633444697863e-19
6.868294809865724e-20
1.17586376871057e-20
2.0377382857985697e-18
1.6642142123792024e-19
8.724969739247148e-20
2.4783413615353713e-20
5.636961213946533e-18
3.378532809104338e-17
1.950005203310493e-20
2.6093576950924595e-20
3.2574830756375646e-19
5.8486617063819195e-19
6.215714348650888e-20
2.2298000452987987e-20
3.469953112072903e-19
3.2600652835386265e-19
9.042865916469269e-18
1.54101131818066e-20
1.1803422084056937e-17
2.9940695019354624e-20
3.65813730543295e-20
1.8638316267836653e-19
3.903319264788665e-20
8.550962828319275e-20
1.8450420694851247e-19
1.099052256005358e-19
3.602011176307698e-19
2.5110318598678797e-19
1.4416959753875808e-18
3.7903023873085487e-19
3.158253242849607e-16
2.188762757810064e-20
2.713618649198842e-19
4.596749368274283e-20
3.4966082981794736e-20
3.344291559396177e-20
1.0207682132645373e-15
6.084035749587966e-18
1.1931777291305807e-19
4.886121806759663e-18
3.13353354738773e-17
