3.593667641511171e-6
2.9640998951899632e-5
2.486370057501159e-5
1.0228326538536207e-5
9.027723725880275e-5
8.542354658019424e-6
1.5035636764746172e-5
7.4727326955121375e-6
1.4670220845015364e-5
1.1124634413361426e-5
9.17896905340525e-6
1.0751908120325641e-5
1.9505281746132027e-5
7.78464521148434e-6
1.9674854975397322e-5
1.4032032557848797e-5
7.843944442830937e-6
1.5238947458226404e-5
1.3582933841573312e-5
1.996316913503415e-5
1.0679862914369839e-5
1.4616970954288125e-5
7.964121756181177e-6
5.085940966343755e-5
1.9471553537327235e-5
1.4569520301860086e-5
1.2505836514255146e-5
8.12456148541144e-6
1.0556686927934192e-5
4.532143565600518e-5
2.630010449457296e-5
1.0363785067146544e-5
3.0572702703649234e-5
1.226141980609454e-5
2.458156886463246e-5
9.014863246839068e-6
1.0339198892109415e-5
2.0870813047037348e-5
1.166212720781867e-5
3.324028311472893e-5
1.0998546700353364e-5
2.4604140760715516e-5
1.5911412444681324e-5
1.5584296348808176e-5
1.6616580311195366e-5
2.1203664350735144e-5
1.0790059211390123e-5
9.991444177154987e-6
1.4716740792604027e-5
2.0337108198110182e-5
9.669476930373182e-6
1.994440800770137e-5
9.119429094036365e-6
1.770430740542067e-5
2.6001570961086824e-5
2.075458224940323e-5
6.085851348682189e-5
1.0771669008100143e-5
1.2035826709375913e-5
5.325693168669607e-5
9.445300020734044e-6
1.5628665258812543e-5
1.1178458348786089e-5
8.643237321720264e-6
6.273598857816776e-5
1.281426087004885e-5
9.75280864283378e-6
2.1783174729890212e-5
8.576178413899498e-6
1.0644960055617342e-5
2.929984303768205e-5
6.963712548325799e-6
7.912654643053812e-6
6.6018763203098505e-6
1.0722175886464564e-5
1.365355990724293e-5
1.0229981271704786e-5
8.118779715191058e-6
1.4956048134783447e-5
8.639929853049484e-6
2.5744541375214077e-5
2.3924595672527525e-5
8.009246514481128e-6
1.232689855563022e-5
1.7719807222281745e-5
6.901994182920123e-5
3.731677164269996e-5
1.7895811948906083e-5
4.8185417698900235e-5
6.774209037645236e-6
3.946489927282801e-5
1.1657360719595443e-5
1.4970819538342099e-5
1.4938533134963087e-5
1.9721840820781523e-5
1.3650522654825037e-5
3.059274810595422e-5
4.331847258812122e-5
1.3588938189421407e-5
9.092474658624145e-6
9.268262781155453e-6
2.4586920774173675e-5
1.1434340776745221e-5
5.7210529804458425e-5
0.00016872819149508903
2.3819812049027908e-5
9.686441468936128e-6
1.641912799515006e-5
2.448694673372746e-5
9.120146916045385e-6
1.3512915195001489e-5
7.81136182638031e-6
2.184458041830529e-5
8.390994136828405e-6
0.0001683105192447275
1.4952825400670774e-5
2.867934711415854e-5
3.483773685619757e-5
5.957312565371917e-6
1.328147233960302e-5
1.2162202684558324e-5
9.931109374499543e-6
1.631900492687176e-5
2.618788614475311e-5
4.6804388452273326e-5
1.0513136970551972e-5
8.624117016802109e-6
3.605847724625927e-5
1.1585757760952215e-5
9.040135344818892e-6
1.6886591974157767e-5
3.144762384662864e-5
1.8744041091884983e-5
4.783857876263438e-5
6.054393184956352e-6
2.1287679799932164e-5
1.4046365128541113e-5
3.027608743708519e-5
0.00013964167294552054
1.8827541392262026e-5
2.7913865797257085e-5
1.7590139489062224e-5
2.4083018376461563e-5
6.960986197768265e-5
1.7673111824281007e-5
8.655187361188592e-6
3.4678166138419234e-5
1.2782329627913592e-5
8.514007624903013e-6
6.464249591692919e-6
1.3259723578574993e-5
2.150386006263513e-5
2.4339303955129446e-5
2.4849552068518032e-5
1.5410501777944197e-5
2.1361467576762645e-5
9.702716929075821e-5
8.66507069849345e-6
1.4825892182229197e-5
2.7774623969593312e-5
2.26487256112676e-5
9.629028676615845e-6
2.793930271413007e-5
2.159041857291779e-5
1.0239100164870515e-5
1.6297756453019087e-5
1.1654209581508395e-5
1.503087853088754e-5
7.156654062134736e-6
1.4157288817459793e-5
4.138511927150721e-5
1.3469344815569014e-5
6.069452489594144e-6
1.4560900386438436e-5
1.0947085932193661e-5
1.731924590930342e-5
1.3526727709652493e-5
8.779852673029462e-6
1.4749626799908298e-5
4.81284372340127e-5
1.6070967189571204e-5
1.5126117817820897e-5
1.588268909728301e-5
1.189399709923886e-5
3.6468623124220764e-5
3.555066420740663e-5
2.575500886196428e-5
6.683024149036855e-5
2.3247221842005093e-5
6.66979403757817e-5
3.0267791387806893e-5
2.309437755713317e-5
9.880545635958606e-6
2.2247018489446243e-5
9.230260382652114e-6
3.7940429939042084e-5
5.457810529264204e-5
1.8441471828072627e-5
4.487844814413401e-5
2.3056070329640282e-5
2.7982253040343938e-5
7.565843105533013e-6
1.3759790900613196e-5
1.8532732158456e-5
1.6580916742354887e-5
8.889607071767507e-6
1.1198383963780396e-5
3.0247490051004462e-5
7.577597407944672e-6
1.132292457188045e-5
4.838550346106091e-5
8.902567853699974e-6
7.91819077021543e-6
1.514225782618176e-5
7.87990967947799e-6
2.0994824783705986e-5
2.0326223147659393e-5
1.5525062557200578e-5
1.0444412845261014e-5
1.3712164837957288e-5
1.1390577255345044e-5
9.371137640468686e-6
6.1249482424087915e-6
9.219635097633034e-5
6.725362601206247e-5
1.0822793932716408e-5
1.595142958167998e-5
6.316410054561912e-6
0.0005336168561680936
1.3591399681419989e-5
3.1524747962426694e-5
0.00014718895868540623
3.3273100236706805e-5
9.634723651667973e-6
2.1151185857561896e-5
2.595553720235961e-5
2.095235215745551e-5
1.015967876463316e-5
1.223134870916135e-5
9.382680084871547e-5
2.5372829147959405e-5
3.740185452615674e-5
1.8177036359572612e-5
5.715367105154949e-5
3.198231383189304e-5
9.378631673717862e-6
1.0878081375261293e-5
1.7982538205064617e-5
1.8054349159653627e-5
7.814746521426629e-6
1.2575936238468053e-5
6.726898866800353e-6
1.557053181296144e-5
2.8145763460822013e-5
3.474636164447389e-5
4.546707518522923e-5
1.2744000598675728e-5
1.8774994077195817e-5
1.4565556229059213e-5
1.7358311550624236e-5
1.0198283899492188e-5
1.6746033463068127e-5
1.1209283584306519e-5
7.100701924439161e-6
7.209521719152158e-6
4.491737642707104e-5
2.231737553523598e-5
1.0437329266020946e-5
2.622158575645729e-5
2.5236827748521554e-5
1.615401268692825e-5
1.2875561749062795e-5
1.3958359201382281e-5
1.3826230391390213e-5
1.0080635190998181e-5
6.993378933751067e-5
9.96095753731676e-6
1.5077564490249938e-5
1.6030868208945567e-5
1.950753346425996e-5
2.150719156128107e-5
1.1457357528690839e-5
2.0597626176836544e-5
6.460022449004463e-6
1.8761958284152624e-5
6.9375580767728534e-6
1.2961557783452729e-5
1.4773888829771212e-5
1.184380434055648e-5
1.8273917663082817e-5
2.416206145855577e-5
8.336234862018561e-5
7.909305574924678e-6
2.077762172901526e-5
3.0544486319197814e-5
2.2871508481390462e-5
1.0685118183902482e-5
1.815726388110917e-5
4.926378816306816e-5
3.3910667490163455e-5
1.3399107494883385e-5
1.0707127165071117e-5
1.2455831225953155e-5
3.996585382192257e-5
2.3702784627243004e-5
1.2103757246621793e-5
0.00017083489982094695
5.138406518709582e-5
2.1848464092214438e-5
4.5647708123620286e-5
3.7417126525966974e-5
1.5820158221943652e-5
1.3964634424110233e-5
2.053469336361231e-5
7.150393522602718e-5
3.12584125796603e-5
2.7263843344057952e-5
2.0236005826833588e-5
1.4616791730081615e-5
4.254480512054113e-5
1.6309360942726736e-5
2.6095430461621355e-5
0.00022988124124861728
1.16465582894465e-5
8.457538788727582e-6
2.9556854487610616e-5
1.3112996707401408e-5
3.1033700625674236e-5
1.6985260994223996e-5
4.25727031870631e-5
1.4332865342983797e-5
2.2703337991268717e-5
1.2189325353024807e-5
3.290562168659244e-5
2.3930972199707396e-5
1.6503815029361984e-5
1.5499292707954332e-5
7.393935376039166e-6
1.9788901722650505e-5
2.901980027948596e-5
8.592511948764175e-6
2.4364372106518185e-5
2.101344560847519e-5
1.468319241633762e-5
1.7203626411948033e-5
1.008797928642273e-5
2.0484862797995954e-5
7.593381445009692e-6
3.545523227325884e-5
7.49817830168066e-6
3.1363590775188594e-5
2.1540730591786583e-5
1.438047994084331e-5
3.4476653882409515e-5
4.471912574897577e-5
1.1430825620028674e-5
6.776821402927777e-6
7.81520215538151e-6
1.0314011463461661e-5
1.2280643180515804e-5
7.990739343707015e-6
9.458877677134627e-6
2.0116999657901096e-5
1.5010377406868243e-5
2.078305449582969e-5
3.9837554789444546e-5
1.0901854358963273e-5
3.099000591134705e-5
1.298915168350306e-5
5.767836225637682e-5
4.499125340214152e-5
1.6340198290228153e-5
1.2249071927573316e-5
0.00018904056833300188
1.1596637796827395e-5
7.0179309948954084e-6
1.7943724042875715e-5
1.0371683004401137e-5
6.722174094311556e-5
1.235276695424649e-5
2.650002224787059e-5
2.1189828640977426e-5
1.3097866291593603e-5
1.770213942040454e-5
1.6580489521486098e-5
1.4599989270915427e-5
2.4201343285296823e-5
6.766774399344349e-6
0.0002014389998712615
6.526758165073768e-6
7.467432501243672e-6
2.36787709270865e-5
5.117614019584218e-5
1.6511196243776822e-5
1.3587589207458516e-5
1.1143322628220833e-5
1.2209053373489903e-5
1.5387960456290963e-5
1.7977886719664777e-5
2.1218349184466324e-5
4.773648786420506e-5
1.5770026932504404e-5
3.9310854175825355e-5
1.2554257114149923e-5
1.7910093438959203e-5
9.050090982990772e-6
4.537122985385789e-5
1.1746404806529318e-5
1.1948716581811834e-5
1.4962255053112197e-5
0.00010583318090911846
2.567665446342495e-5
1.3745346038560892e-5
8.34485962899429e-5
1.0092185436384839e-5
5.965795123786345e-5
1.1412542676830861e-5
8.600795531909898e-6
1.743584011802156e-5
4.2277176567384495e-5
1.5248367425175544e-5
2.06638292531309e-5
8.114986915147321e-6
2.7976150621952012e-5
6.517702919907529e-6
7.914448125105167e-6
1.4740581457476847e-5
0.00018211294269806765
6.152994292812634e-6
1.9368009957062727e-5
1.4076454201818284e-5
1.3044703656129834e-5
6.2915158457305545e-6
3.454990387474392e-5
6.084711814039483e-5
1.9082680365281103e-5
1.0439615023384127e-5
3.970239588789721e-5
1.3754977738783319e-5
7.894053560977023e-6
3.36431939346408e-5
2.338739616070239e-5
2.2335336283652226e-5
1.5167383117280699e-5
9.93342379230187e-6
2.730843756509557e-5
2.301728486918404e-5
3.268215231136075e-5
4.998291488679211e-5
8.790201854144216e-6
1.1896686083055354e-5
6.761924929348821e-6
6.584667781223888e-5
6.6182458606260144e-6
3.5428270290444446e-5
7.840366981558683e-5
4.291601982807963e-5
1.241935610971709e-5
7.379196683039927e-6
6.807894184186829e-6
8.021900620870572e-6
3.117584274450152e-5
1.2311126880927337e-5
1.6252644589329317e-5
1.6984868937127196e-5
2.4508541634267947e-5
0.00014729643544937252
1.5044910845129998e-5
1.6724485809880034e-5
9.51958339835763e-6
1.3273070322226305e-5
3.21141856126904e-5
1.821689036446979e-5
1.4391932475662413e-5
6.304946519930974e-5
7.81084345641191e-5
1.9505935382337555e-5
3.5057611639843936e-5
1.5060534913867242e-5
3.4927618068697066e-5
7.36466829476871e-5
1.4275737223043981e-5
4.494527065316924e-5
2.7941601701169306e-5
1.3760272198108727e-5
2.5929090696990227e-5
2.0665157939343125e-5
4.115381011504107e-5
1.3973095406813763e-5
9.01016119276088e-6
1.9281242471095916e-5
1.3485408468128852e-5
6.619669002022054e-5
3.232420333045617e-5
3.3722496604873367e-5
2.121936154938062e-5
1.4429412891556764e-5
2.212455223927597e-5
2.058931751305845e-5
1.9064153016268556e-5
2.44919904508383e-5
2.1063657935819465e-5
4.2808696611503745e-5
3.2147503279877045e-5
3.135271847954362e-5
2.519183579884539e-5
1.9041286059265217e-5
2.339397771895497e-5
1.3988177679308926e-5
1.3921422008038599e-5
1.1245917881242321e-5
8.097492722908485e-6
5.455563497019062e-5
2.769500412004914e-5
5.840904573654031e-5
3.0046212143508123e-5
3.2213057334672815e-5
1.666268186107713e-5
3.531053191780405e-5
1.3887275622227208e-5
2.7071440220982604e-5
1.4544053310428486e-5
5.377926567016669e-5
1.4706286987878552e-5
1.8518884738946074e-5
7.34928054789866e-5
1.3519361265840352e-5
7.343466721058133e-6
5.9937853782906365e-5
7.744005409758481e-6
1.379942990311808e-5
8.835192262923915e-6
3.990424404810619e-5
3.431402789803789e-5
1.0387059984761962e-5
1.539147379928546e-5
7.950548684004705e-5
1.592559365379709e-5
4.66974390293615e-5
1.80456781838565e-5
7.436423417652446e-6
5.979358744829336e-5
4.210514855334364e-5
1.4243520277963895e-5
1.8688814261070955e-5
7.080943539599957e-6
1.714466509755729e-5
1.7643853877645294e-5
2.4720645102796723e-5
1.7441676310495174e-5
2.1819702101934035e-5
5.247814814846611e-5
2.485688678206293e-5
4.089708171897307e-5
7.83828456554202e-6
2.6306729091438107e-5
5.957600265291389e-5
9.964715547946266e-6
1.9670032933500985e-5
7.450828568567017e-6
1.6011217886660916e-5
0.00018429927677569185
2.392848245371055e-5
2.954780991646329e-5
1.5614677416449368e-5
2.799623601799941e-5
2.1919188400055547e-5
9.843331187090519e-6
8.870142379814347e-5
1.783582979561569e-5
2.0781683887214437e-5
9.278831393559995e-6
9.331344497449367e-6
1.048550516144892e-5
6.159616123444956e-5
2.2235378824188852e-5
2.993746196836398e-5
5.400942130956341e-6
2.3661383118870222e-5
1.3450909061550172e-5
2.4851530290991192e-5
9.676386265758206e-6
1.164864707730375e-5
3.740798758549304e-5
1.3551365133100607e-5
3.00327684700108e-5
2.0059756481845063e-5
6.796979294480194e-5
9.08498989756244e-6
6.819824010059655e-5
8.451369540199201e-5
1.994761709693298e-5
1.0109980673955519e-5
0.0002450849388298924
3.8167191787932373e-5
3.454462234239707e-5
4.2906027979453083e-5
6.732920775014787e-5
9.364800204906322e-6
6.704430366204715e-6
7.017159719674871e-5
3.688305367828984e-5
2.4802284805255105e-5
1.5879310605059263e-5
4.0220201508099375e-5
1.528385133188376e-5
7.823775259536744e-6
4.4030705633321404e-5
6.825668416449293e-6
8.294975640870535e-6
9.039394711686651e-6
2.0427168930980494e-5
1.0004871377325585e-5
1.168919357367616e-5
1.642547683474324e-5
8.230193195108256e-6
9.435735648973997e-5
1.31383154229025e-5
1.8254934647184055e-5
3.366518761872438e-5
1.75564630142808e-5
1.2283869049561181e-5
5.018286204153895e-5
3.303189119656033e-5
2.3312588338281993e-5
1.5951887268834674e-5
1.2057131228811693e-5
8.610940772324297e-5
3.250562103487978e-5
1.006252742123805e-5
2.4148898467631044e-5
1.3469659085105824e-5
0.000288026514165539
1.1347515408658366e-5
1.0911038562509722e-5
5.040002524562352e-6
5.0317090259845706e-5
1.2654371817489229e-5
0.0003748417108918738
9.796642815177897e-6
1.2170240508535212e-5
4.673228948307587e-5
0.00019319367931916137
2.0624204372815733e-5
1.7251154972516527e-5
1.6079301241092475e-5
2.6172255943039768e-5
1.194761023441893e-5
8.215567095495073e-6
3.61106245101777e-5
1.5778548911776994e-5
1.4559840879494162e-5
1.0386225083208845e-5
2.0729257424415955e-5
1.390219618696534e-5
1.9238787866132084e-5
1.5172121571836069e-5
4.580161527213411e-5
2.030302113769831e-5
3.408459627013092e-5
1.611453001564934e-5
3.0127723190706086e-5
1.1622218372904764e-5
4.4867348698438846e-5
1.0394450276949372e-5
5.212207986460899e-5
1.0082135759817758e-5
1.6613307376926427e-5
4.4425154531894804e-5
1.6540058892710184e-5
2.3601144743851016e-5
1.7566817471576597e-5
1.8507784712262574e-5
2.2996801495846293e-5
1.0491307129305707e-5
6.915782709338459e-5
0.00010018731444935571
2.3034850777348308e-5
1.9416252013365002e-5
2.4504824219211753e-5
9.548845257124089e-6
2.0271792642255623e-5
8.12119560608169e-6
6.894026611166855e-6
0.00010274007556944504
1.6648124243350665e-5
1.2033899228265768e-5
9.071609561184787e-6
7.197525705426329e-6
4.0506428727613085e-5
2.359962820640472e-5
3.4809628702490864e-5
5.9668892344619256e-5
6.604578380605547e-5
3.613848139481582e-5
5.79632215705453e-6
2.046605502777633e-5
1.5494632800387256e-5
1.4250394389594512e-5
8.416915033468442e-6
2.9341096756771102e-5
2.6083502344233252e-5
9.060205632869991e-6
2.2897189033751534e-5
2.3268532360741076e-5
5.00195895338322e-5
7.881694006676091e-6
1.2087361250037218e-5
1.4541367118192522e-5
5.6577905880635896e-5
0.00010535090491153163
8.893457426585701e-5
3.5333577650378555e-5
8.723849565517617e-5
1.3026818023091942e-5
3.7284124582360064e-5
3.8450297762284535e-5
5.733786040532888e-6
1.4763302739516796e-5
9.549803834545759e-5
3.3348846892403373e-5
1.7400634943728738e-5
7.080596199787336e-6
1.398052749045501e-5
6.683245379596344e-5
5.407667407989588e-5
5.423991288261665e-5
1.7483783625894953e-5
3.422185381654697e-5
1.4854645668845272e-5
1.840502843524448e-5
4.541324317050065e-5
1.043409004887629e-5
9.172549167956425e-6
1.4862713052800395e-5
6.642057693322375e-5
8.13723218783252e-6
8.718925523970662e-6
4.279265072399407e-5
9.715929551645388e-6
2.1035008199612804e-5
4.227175460866514e-5
9.275161043472635e-6
4.4169604713106036e-5
1.0957047999521248e-5
9.688983385333858e-6
1.825831485220797e-5
7.868107715128558e-6
2.207747885809997e-5
9.172588554520578e-6
8.644021789182731e-6
2.0906032144614877e-5
8.836481018222486e-6
2.5412332379303666e-5
7.181908716269166e-6
3.7138526600531846e-5
2.179415726425809e-5
1.851587361365335e-5
1.6776165286097397e-5
1.1390975578348446e-5
2.723955674051427e-5
0.0002542451626110122
5.1407489379721464e-5
1.0215257617831321e-5
2.6247826848393297e-5
9.746064187627276e-6
5.934129496399529e-6
4.8068057911221115e-5
0.0001753726983942266
2.9138128317586548e-5
1.826801636703879e-5
3.489034671644163e-5
6.67187267738485e-5
1.3889994775245573e-5
8.684138761654089e-6
9.066866622372369e-6
6.666415325387501e-5
1.7815492301754858e-5
1.4677312510547778e-5
1.5747225014327107e-5
2.7505638584381427e-5
0.00010699056671075603
2.6844264224851673e-5
2.1047783361105645e-5
1.5385631660104037e-5
1.5777106070026306e-5
1.2166305268299605e-5
2.7593293307488454e-5
7.5984152855010744e-6
2.9365212493559513e-5
5.4338521445208695e-5
1.56001344501487e-5
1.319008642335982e-5
3.1252050881726924e-5
2.5366934863240356e-5
2.1216590165409575e-5
1.116686757721539e-5
9.454172364902024e-6
2.6092809488392838e-5
9.262154491106872e-6
2.4563548192205438e-5
9.056169215812696e-6
5.750201182898397e-6
3.253862109491546e-5
2.6770034179630507e-5
2.576411296295982e-5
2.221635511889936e-5
3.38380684966604e-5
0.00011602324190564989
5.004886388890589e-5
8.056183598275403e-5
8.483921850055084e-6
2.861215793269662e-5
1.867355989823925e-5
2.5051079338136888e-5
1.2986663537084011e-5
3.0099189476615287e-5
1.9399689760460173e-5
1.4124118327326928e-5
3.4902802217072e-5
1.458466818840806e-5
2.484980842989852e-5
5.398146442259765e-5
1.99249509085777e-5
3.5130412207156305e-5
1.9283042767111133e-5
6.157907704225296e-5
7.065146217506068e-6
1.5976636421349466e-5
1.7685016498653403e-5
6.844443218871389e-5
1.9670518878270238e-5
7.851508323165497e-6
1.886976180548615e-5
1.1411186124133956e-5
7.876148305143101e-6
4.2397936076042675e-5
1.4665742116611145e-5
1.8852289716940717e-5
3.0462147427658674e-5
1.7021816437257446e-5
7.2621693134530945e-6
2.596764005433095e-5
6.0587368518209344e-5
2.638074524105082e-5
1.225975054924405e-5
9.141749505388974e-6
2.2809579619224048e-5
3.810214662148688e-5
3.3001437904905145e-5
2.3605440089561566e-5
1.0969645837861766e-5
2.317682303706835e-5
8.768338126230141e-6
2.198077828898349e-5
8.781469487929135e-5
1.421834126337715e-5
6.521234889244929e-6
1.1366323167746367e-5
6.110556567889318e-6
7.690265397075362e-6
3.755138575786628e-5
1.2795636249223976e-5
5.7202462237236814e-5
1.75513584244227e-5
2.254218940515899e-5
1.6336531464533536e-5
1.5481917730940968e-5
3.02623190687444e-5
6.303172579334056e-5
9.267312857113252e-6
8.09207142159005e-6
1.8074090937642677e-5
0.00017142275701259862
2.9260737859314322e-5
2.648284725390885e-5
1.5198591972723783e-5
1.489021122729266e-5
9.6363423625106e-6
7.370534225297686e-6
7.954197090974314e-6
1.2675590671080111e-5
4.916632529339453e-5
9.836832569044748e-6
1.2029791233613483e-5
1.2698533378065838e-5
9.543859479828913e-6
1.846723607487188e-5
1.3273596447554857e-5
0.00012369576815961976
1.0814582616545257e-5
1.4348142649157505e-5
1.8542752743726553e-5
2.3014703282376485e-5
1.9451736673691104e-5
5.775061584343409e-5
1.4703557071007631e-5
2.5784209538786508e-5
6.130469063107791e-6
1.8963339481079727e-5
1.8553735995282874e-5
9.192190711295878e-6
1.5131109028135314e-5
1.232271680386223e-5
3.401121067262472e-5
1.1200768900917064e-5
9.248292329629821e-6
7.624628361000797e-6
1.0614428543722402e-5
1.951956017542763e-5
8.88722526765545e-5
9.003784382494908e-6
2.0197913922206926e-5
4.498098322519517e-5
4.9320817668197834e-5
1.0045926485183651e-5
1.7516953783069617e-5
1.3631956654306586e-5
7.564370496373652e-6
2.0197467318986046e-5
1.2013177089345788e-5
3.162224079010135e-5
8.369044430231244e-6
8.699012955046925e-6
1.709836805783133e-5
3.0260256172257216e-5
3.0633303569886496e-5
2.0492378173146806e-5
1.4184573788810865e-5
1.610045275033787e-5
1.7560275889844767e-5
7.99171976464626e-6
5.943454103023629e-5
2.510828544418495e-5
8.343052102632904e-6
8.2990314426299e-6
5.213681093185303e-5
2.6043373740276494e-5
1.5938707294174515e-5
9.706596100207208e-6
4.319962434854177e-5
7.71631321064489e-5
3.147990497506699e-5
1.376661813104267e-5
8.821915492260863e-6
1.697046501358299e-5
4.1766620329000033e-5
1.9461019217330437e-5
7.792702434219714e-6
2.1329347663582207e-5
1.0222019740606519e-5
1.1900791227758765e-5
3.2668306216996394e-5
2.3999346427169227e-5
1.7635386366630136e-5
1.330590670872825e-5
1.9600879065706087e-5
2.713088433785249e-5
1.4435297748791085e-5
8.707235992538457e-6
1.3038044988665245e-5
1.2604083189760817e-5
2.1277025797298352e-5
2.925108403643834e-5
1.7868535699829716e-5
2.2926282014303793e-5
9.520268597456234e-6
8.671859752639438e-6
3.340945863992242e-5
4.286502987831115e-5
2.835552917743287e-5
1.4600035450668267e-5
2.0127625009807044e-5
1.8755653535341742e-5
7.620659629805722e-6
2.9638866187318994e-5
6.71969882678581e-6
1.3775333331455348e-5
1.6900133341433948e-5
3.4472297229384434e-5
9.301853518009331e-6
6.9478924754298446e-6
9.020934667500441e-6
4.995754794677734e-5
1.8222583564210517e-5
6.84954271561073e-6
4.4224457461946323e-5
1.2590354125977162e-5
1.022677445545697e-5
2.42664745431722e-5
1.538101172665046e-5
1.23054653141103e-5
1.5763292702972027e-5
1.707626676685065e-5
2.8289882110756262e-5
2.4164801713026394e-5
2.8345595730914147e-5
1.9922503875026704e-5
4.406404250282335e-5
2.0484434505511627e-5
