7.32015816770554e-5
5.710577840294279e-5
9.724724741025546e-5
0.00013049759973367058
0.00010800302871127332
0.00019075240484265252
0.00017268438170816225
0.00011451686259188824
0.00016667843100930943
7.606146721107507e-5
7.967940770699845e-5
6.604836311030356e-5
7.107160043459454e-5
4.809848877943472e-5
0.00013767876089778458
6.443639316501353e-5
0.00023904871013104956
7.081162431426647e-5
4.392399421471957e-5
5.665556552197079e-5
0.00023298203955269097
0.00019926021254831154
6.703726503598025e-5
0.00010433308316629914
0.0001768839416379631
6.148696176310549e-5
0.0002505430961070469
0.00016664212560628706
7.829458537740365e-5
0.00013606771045064173
5.865196151090475e-5
6.085935550134953e-5
5.1838496757050995e-5
9.480603895848803e-5
0.00018317296372489267
9.800500304970607e-5
0.00021200105769031424
9.575247461099337e-5
5.1574521055211494e-5
0.00016843559556230917
0.00016782752853794527
6.732631882058351e-5
7.109276402404098e-5
0.00010323783421495678
0.00020778536310336255
5.8269522472659945e-5
0.0002757370178062297
0.00013596740669404744
7.448966177959344e-5
0.00019180181094280872
0.00014905884598364656
9.640354066062902e-5
8.685305533157885e-5
6.773765505909523e-5
8.553085726167903e-5
6.0886524535590045e-5
9.09679954222843e-5
5.442888280544074e-5
6.318726441862833e-5
0.00023942469937373158
0.0007412061638741684
8.955125357140083e-5
4.853360350196242e-5
5.350422110072368e-5
9.311150572119383e-5
5.905786562786266e-5
6.0471139974208335e-5
0.00016715461568398714
0.00022621157791281705
0.0004923036428874644
7.772545055393774e-5
0.00014004997416392815
7.628642840669607e-5
0.00010725921623991372
0.00021284533086738573
0.00040625316069120115
6.77022235109858e-5
0.00016605612225117369
5.714111569418315e-5
0.000191806092668628
8.429988388373221e-5
0.0002726044817869191
0.00016826268333307708
0.00028693298982042495
0.0001388744872643779
8.0790338655944e-5
0.00189732831455437
8.169273908883763e-5
5.941914429742392e-5
0.0004345270954697297
0.00010939122203652225
6.729542515845115e-5
4.229253457436923e-5
0.00014488599641010038
5.792563667675966e-5
0.00012909430622888774
6.582425873330697e-5
4.036510408010979e-5
9.826741984904575e-5
0.0002743628365088144
0.0002179903475184517
7.73258931971028e-5
8.483847535069751e-5
0.00011980392913703912
0.00042372211603780937
4.987515170486366e-5
0.00011755611983412121
0.00010206004888431016
0.00010517074574196277
0.0002149163361866879
6.502211406277152e-5
0.00028544586170661985
0.00023683185288301615
6.218369823979951e-5
6.593637971676168e-5
0.00014068224492974984
0.00010258551150049807
6.449346865486796e-5
0.00010379766016774619
0.00011837665370400223
0.00019237076458191295
6.790887373204943e-5
6.060121047841614e-5
0.0002495859233254312
0.00010252694407009832
0.0004457857222540296
0.00010106919649563906
0.00012100409344460837
5.601648866390899e-5
0.00010986718780709008
6.59469744936924e-5
0.0003830323791125679
5.290302871041127e-5
0.00015640228811408355
0.000655290727429948
9.509877253609766e-5
6.543928108900497e-5
9.741652133628996e-5
9.751683216443115e-5
0.000647879582178778
0.0001226627582416589
7.605811133823108e-5
0.00011510486521102332
0.00010144774294062256
7.114305133017751e-5
0.0002916271059519559
6.558925105886623e-5
0.00018095903099492176
7.065869785875776e-5
6.030668856425456e-5
6.865883893299357e-5
0.00010564813431145595
6.226713181505413e-5
7.814732992093749e-5
0.000140934830464994
0.0004953614502653618
0.0001833030284980157
0.00012897161201056362
0.00023654670226553397
0.00023445646045363357
7.549916835226688e-5
0.00010697884061910795
8.214565166173563e-5
0.00010153459238345679
0.00023521461935876282
0.0001190648624187795
0.00017324445272563874
0.00013724497126077937
0.00012476546651550837
0.00012643979533241142
6.040851759868687e-5
5.431845883586466e-5
0.00015370656650692604
5.567121927655517e-5
0.0001313018296350287
0.0006069337625652878
9.605254476930055e-5
0.00022934468403224397
5.583699992828964e-5
0.0003664046877888526
0.00016468863483494063
0.00019321597309525783
4.552056888975755e-5
0.00011080314040463588
0.0004298840989480487
8.575824486230375e-5
0.0001351014722305002
0.00023495400667643203
0.00015537287849590994
0.00021984295262771723
0.00035887252123891405
0.00010238311035300545
5.6132067048608674e-5
0.00015375678571932381
0.0004538847777034722
5.723906531007133e-5
6.007688806766329e-5
0.00015113377703773487
0.0001808708393299632
0.00011532184544060946
0.0001885330443071666
0.0002112454276593531
0.0002605989680140013
0.00022847646584008615
0.0005042822081685126
0.00015482606775956174
0.00019742814341184843
0.00010044360799569174
0.0005710917598303456
9.005569685763533e-5
0.00024173101877858678
5.9563380072485405e-5
0.0001999373361909209
0.0007484008178750812
0.0003516566527349534
6.019151931664382e-5
8.486023675410769e-5
0.00038717537906490356
6.658172964937544e-5
0.00012611796495732295
7.760423314774301e-5
0.00019955818775322642
0.00042790977691678375
5.848355682208857e-5
0.0001422882435490796
7.369450023765492e-5
6.949651111894159e-5
0.00011052477490979596
0.0001983878497509004
0.00017765664265546172
0.00016486578884067888
0.0008207464451564685
8.592453022961304e-5
8.036757855659403e-5
0.00014651438208345427
4.844553304483547e-5
0.00010702631417809569
0.0002614139344263497
5.29509101444552e-5
5.633125077726182e-5
0.0032657679182539847
0.00012355380436732526
5.5167361227839045e-5
0.00046389071944471296
9.010701091614212e-5
0.0001536224016244633
0.00013374433036272113
0.00042140249665865266
5.4501890559579266e-5
6.276669072180086e-5
0.00010362202475577204
0.00016154121624778074
0.0005985066258830964
7.048137282558054e-5
0.00011246811754360034
0.00013265088356931588
0.0003936403000996151
8.532241392892325e-5
0.0003758462597886787
0.00010761326928711282
0.00021843186491235227
7.148270762090906e-5
6.15015933756608e-5
0.00013981105608420487
6.015695407105087e-5
0.00015225756790138292
0.0002555485511016063
0.00016438993359954045
0.0006261746947885268
0.00020497741021194437
6.511785717890676e-5
7.07866008570522e-5
4.821912488235968e-5
6.877128480556074e-5
6.258564257809632e-5
0.00024425035087703674
0.0008255204140843161
0.0005957483404477429
0.00025883972191754166
5.8296659867796166e-5
5.3332301108017315e-5
0.0001237638802965346
0.0001776244423563852
0.00015968975294564303
0.000113214692659284
0.00012663764207236915
0.0001657758656220639
8.276544171148516e-5
7.810352069922188e-5
0.0001574969758952308
0.00015440820596486192
4.85561718403668e-5
6.423327927045644e-5
0.00021680667882305603
9.552906645172516e-5
0.00013590840768037393
7.832061350467532e-5
0.00010309125366396495
0.00010185850226064125
0.0003052697386782498
0.00012759957817063135
9.536356999532198e-5
0.00011127381811165044
7.986970367642911e-5
0.0001488631718532862
0.0002730806499633933
0.00016382735719389186
0.0006139505777942131
0.00010856368662353107
8.701516872867313e-5
5.774645615461432e-5
0.00016915462397309357
0.0001268800692764734
0.00016822170845147479
6.50450377212833e-5
9.920750395021496e-5
0.0001339170456964583
0.00029239641115058336
0.00021450410989756982
0.00014734138108652515
0.00023632891704688462
0.0003200253968672695
0.0003218601980945962
0.00019810240276387073
0.0007901704648983482
4.685273782689811e-5
8.2606283522449e-5
0.0001772831161814872
0.00036148378923295813
6.11920946310394e-5
0.00020888007879655507
5.2007975086368615e-5
0.0003154002142886372
9.792653892436313e-5
0.00014626329652365298
0.00020082389946347032
0.00017562476163784704
6.394737709374791e-5
8.36523299609231e-5
0.0001800678199523824
0.0009960644883753576
0.000530866333029661
0.00025978437164301177
9.590652627994685e-5
0.00013555111805335496
6.929961894375984e-5
7.265498534798525e-5
0.00012813227053723808
0.00010190551818085763
6.557415104899005e-5
6.869512302599493e-5
0.00028761253744798696
8.283572530495084e-5
7.72639451472104e-5
0.0002286936023782955
0.00020033237992059263
5.8626384954213916e-5
7.661736383189011e-5
0.000135450241342697
9.454404367348721e-5
0.00017531249165032755
0.00018102746471499365
0.00013207948151179572
8.514136393662669e-5
0.00034724223551577766
0.0004252463664446345
6.121030743817816e-5
0.00026743602141662744
0.0002523843713427748
0.00017843788396333416
0.00011544498151872799
0.00014891175655018494
6.785381400023266e-5
7.516890720033655e-5
8.111282854850914e-5
7.498101840480313e-5
0.00018302570927793995
0.0002069381238216217
0.00010152987240071998
0.00016178333281664914
9.96388572553085e-5
0.00013383295579797689
0.00011821740338461629
5.76148570970558e-5
0.00010753299171041854
0.00014997138459446426
0.00030779630742001234
7.440587061894519e-5
0.00012990818586396284
0.00010421460095962813
0.000156984284949035
0.0005523421434071956
9.081446119475073e-5
0.00010482035431372229
0.0001346117447955332
6.716077186888726e-5
0.00015827582448829772
7.162869155279028e-5
0.00012836366744757135
0.00012411380129509356
0.00048338120785806806
0.0001460599093977412
0.00016755286166037886
8.248816322110773e-5
9.007277537295772e-5
0.00016230426583937173
0.00015715395864898085
0.00029952766732564717
0.00011127514696285006
0.00018203405687948157
0.00010328697682045635
0.0002586609817166401
0.000326430967829973
0.0001246617177404278
0.0001483394731229202
8.273997258939918e-5
6.215336465289848e-5
0.00046472360030728603
0.0001278618159223782
6.85692219966634e-5
5.718757811034544e-5
0.00017486995162793137
5.7304702428048804e-5
6.657787110656871e-5
0.0004372237091006365
7.326005112158517e-5
0.0001330670224014387
0.00036855736152994437
0.00012676910316326593
0.00010971394710485194
5.714137841809446e-5
0.0001144615118725989
7.552594907071498e-5
0.0005028213821212916
9.848106160917742e-5
8.345155748727874e-5
7.737512788663776e-5
0.0001822640613726356
5.136761357890046e-5
7.314758672848132e-5
6.18730154473314e-5
9.194575721292572e-5
6.249880407278502e-5
0.00022000181940337515
8.769764806347436e-5
6.940611193941126e-5
0.00018198736226564136
0.00011788253055408961
7.242197400269984e-5
0.00032581599996941117
5.007422554626762e-5
6.394533933115738e-5
0.00023270827453431237
5.5751216652386524e-5
5.671806528683558e-5
8.64899065045974e-5
0.00010346979294031051
9.372339795094635e-5
5.6029538036360793e-5
0.0001251213317449781
0.00032449088008942764
0.00010403576940769979
0.00022250725193679466
6.585127402748219e-5
0.00014743119730798856
4.506783595200448e-5
0.00012309853574435332
8.362148996382883e-5
0.00017295238009043488
8.62458090759151e-5
0.0001522105673930971
0.00022180436193494553
0.000134310704738639
0.00011405501342374969
0.0003373796535011169
4.6641130269271515e-5
0.00024545952608016387
0.00021053151452389115
8.861643586392433e-5
0.0002327425581400786
7.751763446323958e-5
0.00022781733682871423
0.00027402069894432785
0.0004321666569023188
0.0001299712289742126
6.734736423530684e-5
0.00010111017510090156
0.00022918080925482184
9.818795936650323e-5
0.00030802707966007253
0.00010860627060601161
5.640144463880053e-5
6.56847100724323e-5
8.199605857528558e-5
5.426754912562789e-5
0.00016777836106743026
0.0003012322783227247
8.290664784231652e-5
0.00034118187806599564
0.0007154846460846563
0.00014078158843468813
6.108559931993666e-5
0.00023762724746943085
7.966166976530243e-5
7.421736387792925e-5
0.00012559331027383775
0.00011740506626925064
0.0001476289906823389
0.00020125056387481326
0.0001186633809514624
7.828355816387895e-5
6.079126337637102e-5
0.00030107225301649853
9.924584459810207e-5
0.00013174889211196915
5.728901259971272e-5
0.00021894453732572072
7.310579514254832e-5
7.932779718115106e-5
0.00033729119896814
0.0002199224758734361
5.6746658720279964e-5
9.4970201035147e-5
0.00012605253585331512
0.0004508615758715839
0.00010741243215430498
8.010000270961311e-5
0.0002451286484427242
0.00025801787059681467
0.0001659001130115284
0.00010068223912175904
0.00010108699654877402
4.9983981084397905e-5
0.0002944473911098787
5.772595140302471e-5
8.043807556649305e-5
0.00023506015453923635
5.4616001678721805e-5
8.69745812346812e-5
7.740511095940866e-5
0.000136305741931756
6.779210444799518e-5
7.718816863892362e-5
7.78909332841624e-5
6.617753619450914e-5
0.00011840358100202004
7.740445357120381e-5
0.00010855059731154583
0.00015664126558055023
0.00010925536696691212
5.60264303580948e-5
7.034580819930756e-5
0.00046554951107107933
0.0001456289935200298
0.0001466652881532736
9.15379082475745e-5
0.0002328145633525765
8.60079863755569e-5
7.266128051043758e-5
7.204395365044992e-5
0.00048380425177887336
0.00011857258797044298
0.00031166130569505084
0.0005816137711576459
9.8201912405711e-5
8.898816169299875e-5
8.791864397163984e-5
0.00010511952214982616
0.0007495987065218592
7.572686828852082e-5
0.00021694776276745675
0.00013989633447889974
8.502503643674172e-5
0.00038289721547833444
0.0004790904899349242
0.0003256688400385384
9.900199640759888e-5
7.554849774896713e-5
0.00010380135395838176
0.00010551938001249775
0.0001277997696545051
5.735686512732331e-5
8.63652005404317e-5
9.340592900030028e-5
0.00019020434047622566
0.00025317382129368327
8.983845577421023e-5
5.719159395728467e-5
0.00017784751018763616
0.00011222176885890262
8.268723695039251e-5
5.790666790604648e-5
0.0008253242025003364
0.00027721874404019694
7.634874675321376e-5
0.00024039638804441605
9.194284011054418e-5
0.00017407071821036135
4.4216312718690236e-5
0.00011118279002485401
6.960020561364685e-5
0.00024389844781960148
6.500487731085792e-5
0.00025914339811355285
0.00015455939180020797
6.976458497857696e-5
5.271162914787029e-5
0.00010257059417491581
6.35721016205446e-5
0.00024723401770246686
0.00030576276060722467
0.0004238528148938272
0.0002001976713789086
0.0003638891571502645
0.0001721172958584089
6.706253419623486e-5
0.00013954650339620994
9.099990496921031e-5
0.00030713375531709773
0.00017190955991454676
0.000266132467576461
0.00014668254772622424
9.195399329602245e-5
7.281447582211241e-5
0.00011557008061397024
0.0003066391054602098
8.096241035759141e-5
5.799563037922468e-5
0.00013219338710943886
0.000585092248272146
7.209534044743548e-5
9.384329774619818e-5
0.00011650983995259017
7.332663523201064e-5
0.00012010860114774187
5.202174211474192e-5
0.0001602914088364684
5.46894012568892e-5
0.00010051123715920373
0.0002821199344711139
0.00013847812390288086
0.0001909190818872946
0.00012210832463933354
0.00012077518417912796
9.732504116447635e-5
0.0002727357835343462
7.81968835228784e-5
0.0001315543839122686
0.00013490412501445317
0.00018853719180967777
0.0005547360830559409
0.00022408536526834322
9.209025450018745e-5
6.255533399835427e-5
4.55025311951378e-5
0.00011334134061998934
0.0001215189752478357
6.707183049608151e-5
0.00022142029256110322
9.84561141764607e-5
9.508900059323679e-5
0.00021028516090856034
0.00017435585072702358
5.279105294764912e-5
0.0004884771302330869
5.857673251303205e-5
6.906944001082751e-5
5.518323013586765e-5
5.4985738886789335e-5
0.00012205479430054235
0.0002663165294071438
8.908575618901888e-5
0.00012475827258230087
0.00019293872858707555
6.98761717158487e-5
0.00023876020721926328
0.00015757805676722966
8.641420925526687e-5
6.97426598161541e-5
0.00038035260087630345
0.0002553133920966229
0.0007382347983620069
8.430159536957057e-5
0.00013640583567324318
0.00019324054708267705
0.00028363969923098423
0.0001764798596187201
6.514885205481579e-5
6.908428221751482e-5
0.0001903903766146601
0.000496906550591134
6.284580193354592e-5
0.00011616454362983086
0.0005139407403521996
0.00035596726420820664
0.00012105069204832095
8.384469125726534e-5
0.0001932625638626866
8.257129391291811e-5
7.661287930990064e-5
0.0001889441219744668
0.00011479259146567516
0.0006735703189182682
0.0002450825258278746
0.00046341866346038586
0.00023037159088016892
0.0002955499912639582
6.848504390174259e-5
0.0004115888713726058
0.00017204846170383486
9.091516921164949e-5
7.506684940452307e-5
0.00030337684309015574
5.649436490569368e-5
0.0005581058425954769
6.41300420286152e-5
0.00010300719254551463
0.00022732943584207485
9.352324764720865e-5
0.00011873314658965836
0.00012719357024007906
0.00011255385620398754
6.108158588559204e-5
0.00013098171810990247
0.0005028859166329547
7.69917805333314e-5
7.07011035436398e-5
7.787180085922605e-5
8.639387231346456e-5
9.186602585059668e-5
0.0001295385746883217
5.6194653778681424e-5
0.0003461906891776893
5.9507816902474706e-5
0.000115826418154405
0.00013614043660938163
7.886104030176797e-5
6.246012227067016e-5
0.00011880195325008977
0.00036082275095612835
0.00016887178715532632
6.654869670837898e-5
0.00012191839540509667
0.0004576578555079045
0.0001005937978805286
4.708801164759674e-5
9.373781322680443e-5
4.6913113108915554e-5
0.0006215680998363608
7.988775791021332e-5
0.00018610551376978073
6.272200342636164e-5
6.541895899182327e-5
0.00012422346002106098
0.0002124845994019326
7.043695201961653e-5
0.0003196635646048763
0.0008762369119701238
0.00018363759835966515
4.705933912458882e-5
6.902648902810406e-5
5.2771552762272024e-5
6.4747857912125e-5
8.015490460297685e-5
6.519745898912041e-5
0.00023403548338893763
0.00027734729013228105
0.00011577326388029449
0.00010336166025311481
0.00012102158177285009
7.872589776819408e-5
0.0003187871189102945
0.0001321705769710256
0.00026557330829924346
8.188660065181643e-5
5.423693684252936e-5
0.001548456248384823
9.732073232033692e-5
0.00015564615737649463
0.00011023282680320419
5.811998793877849e-5
0.00011200275136056313
0.00013193532656484766
6.062387135729931e-5
0.0001303109235027509
5.479216915442186e-5
4.472819469133259e-5
0.0006625823579748536
9.989532410042664e-5
6.999797049736418e-5
0.0003696474482963573
0.00011630032788398194
7.219295446979159e-5
8.896164119771336e-5
7.072709688335956e-5
0.00010781569342371918
0.00019729076209888801
0.00012452481569679187
0.0008057228931598101
0.0004448545284052834
0.0001500317970379324
6.388073810538232e-5
0.00016518490045144935
0.00014375823946167525
0.00021459516337068332
0.00015417538559773416
7.067349931394942e-5
0.00010896221326069782
0.0007894737075894601
0.0004251635319775806
0.00024005845918953104
0.00011163279706725004
5.799664770013085e-5
6.153862148036137e-5
9.616569074273737e-5
0.00011914716915033967
9.263217965856976e-5
0.00013374902394919485
0.0001757606216339835
6.015260788528433e-5
9.112978475015653e-5
5.037083949451209e-5
0.00010960862414973554
8.112330914113258e-5
0.00014000219389861458
6.95697966031758e-5
0.0002034310638093714
4.7385090929365594e-5
8.704133129651798e-5
7.727455146672887e-5
7.628761586081398e-5
0.00011876352767061304
0.00015486185496762651
0.00012795632861797938
5.668134825443813e-5
4.7252792560186494e-5
0.00015712203272276874
0.00016944716417842856
0.0003136813561120764
0.00031085131342505876
0.00014983920601985553
0.00041506453817078195
5.735931913423792e-5
0.00015591742299730777
0.0002994682108884072
0.00018214463971955044
0.0001030858905911792
0.0001795916901876717
4.6711553979942886e-5
5.844069134912777e-5
4.5713487232389486e-5
0.00012740752813133753
6.836480901641455e-5
0.0009362032278614771
9.35042352939231e-5
0.00019342200713157954
4.4450730897168184e-5
0.00022274044007650727
9.426010088449467e-5
9.900450133816245e-5
6.178997997294067e-5
0.00026569858354294127
0.0019603926665962895
0.0001443371231427966
5.814010567707989e-5
5.815042426897787e-5
9.469698879003388e-5
7.561563179677846e-5
0.0002095024420746747
7.039475515248174e-5
6.80202766952981e-5
0.00019119678753607046
0.0002309099654663041
9.608815298077817e-5
0.00016509347460871284
9.244423228636747e-5
7.10079299396625e-5
0.0003616380036122901
0.00018564255332405874
6.362978265402945e-5
7.406790317391342e-5
7.394484735987623e-5
0.00041953524438558676
0.00015260243447605144
0.0003606908960399687
0.00015628713694285982
0.00019938628600020973
0.00014645980481073435
0.0001557545609534236
6.793764262019262e-5
6.22507350466716e-5
7.836246546300898e-5
6.206365977720527e-5
0.0001268021492435259
9.77105119414843e-5
0.00010657597294521908
7.744859322172005e-5
0.0001290415489405087
7.852147984979242e-5
9.108900018256342e-5
5.45546520794489e-5
0.000543311654320343
0.0003497836518340124
0.00010626830551913415
0.0001783243108392628
0.0003378360738477101
0.00020757713352248045
0.00029607804806499764
0.00011877595076129811
0.0002590660867571218
0.0001067174945412858
6.107181182497905e-5
0.00020444956040588472
8.926199308500357e-5
6.306384571576035e-5
5.9017435557136915e-5
0.00026005438972692783
8.619182644144851e-5
0.0003906446137462912
7.574488185429961e-5
0.0011353912795332495
5.293245701187579e-5
7.33555550299671e-5
5.65768525852065e-5
0.00018943195816205574
0.00016596140191606595
0.00022653328881098387
7.247490281913657e-5
6.29971168706882e-5
0.0002496196809851861
0.000336608408595968
0.0003763480824952536
5.4965265361675226e-5
8.597055206308927e-5
0.00020412360112594463
0.00011422860239138744
0.00023282503604107725
0.00013254005529627822
6.092610646197765e-5
0.00041682228146891476
0.00023898532293292955
6.182424459264313e-5
9.444162797778911e-5
9.63232846112433e-5
0.0003766193429084124
0.00025283729049243344
0.00010190542686679283
0.0001910972950230624
8.105680557773283e-5
0.00017067513334414818
6.329233307632767e-5
0.0003597192054639532
0.00012240694971270527
0.00017356322603834454
0.00024560878540477596
0.00023520657360882663
0.00013877153453113096
0.00015095826609981457
0.00019435324886750373
6.1821131076819e-5
0.00013927325261379924
0.00010865243317932762
0.00014666445336257715
0.0008362686551229336
0.0004206866245784803
0.00011844430544207215
8.883309188233873e-5
0.00010415538621733964
7.565750159321245e-5
7.182659320372259e-5
0.00010861192312606799
0.0001701476439714601
0.00013295807138360473
9.246680040565252e-5
6.468556029868572e-5
8.160598820511148e-5
0.00032425424562652086
0.0001763976249462019
5.059068270127047e-5
0.0003508040751928319
7.514970742020398e-5
0.00012409997635757166
9.770465502677174e-5
9.615406880571345e-5
0.00010166101791192825
0.000484328220775088
0.00019120292928243073
0.00011782548636696988
0.00011791938198870841
7.930302897626297e-5
0.0003001247281770081
8.741182611437422e-5
0.0005308482230807974
0.00015647807498168196
8.082670298468541e-5
8.071505100137674e-5
5.02298292267973e-5
0.00011076705964819134
0.007160336900641328
0.00013029663543086438
