6.5949690678195e-6
1.2488134098991927e-5
1.9478086560141046e-5
6.334904251020867e-6
1.3002171622977689e-5
8.898932444080036e-6
2.0714076258318506e-5
1.674606580545934e-5
2.160906674718775e-5
1.1606431116216742e-5
1.4063432422020203e-5
6.2630203280578185e-6
2.282093236445925e-5
1.1970035441522839e-5
6.9767887608964376e-6
9.741110426429682e-6
9.93172285393051e-6
2.1815884344368548e-5
1.0845111842546358e-5
1.295049504007478e-5
2.9611510913402956e-5
2.296481037130734e-5
1.784835940770373e-5
3.730791705892886e-5
1.1708180913659703e-5
8.29224895217691e-6
8.983186818730863e-6
3.844925284540829e-5
1.7806565536425855e-5
9.677760717407477e-6
7.179469550821153e-6
1.783788571850834e-5
2.60643549893041e-5
1.0838856221124436e-5
8.904955523427327e-6
1.3537266667615648e-5
2.8279998645896458e-5
1.839443709521073e-5
3.255176166966699e-5
1.1374947082474912e-5
1.8393196801287555e-5
2.0724100665872485e-5
1.1613522707520205e-5
1.627571954188057e-5
3.4027054971468625e-5
1.528358305378023e-5
1.7510099899557295e-5
7.206430622490363e-6
2.2938029374636204e-5
2.655585141935842e-5
1.6807533296607402e-5
2.2224592129963506e-5
1.3172168997670572e-5
2.1670250407967854e-5
1.3866210298899079e-5
1.1347387446413765e-5
8.84760491612631e-6
1.3947846249686734e-5
0.0003329135339635781
5.23823132175933e-5
6.229629306263589e-5
9.424242219945981e-6
1.0290364485766547e-5
2.0589269442832126e-5
1.9730312961904943e-5
1.069244043863171e-5
2.6211923530757006e-5
1.870413487412772e-5
8.314512033408412e-6
1.8495899720590133e-5
3.955513665222186e-5
7.490834870441801e-6
2.2722626515415052e-5
1.74685033274624e-5
1.5255544305541074e-5
4.823347635428359e-5
2.5703712342548684e-5
2.69196579224187e-5
1.635449285699483e-5
4.824412680129123e-5
9.104916907051583e-6
8.059855756760549e-6
2.7815098601454764e-5
1.0383175104740532e-5
8.515221750945942e-6
1.2800883474969592e-5
4.089568891491555e-5
1.6731016998345883e-5
9.655510683846703e-5
1.6123671471054236e-5
1.966558364140855e-5
2.1783358425935197e-5
2.6711421094957317e-5
1.089423242614603e-5
1.2542775386487982e-5
2.259015282609144e-5
1.2926995832430487e-5
6.205355099674284e-6
2.7939774498858986e-5
1.4666413712516204e-5
2.602220698526168e-5
1.0488878073147435e-5
1.0544071384773219e-5
1.5146435893894181e-5
5.6526426076838003e-5
1.6060990137742804e-5
1.046152170380898e-5
1.3817713904666435e-5
1.6899220366900453e-5
7.510322762281776e-6
6.299591815005353e-6
2.703351902780563e-5
1.8745748459707837e-5
3.063503623174005e-5
6.601101369583121e-5
6.372214946384015e-5
2.4761113343614783e-5
1.8494148544459295e-5
3.521791997922585e-5
2.3929046982358742e-5
1.906892586218188e-5
3.2873194766213e-5
2.401048258102928e-5
1.3755094658901477e-5
1.823676668536107e-5
2.824251457622488e-5
0.00011318035824210002
6.592864380166702e-5
8.570441639245829e-6
0.00013655898849851202
9.85093461441518e-6
1.8048916458588994e-5
8.246100972913779e-6
2.7271159404452942e-5
6.726106739102834e-5
8.424125721747265e-6
1.0798090714576949e-5
2.170977649215973e-5
1.4518796915760042e-5
1.7023553871856805e-5
1.647642509426224e-5
1.5970539054555442e-6
2.80446632721682e-5
2.3882103822015786e-5
6.960557289936254e-6
9.875124021039928e-6
3.176136201412013e-5
3.504017433954963e-5
9.83803760139722e-6
3.107122297540215e-5
2.154812284233605e-5
3.4853281104443156e-5
2.1433358808408644e-5
3.9048515371252574e-5
2.8085192710877258e-5
2.187483777673974e-5
8.39851166598762e-6
3.586809574424151e-5
2.4261184661940094e-5
3.112076716631764e-5
3.5288354263289594e-5
1.2294186724057375e-5
1.4949247197932536e-5
2.683363159146294e-5
3.738184702926629e-5
3.144328975098451e-5
7.455139303945989e-7
2.8227826624952966e-5
4.995433213234014e-5
2.936725220544533e-5
2.266724142682813e-5
1.532908222648729e-5
2.8418720534510727e-5
1.0406547631513633e-5
2.6390709856480955e-5
2.124927497632054e-5
1.6930576848023537e-5
1.1758020468299637e-5
9.494964968310135e-6
1.6464334307317042e-5
1.4235237249504468e-5
1.2464625286328921e-5
3.5549258314288235e-5
3.4241999999382406e-5
1.4852446211253928e-5
1.6865374563366555e-5
5.517436736881582e-5
2.030198297227489e-5
1.7563402518026052e-5
1.5474396513745436e-5
9.408491767380527e-6
3.357092438007547e-5
7.352279759526661e-6
4.128929534537154e-5
1.8200865384718822e-5
1.228263440000026e-5
1.1121136544678485e-5
5.5689161710381334e-5
1.4075862459081259e-5
1.2047269258689904e-5
3.725121844697974e-5
1.2114211578092934e-5
3.1187380087302775e-5
1.1101926292481783e-5
2.8672203308347655e-5
1.1484704574540001e-5
5.194609975667663e-5
2.4591455381721012e-5
3.339827549391168e-5
1.334635108999019e-5
1.0922538113250822e-5
9.424646342988838e-6
1.8049292334565947e-5
1.0007672432769417e-5
1.0673906378825939e-5
1.5649389431329454e-5
6.418697064388021e-5
1.2409317588092002e-5
2.551963744134388e-5
6.505477927199763e-5
4.9187109546379145e-5
2.0988841216715338e-5
1.8004893332840914e-5
8.787215332283391e-5
3.09571069270958e-5
1.3506176233127124e-5
3.3127967174247344e-5
3.295746847835504e-5
2.084795088783804e-5
8.778987270183706e-6
2.5044187480444817e-5
2.735483263677849e-5
1.6777894914977334e-5
1.0571820556137505e-5
1.0462900999995679e-5
2.5276709451111468e-5
3.713546146472377e-5
1.8514190118087136e-5
1.2489665605110218e-5
6.0744162630985725e-5
8.797570797879625e-6
1.231178390873103e-5
3.2196108444840735e-5
1.780667422200946e-5
1.9219154456208233e-5
1.3275207839068405e-5
3.96291796310045e-5
1.6513926513934214e-5
1.719085712476357e-5
1.7042792249933917e-5
8.216620956533301e-6
1.5371796221841832e-5
1.9241605832545956e-5
9.423226713028457e-6
2.338990015276662e-5
1.4464373981001827e-5
1.039650041206881e-5
2.0226069717678793e-5
2.078490957188738e-5
1.1954759875643708e-5
1.227520975976162e-5
0.00019252802813563566
1.5829712313236438e-5
1.2936911022569825e-5
1.4029668554972143e-5
2.6964272343364516e-5
2.875011075174393e-5
2.2451636150246246e-5
0.00010515952784399926
3.863691161120036e-5
3.337623317128135e-5
0.00021650305775577152
2.173835918062062e-5
1.5855961791883105e-5
8.216748735258693e-5
1.2313534182426238e-5
1.2579567657625474e-5
3.135292751856287e-5
3.299813186370776e-5
2.0899912824238646e-5
8.000948431852162e-5
7.400815570956247e-5
1.3270250770137682e-5
1.8009743862188344e-5
2.877294135433857e-5
5.191206502658304e-5
1.2139060922881025e-5
0.00016814240579661097
1.6273085025790626e-5
2.6160380017873286e-5
1.4204445952372825e-5
3.1347999600291134e-5
1.1687102897429169e-5
8.628909730482687e-6
2.136649663377355e-5
3.2184842953193395e-5
3.213889180345212e-5
0.0005271063272447086
1.1437893044908623e-5
4.612534473520021e-5
2.6804093638315973e-5
1.9241662958998457e-5
9.582829972192255e-6
3.2659544030285095e-5
5.3867715901180274e-5
8.754143903137351e-6
3.894154289071555e-5
1.8034383394412447e-5
1.2444105828611074e-5
1.0542176617552851e-5
1.3213439496328767e-5
1.3949830235981423e-5
1.1016527280867686e-5
2.6601777621982233e-5
1.8369140215238695e-5
9.575651924822257e-6
2.7489785699257717e-5
2.1475233167491845e-5
1.2990639511946787e-5
1.0916752761296126e-5
3.598459222685186e-5
3.117170064265959e-5
2.29403313862779e-5
3.0208853498656708e-5
7.773816342606696e-5
0.00013894989391047253
2.1614373074237827e-5
3.2672970083001045e-5
7.341651337835919e-6
3.6540223677527115e-5
1.7876902921901604e-5
4.804695374529001e-5
1.7475730602957596e-5
1.5511046357584764e-5
8.38655509073778e-6
6.424122536398887e-5
1.088373994101238e-5
3.1604955761892994e-5
2.8118286790316444e-5
1.19145981090062e-5
1.4726884720726095e-5
5.5696472838449896e-5
8.963859155849424e-6
1.1504084318945787e-5
1.7089952717457116e-5
4.132090930067033e-5
3.874114341466802e-5
1.0784443490046552e-5
3.219257802839562e-5
1.65366744679093e-5
2.514240630821614e-5
1.4476057079346546e-5
1.710554260889145e-5
7.859787683326571e-6
9.663659703670075e-6
1.8740877826318017e-5
1.5638037365651865e-5
9.722210876483511e-6
3.608264818047016e-5
2.0616834268715065e-5
2.721839964241114e-5
2.3042527096686763e-5
1.287918715037727e-5
1.2070270075129181e-5
9.308630019502259e-6
1.4727068369961287e-5
1.4098724633979384e-5
2.239332011921384e-5
1.1138011429679578e-5
1.836439586065096e-5
2.393103396968189e-5
2.0649762522216032e-5
2.8793095692615832e-5
1.0206342389425314e-5
3.0120280431920042e-5
5.556301401712346e-5
4.0904725810019955e-5
1.2782669535097246e-5
1.7738083124523576e-5
1.940984773463543e-5
4.2761559863546656e-5
2.084201448438809e-5
1.4502533336479211e-5
1.4894463736810918e-5
1.90942054062574e-5
4.205392646095473e-5
3.9693889509424133e-5
2.9221907150409936e-5
1.98490586198363e-5
1.706104615083065e-5
9.15354850146139e-6
0.00028277202363104437
1.0514336038469985e-5
2.1287488439658814e-5
1.6352709543818288e-5
1.4804259959085494e-5
9.017886427797518e-6
1.5790383654394295e-5
8.506046016038429e-6
9.828482620365206e-6
1.8216478932046575e-5
1.2527269840511678e-5
1.3605571883180805e-5
4.631817787878781e-5
2.971286372666494e-5
8.143420309689674e-6
7.748611150126294e-6
2.0467345425451083e-5
4.500441903370779e-5
2.5766129462421147e-5
8.80786538506011e-6
1.899618004816738e-5
1.555052900400268e-5
2.1893004151909206e-5
0.00016374684555772905
2.6610034175877027e-5
4.142916788211664e-5
3.192093990416506e-5
3.882876661367547e-5
4.802600312356543e-5
4.3483498208878005e-5
5.369313567577348e-5
2.0120875095140852e-5
4.030034902241188e-5
2.8431454864070207e-5
1.2977920049253261e-5
1.1440271108006344e-5
1.1365763579900885e-5
7.015366874477337e-6
4.0760520606143044e-5
1.1370763656087906e-5
1.0262042192620892e-5
5.652743414284065e-5
3.691249556402175e-5
3.626182576407812e-5
0.00011335642062559554
2.4202551736267303e-5
2.9836669060460026e-5
2.2818049263513036e-5
0.00013898057324180182
8.121071691327765e-5
1.649807142842749e-5
2.5249335766691027e-6
1.060654453286859e-5
1.8233869161287684e-5
4.331840409059434e-5
2.980743163558685e-5
1.8810135837413394e-5
8.417894753684036e-6
1.7551851870595513e-5
2.713360992084769e-5
1.7724918285633204e-5
2.741913822276612e-5
2.2081380436333468e-5
1.5755512111066348e-6
4.175166026326545e-5
0.00012924204553382027
2.6208845255171357e-5
1.165524535245804e-5
1.9055176264261812e-5
1.4000745134082813e-5
2.4957007494588302e-5
9.043163123505968e-5
3.2418420072403505e-5
1.9476535788118534e-5
1.877647581349354e-5
3.1428112408552625e-5
2.24807610020814e-5
8.847738121773914e-6
1.4841158566082344e-5
2.5966990149828527e-5
1.1812889373690108e-5
2.946385922371446e-5
3.344480882101999e-5
1.4677508316171031e-5
3.312805811840264e-5
2.3072816924856763e-5
7.991369413581715e-6
8.401914104781137e-5
3.787664515628811e-5
2.2305570450551834e-5
2.1295768488639727e-5
8.119138142818476e-6
2.237586591538331e-5
2.948866690929644e-5
3.0818469651437324e-5
1.558614436644891e-5
1.4129411500504824e-5
1.930819294341383e-5
1.7517820466334685e-5
1.5697347259404977e-5
9.113681887144333e-6
9.623951698807254e-6
0.0007941521088952017
1.6065334273345806e-5
4.1651317092965605e-5
2.4172149718709068e-5
4.832262067640407e-7
1.0169368320495518e-5
0.00014973656165307453
1.997828772411935e-5
1.8729576561664446e-5
2.1754499089671713e-5
1.4407621666142177e-5
1.8096542016680837e-5
1.0326782449953178e-5
1.799411391539968e-5
2.2277038340510488e-5
6.199008835389249e-5
1.7366578503484848e-5
2.8651565311913147e-5
1.5921310981486346e-5
1.898746618620442e-5
2.1710421764332905e-5
0.0003082472647231345
1.623570372426738e-5
2.026066119144328e-5
8.923420654617554e-5
3.7244531536428985e-5
2.9577355846260137e-5
6.540790293766534e-5
1.787007262081083e-5
1.580831867781885e-5
1.4930726087417646e-5
2.5933014621885426e-5
1.8177227839181656e-5
1.851990880528781e-5
2.5562694306504542e-5
1.2439872631022818e-5
1.0879398009160596e-5
3.687012373297438e-5
7.419249822878558e-5
2.0424956471287056e-5
1.5887029858321625e-5
4.34922661118647e-5
3.8992639008084215e-5
2.3387894414956095e-5
6.396009135248188e-5
1.0952116134928855e-5
6.5678037416791425e-6
8.805728771974625e-6
1.4739583291716094e-5
2.674832429833457e-5
2.2519286913645734e-5
7.3307891033030965e-6
6.018315734840513e-6
2.7862179109219377e-5
2.6061201190499885e-5
1.2750017013758874e-5
2.4210693208754312e-5
2.309745398816428e-5
0.0011980113626893405
2.303923960272111e-5
4.005545960110588e-5
1.8802217596065932e-5
2.0807570647448202e-5
1.539962477457767e-5
2.2644381525826776e-5
2.5838334193254357e-5
3.337827343743477e-5
1.2065769275048853e-5
3.7757452204112356e-5
3.554694910258482e-5
1.7807285037448757e-5
1.4563402535995533e-5
1.9089842317707303e-5
1.2246063083022685e-5
1.0141667548543037e-5
1.1332086864007927e-5
1.8054218896316543e-5
2.26329666813328e-5
1.6030705514786895e-5
2.2469504629132193e-5
1.663545244159643e-5
1.5736143409902958e-5
1.8501580925275587e-5
3.3259340082115634e-5
0.0001325427468039284
8.736304506350142e-6
9.325130956986962e-6
3.503342146798668e-5
1.1976080044347458e-5
1.4333425959223907e-5
1.1881374235113442e-5
1.5393025522184907e-5
2.2457931050975068e-5
0.00030150793836243806
2.769089693505855e-5
9.308866747357908e-6
2.6280864013822252e-5
1.2855555086930081e-5
1.00526536607178e-5
7.611044240399061e-5
0.00013401817909481034
8.825331147462549e-6
8.962650961709846e-6
2.177735823688672e-5
1.1568978435440053e-5
1.3731789350137231e-5
8.285776378862213e-6
7.403062104853373e-5
2.5359107457866233e-5
2.579783075306507e-5
2.904318215644808e-5
3.186422355800993e-5
1.0807701339887494e-5
3.5132884832483917e-6
2.2511938132652344e-5
1.0817355927087442e-5
4.711613587013794e-5
9.978827391385155e-5
2.0445023020595363e-5
1.7174899645562404e-5
2.292349786397327e-5
2.9381039780215098e-5
0.0007965502824439113
6.0613418780050775e-6
1.7731115880958343e-5
1.3681246620451528e-5
1.3306284552188603e-5
6.671021371709963e-6
1.1496661911010443e-5
2.097520468896773e-5
0.00032767104203207007
8.168611466952037e-5
1.5206934808037959e-5
1.67950419975044e-5
2.9318770374411835e-5
1.4479480961285824e-5
7.45998957395821e-6
2.1674864809883142e-5
8.032251824637006e-5
8.16302887873058e-5
5.368865210114612e-5
5.365132021608926e-5
1.833676015554779e-5
7.392231995495156e-6
1.3797467255732873e-5
1.0702880378511547e-5
7.111298369589192e-5
6.889504257849045e-5
1.544087132695889e-5
2.8307703573950574e-5
2.162613344503782e-5
2.751758110282007e-5
1.7891644610653906e-5
1.591340789138204e-5
1.1134033716085766e-5
1.0934527345809822e-5
1.0586645945719817e-5
1.2969556128103479e-5
7.392535348549126e-6
7.817092139225106e-5
4.2694082308872806e-5
2.646221562518395e-5
3.2755097567616496e-5
3.3309147296816714e-5
2.372206123938528e-5
2.677996043225128e-5
6.934561630747915e-5
1.2240156673951808e-5
1.3248899029432938e-6
1.132853878353542e-5
3.762973061435992e-5
0.0002184430052592574
1.2011499843447366e-5
3.7950395369806875e-5
1.4297968171527587e-5
2.073308242166561e-5
1.186224936739459e-5
1.48292720952099e-5
1.604933359532327e-5
1.5755782642207675e-5
1.6967131596424332e-5
1.77644504356323e-5
2.384974224712488e-5
5.414261112729998e-5
5.818918203905144e-5
1.4762730605874802e-5
1.9872308281958188e-5
0.0001648006841252839
8.635001741494999e-6
1.6983073719726114e-5
3.7029765361166094e-5
8.853747359475672e-6
1.3681897203778026e-5
2.2332837627016043e-5
9.748589335664165e-6
2.7230412955967075e-5
3.9630971079007724e-5
9.484608516285454e-5
1.2377091802272719e-5
1.743146050042561e-5
3.471959416170733e-5
1.6361862182774043e-5
1.5671026591246955e-5
2.4939273814541532e-5
3.4035120084553746e-5
2.4530998530036644e-5
3.3216227963319223e-5
2.6085111257306616e-5
1.1939585801491796e-5
5.1563362707199996e-5
3.5129418298093065e-5
2.538944277288949e-5
1.2982339310053493e-5
2.822022906430425e-5
1.158589633170853e-6
0.00021879010581733738
2.5723331598191967e-5
3.502219799161363e-5
2.0444850875442488e-5
1.1839558879467107e-5
1.941145211410579e-5
7.092087365613204e-5
8.709208288001734e-6
1.2628248651731189e-5
2.663830296751375e-5
1.2015706143746064e-5
2.0988518009522412e-5
1.357077016712366e-5
3.510432502516459e-5
1.6349406757895096e-5
2.848997490393417e-5
7.528409491811774e-5
1.562735920831157e-5
7.02721724018541e-5
1.532550215856218e-5
1.8923701370420646e-5
9.648565269389237e-6
0.00011797703824001921
9.524847244813822e-6
1.988616387660809e-5
2.317569705474492e-5
3.499258723186865e-5
1.8694057363913256e-5
0.00024155644566815836
2.1303702542244163e-5
2.2587507031854496e-5
1.4170504882901306e-5
8.245069392466675e-6
1.477594979094366e-5
2.275448497194241e-5
1.4138435103336684e-5
2.83327965700321e-5
2.9749254820765874e-5
2.1438990573301282e-5
1.3884749263106192e-5
3.4077532953936306e-5
1.5255171873494729e-5
3.067471911593068e-5
3.850137984052492e-5
2.151960867593324e-5
3.0178866841465776e-5
8.028179522650558e-6
1.0483468790363522e-5
1.023638755275959e-5
4.44516567714064e-5
1.4850266956690322e-5
1.3531199037195188e-5
1.0188248305836512e-6
0.00010402250494524152
1.4686925574998724e-5
1.8622643246581192e-5
2.629183080032511e-5
1.608303421844949e-5
6.4767313326879796e-6
2.505754218936657e-6
0.0005467587493070759
2.759993497364222e-5
1.1387455517452576e-5
9.084503863621384e-6
1.1401445780377836e-5
2.6990020177594093e-5
7.930001700689227e-6
1.9595021594581617e-5
1.3738065174597882e-5
3.703582762688215e-5
1.2217695722636287e-5
0.0015486079425822451
2.1235738053989746e-5
2.7511696202056205e-5
3.9685416464918714e-5
2.723987195787744e-5
2.9432195505235233e-5
1.6279198788478037e-5
6.059171142859911e-5
3.263146470161187e-5
1.5304291805071556e-5
6.7038691830625026e-6
2.2091503742640106e-5
2.4090274571470647e-5
2.501938983169159e-5
0.0001816274879847807
7.59054122222206e-7
4.1400031174089165e-5
8.805997303798211e-6
1.8049618630018515e-5
1.66582118656503e-5
2.4292393013008366e-6
5.7676448745775525e-5
1.6795943659603805e-5
1.906995366788144e-5
1.1963910162784587e-5
1.060781986248604e-5
3.099337310394678e-5
0.0001045015736407915
2.048564282454207e-5
3.3169415464315234e-5
1.8895096935349265e-5
1.3011351354437642e-5
1.6289612178312233e-5
7.945466534170537e-5
9.45435641629135e-6
1.2686670285540967e-5
1.545941539642739e-5
6.804196692086123e-5
5.3119586151911273e-5
1.594339825357524e-5
1.160758219476409e-5
2.8877725548724597e-5
2.0130850929391398e-5
1.5695064973559696e-5
1.089350199115402e-5
9.008050403037905e-6
9.689670592330956e-6
1.591558602224646e-5
3.542083580703368e-5
7.164415447747177e-5
0.00010810553744196178
7.190868802378198e-6
1.5330305400915166e-5
3.7852836415259444e-5
6.2471177207766765e-6
1.9564587792231633e-5
0.00018085702501874053
6.720517826335702e-6
2.0575207168833902e-5
0.0003303020410934438
1.7495527608691147e-5
3.710925716591594e-5
1.5193379843972121e-5
1.6073840677908845e-5
1.7940921349986645e-5
1.5951785996148694e-5
1.52592383408356e-5
2.2209105751916552e-5
2.1846995749250694e-5
8.991226841667441e-6
1.846347777677871e-5
2.996696354468518e-5
2.541738704605848e-5
5.420439276399066e-5
2.316680601179176e-5
2.3252595449978875e-5
7.950210591993607e-6
1.595545415445253e-5
2.414560899676383e-5
6.451983771422555e-5
1.6883395181872835e-5
1.8035860372081e-5
0.00011956050081954088
2.839046043298895e-6
0.00011209342802120363
3.4282610568852755e-5
6.679748660073248e-5
2.11758453083704e-5
1.2476201475294824e-5
6.52240313912471e-5
1.936429085347668e-5
3.507218371985649e-5
9.365756706114255e-6
1.0027682745023676e-5
6.032971804196624e-5
1.384137902314102e-5
1.9160879564676192e-5
3.23171784733806e-5
3.183527988447384e-6
2.077690054881362e-5
4.506960653508545e-5
3.664551549101208e-5
1.2013417562663428e-5
1.5769343770799836e-5
2.139391916850186e-5
2.3188177114190964e-5
0.00012141595362991623
1.9050343005007612e-5
5.1243927180089924e-5
8.357768906869564e-6
1.8795133818003183e-5
1.3000717962192996e-5
3.3599418244418836e-5
1.01847845577159e-5
5.922254564827423e-5
2.4546612172551564e-5
1.8521566978479775e-5
2.897793501636213e-5
2.8292762742477606e-5
3.710361994157566e-5
1.1213532565991013e-5
5.318124455745846e-5
1.1602449160399183e-5
3.3450937138163125e-5
4.6190221617639696e-5
2.3931524065808634e-5
7.877736627738448e-5
2.133473992562206e-5
7.23103025804753e-5
2.0078394847612885e-5
5.5174543124342054e-5
4.766674620057482e-5
2.5018992589930892e-5
3.701072056100492e-5
5.2772578402759975e-5
1.5408474515958125e-5
1.305514940453514e-5
2.0161504028165136e-6
8.834212314654442e-5
3.410808841101372e-5
1.8885597509237634e-5
3.302548676371133e-5
3.79660305931306e-5
3.0265054019338992e-5
1.9860697354637892e-5
6.136396407579644e-5
5.97610746531632e-5
2.472226598771447e-5
2.6199314075920878e-5
6.934038057069545e-6
1.3503515867900127e-5
2.8343976074277182e-5
3.3431224573224904e-5
6.18757935816118e-6
1.808483326095638e-5
3.8093482042297174e-5
2.7493596565098095e-5
1.4384610993403193e-5
1.3277765620379036e-5
1.4564808355525564e-5
2.4635452500527832e-5
6.788586707815145e-6
3.28879948455528e-5
5.4927455178944074e-5
1.6828319815389702e-5
7.6806167517031e-7
1.592235764702204e-5
2.22979560432136e-5
1.974689109389503e-5
4.10790879719186e-5
4.011696393627046e-5
4.072531380741137e-5
1.5965627321454996e-5
2.2407368698447353e-5
7.71910463879508e-6
0.00011985446534418579
1.6461408826972324e-5
3.0481054196902596e-5
1.0168870175138829e-5
2.3733751404552106e-5
9.53394586202174e-6
2.6974670207369114e-5
1.1051419968810841e-5
1.952932252973908e-5
2.1321259163416657e-5
3.0958460657614346e-5
3.564479962256037e-5
1.6080337505662583e-5
2.2994316732921236e-5
1.8689778136829098e-5
1.0327590496502658e-5
1.9127968916905776e-5
8.551940775515747e-5
2.209422836318937e-6
4.004078240018125e-6
2.9284012946694687e-5
9.209932874365482e-5
1.3159842383375014e-5
4.0866054795236895e-5
4.837079363414386e-5
2.2598973579011266e-5
6.257796044212907e-5
2.4916574576403312e-5
6.990041435992176e-5
4.7543566901300766e-5
3.672051060836404e-5
1.4859358328845286e-5
5.0359802782758824e-5
2.2745092930037234e-5
2.844711053328578e-5
0.0005421625466595338
2.1649363541996185e-5
1.5400483622387215e-5
2.6716776522387247e-5
1.436890029538112e-5
1.189984930610302e-5
1.5788113354974663e-5
2.403342749293112e-5
1.3953678796923755e-5
1.9521759041417263e-5
8.603535680714874e-5
