4.981735421681908e-5
5.845949808007903e-5
1.3557472003617471e-5
4.4933033235678754e-5
3.6288985148598165e-5
2.113460011191435e-5
8.92475224828539e-5
5.159833808595425e-5
4.464614121767961e-5
1.4710396395002088e-5
1.5908498182353295e-5
1.6445942346300286e-5
2.005931698601042e-5
9.357619321539999e-5
1.9419811638920828e-5
5.5129937423756757e-5
0.00028651786399619503
1.5711767701380777e-5
1.5389879717378795e-5
3.228587453320737e-5
3.3631984685636744e-5
2.8417766829752318e-5
3.0328833547652527e-5
9.701399334427046e-6
4.341780167471937e-5
2.1246475763662153e-5
1.3165107184091142e-5
5.00232445427647e-5
2.28938637061346e-5
2.088067775688488e-5
3.147114514087912e-5
1.632860660534113e-5
7.7056447420414e-5
6.871732928369748e-5
6.531494088920733e-5
4.975822256491905e-5
2.3683764650670307e-5
3.49046812611174e-5
2.6560173964218576e-5
1.580420682837555e-5
2.5825697909520978e-5
0.00012470697107738035
3.642077626827027e-5
1.8004731497870044e-5
4.250661298580945e-5
4.732079282354807e-5
1.58622387989792e-5
5.3471939379672814e-5
2.308614140249295e-5
3.616730283102937e-5
2.8519915109801632e-5
3.033152903825531e-5
1.651817578591568e-5
2.757796368055189e-5
5.43531288418643e-5
2.2129982905879627e-5
1.815026670923747e-5
1.7854309480837024e-5
4.0764000455527134e-5
8.248189950671943e-5
1.2112758908738852e-5
2.4865110069238507e-5
1.3135503431020328e-5
1.2694167206001419e-5
7.07281941216909e-5
3.96650356269956e-5
5.9865596838644e-5
3.2550143755908536e-5
9.907988674742967e-5
3.379476749001247e-5
0.00015887383617417682
0.00010866698843309852
4.587116886728788e-5
1.5919019948494477e-5
1.5877631048503407e-5
0.00011427159537740785
9.187768818333252e-5
2.251921765661209e-5
2.2504497875107952e-5
3.431065861885182e-5
2.034605447929247e-5
5.838850102987422e-5
6.728812104152675e-5
1.9451382794526092e-5
2.859469699469936e-5
2.776737172907954e-5
1.798855838264405e-5
1.5111083267983817e-5
2.807739414437793e-5
2.319673075504044e-5
2.7851556874119562e-5
2.9859119831382552e-5
1.679210839648894e-5
1.3786017062570323e-5
2.4247845588652955e-5
8.8305755898958e-5
2.680622898597506e-5
4.380325530016363e-5
0.0001646543042764341
1.3842779045885652e-5
3.715848831780288e-5
1.766137601921135e-5
2.7206814777583303e-5
2.1120631802318187e-5
0.0002839061778317975
3.6841584057270424e-5
2.428675792288695e-5
3.7783872719265426e-5
2.593236133191151e-5
8.938691079311516e-5
0.00011134622826107438
2.7267575809564212e-5
1.8849376366508995e-5
1.2186075424366908e-5
2.863273859613145e-5
3.9359473485624644e-5
8.562483179356998e-5
3.140524171648895e-5
1.9043763809648624e-5
2.0363044314156567e-5
1.4157314105926919e-5
4.726260393612915e-5
1.3983843896344e-5
3.0471172158982132e-5
4.187999268711751e-5
1.5039102934980477e-5
3.3754446209080355e-5
6.575204509019172e-5
1.040436969529852e-5
1.3412561369180028e-5
2.5788798237079e-5
5.447734134203292e-5
2.443632622800308e-5
1.226213659371542e-5
0.00021432269962306618
4.748687851898648e-5
3.811914561005832e-5
2.2028079835124727e-5
1.300400437471654e-5
7.015771534030709e-5
2.8468909495312147e-5
1.8895033729527127e-5
1.8797911034251548e-5
9.241755204396484e-5
4.461302915444573e-5
2.8856482172378504e-5
2.817404382169765e-5
1.3689904692052039e-5
4.0293225674352505e-5
3.238191084847493e-5
1.4851896994748436e-5
5.0489856918818094e-5
5.2351635450249245e-5
4.2777172488149185e-5
4.385558966169459e-5
0.00017712010781788972
3.391189536812568e-5
4.304830999041584e-5
1.2805873725052329e-5
2.0639102565453272e-5
6.73634594883492e-5
9.16682921140686e-5
7.735073199270726e-5
1.3584928277513458e-5
8.315247016480397e-5
2.651744302898498e-5
2.280593535345269e-5
3.4370973746836755e-5
1.620824380963627e-5
5.58873079192537e-5
4.3655157846681365e-5
6.193586236722332e-5
8.591736225179251e-5
4.6958403782121244e-5
6.224750842425307e-5
0.0001386813883677287
3.1558211978511437e-5
1.1484038032107171e-5
1.4375289054366084e-5
3.890873162665641e-5
2.9984364500029873e-5
1.908354796069701e-5
9.770961894757511e-5
2.506437505140994e-5
4.042210712614456e-5
2.1592972859399972e-5
2.7647527414466316e-5
6.759180220552703e-5
2.6446391824048288e-5
2.9707109724405738e-5
3.6738744084061726e-5
8.404707271861125e-5
3.2742359209670193e-5
0.00011536583334656876
2.2778906149443367e-5
5.2016397196860036e-5
3.324265127390344e-5
3.286894022711464e-5
3.4199876439846956e-5
1.8797113279047773e-5
1.6112685536247107e-5
4.733652526205193e-5
1.2271649109331312e-5
0.00015817883679825935
7.212578257236371e-5
3.5856253807198644e-5
1.9036107892777115e-5
2.4194873594523895e-5
1.1592409154097245e-5
1.4929613147114674e-5
2.5907469661915615e-5
3.600052830440919e-5
5.7783195009970085e-5
8.712382014959484e-5
4.4955114011389094e-5
1.3816836617789638e-5
1.3717955035922132e-5
2.543198382721562e-5
4.25041528182404e-5
3.0952653371490704e-5
2.2756109372318775e-5
5.087076386530005e-5
3.364806546909288e-5
4.079047703341599e-5
3.2870995732434686e-5
5.848804930291607e-5
1.1031053360601724e-5
1.2716607849234163e-5
2.6496161358059938e-5
5.942242670258588e-5
1.4619874359037016e-5
9.079638449697498e-5
2.1530478979018373e-5
4.258619181041719e-5
2.8632259671190664e-5
2.6739040621620284e-5
4.5362552516038635e-5
1.0442188277502714e-5
1.4632116832838925e-5
2.1133514769891392e-5
1.647261232359373e-5
8.668215304918832e-5
3.0742005409045964e-5
4.136870440107892e-5
5.3063445916506536e-5
2.531149399986303e-5
2.533539036849702e-5
2.6460848386177747e-5
2.705703484882581e-5
2.7981361497600773e-5
2.186213155855415e-5
4.669598686943195e-5
1.314427386589816e-5
5.466418812159579e-5
2.3083510550918544e-5
5.7200309308851875e-5
1.5464068567761386e-5
6.665755341480191e-5
2.4848457007057065e-5
8.073684623149573e-5
0.0001176293827787105
7.533090308985004e-5
0.00010986668518179017
8.255303085992648e-5
3.438179065655209e-5
6.569724047266772e-5
2.4782871395497996e-5
0.00012055653313283262
2.5145386793031717e-5
5.3435079991334505e-5
1.3517111703871565e-5
1.6561034648829036e-5
6.339323979990844e-5
2.5804009400466054e-5
6.134737439315258e-5
7.107206702869223e-5
1.6537483868273412e-5
3.6562007698339606e-5
5.7317359617821104e-5
1.970624723882419e-5
2.22257951692193e-5
3.448353283957529e-5
2.270699195749414e-5
8.940875326557097e-5
4.1192851220627704e-5
3.483100657237848e-5
5.28308755494802e-5
2.4055853264432047e-5
1.4437367023774495e-5
0.000181894052305459
2.419072787238564e-5
1.871750059923849e-5
5.470081467795813e-5
3.730568697428261e-5
4.701550559056045e-5
8.817903686199517e-5
2.5140177858851267e-5
7.829380921194319e-5
8.576685270535521e-5
2.3197887573102453e-5
8.344182659082559e-5
5.355271151503687e-5
3.567571052582756e-5
3.82477094356498e-5
5.924821907811526e-5
1.3340930196842884e-5
1.1655647472946058e-5
2.1251516762330667e-5
1.6935983099745508e-5
1.6705696183449763e-5
2.0102310005347112e-5
0.0001649512895699483
1.4963462025746248e-5
1.997840727094245e-5
0.0005030455067151902
0.00015317803003812644
1.2061502098892376e-5
3.697835777262886e-5
1.385101336690695e-5
3.1746989864299446e-5
1.1364762920005553e-5
0.0006587898572554607
4.152237413669077e-5
1.8533152242389302e-5
1.3540641229774132e-5
1.4001317117577944e-5
1.7535384280786077e-5
6.333053185789711e-5
3.4892641943883864e-5
5.840521147984358e-5
0.0001388550798682853
1.383309749726131e-5
1.5292748579285712e-5
4.136669720891598e-5
8.220713743988888e-5
1.317787802484168e-5
6.357477511139922e-5
0.000112664202387744
2.599348949611329e-5
2.7978801466780592e-5
5.1839817482389286e-5
3.340114536287739e-5
3.767473255148866e-5
1.6914747759071443e-5
8.268372617908684e-5
1.8117184401929716e-5
9.759160191190707e-5
6.885013642194762e-5
2.723845330510144e-5
3.499577009629417e-5
2.073820098699016e-5
2.1591146162539138e-5
4.8021128087107876e-5
1.795371016724324e-5
1.2687429796105128e-5
1.2444660426026737e-5
3.929475356339697e-5
4.663195308831585e-5
2.9125115448752686e-5
5.764216379465052e-5
8.495424218303612e-5
2.103776205950329e-5
4.285099511888661e-5
3.7399530694324036e-5
4.690091672516307e-5
2.1853702631924396e-5
5.610338791089316e-5
1.427260949707006e-5
2.579305413853596e-5
2.8139157829220213e-5
1.3369795869801433e-5
5.764829965883659e-5
4.27923473229457e-5
4.253122740416506e-5
7.31907481674327e-5
5.2938992622164396e-5
4.520533204394459e-5
1.962653666093604e-5
9.010687725422905e-5
6.643782074920344e-5
1.4030943889901001e-5
2.1254617477565637e-5
4.074213144532867e-5
2.0434866384849565e-5
2.978820375740647e-5
5.8271555782858685e-5
3.267995122213439e-5
1.3035121746078345e-5
0.0005571409983448384
0.00048400009179283397
8.406648784422596e-5
2.7480946184541905e-5
9.74409428636675e-5
2.6852529879028577e-5
3.739225899054369e-5
1.1640774994336421e-5
2.519324397573637e-5
0.00016875348608380624
2.2957037199184997e-5
2.019705079347482e-5
2.89869044187693e-5
4.854625424146043e-5
1.8995632797262978e-5
0.00015402748448880958
8.719158373024722e-5
4.8849809036285705e-5
2.5538141212489962e-5
3.975403210346683e-5
1.5989080444507117e-5
0.00015822280874267826
4.50302068805635e-5
1.2702096814836424e-5
4.598835309507223e-5
4.5595774375507714e-5
1.4029011206057321e-5
3.122742932697843e-5
4.045969032438119e-5
3.517708187157283e-5
3.65582939249224e-5
0.00010711969443282678
2.8321775339739974e-5
6.041796622803552e-5
8.764688748329227e-5
1.4208698871436813e-5
6.978585933406495e-5
4.615987472500717e-5
1.5337016139409175e-5
4.9461442509710474e-5
3.0380424475712796e-5
0.00026689001805720036
2.6397852666480023e-5
3.340785651417605e-5
0.00027453898750219764
3.034248225689709e-5
4.473493408089509e-5
0.0001529686553171099
3.127472560803777e-5
3.600673454404929e-5
6.982290483883099e-5
6.021095948861692e-5
6.316721451151283e-5
1.0670437294437121e-5
7.74825620835043e-5
5.616891865651791e-5
3.2934671487073735e-5
2.8091707882901638e-5
2.116577679728199e-5
1.8365917272013643e-5
0.00025198509712078665
2.6039737101603484e-5
1.7420301882358205e-5
3.168460282164356e-5
6.75378836202329e-5
3.352844012249557e-5
3.744830007279671e-5
4.440919611184091e-5
2.404744489134946e-5
0.00020694474742785185
7.80469295890665e-5
2.647163443421514e-5
1.3818229435496916e-5
4.649330817717213e-5
4.717307782393297e-5
3.452236594888279e-5
4.471681664215139e-5
0.0001103925953017222
1.8096367336712657e-5
4.7210369177438034e-5
3.257845385467073e-5
1.3369988608624565e-5
2.410987135487646e-5
1.8347391179202104e-5
4.64881056703527e-5
1.852444006115312e-5
6.56459868991829e-5
2.2320901843006133e-5
1.7408255751620555e-5
2.3763027140548536e-5
2.5508340009879945e-5
2.425503700868991e-5
1.109823405830832e-5
0.00010256723240154147
2.8293917558017262e-5
2.7381127968963504e-5
2.618257814839223e-5
1.1890141657900076e-5
3.027472305267386e-5
1.4801765553879217e-5
2.1853976690955816e-5
1.1364570775390912e-5
2.126618228511573e-5
5.6872648597152833e-5
3.3879864410541876e-5
1.3075218285755429e-5
7.783609466854674e-5
2.867520381275326e-5
2.9256629746177046e-5
2.2167393034632444e-5
1.3667575226051573e-5
3.2856407092374085e-5
4.677850722297609e-5
3.0273649623958735e-5
0.00011106821929376993
3.1158542842294995e-5
3.1282098215260065e-5
1.375649461922279e-5
2.5587480026238943e-5
3.238048457214091e-5
2.7922664922586695e-5
7.831906405186584e-5
4.551830582299731e-5
7.213806543380844e-5
3.6417871646128634e-5
7.361642222480168e-5
4.181208169953325e-5
3.270218945774038e-5
4.7956391996858225e-5
9.918937064806493e-6
1.7035835887319077e-5
4.4004791778876954e-5
3.64074473673254e-5
2.3613715868952864e-5
2.4624106716283935e-5
7.594583849355961e-5
7.17239969639103e-5
0.00022106228687221704
1.3733073178719224e-5
9.12498411934723e-5
1.9145416603828313e-5
1.7582703181338307e-5
1.2102680435860041e-5
3.774210729050792e-5
4.530050989193793e-5
0.00011171150518478879
1.3396591795645408e-5
6.731433365895821e-5
0.00014753074817590528
4.33521554088754e-5
2.353115839039312e-5
1.831308753169101e-5
0.0004984113019195979
5.010198565869048e-5
2.097926431959977e-5
7.85724172253385e-5
5.086413511303341e-5
1.3566140049486944e-5
2.4768869765625642e-5
2.2076516622381935e-5
2.43696859964803e-5
8.939956026538494e-5
5.48971625943994e-5
3.781595610298763e-5
4.667516861096774e-5
4.1923092357066403e-5
2.1190409566414992e-5
0.00015000789721294778
5.498659516136806e-5
2.728070501799643e-5
2.139188904339502e-5
2.846525049518009e-5
2.124680118180778e-5
0.00018235703694502976
1.4283213018372978e-5
4.008726093645447e-5
2.037310359941515e-5
1.3569295910774845e-5
6.69326114245188e-5
7.723562329784184e-5
3.145716444698037e-5
6.123309463882686e-5
1.700444606379182e-5
4.974072582654899e-5
2.5147918447260114e-5
5.321665694830523e-5
2.2813108642268897e-5
3.312589301423636e-5
1.9551992459011443e-5
7.756704968084151e-5
3.7489919383399984e-5
4.834440083353256e-5
1.4182404370341027e-5
5.6844394373138475e-5
2.8797750333044106e-5
1.7324872324397773e-5
0.0001555588707674993
4.7845274429617926e-5
8.135230870353088e-5
2.640943139849751e-5
5.1978658115129e-5
0.00010852259423821205
5.3971637754129436e-5
3.4566597550564166e-5
1.4367393175048735e-5
1.6323848369956913e-5
2.2326839315741842e-5
1.4395580520952403e-5
2.6127540447334792e-5
2.0729972199706713e-5
2.533736551008727e-5
6.163251314716088e-5
0.00029366591463987114
8.549894840165246e-5
7.69519617712238e-5
1.897960575798868e-5
9.035561401507893e-5
0.00010964302427222474
5.539219264455415e-5
1.3878398431301515e-5
4.6959630090263834e-5
0.00010907007992527084
5.148379784733086e-5
1.9367001894261087e-5
2.3534723691162496e-5
4.2832998377011684e-5
5.511056274337131e-5
3.508935372955949e-5
4.364270317293346e-5
2.3826658143467e-5
6.670089903503322e-5
0.00011693346576562408
4.8825567788532236e-5
1.7191303420429124e-5
4.529103262080259e-5
7.154384996467283e-5
6.97075942904841e-5
2.6669477743311164e-5
1.6029694278819225e-5
2.832036693030399e-5
1.620064839897055e-5
3.123262996610231e-5
5.493602522338072e-5
2.8519872286419344e-5
1.5881614952281652e-5
3.832309936981873e-5
1.770012433414353e-5
4.433697028975443e-5
2.0500919670872657e-5
5.025777816747745e-5
4.527908625774859e-5
2.221688125739196e-5
4.9548256041723746e-5
7.99364694322938e-5
6.348519979962513e-5
6.239719710968772e-5
7.149687465244445e-5
2.5160740285352055e-5
8.466955024708405e-5
1.9997031383049756e-5
2.0807999545139114e-5
2.8049048083131462e-5
7.418248286319997e-5
0.00025368806604296685
3.466363245198485e-5
7.808701077863101e-5
0.00016268143148258723
3.7940984203167965e-5
3.567646948280984e-5
1.0824104501167495e-5
1.7359891591546213e-5
4.7049787901247646e-5
2.7236322666558265e-5
4.032776497117956e-5
3.93854563735937e-5
1.875625013931318e-5
1.6151704730454526e-5
5.029146063250133e-5
2.4644300446129594e-5
4.7031976003077536e-5
2.568234791582233e-5
0.00014329839591245246
1.6322415544177234e-5
2.06533673000664e-5
6.344160505079816e-5
5.4469450352150696e-5
1.888142374919618e-5
1.7055160436274907e-5
2.0229669035727862e-5
1.8007331598405495e-5
1.9892902271235047e-5
5.850826515956299e-5
3.806743641842775e-5
0.00015886449747365124
3.0337953935848504e-5
2.2773601712213397e-5
5.3009645855941834e-5
3.7272894822780074e-5
1.574152274340168e-5
5.450917329460548e-5
1.9922443017646758e-5
0.00011764614318031577
8.361362349907453e-5
1.8109296714226094e-5
3.389308620573825e-5
7.756682187494567e-5
1.9251223563550094e-5
1.3625327581723497e-5
2.1625077028728628e-5
6.180417054828981e-5
7.15063346700872e-5
0.00011362032037810297
2.1953011009605745e-5
1.6989785314699483e-5
5.0548510860073155e-5
3.5112721135557314e-5
4.0743755227495246e-5
2.6943722171915685e-5
3.4296319880277714e-5
0.00019516458463888286
3.388446193842928e-5
2.868348081275892e-5
4.153982747585748e-5
2.2039656759308538e-5
2.224209504099653e-5
1.3805480256764669e-5
6.7049811068132e-5
1.7424362750548683e-5
1.4027346167608341e-5
0.00011992302436220949
1.9417939961530124e-5
0.00038902550135269437
3.129508124713402e-5
0.00036999412023304385
2.6023828339273873e-5
0.00010475901074610715
4.67551954256271e-5
1.3189275281866418e-5
2.1910765384214983e-5
4.881081528362005e-5
9.514116511576756e-5
0.00010132241402762873
7.240624622710431e-5
0.00010543722166651354
4.673300074310512e-5
0.000160074826076141
8.625563897284228e-5
2.881917271919444e-5
5.24425700968356e-5
1.844427884087042e-5
3.57851609516132e-5
1.8387310210317403e-5
4.739404681377754e-5
5.714221270049409e-5
4.026482697582346e-5
0.0001251097678544658
1.4504297219440928e-5
4.401404402066506e-5
4.845813868484483e-5
3.932832567142235e-5
1.519864058997478e-5
2.809880925063152e-5
5.041640486460471e-5
4.17512312114303e-5
8.129261861630419e-5
4.068838523622747e-5
2.216798803930287e-5
2.7684307774818063e-5
6.757921548251032e-5
3.551491872320322e-5
1.8445684669114003e-5
0.00021867363282557096
2.0863286869826023e-5
0.00022371745744013965
5.290192311847274e-5
7.445270983288523e-5
1.8516736984093615e-5
1.9484234213226787e-5
7.911405202391472e-5
2.2876483832579598e-5
2.0922983273575382e-5
5.159625850566358e-5
3.0443578597695952e-5
5.528044103131597e-5
1.3083355746893193e-5
4.0853937222483605e-5
2.5767936635208577e-5
8.100947520290834e-5
5.142284546856931e-5
4.013864119280822e-5
3.834229121852475e-5
2.4943122605935497e-5
2.4879586776873106e-5
4.0819814100906225e-5
2.9439543549445366e-5
3.966144405651884e-5
5.856175542357988e-5
1.3428704317244581e-5
1.6577910269353702e-5
1.8124757249215994e-5
6.576055067073852e-5
3.304045990541326e-5
7.357839832608367e-5
2.0547318288368235e-5
4.1153455333668296e-5
5.536741399715749e-5
0.00015605385325584737
4.559030469091383e-5
4.223649685438307e-5
3.452435178424503e-5
2.214908443147251e-5
2.3725550942593214e-5
4.9656176555085514e-5
3.771379723129513e-5
7.258174456051475e-5
3.315241905977729e-5
3.8009415057621907e-5
9.491740775188278e-5
1.710001882619901e-5
6.309757470896519e-5
2.5425749773733406e-5
5.3232028037495626e-5
0.00022556755369333245
2.0044316518747115e-5
3.804657675499972e-5
0.0001634344661877602
2.998069499032336e-5
0.00019317938217710659
2.7092847075952697e-5
3.397623161867796e-5
3.314422991208533e-5
3.053079246559454e-5
2.7543559489133978e-5
2.3028646250559895e-5
9.807951791619217e-5
7.445898969921474e-5
7.993925836623747e-5
2.4135919100941563e-5
2.9829782448560156e-5
1.9812924194410027e-5
2.68360443305118e-5
6.842791293819013e-5
3.441269838526176e-5
3.392766724384576e-5
0.0011000825983767456
3.0498126310477707e-5
6.739365346046149e-5
1.5295531102664843e-5
3.803094394704344e-5
5.1420840786107124e-5
1.3516714100421111e-5
0.00010154655525807246
1.7188455708466594e-5
3.9959306849370865e-5
5.040998884137078e-5
1.4086207615738282e-5
0.00012390960705538985
2.149916096471131e-5
0.00018287446707279613
2.3546660796447923e-5
3.362694014774099e-5
2.684643347035437e-5
0.00011682165142055291
1.2772470838411551e-5
3.492825964807277e-5
7.267952344287078e-5
1.4583554585313176e-5
6.273911689016318e-5
1.7692010821811484e-5
8.776301224224765e-5
1.36669032454519e-5
5.889571122333407e-5
1.7260584698700817e-5
3.194420700961737e-5
1.419588028208727e-5
3.055040583999828e-5
8.258560308664536e-5
0.0002722398390376294
4.0797910711233025e-5
8.477792763091443e-5
1.6524751117081296e-5
2.771305663749951e-5
5.2560858562983435e-5
2.9597618807471862e-5
1.7315793635998922e-5
3.416834725558652e-5
0.00015205486098904383
5.918640594910095e-5
5.8817650991864706e-5
3.717110861269044e-5
4.479958673172297e-5
7.518659158065373e-5
5.5989650108943535e-5
0.00022882395059593854
1.1405067955661267e-5
5.040448372599359e-5
4.951407477348523e-5
5.280146924559583e-5
0.00012613125233477474
4.988127587452087e-5
6.659661460518506e-5
3.7383327473212194e-5
2.7197427531859694e-5
2.0347678791525792e-5
0.00027651070954807936
0.0001019383326023715
6.383960420940679e-5
2.977629886287368e-5
1.2369987374481927e-5
2.1475691509650313e-5
5.5818099076795237e-5
3.776774175024081e-5
2.5948075485280142e-5
3.0168619122437613e-5
0.00012284053613771008
3.6434920172500144e-5
0.00014162570519219241
5.447217903722976e-5
4.152868527134847e-5
0.00010130099289740413
0.00012182770206412229
4.003973821349807e-5
1.2512028608009985e-5
0.000264906946253911
1.6066332229084004e-5
9.014832639992944e-5
3.0061234083423356e-5
3.1999632430161324e-5
1.856434585247744e-5
1.3693628315553531e-5
0.00015211034103008902
2.2522205441248064e-5
2.0282219305185868e-5
5.4849277725071676e-5
3.263143460657976e-5
1.577538009888476e-5
2.9118396985699232e-5
5.066216223049229e-5
2.6123666832800682e-5
1.8169116464345887e-5
1.58807520810626e-5
4.3910358084118175e-5
1.0652757783351831e-5
3.408059352903079e-5
2.1968497471773292e-5
4.423123378088667e-5
1.682732658599723e-5
2.9710560587764453e-5
2.414784043167223e-5
1.96897405894833e-5
2.5667146011768865e-5
2.7734286910532386e-5
5.646249292837762e-5
3.766821684792239e-5
6.947981180969182e-5
3.192452525560767e-5
3.570952682198238e-5
7.366925508822305e-5
6.609878517769323e-5
3.468647619000035e-5
5.554415818246001e-5
2.412092974756608e-5
3.1487396427576847e-5
1.6858794155618196e-5
6.267800001932485e-5
2.2636725852725156e-5
1.8260897728249755e-5
2.6553625910570753e-5
7.700895351680759e-5
1.5131178176213698e-5
1.533694844787545e-5
1.9768185433424673e-5
5.342224474917287e-5
6.134999854195021e-5
1.4606797317486096e-5
4.661892034157014e-5
0.0001252859810686312
2.0375464597630415e-5
2.9285472647804353e-5
8.52484846464961e-5
6.356080413269696e-5
1.2513961897078604e-5
1.895896761196698e-5
1.085746829611576e-5
5.796124706801033e-5
2.673993829523209e-5
8.954088284140724e-5
8.277747584572727e-5
7.017836226350452e-5
3.0147099827137623e-5
4.459979939233462e-5
2.2128359152793178e-5
3.516038841701653e-5
1.8480556657846577e-5
1.0251968054359104e-5
8.293588805907073e-5
2.7545575399740355e-5
1.5826791430256218e-5
5.666662374357869e-5
1.7916271745203572e-5
8.592402846277445e-5
1.837078343876944e-5
5.776483533134667e-5
5.015208760026791e-5
7.829395154888765e-5
2.3286974943540186e-5
0.0001808977791938935
9.013827278616399e-5
1.902618469015632e-5
4.570021409002345e-5
1.3425961596818866e-5
1.9777480171274877e-5
