7.080436574870456e-6
6.295019882196969e-6
8.304926935431081e-6
2.4598169979997257e-6
1.382185263372521e-5
3.95723016454514e-6
1.808589711394966e-5
1.9041932542408087e-5
9.183330033113082e-6
1.3870677991381574e-5
1.7579353120789183e-5
1.1972842951024237e-5
2.6152161140700406e-5
1.4455450746341649e-5
1.991802094752325e-6
8.159096294319269e-6
1.1630268854520864e-5
6.3867814534729205e-6
5.216776294640628e-6
7.085700873835051e-6
6.025051576176358e-6
2.7426621294699778e-5
2.391331591728244e-5
5.670465813485269e-6
1.2599337226419096e-5
1.1873858109025326e-5
9.657855346960509e-6
6.687404534612202e-6
8.358424746296922e-6
8.505860582282349e-6
4.339448369710394e-6
6.336664316208553e-6
1.261490633733468e-7
1.0086794635146471e-5
7.6050652907873115e-6
1.6349743350663127e-5
1.7893497503028418e-5
1.5551362597335293e-5
3.305078177801811e-5
2.4933400385848774e-5
8.96668605928177e-6
1.2235172346171223e-5
1.1068414838812337e-5
6.307639816602104e-6
1.7195929013664757e-5
3.8056154598768725e-6
1.1779737489494722e-5
8.517082694788291e-6
6.565105430863311e-6
0.00024709976265012846
2.0401699030508028e-5
4.202299770136107e-6
1.1120045549947103e-5
1.6764451119625526e-5
1.993208377480332e-5
8.318716799208887e-6
2.0553791816422818e-5
1.1948531589261433e-5
9.253819120368438e-6
7.985257175414977e-6
2.99525480999114e-6
6.826002824420492e-6
4.2472127668163785e-6
5.233879015163638e-6
1.1486827259896964e-5
5.366274458058218e-6
1.8687381013730937e-5
1.0366515617196724e-5
1.7219402375556403e-5
2.1618619718123777e-6
2.7236230413420885e-5
2.718239789595334e-5
1.936157855717096e-6
9.639683577101559e-6
1.1788135536695871e-5
2.6232972190208446e-5
1.0221918984830563e-5
7.962174910132701e-6
4.320144820381829e-6
2.958251347136049e-6
1.0876203099647201e-5
6.143167921811939e-6
3.604618086499727e-7
5.8299549516500536e-6
1.1508858971645803e-5
2.0810165009842787e-5
1.758284868581565e-5
7.768534328545364e-6
8.471691889576997e-6
6.92746511779952e-6
2.5440897509171255e-5
9.331050797361331e-7
8.68697080915258e-6
3.6695584496517473e-6
1.3477731251458106e-6
5.065219960362382e-6
8.162894771534896e-6
1.0128369649625027e-5
5.449206459775999e-6
2.3115788776818158e-5
2.7615942170535755e-5
1.773865845364848e-5
4.781644620026778e-6
1.3140540858977669e-5
1.028105406687589e-5
5.771107855879502e-5
9.044684413961311e-6
9.829345302819157e-5
6.513570422771991e-6
2.9837835445601923e-5
4.8003459698827494e-5
1.4457586533445298e-5
9.37454694422471e-6
1.0017793337593138e-5
7.153632727547045e-7
4.703619773968166e-6
1.671550165744811e-5
1.3273216193848425e-5
5.2356655277332854e-6
1.1554215000278938e-5
7.207415295878972e-6
6.576159428720728e-6
1.341085991427597e-6
1.6964851267794278e-5
8.116611224387613e-6
1.0381537790524532e-5
1.4727426119814381e-5
8.276643748488926e-6
1.1288282595371561e-6
7.114705054172948e-6
3.1749465842987514e-5
1.5300613167629815e-5
2.109335986089903e-5
1.0532260113265325e-5
6.1360623425387455e-6
2.1828310485909584e-5
8.184950626548123e-6
2.8132629652321595e-6
6.87779650665578e-6
2.021485098375918e-5
6.947232765229193e-6
2.0129134669577444e-5
8.283917013658917e-5
1.817525461353241e-6
1.2863514025867808e-5
7.321961968437331e-6
1.0758891708954903e-5
9.40469028586355e-6
1.4831162725860379e-5
5.285887784924154e-6
2.8475139241158762e-5
1.0855983145301486e-5
1.787486069033911e-5
1.0722787228756163e-5
2.517067981291334e-6
5.829773595017386e-6
3.5910141417753186e-5
1.0796286033287526e-5
2.5308616826239854e-6
6.231241344078858e-6
8.026408860311991e-6
3.0690741851901814e-5
1.0868653649879147e-5
2.3977493326749505e-7
6.5152244777364075e-6
8.776830771332531e-6
8.461023965603608e-6
2.0557381822895367e-5
7.450205213268382e-6
1.6278451901878106e-5
1.436525751320587e-5
2.601210276155556e-5
2.648634604544199e-5
1.1208219211847129e-5
4.947870906867398e-5
8.466192075678896e-6
3.181841871045148e-5
7.979930112109068e-6
5.794070801031489e-6
9.863565609027774e-6
7.807679107460394e-5
4.0863628762994236e-6
1.6696895519949158e-5
5.2875519853784744e-6
1.4493496997030964e-5
1.487767824809874e-6
9.861489554403049e-6
1.2810242663177903e-5
1.2314667816550531e-5
6.982286830331504e-6
3.0532231527977595e-5
1.807092681567118e-5
8.455470652702586e-6
4.239504818072603e-6
2.0231607241429466e-5
2.5379947698215344e-6
2.1933423907668342e-6
6.865855077114581e-6
9.27104947889281e-6
1.265804457977142e-5
2.945855389974519e-6
2.072973037350221e-6
7.4160494166395416e-6
1.0118933627632102e-5
6.016710410586772e-6
1.9388880227861395e-6
1.1376939906155199e-7
5.511355433749003e-6
1.12054917914776e-5
3.777933526213648e-5
6.574437960408131e-6
7.419532525037301e-6
1.0291911414240086e-5
1.4075820793542186e-5
5.531096725926736e-6
8.158971184283193e-6
7.96846482028528e-6
1.629176774689549e-5
1.5567147621876134e-6
6.838420592962998e-6
7.135235330069514e-6
2.044557380583907e-5
1.9350698998557318e-5
4.6768328729892325e-6
6.641830723898962e-6
1.1886855447841286e-5
1.1826016778786199e-5
2.2106467172792972e-5
4.05200877512382e-5
4.947480502982508e-6
2.5928023659887556e-5
5.828875261014579e-6
1.1720520963169305e-5
2.1710711255891376e-5
4.854444799702698e-5
1.994364469354399e-5
3.605540660630908e-5
1.0386171412679486e-5
9.649976260713021e-7
1.3358741795159267e-5
6.758720289600412e-6
1.4941111147974355e-6
1.3468329404794554e-5
9.62827967467029e-6
4.364382033764207e-6
2.7530956619478472e-5
5.799287952748193e-6
8.889402410555821e-6
1.2213770135108717e-5
2.690721014853992e-6
1.0045803724701736e-5
4.733618740501075e-5
8.926540534368005e-6
2.593604248384306e-5
1.0355752141379716e-5
5.741588781130375e-6
0.00014598220162749664
1.965833832902846e-5
7.0029137105855084e-6
1.3175848051951919e-5
9.98369890270743e-6
5.120884257822243e-5
1.9113905613287975e-5
1.0543323216787198e-5
1.932326625452717e-6
6.024413371790106e-6
3.485031341494517e-5
7.915655169694448e-6
2.6420232206273298e-5
7.0135355691974235e-6
5.2393102446428475e-6
1.076629351877699e-5
1.0320680733439957e-5
7.871552806501133e-6
7.879166369160805e-7
2.770721898393233e-6
1.0803053023595754e-5
0.00010024835370470189
1.1169039480700397e-5
1.9615415882580357e-6
8.764446597291935e-6
1.2652119509528747e-5
1.1098176561892742e-5
4.538111497624403e-6
9.778147958440108e-6
2.455906699735162e-5
1.5099229550979727e-5
2.4607927337739497e-6
1.252188956109618e-6
6.560402709669118e-6
1.7536043568073248e-5
3.969530738083702e-5
1.7114428621698745e-6
1.1066836213408713e-5
2.6611162371257908e-5
3.6322715061556335e-5
4.4995637035839126e-6
9.67385208482291e-6
6.754187705472122e-6
2.4468992871589575e-5
1.0414359387809635e-5
8.830199767205247e-6
1.3164688432857746e-5
1.284083414772799e-5
5.629386172857953e-6
7.532125801845237e-6
4.093089512476008e-6
5.73466700733477e-6
1.4425021616709103e-5
1.878940772667298e-5
3.670732048113574e-5
6.543026211581096e-5
1.9988027097839905e-5
2.399282057435606e-5
2.387390247876795e-6
1.3174613633110699e-5
0.00011761338669919247
1.1812245904782424e-5
2.2265045139405944e-5
3.8950631263396454e-6
7.986938204566567e-6
1.2896098913388253e-5
7.85275141542443e-6
0.00017703518108244155
9.874427808816198e-6
8.613132186095864e-6
2.5233130915379327e-5
1.0753891317083568e-5
9.919066563555998e-5
6.07624508468499e-6
2.0067793716093083e-6
3.96552769930341e-5
4.954020075521351e-6
6.783443538036731e-6
7.989981059019642e-6
7.80982747670719e-6
6.679484306972114e-6
4.419935163914829e-6
2.1456731525083397e-6
2.9916527733493088e-5
3.392618420742792e-6
1.6972685001698074e-5
3.313492112670295e-6
1.127920061807188e-5
1.4358129339616237e-5
3.076693222552189e-5
1.879433039340786e-5
2.3641795064724645e-5
8.078363956604671e-6
2.4870503821162532e-6
9.196806321179106e-6
1.2478147190201272e-5
1.2688888570617293e-5
1.5861669340886556e-5
4.778957713009217e-6
1.0763524761286181e-5
1.589336307933404e-5
1.1285917248880074e-5
3.43645209832937e-6
4.5897945508656725e-5
7.791982455570443e-6
1.1602571569282252e-5
3.914182059812474e-6
6.556207523439358e-5
1.089922446668904e-5
4.053024265294438e-6
4.209075524057525e-6
2.4660219592276493e-6
2.2004173648170416e-5
1.4620461888172599e-5
1.4246804390064725e-5
0.00012276337190659682
1.8243257631405228e-5
6.421452024558914e-6
1.5980196591477092e-5
3.226036763424103e-6
2.6296693182219714e-5
1.4382974082601091e-5
3.5059930239661726e-5
2.479023297148012e-5
2.9094920372790665e-6
4.044925044803802e-5
8.683936458970397e-7
1.1790838683060179e-5
2.010994259881892e-5
2.09311087402401e-6
2.828423611666762e-5
8.39874342053638e-5
8.123066163564995e-6
1.1818143516694015e-5
7.985151266806457e-5
3.972957092448287e-6
1.804537859103366e-5
8.196913603775264e-6
4.8177845173506576e-6
2.1162801337265212e-5
2.4930858274520367e-5
2.143527445919247e-5
3.8030793554233075e-6
1.4542002781659562e-5
1.8011640572942425e-5
2.334384227640113e-5
6.6953352219865035e-6
1.3945643179815969e-5
1.7237926477227982e-5
5.1504522506858505e-6
9.497527742369805e-6
1.038988086554146e-5
1.2883512632676627e-5
1.1390909951768738e-5
3.232033333215029e-6
5.86691028307073e-6
8.67528083185548e-6
1.0908651116997178e-5
7.367402033826708e-6
2.741272794087226e-7
1.3155188159598134e-5
5.482570796040422e-7
1.589788421532528e-5
1.2600412975593313e-5
1.3907991515520898e-5
1.3991544743075874e-5
1.1127094501730845e-5
3.1264293456319144e-6
3.0559083544752554e-5
1.0674781803790038e-6
3.9784051335781834e-5
2.4807804184014568e-5
2.6880666321437476e-5
4.7280637637687126e-7
1.0612510578765559e-5
1.7864552626268874e-5
7.2132419485593305e-6
1.0468365637932553e-5
2.4009251115576487e-6
9.54165229790824e-6
6.6984244156265395e-6
8.773997180498523e-6
2.4579816169189602e-5
1.4058963770364383e-5
1.0258802850664895e-5
1.1429324175663957e-5
9.045165623566842e-6
5.326419140930093e-6
8.13005597225622e-6
2.7497459068502312e-5
4.4083367376787414e-6
2.0456625833313333e-5
4.0897476951123215e-6
1.8039092084612215e-5
6.064427798712305e-5
5.8350324930472865e-6
2.9733943189606774e-6
4.527614653164333e-6
9.47752635919206e-6
1.245560651018138e-6
1.2403801728967672e-5
1.0458244710495906e-5
2.9866686843485456e-6
9.195212067077795e-6
2.1838954211311003e-5
1.1659023576164988e-5
1.0502717336924367e-5
7.021995448872569e-5
7.643735028260318e-6
4.155292320020052e-6
9.701321470620522e-6
7.733840675576956e-6
1.6547821882048803e-5
0.000409785258655385
1.2401971005747567e-5
8.583557522961709e-6
1.6054989718318644e-6
2.758623642798124e-5
1.3966400557030517e-5
1.0201528452235973e-5
1.4068277600467451e-5
6.021554563266762e-6
1.2767984485649505e-5
2.0379697980573627e-5
1.1661621993736361e-5
1.731918459469635e-5
5.013473020733668e-6
0.00015088911137228588
4.7887278791976535e-5
7.836163066634744e-6
1.7619103305728547e-5
2.4130916306603897e-5
8.664053502292373e-6
6.908341821265572e-6
4.465584315561548e-5
1.6799520639631413e-5
7.198871967064795e-6
5.066660357410077e-5
0.00014639684797873652
1.4152907154789295e-6
1.6365547941626652e-5
4.996841717837768e-6
1.6277629819617134e-5
2.7939284963928527e-5
1.4020455054777122e-5
1.527797727168523e-6
2.3397565239511036e-5
5.118893950094026e-6
3.7488119904680464e-6
3.366911345851482e-5
2.0832803283250914e-5
3.9384478781865256e-5
3.468534384058063e-6
1.563786238354151e-5
8.987134833492382e-6
6.841934476472227e-6
5.680154109696499e-6
7.9629116682326e-6
6.602792064763521e-6
1.0441990363652856e-5
1.980839814686598e-6
1.654663353702662e-5
5.821996862841178e-6
1.628956837150462e-5
5.086181759653832e-5
4.675019577445728e-6
3.622938455950132e-6
9.816946447582701e-5
1.5170109115380635e-5
1.5281133025396508e-6
1.0889820977124741e-5
4.497131118218956e-6
8.33451366224391e-6
3.6129947544329016e-5
7.707410648098524e-8
9.248054070120147e-6
1.5567141076633985e-5
6.20435276097976e-7
5.401784725338229e-6
1.063023544960215e-5
1.459837617570336e-5
1.3048781270529395e-6
5.8185270628632185e-6
5.9891640879147196e-5
8.578886330809499e-6
5.0488881421138595e-6
5.262469486146446e-6
4.6373531732302855e-6
2.9966668506102333e-6
4.373050627857741e-6
3.3686207830939393e-6
1.807002523203687e-6
9.260898720492279e-6
1.2888258496003192e-5
4.374536087881915e-6
2.7817292399190057e-5
5.651511038751726e-6
1.6820376003305546e-5
2.7457044498939565e-7
4.961967924745291e-6
1.0600719526871622e-5
3.617523141075701e-5
6.909296303868234e-6
6.511467539401588e-6
3.8012792860955787e-6
2.9693188222882144e-5
9.54962382789928e-6
1.3722382235547254e-5
2.1854656184802774e-5
1.0712692869026849e-5
6.6037993451377325e-6
4.7730741807932786e-6
2.3690747869102098e-5
1.8369020942891488e-5
1.737538302259144e-5
1.0442421412851944e-5
1.9398082075386027e-6
1.919889566786204e-5
1.3879892907102178e-5
1.3143716676934006e-5
9.9232879927932e-6
4.79412997215613e-5
1.3935316423278393e-6
1.6851506953399173e-5
9.999620542333491e-5
9.857716260098317e-6
4.244899812546932e-6
1.441947301969048e-5
8.648663686596426e-6
3.0563978654080706e-5
4.0557921851930926e-7
2.955790031554944e-5
0.00011236640186047328
5.542637202972884e-5
8.163709435929514e-6
1.8263094383951573e-5
5.298135052911539e-6
1.0527020633888718e-5
2.6384644583321577e-5
1.7560897750305784e-5
2.1773312517272982e-5
2.8101725225868458e-5
5.965602702591954e-6
6.087129127382942e-6
1.8154397865223e-5
1.6328418998078305e-6
4.821522451528894e-6
7.4789718781079244e-6
8.061193731954362e-6
1.1934543305297203e-5
7.180788817088867e-6
8.96140527913912e-6
5.7895855390402076e-6
4.1769260766290184e-6
1.1582469362464976e-5
2.198454224136415e-6
1.1229240142055649e-5
1.2446047715832408e-5
2.114191052490747e-5
4.8912000197541745e-6
6.4452143252665756e-6
1.0440849639195493e-5
1.8626860600416147e-5
2.5354405929184883e-5
4.9870976046191646e-5
9.936741731106696e-7
2.5999903424692164e-6
2.4365949357637794e-6
1.4762205408028159e-5
2.7959572166491877e-5
9.275186565720169e-6
1.1735507747583885e-5
3.4375863764243536e-5
2.218143533506668e-5
3.532795618153702e-5
1.2468956753841047e-5
1.2078744647589726e-5
4.3866732889070697e-5
1.2518766655868865e-5
6.396975736468512e-6
2.8939627656962298e-5
3.399420703596003e-5
3.97150383391956e-5
3.934936166802402e-5
1.2715356150516393e-5
7.68370821555213e-6
3.5768186718316746e-5
6.448895505549669e-6
7.872503037489639e-6
3.3951554056424215e-5
1.4568926898936511e-6
1.0902596609054515e-5
6.673164825125495e-6
3.182542763470875e-6
6.293542581999376e-6
9.931006492410557e-6
6.470608546035705e-5
1.0271180560259402e-5
6.821026764038154e-6
1.1222109403980377e-5
8.03342205616774e-6
7.9249743108983e-6
7.653989773176673e-6
1.8374484036446362e-5
1.9609162712409496e-5
1.1694723303648385e-5
7.910522797240849e-6
4.75358282588634e-6
1.1215213846457884e-5
1.769453940742929e-5
8.725739466822351e-6
5.495224783298758e-6
1.122868135802996e-5
1.406780429308573e-5
1.1966035621036255e-6
7.24759094617044e-6
8.261708492582305e-6
1.8249788900087174e-5
6.521011440497298e-6
1.0331477848197858e-5
4.998624301011558e-5
8.678219865313932e-6
4.927754084308809e-5
4.405674850905494e-5
1.7221676849994373e-5
4.658420176470634e-6
1.6094833978047658e-6
2.612295138751606e-6
1.068774277720424e-5
3.6299722492633726e-5
3.3827285692185053e-6
3.868460512987124e-6
6.502661574741986e-5
1.0338956816070605e-5
9.093665095125886e-6
5.08697341590729e-6
5.7733119437304415e-6
6.364085767344031e-6
2.710050593200885e-6
1.1300609314813137e-5
1.1298166464104997e-5
2.4164084487379374e-5
3.1475537353154844e-5
7.93029755003869e-6
1.6410211752823128e-5
4.4736771252258935e-6
9.033504635076534e-6
1.7548122168737463e-5
2.2957822825829587e-5
8.787326261138517e-6
6.032255877838102e-6
1.098870293145662e-5
2.362556758027955e-6
4.185369051770796e-5
1.1521449994059642e-5
8.009598487218396e-6
9.315850934790412e-6
3.0455394749480237e-5
7.982540873785512e-6
5.966078393328453e-6
1.3523203276538878e-7
1.5895483121149552e-6
5.419100229582066e-6
1.3140561486422259e-5
2.981909761491045e-5
1.2402795816013532e-5
2.5964702884898326e-5
9.928636794957397e-6
1.4657621868074429e-5
1.2300024057768499e-5
1.2311461516974375e-5
2.2161524177552763e-5
4.6986775384031925e-5
3.469658807498182e-5
3.918355727832666e-5
3.675461479886718e-5
1.8188081697004135e-5
3.239724094916105e-5
8.218702550922424e-7
1.645020292814823e-5
5.2144068825760635e-6
1.2847082921434117e-5
9.910374683749992e-6
1.0053069952706706e-5
1.211669444689787e-5
1.033279306085599e-5
2.1710782429029286e-5
1.9601043106886508e-6
3.323045131334341e-5
1.0096480120847748e-5
7.0385668557710155e-6
2.18154861518412e-5
1.0171314718202257e-5
2.5902242956382803e-6
2.002626053823086e-5
0.00011686702666429683
2.030313619146127e-5
4.660072313988143e-5
1.1853413501934631e-5
7.214853496213651e-5
8.325465137259908e-6
5.9691674549926456e-5
5.4241742509488625e-6
1.2813216765082028e-5
1.3875688559537846e-5
3.267478922838913e-6
4.324837435975183e-6
1.1444350998140984e-5
1.7580984568399893e-5
1.7270780546422024e-5
8.260960248975362e-6
1.8343970145967782e-5
1.052637022372293e-5
3.69060530278069e-5
1.8354827092066118e-5
4.169411951290282e-5
0.0018855728763108076
7.529271478339105e-6
2.754553658833626e-6
1.9590728120297068e-5
8.083441891308057e-6
0.0001175633068816665
1.2030310682605109e-5
8.712492857451559e-6
1.4175332046069275e-5
1.2348147604364769e-5
4.6987333260496204e-6
3.660571633835467e-5
1.079553128981834e-5
2.3680195682690035e-6
3.0273313254746425e-5
1.7304215559285695e-5
5.937007798423943e-5
4.531651470301235e-7
7.667155615364217e-6
8.066603794670275e-6
1.5570471155649575e-5
1.7986826063473782e-6
1.692858934535857e-5
5.976416380323966e-6
5.644124000803919e-6
2.130795572508416e-5
3.7069124100071996e-5
1.2447143934275126e-5
1.900683166834351e-6
1.145626694311815e-5
5.216046397005847e-5
9.739016914759321e-6
7.124493517281581e-6
7.750310304217668e-6
1.0623523332643623e-5
2.119710638592605e-5
6.077912430077299e-6
3.492630577009822e-7
4.5142726159753506e-5
7.331311821232072e-6
1.9810927297016586e-5
2.915129831953943e-5
2.5056398147905435e-5
5.908527388879233e-6
9.861270943636446e-6
5.705577982214862e-6
2.2182402901531618e-5
7.830606672233195e-6
5.77491911967855e-6
1.4564906320330324e-5
1.1035038294555563e-5
1.432478485621583e-5
4.556994199918717e-5
9.455594608348514e-6
2.42909248585361e-5
2.7542603720984852e-6
1.2295909317857538e-5
9.133184322421649e-6
4.6493145885421904e-5
3.5995456759819774e-6
7.970766772321132e-6
2.6850702813555226e-5
7.980213910088534e-6
1.034224759087978e-5
1.381796132298573e-5
1.8961217863775234e-7
1.5062143994847566e-6
1.705954791589787e-5
8.502322644698972e-6
1.139707738123575e-5
7.643602323585576e-6
1.5991051145393652e-5
1.4722024391113496e-6
2.785060814406682e-6
1.263135845578819e-6
1.0890362144498347e-5
9.070926421434911e-8
1.1704896609060854e-5
1.4514699198692209e-5
7.915008618841095e-6
1.3250377217404471e-6
8.827852938463668e-6
6.5919926594727e-5
2.3928011884268477e-6
2.81615289724436e-7
7.23602156727245e-6
2.5165399595864756e-6
9.071056251796271e-6
3.017060985162378e-5
9.63285328269556e-6
1.125980063770933e-6
1.465260207456711e-5
2.8488855850821517e-6
1.5219244812134765e-5
9.159253653300017e-6
1.4067333126995758e-5
1.0876641942959673e-5
1.5958369931000528e-5
6.419233991367397e-5
4.283709270098459e-6
7.282442989296313e-6
6.489689425250338e-6
1.84081338221538e-5
1.430566596403485e-5
4.500888361001874e-6
3.553817677789893e-5
7.979009609395656e-6
1.6927985165342997e-5
3.360534744623337e-5
2.8616847642556014e-6
1.719082902270295e-6
6.691740987700855e-6
4.054957064488423e-6
5.167773117415942e-7
6.140234045867939e-5
1.8980234659670396e-5
2.6999662067964888e-5
5.688931325071042e-6
2.622536927151623e-6
3.6920416692478933e-6
1.6056483164175973e-7
9.45197373077313e-6
1.5673277418038246e-5
1.1001221768932101e-5
8.012024406053993e-6
1.1818941473756209e-5
3.2219669906694264e-6
2.635517412380789e-5
6.126104267708618e-6
5.781590001309637e-6
1.2975207064060004e-5
6.910223928076318e-7
2.2226609830054802e-6
5.539767440671663e-6
3.131398406025788e-6
1.8219649772911935e-5
1.3478899855166084e-6
8.025070266938139e-6
6.458323263109452e-6
1.3780750002377161e-5
3.432008846738811e-5
0.0001290054544410669
2.7628249831794403e-5
9.060498798724385e-6
7.950914862387844e-6
2.0080543003136817e-5
2.4210752013355493e-6
2.5746711445670797e-6
2.7685466842264035e-5
4.824653085353728e-6
5.65538513942776e-6
1.1753984853316213e-5
4.901680094392068e-6
0.005445071162204527
1.1098154041071014e-5
2.089515861602718e-5
3.5810924671158544e-6
1.0995753409767293e-5
2.165595788917746e-5
3.6679300288423414e-6
2.1877807547906228e-5
2.430982207324183e-5
2.7663146823169954e-5
1.781442551338638e-5
1.5170395865100766e-5
8.789775138498441e-7
1.070808136435524e-5
1.1901258791938337e-5
1.586118358992697e-5
8.823468226173865e-6
7.156445727905205e-6
4.829044579760609e-6
2.6023804375326263e-5
3.0783928930016445e-5
8.659161788130102e-6
9.361042217554772e-6
1.5579824365672685e-6
9.606475691855952e-6
3.0623640922981965e-5
4.650527385830324e-6
1.2780456323681898e-5
7.849828378728924e-6
1.303107760104579e-5
2.063155212983502e-6
2.131658288867327e-6
5.455454877062723e-5
2.2066863343765227e-5
5.733913905074294e-6
9.1719938012437e-6
7.637864867127691e-6
2.5280923294624002e-5
4.779932016813633e-5
2.859777242574553e-5
3.5401274068810834e-5
1.5852909194240606e-5
1.9219413572110925e-5
3.155465536322273e-5
1.9551328610491563e-5
5.844221061440615e-7
1.2464895640381375e-5
1.7158567707288972e-5
1.703251090144778e-5
3.0434379769088305e-5
2.2993829423369418e-6
4.71801391978494e-6
6.569482991824798e-6
7.633884189706435e-6
0.0001990154408822783
1.7560190500862163e-5
1.4093296729782123e-7
5.138268561782994e-6
0.00022043091514477032
1.1218695693160432e-5
8.99203331156832e-6
1.068584951757559e-5
4.5469488542313095e-6
2.5800689786213344e-5
5.165134466506793e-6
3.94530659222851e-6
1.347193363189494e-5
8.483183401370268e-6
6.739862176946053e-6
1.740643198019788e-5
7.203920277329031e-6
6.849867476755828e-6
1.6355011602859964e-5
2.6421521776694867e-6
1.335212400268212e-5
