2.59722772765817e-16
1.4439561935848556e-14
4.2778718416264713e-16
2.7223579469134114e-16
1.0733461570314809e-16
2.932994836365711e-16
7.109877671103789e-15
6.551474796324196e-17
8.62849509117629e-15
2.3116965870744337e-14
1.2091594881683182e-16
7.800141876908516e-12
5.26638305651879e-16
3.9333124652211895e-16
5.3146446444335604e-17
2.336933680877831e-16
2.0998688863516668e-15
2.0858131400966142e-16
2.8094509990160823e-15
3.401828488714317e-16
2.1427237892788556e-15
3.23490851552815e-14
2.3403277855714286e-14
5.003704344987589e-15
1.1361074712468326e-15
1.501092877049363e-13
2.7059681770979125e-15
1.6374365742342053e-14
4.7391938454641264e-17
1.646139231658269e-15
1.465071888830532e-16
5.39894189713248e-15
1.2181507115351384e-13
3.7956265901650977e-16
1.990665277698023e-15
3.896014864485929e-15
4.0912286216222983e-16
1.0622082602702575e-15
1.420588213563497e-14
6.801666984841282e-14
2.5222716024162447e-13
2.7585272980714455e-16
2.971288602862636e-15
1.6561525249487762e-13
2.2176970635990527e-15
1.829487314089669e-12
7.064186263578379e-15
4.461247535559836e-13
8.72137601189814e-17
1.1700635402586357e-16
2.9556630294464266e-15
8.449477228987258e-14
2.1784657819979477e-12
2.509447107823039e-13
7.342818165445576e-17
1.9289014983741494e-14
1.0425617820182938e-14
2.1514002928350148e-16
1.654989326582239e-15
7.663816423242415e-17
3.847033062452132e-15
6.884241635458446e-14
1.4425048232128737e-16
1.0598533226006586e-16
2.402566628040872e-15
2.7081549626588594e-16
6.940158150840391e-14
1.6162780344755746e-16
2.000905667236597e-12
1.0201536024374396e-14
2.138161796198924e-16
7.0932002912247374e-15
1.126518788258204e-14
9.805839136903066e-15
3.621520975468765e-17
3.8118107456039875e-16
3.3513260080624115e-16
1.5208484182258569e-15
1.8565546947588647e-15
1.2373528929532732e-14
2.6739879159439945e-13
6.354359083966181e-13
2.044671013816228e-13
1.3082591904432355e-14
1.587898360442958e-12
2.0155977707200796e-16
9.93002443088527e-16
2.4825755507499795e-16
2.903924512911817e-12
6.066034882274141e-15
6.311170844791538e-13
2.813228271770629e-16
3.6676377588011304e-15
8.554380628444198e-15
2.5613025544005317e-16
1.2640961771682484e-15
5.842147557462003e-15
3.6544866066961264e-15
8.22947656462923e-16
1.9350013774772603e-16
1.5570466383803443e-15
2.228360742866939e-14
2.165592315928872e-13
5.854732002403027e-13
5.458171940227403e-16
1.5253973408358025e-15
7.693917665524501e-12
3.3972803956959443e-15
7.599192966684895e-15
1.2689925253967942e-14
6.899473363027322e-17
3.3818346591561337e-16
4.936582291811646e-15
3.2802190917590793e-16
7.30274741334307e-17
7.408617649536816e-16
1.8664492277130456e-16
1.2257051922520147e-16
1.6216121323889967e-16
1.585475838436194e-15
7.172963783593472e-16
1.5823750467738071e-12
8.893865987907251e-14
1.7682705284691106e-13
2.8360430436263764e-16
5.502800885806314e-16
1.7598124513174338e-15
6.917935922241488e-16
2.2355413894480275e-15
7.451407516743297e-17
1.2471222647009878e-12
5.350469238977151e-16
7.144350622685352e-14
2.5395317189578238e-15
1.09258672118066e-14
3.158697615721806e-16
3.9584224339882257e-16
2.553431128181578e-16
1.8746580122518592e-16
3.391685756501873e-16
5.298935793053116e-16
2.415031404280225e-16
1.139006737618641e-14
1.616726012916937e-16
6.341875652757638e-17
4.221876285483842e-15
1.3040433256896258e-16
2.479879812292671e-16
4.700902602481655e-15
3.669529830595806e-13
9.759735182148964e-17
4.645625912350107e-15
1.3644809848008705e-15
1.147918054375288e-12
7.489083083773857e-16
3.0449981286540167e-15
2.0130418851706485e-15
2.646927233206281e-15
9.675409331524615e-16
4.975540917536821e-16
7.463901976717727e-15
8.599655007284474e-16
1.3702101416680559e-15
4.162317383020758e-11
9.575108502059383e-16
2.8835665144753085e-16
2.171349860057156e-15
1.785584129526418e-15
4.1274744197977475e-16
8.673800227791585e-15
4.824795912153559e-15
1.9110332103151574e-16
1.5975638415459558e-14
1.7159739645286627e-15
7.89440817108194e-15
6.350380888207197e-16
5.700374181996883e-16
7.181201746267263e-16
4.706437275511127e-12
5.707400635019765e-17
5.8094953967073e-17
3.867787524199158e-17
5.248766386593645e-16
6.316768950854179e-15
3.517699957558991e-15
3.136064690286494e-13
2.9151317517712387e-16
1.1420456313280654e-15
1.5524214122246018e-15
7.24545229380887e-13
1.8710347233602716e-16
1.8375690570292218e-15
2.042042055694322e-16
2.852086711231614e-15
2.706804708155648e-13
6.220547789561788e-17
1.0180606125420453e-14
5.927579401317451e-15
3.7072174106248964e-12
1.281202866768504e-16
2.0513600948662044e-12
2.6391349715141064e-16
1.0707390672638535e-16
5.115451452003948e-14
2.2122202191504355e-16
2.6125102712112383e-16
3.630410852547901e-16
1.996173836373402e-16
1.3589471170122589e-13
3.352723556949403e-13
4.530553248792936e-14
6.141236814975398e-16
6.286844548344828e-13
4.429866145287876e-16
1.2503577789016071e-15
3.8866485411414735e-15
2.3697095825868107e-15
1.7453116075540306e-11
7.949537654212053e-16
2.6016464018056128e-14
1.208154566443199e-13
1.9183439766354905e-14
8.711712628397695e-17
2.630606868270264e-16
1.441538410035083e-16
2.892579311699998e-16
2.035447445601435e-13
2.27156171823857e-14
3.857820247594657e-12
2.132008231576938e-14
1.4743429545176915e-14
4.051852553037281e-17
5.501454280655399e-11
5.649516633503003e-12
1.1299911440885263e-10
2.044587549842378e-14
1.8469383380017392e-16
1.7155854235462456e-16
3.609854428806659e-17
1.870311774878636e-13
5.969585545768344e-16
5.565307955151787e-16
3.4389841263373694e-16
9.527530239642625e-8
3.192409212104332e-14
1.8776453106930684e-14
6.417897460464821e-15
4.779738112595436e-15
2.4969555831782433e-16
2.3100517426992394e-16
1.5317318034773147e-16
1.1270746706898418e-14
3.156889152625615e-14
3.735408026467384e-15
1.2611181151419936e-15
1.0301612940907982e-16
9.545508661518458e-15
3.8125120262500514e-14
6.444459450059645e-17
1.226235272184778e-16
4.456287489871113e-13
1.4307402862076295e-13
8.507783862037833e-14
1.0381477017520102e-14
3.8635215487579164e-14
9.35237875391166e-14
7.628884230111647e-16
1.7151923071491214e-16
2.5610737200695107e-14
1.0940108754114052e-15
2.7394040033105396e-15
8.221170976158998e-16
8.889347370762323e-15
5.998280765596649e-16
1.3417739588445606e-14
2.1532068772222187e-15
2.0924271579666283e-15
1.8148417095969696e-15
2.7841650599680035e-15
9.104407385214222e-16
6.2975440589346e-16
1.3939664414207366e-13
3.4740853259877685e-16
1.7257116168681772e-16
4.168254846675863e-16
2.1768524974144723e-15
1.5281761050071662e-15
2.4023276190370664e-15
3.5954885167336016e-16
1.3588178858623039e-15
2.6249320551622496e-15
1.2737574775658842e-15
1.1279755489779379e-15
2.2874523098995003e-13
4.572804215554051e-14
2.5947362225064826e-16
1.8938547345475145e-12
4.277281905713289e-16
1.9820877492270794e-11
1.4590384007840043e-15
3.5893820375961705e-16
6.897647440846878e-16
3.871401262161971e-14
1.7372514348657354e-15
2.2637385233176877e-16
1.0569274647781296e-15
3.260649347413835e-16
2.508644877360556e-16
5.106900015633509e-15
5.435064956885954e-13
2.712996745293453e-16
1.2615594894934448e-15
1.0332975653344929e-15
1.594955441624953e-16
3.8991348430387765e-12
7.219702856638815e-17
7.091933925776031e-15
5.823047753451836e-13
3.4755826588266367e-15
5.045007095661501e-16
2.395398332752985e-14
8.520183245468084e-14
3.1328213696724697e-16
5.426612261014886e-17
8.532031370826637e-14
8.849109595970096e-17
1.0937266342136717e-12
4.338759643137289e-15
7.311251607201902e-17
3.9644664830461416e-10
1.3630636993850342e-14
4.88822517230084e-16
8.336206884074694e-16
7.37577948072152e-15
1.2377311367648784e-14
2.5757922831701255e-15
3.553113550081633e-14
4.0117587245610925e-16
4.717559734604939e-14
3.039831711254948e-17
6.680178564045428e-11
8.955305132977549e-13
2.8029295401653236e-16
1.0085577355057975e-15
2.259787532808166e-16
3.5157196478049665e-15
1.1494456525282098e-15
3.7501042623111686e-16
1.8358567983475585e-12
1.3934222756009645e-11
7.4453525245576e-17
1.2608085274411379e-16
5.770624696637275e-17
1.589443623284048e-14
9.602047862252116e-17
3.970997271858201e-15
1.2794627050613098e-16
1.2218462020248467e-14
1.3657995229381663e-13
5.025063464932148e-15
1.3503927332270536e-14
3.537234716896729e-14
5.231280830718357e-15
5.016933698726453e-16
3.7556365749526074e-16
1.5138187858543508e-14
7.735849895619272e-15
3.4024684861954474e-12
3.1284420318648822e-15
4.1072585928775696e-15
4.662912649732149e-16
2.584622290689257e-16
2.57953538257993e-16
1.2183975844222408e-12
1.3906393993821828e-14
2.3174581282385243e-16
5.866475903824866e-12
5.6363273487636e-16
2.0449975857708646e-15
4.648232651671737e-15
1.9543085552258145e-14
9.197309807952123e-16
5.430417895793646e-17
6.414117329572552e-17
1.2417703669606802e-15
3.2152490899597886e-16
1.3347888700886105e-15
2.3507165611381297e-16
3.905151143617123e-14
5.178451685537062e-16
6.250147059444265e-16
2.0670898322922514e-15
1.9040816795906044e-14
8.673944095595051e-16
2.9229997404122594e-16
1.6841790503075067e-12
1.934718746483751e-13
2.8708838425038105e-13
1.9814777067877026e-14
1.516611910915337e-14
1.1861426604384238e-14
1.9541389647166203e-15
5.1602805844484045e-14
1.4451508892935668e-13
2.6457211158356748e-14
2.6142000263641955e-15
2.1055427491671129e-16
1.7085471177369815e-16
1.7437913180260758e-13
7.240036317942249e-16
1.8427353368456e-16
2.0696397630936162e-16
4.9976969945914594e-14
5.815428781015348e-17
1.1759560147870066e-15
4.768796667896951e-16
8.172823530494016e-15
2.8848070416035033e-16
2.0592361352942295e-16
2.5709022810163483e-15
1.0831732324800139e-16
8.894642273489845e-14
7.032290047348763e-16
1.6317813770854548e-15
2.2901341294658635e-13
1.9617776443835385e-15
3.9470961181845105e-15
8.276809605051724e-14
1.714691473831618e-15
1.3266766940421855e-13
8.387689452114828e-15
7.515632435637589e-14
1.7871290535196066e-16
7.286479218733602e-15
3.768604331012593e-14
1.8819692250649673e-15
2.2162485271686248e-16
6.872878620782844e-15
1.4904333757222797e-16
1.3632175255489105e-14
1.440490919303172e-14
7.854828921472046e-16
1.0546945762591257e-15
8.970776239537456e-16
9.63157868031154e-16
7.430280471135164e-15
7.82472359742801e-16
1.1736426938341914e-16
9.18161141075679e-15
2.3955777107868594e-15
1.8700311276116348e-15
7.683932653642433e-16
1.302407137034657e-15
4.658435336482158e-17
5.297514181571287e-14
2.8108994873361075e-13
7.542692847043703e-15
5.6254295584529874e-15
6.123153229478385e-12
2.4645538371583343e-13
5.583133170601798e-16
6.939876323755447e-16
4.8301849268848536e-15
1.4365217665020472e-16
5.2484739863873736e-15
6.460286664872813e-13
3.028730305978017e-14
7.779982741617149e-16
1.2166901412865611e-14
2.3102279977399214e-15
9.708964564545833e-16
1.2231316510993796e-10
8.324126761803948e-16
2.0351794618222203e-16
1.7916166677762898e-15
3.7910496209505925e-13
3.1261382044763545e-12
6.252161360148056e-16
1.4955097932351346e-14
4.718026040622698e-14
1.7930094996280402e-14
1.1945218717923915e-14
1.2716238442320217e-15
7.453875867223289e-16
1.884541475763195e-15
3.982856753149091e-16
9.907489628034316e-15
4.115796581411505e-13
2.8813354049497394e-16
1.472474490113716e-16
6.346030852658587e-16
3.9799010177701274e-16
6.487186156109579e-16
2.2293678955441604e-15
1.777711697973252e-12
2.571013531628605e-16
5.899823863044846e-14
5.397886023812318e-16
4.2049915754386164e-16
1.1956923003598627e-15
3.6594210888900237e-16
9.278527153717863e-15
1.788363801168444e-16
1.0593516356625362e-16
4.121445762673253e-14
5.68694241345281e-16
5.57723489384843e-16
1.2566807045019367e-13
4.293013525650986e-16
2.4483877368128824e-15
3.506997883676857e-15
6.522127139053551e-15
4.740490339357011e-16
3.041063197932964e-16
3.675866362740476e-15
6.420951078722091e-16
1.3646985543947966e-16
8.574626173498177e-17
2.193943048670118e-16
2.831287536775586e-16
4.4915478224624204e-15
8.137419465213143e-17
2.3532800182247985e-14
3.0309823858049817e-17
3.9095148591848776e-16
1.211750825639309e-16
5.95867665954083e-15
2.2078798278025216e-13
8.899268377383574e-14
7.357962413396116e-16
2.8488646746978463e-16
1.392947884262341e-13
4.667412398073986e-13
1.0100063518101083e-7
6.91900069231567e-16
7.202193538215644e-16
1.0330202599314772e-16
2.8777064746359433e-15
1.0271758688977552e-15
1.2223903073942998e-15
7.601184809545007e-13
6.010936345642339e-16
7.94039552660404e-16
1.0165558036956089e-16
1.1414609635415252e-15
8.102263767021744e-16
3.3828935701042066e-13
3.347872421997382e-16
6.387309548121123e-17
9.52074145269916e-17
7.564985223409887e-16
5.782432136338265e-16
1.1913857039293424e-13
1.157397019626041e-15
5.299036557012728e-14
4.562513527765904e-16
3.564807329347976e-15
6.196261940746263e-16
1.1511462122724707e-13
1.1469478042966963e-16
5.79731143947209e-16
1.3250725013037003e-15
3.4620186410509726e-15
2.4326106741761515e-16
2.6821187555413735e-13
9.914113448006951e-16
8.915099320742402e-15
2.1317621852313074e-16
1.2944782657080433e-12
4.3819851342427797e-16
1.0305994742298571e-15
5.866311468163707e-14
8.076288238297863e-15
1.0961588944764577e-15
6.940137672155796e-16
1.8797059786527737e-15
5.040288847893947e-16
2.8526232259116134e-14
5.56056505570676e-17
3.6568965098516004e-14
1.4298029245722802e-14
4.60373787058246e-16
6.621458103775871e-17
1.4520561050109116e-15
5.9404827061953745e-15
1.768525761015568e-16
1.666550641569913e-16
8.717154522449758e-15
1.0612559160739094e-15
4.32471665520272e-16
1.8300982560589403e-16
1.611612613544294e-14
1.0898084128731583e-10
8.094735745591673e-15
5.394874770187289e-15
5.2929482702955126e-14
1.3235262175533795e-16
2.989627975342399e-16
1.1586295310897187e-13
2.8090394974709047e-16
6.933185036415559e-14
1.137724210317818e-15
5.127372936572302e-14
5.862956516392836e-14
5.082041195205615e-16
2.2101597189193716e-16
1.0157860618134711e-14
1.655745549521259e-15
1.4321968196935767e-16
4.584801241956034e-15
5.362613195626327e-14
1.4949248743171468e-16
4.00562315814976e-15
8.457898063983869e-14
7.446921721433059e-15
1.43562251983237e-14
1.739654144791505e-16
3.3843799063881295e-14
8.23226016198348e-17
6.495318399221508e-17
3.848466147653862e-13
1.3781141954820676e-15
8.242379473150378e-15
2.0373163821172595e-14
1.6886319078558262e-15
3.304553231199941e-16
8.197251551764658e-16
6.351281134664576e-15
3.0858129551196113e-14
1.4634098593722694e-13
4.3064649893620246e-15
7.56259402697385e-16
2.9939438543840215e-17
1.0778262535910152e-16
3.079067408011433e-16
2.268094017877767e-14
1.3365403090171205e-15
1.138259382033611e-13
6.024498149389103e-16
2.387215236901031e-12
2.173390388465495e-15
9.396156797688634e-16
4.664074095614057e-14
8.032637076361485e-17
1.889088207498875e-14
1.5331369178577976e-14
1.974844511493857e-14
3.6040957740000557e-12
1.853512859049342e-14
8.286671889763807e-13
3.808851924301911e-14
1.6166401247918772e-16
3.2049917401802486e-14
3.431735160579176e-14
1.6746052929940096e-15
1.0208620092693501e-14
4.094765380604928e-15
2.0543873102711437e-15
2.9650898519668892e-15
1.2364518964132134e-16
2.7167210946691415e-14
1.0118411837691145e-16
2.0924864343461866e-16
2.4709527479972935e-15
7.474180967350686e-15
3.3123234343139434e-15
1.6958723471798091e-15
1.7163036872198772e-16
4.3436934615141996e-16
1.3445772832904747e-15
1.6240264664836722e-15
6.904504016163937e-14
4.718166904956824e-16
3.188634170775735e-15
1.5603178395178487e-15
2.1958544667051092e-16
5.5288509883071935e-17
2.6320237317863365e-16
9.314558546039323e-15
1.3732484574746755e-16
2.5711117290675794e-13
5.201259601977777e-14
4.674197691974519e-16
1.541582067327111e-16
7.831833681138417e-14
5.472204119427819e-15
8.801395398377787e-15
4.3986494551638047e-16
6.978778498542821e-16
3.215128881987984e-15
4.621986233430782e-15
7.966241835551003e-16
9.780618182896364e-15
3.3375898270899096e-16
3.1924747242637075e-15
2.2478232474911246e-15
3.036804353029212e-16
1.4951723880871982e-15
4.5110904584883503e-13
1.0536357569415189e-15
1.3923172337179354e-12
3.007601535314703e-16
2.204231146105374e-14
2.720054213211637e-15
3.298183947604233e-17
1.2479712108226928e-15
8.224352187747516e-16
6.239599673913264e-17
3.819404632653915e-15
3.100558241348891e-16
1.948687839385447e-16
1.560830775491641e-14
7.206479527832638e-17
1.415642029775127e-16
1.375164579786342e-13
2.084541905137453e-15
6.29997024510076e-14
5.146449540804065e-10
1.1263167089857681e-13
1.2194606449422007e-15
8.527337739295298e-17
3.837349143520978e-16
8.302711816256724e-17
7.399842467684276e-13
2.6188804933856234e-15
3.601641821508868e-17
7.673056311382108e-16
1.3421862653432893e-15
4.303260431974473e-12
6.941758201370552e-16
1.3187270854721766e-15
2.452810455911884e-14
3.6583023268442436e-17
1.0020543109668464e-16
3.709620959659089e-16
8.870287375851607e-17
1.1834295609493094e-14
3.486222233740416e-13
1.5129515988466567e-16
1.9479372763310587e-12
1.2091570002748756e-14
1.0697170194126264e-11
1.745017831957844e-12
3.805896977652348e-15
2.7713218891648617e-14
1.3031008641885533e-16
2.839877787288853e-16
6.336948421677628e-17
7.229601734950885e-12
3.0815846184784715e-16
1.1947324804078994e-14
5.65738437365575e-16
9.558502651493987e-16
1.6195750419818585e-16
4.1221928075409186e-16
3.740736803189604e-15
6.917897141721197e-16
8.873392780112995e-16
1.3312653941360447e-14
7.741142574200441e-15
2.337739521779411e-16
9.055178600227172e-16
1.3787110991725043e-15
5.080243689954848e-16
6.247044965521103e-15
4.878304509851336e-16
6.972980498233783e-17
3.172348124046392e-17
1.1436401198320996e-14
3.480027268115247e-15
1.7887490225081e-14
2.19880046006661e-12
3.332609527422061e-15
1.346106575554798e-15
1.3042913606657727e-15
1.8179067299489995e-15
8.693651681972948e-17
5.0758239506725545e-14
6.936743483137265e-17
7.659743076835258e-15
1.754752826049228e-13
9.26728123475776e-16
2.633446933212776e-16
2.864742523894941e-16
1.4316698733949083e-13
8.271743599029708e-17
1.1501022690267011e-16
2.472830509806212e-16
7.896770969994625e-17
3.4751389660209013e-15
5.046440745717483e-16
4.530372546291084e-14
8.77569989669921e-15
1.780708575486649e-16
3.526156749651794e-11
6.716445276244464e-16
2.5041694958965715e-15
5.422946142628587e-16
1.8028908389517295e-14
1.0017912842131165e-16
8.052500249909645e-16
5.801933179275013e-15
2.0119198802198056e-15
1.0711154244898361e-15
1.335032002136578e-16
6.654799510991273e-16
1.1974581308456097e-14
1.443698318527042e-14
1.604552957060903e-16
1.3199090529122995e-14
4.0440393819402826e-11
1.0627337064573461e-15
1.7179695315353752e-15
2.2640433848660607e-12
9.458599606719537e-17
1.1105712532325431e-15
9.786111913510347e-16
1.4340761608343606e-15
9.996464646374923e-15
3.27420440928196e-16
9.239021832152595e-17
7.069913088445034e-15
1.5320266650609154e-14
6.876802117909635e-12
1.4515323408214172e-14
2.4567861550732664e-16
3.232310957440318e-16
2.205893024374077e-16
4.6113087037869266e-14
9.184691616919014e-17
1.987804218253312e-15
7.060527158823574e-16
5.27129836296739e-16
2.9860350728032673e-15
1.7786120791005202e-15
1.7509785353997065e-15
6.56229779992876e-17
5.769257025721429e-16
8.463290528395224e-16
4.314585035612516e-13
9.715730979377004e-16
1.9834913297386016e-16
2.980462409149851e-16
2.9808033893603e-16
2.1839289933912777e-14
7.34501211885561e-17
2.518385607567679e-16
7.520211077126542e-16
1.0974898489807409e-16
6.436031786206569e-16
3.547591811155742e-11
6.286604636878863e-16
1.4529768979910408e-16
1.3842447578019632e-13
9.303788682058538e-16
1.0754349170487496e-12
6.741546529034531e-16
4.632709751338579e-9
5.729281387001676e-16
3.7971946877701413e-16
7.436465330349257e-16
1.5250727094476219e-15
2.382697508171433e-16
1.6922350413406784e-14
2.9043208632597343e-13
7.485531094126012e-17
4.834685914106136e-16
8.963355297437496e-17
2.3608221161905047e-15
7.586246791912236e-16
8.671679657259006e-16
1.2265612970325103e-14
2.0345880815584163e-11
5.593626747256914e-16
1.9698328016488584e-13
6.212835768869728e-16
6.2058790394391165e-16
4.1593569783051037e-14
6.390618794940496e-13
5.019368399428556e-16
3.878154834411165e-14
8.698513935429868e-16
1.2471522553318473e-16
7.572175121790856e-16
6.158793673218091e-16
4.266918769289718e-14
2.6402523040066866e-16
1.4425187485277975e-15
1.1820740737916893e-15
1.6243355211137323e-11
4.616938944005855e-15
1.0321723366129726e-15
1.1730000254070967e-15
9.98905362272088e-17
1.3004849762120336e-16
2.282901092163102e-15
4.575644796858515e-16
2.918296629707149e-14
5.5852096348426735e-15
6.819353617389377e-16
9.210257427504824e-17
1.5769963239473309e-15
4.095454378688298e-11
2.6686569608069617e-16
1.0857635230857642e-14
5.841758797922531e-17
9.29777690497367e-16
9.138877467766013e-14
5.908316186917043e-15
5.236089992066923e-17
1.5566281527402026e-15
1.5119341521696558e-15
5.0275452315816664e-15
4.2132919325690935e-13
3.584174276801737e-16
3.754073216857631e-16
1.2057821126000897e-15
3.9811162965632795e-15
1.652636138920641e-16
7.557970403079316e-16
2.7930353653140116e-16
5.096190221871471e-16
4.510833687051345e-16
5.808956111121468e-15
4.9913922691119016e-15
1.2626335455639864e-15
1.3673138567656315e-15
8.243492760895285e-16
1.948594819370886e-14
9.123548827296026e-14
7.476233542428417e-15
1.1373765159951315e-14
1.6665337348171873e-11
1.210893323788529e-16
1.1487644975061035e-13
1.139401098043101e-14
3.1445083693237504e-8
1.0242834880969742e-15
3.877337139486287e-16
9.329232882678046e-15
6.949560947894762e-14
8.85828586524169e-17
3.2095635152745097e-16
3.245001322629186e-14
6.1074149058924836e-15
5.607295035939152e-14
3.418925476019208e-13
3.231042886003588e-16
4.739335269188663e-17
6.252107011084168e-15
1.946550411294857e-15
6.73371906627578e-17
7.3467862987015e-14
5.573007848258176e-15
1.0351055428337302e-15
5.107054496243217e-16
7.553327205607254e-17
1.516350964951863e-13
1.6562212986922166e-14
7.476086717972264e-15
1.1165076667375311e-15
2.5089011485467616e-13
3.4968924097163254e-16
6.231655460366188e-16
3.767221218750148e-15
4.973718619810129e-12
1.7508463197627227e-16
2.073337001036079e-12
9.143142839797731e-17
3.1470717478455623e-15
2.246029969529002e-15
1.2219543895269552e-16
1.2485350210759348e-15
6.447180373569731e-17
2.2883808711273846e-16
7.502612189229795e-13
3.217476768013795e-15
3.419678393617354e-13
1.2082577718857728e-15
4.358186196812014e-15
4.22186237675079e-16
1.400224523404841e-13
4.842887531224403e-15
3.0530663671090867e-15
7.705928252210386e-14
5.1861315918384967e-17
6.207838074911561e-17
5.475889895713346e-15
2.3013084820740057e-12
2.4966791050356766e-14
2.458434061687868e-16
1.2440877037346644e-15
8.195905049770376e-15
1.2407716704410984e-12
1.0324687712983377e-16
4.187684847539941e-17
4.828816462940109e-15
2.3024489040107204e-12
5.4464755422768643e-17
1.9169182945524745e-16
