0.0008156604091604871
0.001046816439681904
0.0009726489060822122
0.000951966813501701
0.0017092136367692161
0.0006560417780952458
0.0012109411994011955
0.0007541894940623579
0.001017421873889429
0.0018871409816012992
0.0012893049032956646
0.0021608697847102743
0.0034798527922811967
0.0012661819499340764
0.0006295564376358804
0.0005170325326579461
0.0011073864053801291
0.0014541759095684933
0.0008966493645866763
0.0005952747949754323
0.0007091405350362519
0.0011055717939385153
0.001991203973107864
0.0011834467391598567
0.00040330000506025825
0.0010061244705230387
0.002396991832074306
0.0009185487933762499
0.0007410946038031422
0.001778437906800289
0.0007409289910748695
0.0005623081447909609
0.0007811227819335827
0.0009121641859716705
0.0025976205118611686
0.001274482522929256
0.0013989881912297374
0.0008141625051653922
0.0021570557199970812
0.002329774201823735
0.0005711816267976512
0.0004397098821679387
0.0007555086034657435
0.0009600583839572333
0.0006502216479874989
0.0009993324039219208
0.0006724825342947168
0.0019854015573120254
0.0006244535444306238
0.0009598991791461562
0.005820043083031677
0.0063153944267228986
0.0006242338029249534
0.0005774091836130116
0.0008771582795211766
0.002986477106006244
0.0010301362119418595
0.0010359253842136824
0.0007514235879834136
0.0018800561539712459
0.0010564055656084193
0.0006952855625490355
0.0004880470706653396
0.005124951591182928
0.001294645760220934
0.0008413205490591748
0.0024563508506951527
0.00048693729875420774
0.001793474397208272
0.0005602670727123729
0.004501673867011703
0.0013335531453375767
0.0008603568558433455
0.0008766858769031154
0.00578515431405904
0.0016516460136607868
0.0005964279412004851
0.0009492597428546973
0.001202828393849278
0.0004785259172980256
0.0006603248519045602
0.0008020600056982008
0.00043732472529568994
0.0005014438274576587
0.0013737764909048378
0.00480049407334872
0.0010973486909401794
0.0012780607917519332
0.000848113313396999
0.001074881285699415
0.0009863163617683226
0.0009574748044378437
0.0010462040691676193
0.0010284725829038102
0.000688059079898174
0.0013406151757352316
0.005529028116387798
0.01250069358630096
0.0028961998965540726
0.0008189518797663165
0.0010111093750991465
0.0017041996288120653
0.0005610805904834838
0.0006202211238065279
0.0006066586701428759
0.0010766729838792225
0.0013073582551420813
0.0015186111383551006
0.00094945837384473
0.0015460670085018272
0.0008796459969560969
0.00041964053288482957
0.0015651076739195662
0.0013760305448211588
0.0020795465505504054
0.0027055992999417107
0.012339434719924608
0.024872571685406377
0.0017536417576638297
0.022222097398005233
0.0014547070079330168
0.0017609005044559188
0.0019584310521589673
0.000503593475791206
0.0014897608379484649
0.0008873796692082078
0.002632189988639487
0.00041091432751469594
0.0014922354151159964
0.0015080995318193984
0.000703556279134592
0.0007560730785307643
0.0007547172577470415
0.0033121788849179924
0.0009534993189229651
0.00522065917855131
0.0011251911369764016
0.0031586611179845524
0.001340096231563537
0.0021387857920228863
0.0014869145298631536
0.0007777490047419756
0.00130235269402475
0.0027220268235601374
0.0007679627246329793
0.0010260905125690967
0.0011715508984055532
0.000693821611692421
0.0026495041178169216
0.000776157730842179
0.005393421336254975
0.0015633616744910887
0.0009562610607975932
0.0012442996677616339
0.0014961530591920196
0.001289191107090809
0.0004037366164694068
0.005494297515313088
0.0017012940486934372
0.0019839380343153793
0.0009323553741442801
0.0005711015110411661
0.011126277474195612
0.0026730807229646643
0.0003204093338990916
0.00041503519412700864
0.0007713970507692048
0.0019001322547309042
0.0008921815964178872
0.0006248106434397887
0.0033743501155299393
0.0006460671903485693
0.0011538407760113777
0.0028545278863357356
0.0007252710502239468
0.0005268649106962151
0.004020634122288664
0.0005785073909590587
0.004305246827259394
0.0005397005735631672
0.0013603339362600365
0.0008903439337729507
0.0005206486613283417
0.000675944672086174
0.0013626356986656595
0.0017779452030169344
0.0007648630000906664
0.0011250509978177987
0.0006242945728802206
0.0015231812473841522
0.0013437955805437696
0.00371669873945212
0.006721435543690751
0.0008916515381190962
0.00374426660704996
0.0012058451071785613
0.0058428810504194606
0.002763857010976832
0.00228078658656176
0.0012640675580250684
0.0006124714310973723
0.0023506559160235943
0.00040408177542225807
0.0009933011262099384
0.0004051004124713053
0.0030482832140497004
0.0009546114809904001
0.0003602836926685706
0.0012835790484969948
0.0012815196441003237
0.11945876293047565
0.0022521777221490144
0.011648790723088522
0.005817677801163616
0.0021425376847770483
0.0008079910996631169
0.000978162743283694
0.0007436373406876518
0.0012642305480355452
0.0032798684628356565
0.0009083584539445345
0.0008561588341759832
0.001465252656585527
0.0016669471996156838
0.0010600835838559092
0.0009991527694654333
0.0006755858496127254
0.0013351823156589732
0.0021260422806339573
0.001085884520192925
0.0035711080675670456
0.0015637988030686805
0.0010636486441876988
0.001716437285987549
0.0006713373054574901
0.0053582864132500005
0.0005796598408682614
0.000676946625305294
0.0005496744783111269
0.004793023764926628
0.0011618621920930123
0.0008890970385494678
0.00354046066967119
0.001674363626732368
0.0011232781894208595
0.0007256919356803005
0.0008991309387008352
0.0017059842127252758
0.04127764804761063
0.0012202221945538801
0.0020674750779047252
0.0013403614616165405
0.0017144065886599998
0.00035021335133316806
0.0008362376459053076
0.0008807329186397479
0.0012840136768677221
0.0014209018672052265
0.003304900666315688
0.0007057379692942296
0.0022664060880849502
0.0009159895239108126
0.003952842451752615
0.0006119966412338897
0.0011177506860075696
0.0004961905314015778
0.0013001640314981434
0.0011090807840578602
0.0011431057636748327
0.0038164694789994268
0.0010188373884548099
0.0007803752928975847
0.0036834755325428252
0.011909967193896252
0.0014755598880972505
0.0015046226989140375
0.010618175871662463
0.0010157542144063189
0.0005620033111653067
0.000794712566054124
0.0008818686248035196
0.0012045344996975812
0.0025889683905790002
0.0030598134915824893
0.0006325541556027219
0.007044205599419363
0.001599078384349923
0.00046512077280065536
0.000754807277655395
0.0018964674429990038
0.0011025518279867618
0.0008245361236197549
0.0009755597677618145
0.0037748612396486885
0.0019522940829880475
0.0016472639830724326
0.000773299922559939
0.004848641447035613
0.0005014299787288628
0.0013174780586786335
0.0014149252344959132
0.0015339246508751885
0.006376334147207977
0.002086044741662569
0.0007180250771680429
0.0006505266838205576
0.0007853802190956515
0.0005229939851855913
0.0005799552914107444
0.0005976030453354501
0.0010178044162658091
0.0024076070104780867
0.0026382638211972778
0.0028349235064049137
0.0008093698668588376
0.001474473571411683
0.0008434539574302787
0.0020115688482739104
0.0021306070070994977
0.000654703618029583
0.0008500948592784765
0.0017533125304623398
0.0020823508987706913
0.0004999448571740291
0.012690025108422005
0.00235424115458529
0.0034521242218394795
0.0008935723591590422
0.0010154677852217033
0.001147209751157762
0.0006595986118177753
0.0011613921799107569
0.0006754680012597338
0.00047902903368053163
0.0013291995018808414
0.015531023374877554
0.0009219749717695379
0.0012189625846728035
0.0012888170689952067
0.0010360149027693018
0.0027109744310354496
0.0011256237748607234
0.0008354774986032525
0.00029736053917847095
0.001312211827593391
0.004216938395012875
0.0009263106691739898
0.0007901037510748888
0.0014794060940240283
0.001974058528614327
0.007371790464557433
0.0033820018825332174
0.0016745381445767483
0.001102294517249917
0.000996285804898529
0.0021163204635089618
0.0016007029186164512
0.0012903395378785116
0.0007912657094899871
0.0011768335774531725
0.0005320530488952786
0.0030167109734090857
0.0012512012096416289
0.0015594754407514684
0.0009624148628576505
0.0005712592711946792
0.0005520206125004104
0.00033559787866078083
0.0008753617766209853
0.0012355405547765847
0.003112566687878127
0.0008921586998460765
0.00044501725131406523
0.000606372450118588
0.0007325220865728877
0.001646201252725832
0.0031790050198357645
0.0010891036617156561
0.0029694274004035334
0.001017987294728197
0.0010061734135603068
0.0009386778547835579
0.0016549710356453492
0.005735852840967697
0.0016650043208337678
0.000352586371558064
0.0010184681209419422
0.0008730316317195041
0.001966185532837658
0.0005125207805994175
0.0009511592593546311
0.0009322465162879938
0.0017707731044114374
0.0007759116823926796
0.00089060195485753
0.000793979338803199
0.0007910226407997697
0.0012804801913386022
0.0006684653617188896
0.009229912917686224
0.0008728022302042387
0.0016547749350812498
0.0462842941679203
0.001015734341311579
0.0006208372071678208
0.0015962786975639146
0.0021199983219669354
0.0006316286942782568
0.002147443908290564
0.002320951794633687
0.00047598320818735367
0.0014275738388493566
0.0011481530841162746
0.0015852150256128472
0.0021039132830420436
0.0017945983480228969
0.0010236160274240422
0.0009692590013865256
0.00635746354972691
0.0008491105842149978
0.0007531143808942845
0.0017736190836376042
0.0012056243949597817
0.0005354012068559033
0.024509369302369508
0.0017165247514023677
0.0010227087887950234
0.001013004061780255
0.0020870326946924177
0.0006423087136024682
0.0014427155696699308
0.003110207984461023
0.0012846027072278647
0.003613534667428139
0.0010514160957462604
0.0019356847468076008
0.003084507595528962
0.005473653057790167
0.001280394777512251
0.00043602484030828576
0.0014364876945420605
0.001090041931602547
0.0006596203479677498
0.002571520915466842
0.001735978400373552
0.0008794496568439007
0.0006083057443259475
0.0008107773812952543
0.0016388907966526465
0.000907017261010459
0.006104467549989394
0.005568357549844707
0.0012464782518836711
0.0008476623666817184
0.0007846763826205022
0.0008124173330874803
0.002047294854220235
0.002478767983756968
0.0007563789106715995
0.0015754973074904458
0.0009771543603696888
0.0015312327537003675
0.005405056334780232
0.0007627190945820824
0.001346814213477665
0.0009446816341892745
0.0014278824170759169
0.0014497877892708608
0.0006001335683350762
0.0007625742856987158
0.0004944370144665288
0.0006448124693102542
0.0005836285756293159
0.0007989577569644764
0.0008276826873610752
0.0010958623156599892
0.0013274004056240754
0.0016830058426574156
0.001163115243715809
0.0012485024626223914
0.0013233536652819755
0.0008441901489683243
0.0008338443483711471
0.0007679017921187462
0.00258223992499609
0.0034743576851800095
0.0008638564280633075
0.000954341496577034
0.0012032049837345051
0.0038453861869689097
0.0021211174714383003
0.0056829936626849
0.0006741226832378065
0.0018691701628474795
0.001467182146415511
0.0009136997068245532
0.0035694442070231115
0.0014925507543076615
0.0018736816510504962
0.0012185484281951005
0.0007519996167995225
0.0003185033570428297
0.000906948206701434
0.0005555870934980447
0.0008362093456417247
0.0011771231441209929
0.0018484840675060963
0.0032333741150133996
0.0009045888092424507
0.0019013185790614008
0.005403087608827567
0.0020117199110162172
0.0010945670328798983
0.0019713901671306014
0.0006509193234723705
0.0005734933215834292
0.0009630696251008658
0.0006877323130240372
0.0009668789627394792
0.0014735307341971348
0.0018574431617896015
0.00047112120807255015
0.001606762023139383
0.0012222144061278964
0.0024162985175464466
0.004207143749413734
0.0007909321886959507
0.0018231585641977602
0.0006498672308735896
0.0018250060292554202
0.0014911374112982828
0.0016633535905109182
0.0008386579150639734
0.0006194029392620729
0.0007264007589100792
0.0014216694891929385
0.0018324331917463701
0.0028844892159485473
0.0005777315226422894
0.0006374124602844104
0.002947565782976577
0.0011148469232178373
0.0030562377228098613
0.0008973859514689363
0.0032488190707935676
0.003195987420882134
0.00227498374095515
0.000687499081246202
0.0007799592437619093
0.0045532639680352744
0.0004562104078534485
0.0015389336188591132
0.002083687310392683
0.0007719895223823637
0.008092606080299066
0.0008505549389153504
0.0013083893876554415
0.007434257049527398
0.0037504498894898744
0.0015953145887046356
0.0008358097179181318
0.0008280376180915274
0.0009286275643529829
0.0010448669381666542
0.0040083390758770595
0.0014778570839776635
0.001835359582890372
0.000767619726634819
0.0013413675597848183
0.0023235619324480355
0.0013157977205879028
0.0012399830953593433
0.001003371153402193
0.00038565953916962713
0.0018534209808797298
0.001192993576282467
0.0011410448952886675
0.000999527597059513
0.0007120920004885097
0.0010584351136299444
0.0024739999950027045
0.00584316069171494
0.000696106178546424
0.0016757660548892658
0.0012430883086693393
0.012692894973854455
0.0010960884469123158
0.0005708506992809121
0.0044992676139190835
0.00044319812572405113
0.0024884990569009166
0.0006458034169472503
0.0036187681406089547
0.0007092244746342306
0.001403021828031196
0.0021392654573582416
0.0016799305367069652
0.0012414153572114098
0.0005844867670962054
0.000781455180630726
0.01013582449895546
0.004541038823764174
0.009585317902957613
0.003856630869259379
0.0008730355714775828
0.0005766087560212051
0.0007445865889047694
0.0005921203823773623
0.0018505614432534638
0.0018285516001506155
0.0021234226148693883
0.0007704658794110852
0.0005842162999280004
0.011743758794867476
0.0018169916163418543
0.0009362748382059468
0.0010146227189620119
0.0014715853030458441
0.0018169552421360116
0.000684793672976276
0.0006224698337788037
0.0007015451873237666
0.0007631253848671735
0.005453429306037943
0.0006542080435128274
0.001584360308200852
0.002820695667682095
0.0049638380030828586
0.0006153989825389165
0.0006266839678210347
0.0006650219433463284
0.000408722497779675
0.0005924234221779786
0.0005779402391174784
0.0008900393016385139
0.0016693090067284803
0.0006273733306079459
0.0013837517129077557
0.005436651343460964
0.00094402561289714
0.0022759093389696137
0.004191305189921725
0.0028634129755882986
0.0007555634454520601
0.000940075972341881
0.0009243005421201111
0.0044674284399762705
0.0008094270942282565
0.0019383351484764614
0.0018568874461518448
0.0006922622278605612
0.0014487396338695622
0.001130039267638601
0.0005229167217375596
0.004999551058909921
0.0007650073126860589
0.000760928172455512
0.0006754438996602493
0.0012229996867467712
0.0011366773672781812
0.0014189604505034014
0.0012397464826528757
0.003026857199926814
0.0008457130736241577
0.0009496546218307599
0.0013344704801824833
0.0016268078719782531
0.0016590958656598515
0.0014478898573911177
0.0007642041846433541
0.0007885104573299373
0.0013328317295905662
0.0007252820337077384
0.0029009292612121327
0.00037560544401650514
0.00043451530504231694
0.0024559154529772607
0.0011125214354133668
0.0008204587994344377
0.0011840912612533913
0.0015041845248342913
0.0012990854766836558
0.0013127301895663043
0.0008788387465823393
0.0006444992091895411
0.0009013630637852921
0.0006048188336889482
0.0025786038040640715
0.0007095441008254925
0.0020199418005755368
0.0017067917240522574
0.015815927824647014
0.0007391099029993807
0.0007643303691766424
0.0016953020149351613
0.0012312476854420009
0.003384066368691922
0.0004548817137756395
0.007876812177172962
0.0026783477053391883
0.0010292902478055163
0.0030988483815998008
0.0033482999832602895
0.0019302042453696133
0.0009414941556016562
0.0010474853549897096
0.031648743382831086
0.0010220944027974517
0.0004999989954547277
0.0039058776008214814
0.0011574391468389031
0.001421669903525959
0.0005807193281018448
0.0011915151812865214
0.004199292226319045
0.0022077709412666015
0.000338950065869174
0.001594287391096364
0.0027251567752288337
0.0007579628949159095
0.0006439368879019025
0.00737269491929663
0.0006746665954629644
0.0007724430736704977
0.0009705839616925968
0.0016318179312406684
0.001982288879367555
0.0012782314760933435
0.00119850996763916
0.0008078440789432915
0.0012556082338503634
0.0005091869975046822
0.0005683351626279407
0.003192898453933725
0.0052374781536738526
0.001024263105182657
0.0012414304182804536
0.0038764911135280478
0.0016754183263321433
0.0004697782289674792
0.0019272936019600138
0.002023638103933559
0.0020787338039308027
0.0010022050956405128
0.0005311890023087384
0.0014801093877733038
0.0014038675931633692
0.0009482855979935669
0.000961979435874663
0.000644620734732861
0.0004714074284877802
0.0006891815120775633
0.0006145175104181064
0.0007091381132112985
0.0019549259381094054
0.0011720823027124732
0.0007499790304580266
0.001525408536950282
0.0017025380978133587
0.000490698773023683
0.0008193154990805561
0.0007333762440417961
0.00048194567157323524
0.0011236516698515833
0.001144590749769938
0.002347581234009839
0.0012057564218701578
0.0028077707094605136
0.0010845121065878786
0.0008639726423738689
0.0007720789060777756
0.0007056862054569165
0.0012777581768060031
0.001058782093971623
0.0009781673839859486
0.0006973679711361242
0.0020336279522671355
0.0011901152115362068
0.0005210832876367614
0.0007176276943651862
0.0015198226417735877
0.0007147077823046895
0.000532516010349035
0.0021941173217208836
0.0004751161275983536
0.000856598426155681
0.0022574484101742383
0.0021810448149802374
0.0031618332690010902
0.0011457765022509048
0.027282272403205625
0.0008967170686148953
0.0011876522736733602
0.0018380023746678367
0.003086889301368518
0.0005330985069234328
0.0031160012082486837
0.0014662296498815614
0.0005001429466744888
0.0010357524562344526
0.0011162897490420028
0.0013472807951704754
0.002580016863683308
0.0014630285934732125
0.0017810213211932554
0.0007179306216892218
0.0006063496625090313
0.0011215364427181022
0.0011717054379128608
0.00048299935683765986
0.0007974992765126501
0.001510798989584062
0.0004004969930671906
0.0017073899769631119
0.0005027376467132062
0.006203311605207703
0.0031197827553687244
0.001033636230103057
0.0025424410005010748
0.0005540422670884549
0.0018330947780212808
0.004168395038702527
0.0007384195765041449
0.0007389166406355499
0.0011513817869148934
0.0007312995015721341
0.0008016543922477102
0.0023549216744800884
0.001623556267612921
0.0007177302151313049
0.0009257708058438611
0.0006974018124242432
0.0009606703946634604
0.005103449359016816
0.0008563886970342782
0.0018085386275648542
0.0011391515337354121
0.0008110397076877842
0.0026252088399311034
0.003390747293204193
0.0003682589238532499
0.0007894061573476551
0.00171329402594819
0.0005154267570796439
0.0023324051910821883
0.0017182058644006966
0.002084330149992473
0.0018641812098288658
0.0005411569418225428
0.0006530917205857281
0.002398489112586868
0.0021286578903342147
0.00314522030784316
0.004634480372305372
0.002618546106071015
0.0009145001138523562
0.0011332203521860944
0.002632176781547026
0.0006949879619581058
0.002628550101697087
0.002090630819159394
0.0015463773020194204
0.001530558188437079
0.0008866930646923762
0.0006950129089472434
0.0011529998363412044
0.0032423668323309823
0.003479897076652514
0.00121528031856703
0.0016865980705815795
0.0009289719622964557
0.0009046767567573861
0.0006004653365130915
0.0029906454307235277
0.0005571177751812145
0.0006596544987239233
0.0019261573250765258
0.0008543637974342061
0.0005836033148975645
0.007108838900290316
0.002501511852166393
0.002004060800990098
0.0025774735559959015
0.000663940626852669
0.0012143121884208147
0.0007681256206997167
0.0005566871909062767
0.003608290857595934
0.003912021766066382
0.0008047717242442073
0.0005547869371041655
0.001964742352932442
0.0006674584328417414
0.005115784950975027
0.0028767110565260587
0.0011849370511435348
0.0007642030576446517
0.0008802278755082484
0.0005043284382162337
0.0014769232155398349
0.0011432531470985617
0.004626812394977223
0.0004167832733431805
0.0026057511031408924
0.003701800891791403
0.0014091686713341555
0.0006203847365949596
0.001119912167286391
0.0014443982340813645
0.003435507235998914
0.0006334812215161095
0.0013386591688804854
0.019022240533527787
0.0009150942834535576
0.0047972736126727835
0.0005908030313495835
0.0024858854744894835
0.001509225131941654
0.005923280919983157
0.0014966156063980936
0.0015628928127417751
0.0022054614608639045
0.0017789889972547694
0.0013454594326895088
0.0012630703042999258
0.004932947389216436
0.001403773874920706
0.00151087194356155
0.004368509566920532
0.0014331626009128084
0.00220140605401773
0.0008345529404679265
0.0003341396323587159
0.0009825184468949754
0.0011688916617454523
0.001654178176104971
0.000303530114302287
0.0007606182154924654
0.003055723207996966
0.0005325349969771915
0.0006827729837428742
0.0013832574601076325
0.0012955859471154034
0.0017344017155395952
0.0016903790450076654
0.0012696707035504795
0.0020397866783403973
0.0014091645063138195
0.0035285645266790195
0.001603539319040817
0.0023716234095193587
0.0010569531129101118
0.0020181319816442445
0.005683838513005766
0.0006295054870520904
0.002856350252612034
0.0028774679173401477
0.0005388638957052041
0.002177348001294244
0.00203770337005933
0.0008469764460082103
0.0023477969269197147
0.0008794178936907142
0.000695573776531866
0.005637672167325576
0.0005448126614724902
0.0009821229332486663
0.001434593301011946
0.0017542329570952556
0.0008304821897078876
0.0006766261525435863
0.0008415688759072967
0.0007262084798219199
0.0005119785930710182
0.0018174869043149414
0.0029394860332916037
0.0005846477631753272
0.001001444446810796
0.0019909979266509613
0.001118044477065795
0.000611748367673552
0.002054882563183434
0.0031202775154076977
0.002359517816600405
0.0058550844960000145
0.00041337736550256727
0.0016177776111160596
0.0012956250002617534
0.0007995715607176703
0.0007449509135123361
0.002916361796546236
0.0015365059688918234
0.008989411683353243
0.002183735942254749
0.0003245029443676924
0.0010190491768040913
0.0013713824108753515
0.004102323378850547
0.0007494831138806682
0.004711024163411626
