0.03043648499996869
0.025190568913700473
0.026360404605107985
0.057261413694647045
0.06670547387479017
0.021754909907552977
0.031205234651773855
0.06258883755085518
0.053196694974710204
0.013317657303567003
0.0337583161646054
0.04931541823691016
0.06705366344385473
0.014391542814400481
0.015456685755259703
0.10652842951899748
0.015075575099474036
0.018800985816259237
0.0042012532657973115
0.1032242801705638
0.0049376304132416355
0.0195257824618707
0.016142308146674007
0.005834523488228908
0.15117332723429983
0.06992439831812106
0.012998833975951205
0.029160418533396643
0.006770608611471491
0.0270294905633975
0.006224894889206413
0.03765424883345002
0.02159618699723351
0.013229679307449917
0.040515922139347
0.13291384611107823
0.10830788465968058
0.009298763373151959
0.06232782561303713
0.016411817128780735
0.052136379767558916
0.026952996401301683
0.0723277339577659
0.03037600939272035
0.10878967905974415
0.04654007431027375
0.027734786475100682
0.09597112307961132
0.01884420576070537
0.06361768656771391
0.013831019081960745
0.008022753723191644
0.04060755655544063
0.04050990893772409
0.16917401753093636
0.018676414429901776
0.02868897852630001
0.006989231406908481
0.04503394748137948
0.023776879519012157
0.032971040423375855
0.6221875410635241
0.07696023804039087
0.004246432863276032
0.06996706053136253
0.1441854871318468
0.011179408367255807
0.05613122330914005
0.06817491498173596
0.008006916705056814
0.013481921020019922
0.021821969796968384
0.07069096555723325
0.09629195373161126
0.07769289036583311
0.015670144086816693
0.20378891462065976
0.0048776901734986795
0.008443865540589585
0.008201271407172335
0.015640460477299833
0.00553524681260284
0.025777746080253596
0.039987771345506906
0.012732264808957323
0.034596952685129315
0.017618965883101814
0.007428873308372732
0.0902517176501044
0.046777794790691496
0.03273621155828934
0.0026502535198730717
0.03541903991315393
0.04374825598596763
0.06028934532519311
0.021406589221833403
0.015458254745185472
0.040733780998460034
0.00704876337759306
0.25486199974778584
0.02672249734777301
0.11252623904449002
0.03801118019031874
0.06663339218402943
0.13654685312150303
0.015217480081350628
0.011817992343513014
0.014641369319807102
0.033588408618263815
0.018805312770628923
0.011309903806268354
0.16333053204459932
0.09483262163073757
0.11188933115103308
0.04131511602350671
0.03740285194842199
0.017094976120148528
0.018752384799411985
0.05326076811361583
0.08016422466982936
0.005767176869391318
0.02735491308732472
0.016505457564116394
0.0069218739451248285
0.14814483421462918
0.15670496061424352
0.03737176659804096
0.09616636773027473
0.004363367670208662
0.032751708350717224
0.03452314208361962
0.04296006636820927
0.023118383804265882
0.10411785859884697
0.04601832658655676
0.03840457812078793
0.14434044526361722
0.07905490777235405
0.06290973604806442
0.006605570615447505
0.05892992126459671
0.04513274751110703
0.05118830558909934
0.02064580231657148
0.01900876804576761
0.014070574909972156
0.030663347641127412
0.009105866289698384
0.0407736242168313
0.001143795080747942
1.5763699678711611
0.03441062132869725
0.10635148488407228
0.019752561079251572
0.05022964444125196
0.11459427333116103
0.03029196858170877
0.006750544897726788
0.02679250745497892
0.05258141477980286
0.12898978913324166
0.03629079013532217
0.20500720569622607
0.007863329550584566
0.05914572615776939
0.015007640664339822
0.050495586413774086
0.10805177967598115
0.2694674747223502
0.0035084839484722575
0.03520639735148678
0.021479483533921526
0.013068213796743411
0.03684876911880663
0.0946842640407364
0.01817471870594519
0.019641887743625807
0.05207673722020135
0.06593969587244183
0.013795015882101554
0.018425661872263514
0.05729121764583527
0.03393492226223096
0.01945080221412651
0.02611510505785987
0.02906175042756877
0.0045350326564047635
0.13646354465093913
0.02490795248824497
0.44716985161971956
0.00878948302604759
0.06751102487206448
0.002882938783811476
0.020786123951435437
0.01776122216434388
0.0504894157759209
0.16233413742406003
0.038594283489705866
0.03319702221450499
0.006962435162710195
0.050835511558824785
0.006820244388917467
0.1390734679815332
0.05092899128771053
0.009379435655914592
0.0036496290452317686
0.008430805909255948
0.00516073112581643
0.013000371642822554
0.028572049688264597
0.10387973162259698
0.056529483907501545
0.007483100240473896
0.01348863063427116
0.012415966845757426
0.007724370030192537
0.1450135197278179
0.08116713722011908
0.006289555687588218
0.1005273539887885
0.00709899207792397
0.022641597261861664
0.0159334173480494
1.5704965888700801
0.013701541470195745
0.020233239786973747
0.003831293974379714
0.5301866365642512
0.010985104977519073
0.012418807424847071
0.0032398133672496207
0.25321777364667203
0.08078161981082543
0.017424851267030552
0.04348065933431628
0.004736982041457298
0.023529649518134882
0.03947330216864159
0.010986287500483177
0.015416365782968015
0.0076453318127052755
0.015102974943041107
0.15717435468432928
0.008071823567022119
0.029758896925403747
0.11568813331848593
0.03963444514449331
0.0493778045554124
0.042686306537697075
0.014241438380872008
0.06865887754339278
0.057346443921303135
0.02909289397364261
0.004649494216370853
0.08944813746868463
0.100786134398455
0.009749136421520097
0.007563062186147811
0.004614146473323913
0.07293832734667337
0.005942129310529187
0.0022944671371890593
0.06648587383788937
0.03543601063302959
0.13574365825151413
0.12983658043203014
0.0031150944146544728
0.03362210026108465
0.004014669646974946
0.010926827827921788
0.04153637853431733
0.03174531106846648
0.04498787928498336
0.01936029839205683
0.012064949320244453
0.009052120684571521
0.016171276135399457
0.0037458417798221554
0.019466397054543658
0.003028215009103899
0.006696542246981314
0.15397163532863473
0.011676550881216906
0.17916807238047633
0.10329907042171947
0.030099808412939025
0.034919698207183866
0.014872313018680822
0.007515688814432772
0.005563164335079325
0.03447590896883582
0.4137536947298207
0.009527942861317527
0.043849057194483634
0.007188675056492079
0.018711604694925086
0.0038942323022085694
0.011207914374964295
0.939463414911412
0.08986687362827293
0.00284547978665743
0.025207292664225323
0.03721085288260472
0.04050125588538351
0.009992940232228112
0.25172775748086584
0.03040833792416482
0.126225743236172
0.20397633951351649
0.018832412347452365
0.0028707276869522967
0.156871415827918
0.005294749046540641
0.015857334130569667
0.03167412481019972
0.0049884098737995935
0.021658953210574643
0.18919819631184304
0.09428365971182233
0.09769717872888492
0.03616579126527725
0.020979117176104272
0.017518749974065984
0.006365751784501386
0.2069833072733272
0.1584139317117353
0.025078988943064304
0.02269150145367772
0.03427913278616474
0.07614003387727686
0.008840085865156022
0.04097297326146481
0.013343373379847565
0.049447143610552614
0.12693552793933313
0.006439406557880085
0.0029341419168221893
0.0022722579152612463
0.03309729607490403
0.010258408055168132
0.02366689301811059
0.07198354221840043
0.04277177807167816
0.05475625714138392
0.014038286986452141
0.017565401232346917
0.014660329038949402
0.010566233206453416
0.023266156992654753
0.05528204863371168
0.12218773834599539
0.005299538357748442
0.016025846121133742
0.046630229050041445
0.05469425525174956
0.004867959706094318
0.01083301573066154
0.04673300999822415
0.009979634463176196
0.012916233298445174
0.0185153585530094
0.00985275398658468
0.08383076543611091
0.019516382545535043
0.00808603535781994
0.05545921754345694
0.05000258387778631
0.0016270833145339565
0.013751206151624952
0.006308923739459221
0.11323656106569066
0.013543225275806188
0.07574189261570305
0.03513750892815355
0.028164105652946803
0.039651515932007476
0.0025893977859401244
0.04495993652543182
0.01589929622590618
0.14245777031354911
0.04609430455923612
0.03543850803341054
0.01276792483461631
0.020790093192964085
0.04657482302061571
0.008755713776655178
0.1040258764294345
0.010646131239327315
0.005625898390687359
0.018008806632368025
0.059847883105713005
0.017575773962617294
0.09009523159530827
0.006419180523617141
0.23381487164733922
0.016798829120928095
0.06522207000801825
0.012414510790811776
0.025458328141394832
0.04405637353851003
0.040379275756747546
0.0062628556465304215
0.03438349122771085
0.007648849341839812
0.0012757314458902093
0.07311191478174064
0.0841634568870756
0.05917399470863271
0.03521953549990574
0.037967586624167556
0.07632126274886734
0.18147238302025226
0.01907856067332035
0.005555444230157352
0.006230380294470871
0.00523437830361518
0.008052028743026782
0.0059503804520596865
0.011467789594104407
0.20652388121175674
0.012698874275886438
0.010942438289441903
0.019157398945984797
0.014263518622028919
0.05376406063454472
0.1549397225115378
0.00852748352308902
0.0024775593306705958
0.07667541780183368
0.11944945143123449
0.0891070266055915
0.09548707453297148
0.07696031027010475
0.005105955855231852
0.004758201676534696
0.009929206843850387
0.1037810873826381
0.014512596256428121
0.011184302216821053
0.029709377100426298
0.012248981216929593
0.018820782814272265
0.0018341107426262237
0.002581277087372729
0.023005470558632016
0.016873626657893413
0.03299674214441202
0.010373933671025038
0.0050059035318704695
0.06192734939186239
0.014808336240388128
0.28582655695213705
0.4004682655588809
0.0061443048887989534
0.04426809818457229
0.014076386411560992
0.009628785919797357
0.03484800748636091
0.006633013982551624
0.007976644039038461
0.030071732238004786
0.08491717376802968
0.022273745888344885
0.010333565586372639
0.04863882348134901
0.0019113783031038892
0.003840847173087524
0.00402856938988806
0.08136444302084962
0.006441297450150291
0.019237012885240577
0.047418106173085416
0.014266280217838921
0.003945848694817074
0.03688563047588362
0.0076649477769658025
0.006145902876553028
0.05696136063162
0.011718480028084767
0.018612386588966676
0.05324332679166928
0.08384216877149983
0.03576252408175074
0.045470810145091425
0.11450606043782754
0.011861197052114511
0.08678946488316405
0.007823618295311707
0.006736006581789637
0.012641835138403033
0.0033169437558745354
0.051639203470013675
0.012711493642181214
0.00441596145688113
0.005882060844630402
0.07010797523643562
0.003855312698489872
0.00178209160997952
0.001043151716277648
0.05077715675375635
0.029506601526580727
0.03141906476487654
0.1607026623420087
0.006466031891747945
0.04744311294492766
0.01100629815283436
0.025609567454910203
0.0036047141599207335
0.008972753861372315
0.006094517995519526
0.017901678007611714
0.0498859864415623
0.0027055321221929876
0.009319048210518054
0.05026521614380827
0.027285720320224922
0.007449699718045298
0.15703668260617243
0.006637727449071807
0.09732209044096447
0.044391496578904205
0.00577821410325141
0.0037621865020863905
0.00561075093575539
0.16017128862251329
0.07167227264527619
0.031692438104054345
0.13256830155708813
0.0056649281758494605
0.00887597827050211
0.023275852034868566
0.009120188479465283
0.05499141147022759
0.05560658147023979
0.3365341720931638
0.04859482842717829
0.0035829890415588414
0.07691476151609286
0.0598824343666006
0.06955890521189896
0.1290498395928115
0.05097039088501273
0.01067771996534141
0.008568286131932352
0.13643297924562384
0.03966239134002277
0.05863630720052432
0.019901137586707703
0.07273346693342587
0.10159155215969971
0.030705800976199554
0.021543874819596083
0.03222791133988401
0.028247430269785732
0.09360268079651583
0.005958671387122025
0.010369766877607213
0.022610122693075056
0.06026192836120491
0.03586087026910773
0.0063285347387734645
0.02224989428595099
1.0
0.06335001308958366
0.009243087096696174
0.012957576288044628
0.013295101343856178
0.0808248959848763
0.013343920096653054
0.14909033599519053
0.004309977100124115
0.20080044267903985
0.027006526058673284
0.11478288220995729
0.14234080021951234
0.005342798477480991
0.027255929204374963
0.05145248363220898
0.10522279182654867
0.14318563566580406
0.022839924846940352
0.007376068940394391
0.0105686547654485
0.07122004001060216
0.25983749738849404
0.044824014911267036
0.02452101360973134
0.045386204434314716
0.011185428721321996
0.011207157734061939
0.2308491539508433
0.020876146434941855
0.007294806211588789
0.030295915746188125
0.03166753551943128
0.03610648103991199
0.01105470713584616
0.006686763295935631
0.021415871262725362
0.003570252460119718
0.031110197908479065
0.039331687896820074
0.0219512669616327
0.09946326359142978
0.01876041354035288
0.00380578202619034
0.029823957384901238
0.19647366450385598
0.010297548391038967
0.021445731447806298
0.007712903973958186
0.011156594345942671
0.008218623873036407
0.005435541849838802
0.012701221718452522
0.01932064784483347
0.004032962129365689
0.016928301026531263
0.007552776438549392
0.01848772135170558
0.00607165572613099
0.13448911119058565
0.017526338408874194
0.002575499700742002
0.03174189282270412
0.02125219015662858
0.030960196383368846
0.010065118540947967
0.022412100450145862
0.11376233611886614
0.020495920886775324
0.06316784523793303
0.03416905886759469
0.007207580653696061
0.05824995223160761
0.132013228382426
0.0064135276440168
0.0029845005442543306
0.008922887178096712
0.01085702386881961
0.002118387944934746
0.013370726166713608
0.020727453003037237
0.0450278141519411
0.01257324090437106
0.07145518090166049
0.011157382401579636
0.010214338026519578
0.04416504956897388
0.0019143836048403082
0.10197095886266584
0.08354050130814475
0.106390203123637
0.004363690309606228
0.10734578906605738
0.028995541698799716
0.015286753482858002
0.07756252807978384
0.02005004409068485
0.001627768726096396
0.006186643001004326
0.006035805343933331
0.0036608265073276767
0.07659212121244059
0.028388559384674137
0.03831541192333938
0.007583907924893562
0.012399402623825481
0.002651148493009587
0.023439811967445916
0.004053023505041405
0.06590067776748386
0.046341411600236755
0.03769262436846416
0.08052501964616318
0.0015765522878154548
0.04310695078196938
0.035465892176505906
0.07823601064353652
0.17050605352816983
0.005239354350990979
0.03102642210163202
0.16628060977302475
0.07351218867672271
0.007785627729915508
0.005747459364039751
0.029144693126159887
0.23256704233676642
0.09190291173755462
0.011089808320497977
0.11818740606748541
0.01183932208553674
0.005928932911478448
0.20563412569168527
0.00919975262615803
1.0417799333151283
0.10669604814964516
0.008023220259777726
0.02780328587049668
0.010297900386947195
0.013412189709536308
0.06586137621112816
0.0007247156765771786
0.05929034598239913
0.07743578420835148
0.025519383581925223
0.01594332260407137
0.04241852230471701
0.06943823905403519
0.03347057962138323
0.06460060436400308
0.03761321900621042
0.007530676696469396
0.017094494240000976
0.02821119823869533
0.1153324254789918
0.007749557201203321
0.05111351614349332
0.01747203320962736
0.01396109562880642
0.17142164271363955
0.10220522174498795
0.0424122046900204
0.06339119439933603
0.02604346240251558
0.11161496997411621
0.003971116919757462
0.31126085182090457
0.05538100055434903
0.007848568274179995
0.002972402507386157
0.1909794882849476
0.017838560108470396
0.01728956714048327
0.08759397699561478
0.011176837328103812
2.257593148996533
0.007751497600250249
0.004583147787960432
0.013037636162656158
0.04466944689851193
0.012682365179831467
0.019337608945901693
0.1453064157590959
0.004661364096602817
0.05236862742905986
0.006866529745884386
0.05632503779500762
0.01683704389192446
0.009496160012375871
0.006333600488411448
0.035383760446480256
0.02133407122868906
0.04654196281617746
0.01332813436984362
0.0174836377761209
0.1489896170774107
0.011196143681673135
0.5507326121110208
0.009138538239728298
0.007478891917905998
0.006244034357913627
0.047594233697487304
0.04622812193276137
0.020400210235222718
0.8609350829069308
0.006718226615171737
0.03192475267300066
0.005951784968977616
0.2026828819882014
0.005284536042607679
0.0283759692502665
0.0199523365183428
0.036692977550843046
0.024208130290204653
0.05013678912106945
0.04055154377426909
0.01954779948388281
0.029566077013092995
0.006997643048474128
0.18900436938319393
0.04271297092441319
0.01245599831300314
0.042751161932193645
0.023790532548345535
0.004194300326493371
0.07958015871475055
0.009768497102807253
0.028122511904552814
0.03949311316793099
0.12580341872741616
0.033502530041568584
0.006910817139876462
0.04683125218591386
0.006319900206379462
0.03171799417122029
0.2711338668604652
0.06264418921686503
0.12252098967779794
0.1422383310143945
0.14425827007919503
0.009597064530052723
0.042723978602730875
0.02853811225275365
0.1250763483963101
1.0451991877565734
0.09153748946881546
0.004291318169387721
0.15379533084798525
0.009465873256554486
0.06195316605155156
0.025888410092082852
0.017297104390200952
0.2629661551808
0.006228656200576643
0.01648670087860574
0.056045060865101144
0.0053586589044381195
0.01241051103142867
0.07328202267979042
0.025890556435542212
0.04291641893798387
0.017921403968543848
0.017236646111945378
0.1479578001471696
0.012096540279802986
0.033365893230736215
0.277363110289288
0.013793635861726786
0.11372238226943279
0.10524169118231684
0.019693716818526125
0.01092759213150876
0.0019877840832301596
0.016055123177393073
0.0035388715821084997
0.01950184925138056
0.10577579717174564
0.010064842361310965
0.00907832213195789
0.10872324700927725
0.061231536079229536
0.12471727520335758
0.012604359002489773
0.006633110344206606
0.03153539045426528
0.10945848322062367
0.019216239005651378
0.010340269770383347
0.18957135159408256
0.002006552220271029
0.047322151827469176
0.12340970767374204
0.08676425347978707
0.008462769873240674
0.1554609266301065
0.03740706786510675
0.058242930103096203
0.012614795000641997
0.0061968316504001095
0.015738962288118483
0.0017877233911845988
0.09568827501628144
0.008952380845389475
0.04585108585057804
0.010574723863347445
0.15940000199131152
0.005157460675395684
1.8923150017429393
0.0044671045536468995
0.0051646239340137606
0.031868891773844756
0.01142955824378911
0.12099605277850521
0.0019598859971681117
0.00835791306702301
0.014252863081057873
0.012030080292672942
0.005610031697753275
0.0017825651917872977
0.07138075474181481
0.3167605918846998
0.005014094296210015
0.12468291745183203
0.005506090984494664
0.051319781512465176
0.0785695298529232
0.03542471178084775
0.0018490176747430066
0.0005319715899915265
0.009188011964598106
0.08594553533224207
0.04431823898219463
0.027669484411075557
0.006754458477556143
0.17202417544687632
0.05279553143041152
0.013932961744938837
0.02476235700489309
0.04867192097170303
0.019153170211928507
0.07316902234863498
0.0036156177949745465
0.0068904199099958366
0.05952936726678547
0.0078736525450268
0.16476402117865063
0.08325539172683222
0.10292823685550351
0.02523798334962586
0.03635038709776511
0.04628501758169097
0.05010122272965631
0.016643028071342766
0.04624858666981228
0.007905438530662078
0.17574526619846795
0.11959813642081285
0.02761485607632058
0.06894604886479032
0.023754089620100116
0.05096654326875155
0.0021681190336881326
0.0030052530893607946
0.002874425100208961
0.025112004012564162
0.022527319010661337
0.08832200768541641
0.12520405222663572
0.021321884978228043
0.0038633952351267145
0.024832105962864746
0.07151966982944108
0.025265781773887552
0.11938415720965073
0.04594489640761894
0.024090552447170597
0.09770899669352338
0.030144922532048677
0.00886740543810773
0.1516531095404416
0.013373137695033585
0.041967053916972516
0.014843414286592199
0.014862728191351846
0.05414757227874446
0.03268774176286046
0.00531783277578388
0.005151310635989007
0.25409797276835666
0.012095841111974232
0.02695469075678277
0.11622525602098471
0.0012795420011761011
0.2404578131941942
0.16513774027461584
0.05803072300792366
0.010281214690540108
0.014995397623528748
0.01380912800630778
0.0534132470867233
0.05462511959733259
0.15627862042314677
0.014252587272410163
0.02015923772891499
0.0016272943080021499
0.015269644397861628
0.000957210287457584
0.0293756725880772
0.030332694255409902
0.016410515352708037
0.030793573825860877
0.024147177650681546
0.025025257034047024
0.42956891567665423
0.1436111690209554
0.008865414788320748
0.07546965756555915
0.32151095608501246
0.009469175700480012
0.03156331747083173
0.02703857040991676
0.1822686439729098
0.12443263891590106
0.2010451786513401
0.002700112324427539
0.008427953476590545
0.08260940963617185
0.4689241529565642
0.021728937562165023
0.0025277226429668057
0.11897427034707327
0.30042115965968014
0.029926548934197394
0.023060731659350936
0.005564153773588789
0.0032350734497412032
0.002622777918779008
0.02464221807682449
0.0031539211409575673
