0.10672747673421748
0.15843315150302092
0.08339657528781093
0.197322459807726
0.17014740487167523
0.14981952550116512
0.04160671887490712
0.14480449180139826
0.3786569018789089
0.21366348043589214
0.4313257708387879
0.04716598268077641
0.2291501985098793
0.07488374944952154
0.008846125340856851
0.0684132329442667
0.058027912062207955
0.11316981003910269
0.06831889971792521
0.26846947506197627
0.4727335521126431
0.6934790387343145
0.37892766161365504
0.09836710632168001
1.0534047294384459
0.42012534053129047
1.1169588985829813
0.5973678401439189
0.2964847592569613
0.3305146880513486
0.07180051104515006
0.11379506165804082
0.1252565733196503
0.045726536213293055
0.13404101015002676
1.4897668765226864
0.036741290095122975
0.12374447316441897
0.11935768894471796
0.090793410552689
0.11193651623869438
0.07148444098307054
0.10967759014269132
0.5297310316398467
0.28743423973271004
1.7790691275232051
0.3061191398717349
0.18381153234213687
0.6541564821136384
0.3350734136743431
0.36486054257535555
0.6934642057703001
0.05303396972624849
0.018831886624349325
0.23099072033976273
1.2075538594998911
0.1291810102134934
0.04032394783857782
0.2928700351369147
0.19972119840374591
0.00494769093275528
0.09273416088065307
0.7147653368880573
0.012253158314821879
0.01986160399766686
0.46160671338945447
0.2874211174776427
0.5136752473446219
0.4296935481228189
0.2816797136723029
0.13793494851737872
1.127961312077714
0.07304954673534263
0.2708003928014765
0.05579962453795746
0.1709497677097442
0.5841836895484621
0.031019472376246693
0.02789855212869598
0.04474922662190668
0.013604212435190196
0.0893927065946328
0.3447652026276702
0.13659888068133358
1.2877309369212968
0.20507648633619804
0.06953538988995997
0.10662046907255084
0.22088751272514168
0.23885616938968643
0.43683996792742585
0.06104694094590605
0.03751808011123364
0.19712837420697882
0.09213394361309309
0.25353016104068443
0.14270245504892057
0.37142498822522363
0.04397632116425439
0.3889042421155188
0.13734265211255933
0.1584593127871153
0.011467514962779956
0.09849336850917695
0.033862320503791066
0.09893244025512339
0.029647360118811115
0.5417306990628271
0.20452241069365254
0.12088471879203905
0.05959837259943234
0.45791973846001965
0.03282646998951436
0.01034148936351798
0.08805167283973493
0.04536797620195832
0.027684281687197228
0.03964096667360714
0.01499511363861294
0.670878687203555
0.23048574224873988
0.09892673350575609
0.30706716997299144
0.17439543761013124
0.013893699490690654
0.44433584202032667
0.1524757474709324
0.1634030246166711
0.03941723461138569
0.028036842780074955
0.020922287293753044
0.051686541853587245
0.08425116891756158
0.059861954133518025
0.35156058280945984
0.06809355287319308
0.05821589601466953
0.43154803977125433
0.03222900579725999
1.1443660755737528
0.09731211442806997
0.4166842502100104
0.03250358584406556
0.01889644847351264
0.42170310707285197
0.00394685232017633
0.7949204886300788
0.22370991651797734
0.029216541314779913
0.259922829951632
0.46666569277865555
0.09649392738646606
0.0921354039171801
0.04506151712206884
0.13252528047156717
0.060653000364550916
0.12052743406342532
0.04418063441130899
0.7640161418390784
0.06349814818330589
0.004686358975224427
2.4390041694304174
0.884485489558774
0.825439386633857
0.027928278230553435
0.642925435285521
0.0030609969699970326
0.32132081121327793
0.04939045503303731
0.19720793245982016
0.32316435075732697
0.02087286962020386
0.2539159467931764
0.04661064546107267
0.030226502554411474
0.11834338466989161
0.05631730270859008
0.003491970380938629
0.044093245972066465
4.557896521857816e-6
0.6621041528828808
0.14836428095331033
0.6036778245398302
0.7515889929778097
0.013263915882985155
0.1334828003857576
0.01831660317550278
0.28353338689652363
0.011935129113761465
1.7718853123215605
0.11194054714679515
0.03318105894508023
0.01308440093519458
0.6356815870803076
0.18757493009579423
0.09936377878033176
0.20894300798706658
0.412164519646314
0.06216152216134628
0.2316317893747938
0.035703383797641985
0.11992109048731697
0.010707806409109141
0.37530308140769725
0.03835343487806208
0.22772464614956286
0.23547543579264954
0.11772356366636477
0.012260909533506168
0.5030516381496649
0.00965977740066784
0.005420760876954214
0.05442858011573081
0.9332984455685854
0.028823372840501533
0.4566347923799126
0.10153373109909268
0.026765992651956845
1.3955425500892982
0.042885213557678915
0.03655052057667793
0.017874573413369697
0.23045632748560918
0.10840337760162154
0.04498453839720868
0.010166056351493691
0.2410758232855077
0.14476000225568506
0.011614534901637672
0.21741734971406965
0.03368684325663252
0.18569548654719797
0.4460695984633632
0.08807036883545587
0.31124037850591274
0.025544473508371357
0.021432764437288414
1.0
2.120998259680989
0.5281343411049019
0.5081332026967763
0.07273315090405767
0.40304653551984965
0.5896980995902191
0.12754308397177958
0.02023513261177528
0.11298473133221987
0.408042897481056
0.04444495755734544
0.012769530641417386
1.109921008957856
0.006526559053205533
0.051288331622863
0.04402666142277163
1.2144798004798385
0.5386810373277843
0.0658386730345945
0.2888975557334544
0.45347328987682795
0.7956364062213793
2.1816146879538816
0.10966636162370022
0.08753128429043243
0.014465528123006687
0.014144350820292492
0.050543314982989
0.04869204034492342
0.45270748870671695
0.03502026989853732
0.5740963223008207
0.7498408425643266
0.32019348909244866
0.06522483629196621
0.3773643252666364
0.8400204288057336
0.10701859508156586
0.2764163142778255
0.10309254696253678
0.13010673359151662
0.09818926534137079
0.15277364269758678
0.036574444821916276
0.14643215642798474
0.03609796047537831
0.17896135163093096
0.13455368999334294
0.875021498142119
0.12033855328255046
0.011942989399298254
0.019454157378928263
0.040170027614434896
0.056958791832305546
0.04449737184577582
0.00367422070360663
0.05621408364077484
0.9473367268666245
0.6449901237330228
0.3964968072542132
0.0025361501814728927
0.15528716616248386
0.08932930332689605
0.2462249508045357
0.0061550638737720015
0.6320848111597477
0.03954416963884051
0.001361466356363669
0.01359348623584987
0.10708467605827798
0.0953165472958886
0.0124037928315603
0.22020921378692784
0.008972380710221883
0.0013568581807591124
0.007576908232072305
0.18105601856456813
0.03589788794210633
0.05790435430608655
0.004461576941685929
0.022106063470355763
0.0061867582554098405
0.2936200180506578
0.5039543579779212
0.33373744476197853
0.11221636989567108
0.003591597730262975
0.08151692614820874
1.9038132420750045
0.0040982201285526
0.009596550037089972
0.02409446417368578
0.007576026123187775
0.25543894326150546
0.02486012258664836
0.19516168785019858
0.013862719773743254
0.007602550147325776
0.03555236563144223
0.29164994537896805
1.0215691805385374
0.14008502964714056
0.10915130852646156
0.051055297472934004
0.11056795183160323
0.34019406120913204
1.342166724453681
0.7826439445261283
0.00978179192077852
0.012184682737938273
0.029503517936858212
3.055601455232299
0.12331398032334194
0.036100620582834024
1.5912371301526425
0.25033072991234934
0.013753887776329776
0.022965967311922873
0.20760290483394037
0.06487469485956189
0.024217133088420884
0.13981156652727667
0.04464229324857462
0.02392706490075786
0.051388503359853406
0.07638544966986445
0.0381002424083926
0.7144707069698749
0.16115037987051714
0.15674715370259534
0.8628285092293864
0.0486197189446435
0.1068583288747281
0.0853041506551349
0.1678168297766653
0.007522003797686412
0.20041399639382662
0.003734076993982858
0.18743651543966797
0.0018293387608065816
0.006422373421009126
0.03124695054699665
0.753398523074658
0.27866751397484024
0.015278796487825704
0.0016788051724462676
0.06629822556740637
0.8368357673904379
0.014108665628364967
0.0721789928917563
0.20878973412731516
0.7503041907199006
0.2695630338576772
0.003417310852273113
0.005637564009832838
0.05794391067201132
0.003539462481245609
0.0026376573241727102
0.004152005351220218
0.0514672680781688
0.025739234812716505
0.9026178101556606
0.3216334645551873
0.4651741731151709
0.36630135377857337
0.019044476632256068
0.012487046228476904
0.08125137045273277
0.673597169749366
0.05207038658188732
0.007728093687942564
0.13244182528375287
0.10756411876084533
0.027228027798382775
0.020351186401693394
0.1590577735147492
0.052622146369797784
0.30596037021230194
1.6142809490004857
1.0189788040030885
0.025433642084772
0.13596327699901287
0.06957273874969594
0.04099709259376211
0.08538299250518015
0.008855270743898603
0.011895112740784534
0.04454685096470924
0.25973519723994093
0.025524474391447293
0.6845319219934339
2.1442713245972334
2.147519253913329
0.048891038871676826
0.25058775616682766
0.041898618135627334
0.6574266726836464
0.33057999506278013
0.4173351921013159
0.10222785726464513
0.004209014534939691
0.0051833215940227
0.05400315816278334
0.1436003062122655
0.022106651747286748
0.18102156431568894
0.37929615092609964
0.01135434955050047
0.023795565561617032
0.0671176385393569
0.15120396245526488
0.060796811119908804
0.0002893351576120542
0.12213405206524532
0.9320380318755255
1.4285629133370474
0.0060252647810200115
0.3532291514855701
0.13787135892607436
0.6613105483348766
1.0692525052410407
0.01022160424117944
0.21195317450554677
0.04451914201383567
0.5040747538653482
0.2488663669533521
0.004555653400917788
0.0879448051943187
0.08956940409327872
0.12287211969932518
0.02816552718407377
0.019952854455179476
0.018643046280451176
0.007934906577002666
0.15208812415370213
0.005519603131892847
0.04052347356577432
0.029676368951094757
0.14971947454091145
0.003265777228752631
0.24740544317863514
0.0329577445360593
0.14317657387955132
0.01667368001805896
0.1239384462992819
0.5553981204592806
0.021960048151423765
0.5003200515585254
0.253140679462917
0.02184111561480426
0.2807809483199475
0.463723822374729
0.0072289414853085035
0.012710948849693269
1.9187663658006395
0.23599794421391218
0.31576297191246083
0.08319093029813356
0.6484021784717112
0.27869759321269566
0.016713216771936528
0.0060931725964471104
0.014215382466282596
0.0822030504812838
0.0773976775456637
0.007716850646897018
0.06269368092692136
2.336446208863813
0.4961666362198212
0.11286099321562028
0.0702415288970203
0.10757015924172378
0.31440894127927604
0.0029330494909700928
0.06587893681299158
0.14457281477556488
0.1529377602802476
0.354912439386111
17.20479804412289
0.2101195404205883
1.468108566908223
0.44846046644473275
0.32229472249926117
0.039130644345547284
0.1934235904394132
0.006536426167189594
3.913853714908095
0.8683237612669908
0.082936380714081
0.02131729992548398
0.08561360259943829
0.058913171791697215
0.3944467249863084
0.3656838210410977
0.24998950658854188
0.3465706114967059
0.05680258927994674
0.0006789287433820632
0.042936842823466964
0.02623636763196842
0.0637132193945775
0.019278743487667088
0.0020820716845698153
0.05802645695518069
0.2583130011687802
0.2529308268834344
0.16830260948082312
0.14231573448812115
0.016266612128973585
0.04500077247149935
2.2160830330439114
0.011468768290408597
0.0116421123952822
0.07868949663905214
0.8598256505304567
0.06066470111353937
0.3572333949172456
0.050037975339524574
0.12754258943260371
0.21939019451595423
0.031279523526851837
0.22254968863218266
0.7524250318532125
0.04897475323285381
0.05879230285734857
0.05502993921812178
0.06614328992890492
0.05298152501608023
0.0022856908571337003
0.10001827625096842
0.3539646415386131
0.0019094506223019919
0.07923291138152097
0.0032191304518754027
0.10782707742632637
0.04186312588223362
0.22494968491110504
0.0002598899079310656
0.06861550385745221
0.0926292636273134
0.0275362291489348
0.14777957450356427
0.007608005776995536
0.0036070290778052994
0.0027207377645627486
0.07273659136530312
0.4629911389030882
0.018863108139451655
0.033399221834650474
0.29778698624858174
0.4386484354530691
0.03530383297870885
0.4838875236113102
0.720418393299624
0.10854048616646557
0.03850442279153949
0.2906779770832033
1.4841676284264538
1.0
0.04878495527844835
0.39907539409554244
0.5282358171605487
0.000768783862344157
0.028305780638486863
0.14752614844249592
0.017116345375120766
0.019106721825824624
0.258158337705065
0.23404618582640768
0.2040634449054098
0.09420261544663112
0.384346485873295
0.01535026229746896
0.0067724521150411944
0.29651046003320203
0.02464994511086113
0.27587174601012443
0.005513366218724175
0.009992278928238297
0.029412599902685917
0.24139240017240773
0.9447433765781815
0.12464076331626195
0.04787215425584059
0.0671205333139959
0.0014350607203933176
0.15691733082629142
0.2532836226428261
0.07501290390582545
0.0293267338317489
0.025272591752666867
0.051216649513918265
0.3058490149359487
0.015302946806604253
0.01201855289457727
0.059498645022017925
0.2702785727762218
0.0859543522140397
0.9592871027400696
0.06655337215713313
0.037616996247218974
0.06413992428462814
0.4059287769649599
0.0055923145612346925
0.0015494721056069712
0.012838821613187138
0.036434311789460744
0.49523742707253376
0.14556436115994204
0.01006496380986782
0.0013235273745837743
0.02575957802498608
0.013573643568969264
0.008354310159396644
0.007124982517367562
0.16021153963253468
0.05902459365028183
0.6988198166591576
0.003861107820121533
0.018412245587991385
0.0035689263889498836
0.053346033360145
0.057479519800639006
0.1616338875913177
0.013000506339862977
0.005240869894684696
0.06502107495466156
0.0048385983708503465
0.1575392401654195
0.9351870160237729
0.05525758646377046
0.007632716232948532
0.6365623215427241
0.010978715154474367
0.001450592266548976
0.06956320425214314
0.007308864330690224
0.014030838753272871
0.8180100114640431
0.07707478424697889
1.3671709152675038
0.11045379217795383
0.08699907411929886
0.051594067261574346
0.39577103001337194
0.07683878075645487
2.741228754732038
0.02888927036259405
0.01914863820937115
0.14173290012135625
0.7109863294880396
0.006164171624908097
0.069191789622458
0.005305015184953147
0.009060790541129222
0.03941524589965947
0.0380822668979391
0.03188668057264653
0.2715228367053937
0.243569385359337
0.038178064481742706
0.6891410976768274
0.004722871983999246
0.09380142998719924
1.216222319810382
1.2306649553219835
0.0016481485935245573
0.28327228228640966
0.40473304634872725
1.2234998519624882
0.0036666141439025343
0.0044965192806140225
0.010631554450309189
0.11002866507302693
7.111843440690297
0.01701314306624019
0.034714883410057226
0.006620587294017213
1.1695258140057616
0.055604615779210206
0.056222919230488944
0.13340370284725508
5.815535624646334e-5
0.024522486220413798
0.2086905758678863
0.4792001648969385
0.08819976403192903
0.07459200486297352
0.0002084289273787152
0.10149284235295072
0.1394510334370398
0.020048274089604818
0.03761087311745025
1.0880899580847623
0.20534657589225472
0.022640660896758782
1.2518883427451513
0.053778315992042115
0.036505146149115014
0.9454622044497478
1.0659980197347723
0.005718310959413303
0.8622189128704054
1.7571640982757932
0.030647490945262222
0.23048556467374437
1.6212971685912099
0.3365269641278579
0.07183267703755908
0.9051247415457245
0.09386344819548567
0.06930539710423694
0.14945908664598767
0.16282414592071642
0.031624872914943106
1.26431861960285
0.038750061800190284
0.12836232908698408
0.06510112919895705
0.009626380165265402
0.016436122881276473
0.03240049432261309
0.09758105467702713
0.0063503943868819844
0.35382653276825304
2.429476738425431
0.0047490937767787995
0.00150282222091895
0.04329812311594457
0.1744516386976663
0.1115372838939752
0.024151873975383594
0.02154996171266708
0.5816472008642966
0.22241403626399026
0.002839712888127662
0.7465047230859865
0.3187689601298509
0.08906790457901426
0.025775241394154408
0.0012024283106400772
0.026917406604615467
0.3491769516902343
0.01054186530666721
0.1951012237803411
0.0074694484420798875
0.012527680188291307
0.019179109214732745
0.06177371237493616
0.06724185155582599
0.09738919760583375
0.09250605237078324
0.002286511883465783
0.6726812992969621
0.011680139162574956
0.00965887077982562
0.1207701649417332
0.03553804305973684
0.016245209761079706
0.005791467604672501
0.03284541382360912
0.04534446244430216
2.116732245637072
1.7534345269565872
0.19194258207373538
0.2000093756982126
0.03036096933976076
0.2308780531885028
0.00021169400658700724
0.007393550210828608
0.007433012692525822
0.7769570741587423
0.3290435381320467
0.10318342756321042
1.0418025414625922
0.014788990001784401
0.0014957491298970994
0.007607556031305398
0.007104773579518819
0.008565863733118276
0.00036134562278084236
0.32235228443006414
1.3531640426220652
0.08699189793630481
0.09514735211286666
0.011018592710271719
0.11718679776451678
0.12436808745847704
0.14853822413334866
0.23858528379383892
0.0010758322035711793
0.01713672754865145
0.1232445372062277
0.01858234061964269
0.467975258602099
0.17013766584763937
0.046356181001789475
0.1098728664659052
0.05262368958281241
0.6151089289155172
0.005279972281604446
0.035169185446728764
1.8161696322633865
0.30543182629533827
0.06861425466799075
0.11052192520183525
0.3163920444619774
0.32766173310655966
0.1450705021139763
0.0015449549975805365
0.011219864189385632
0.10716853715012724
0.009702913584616297
0.02389688197912054
1.4261721180426847
0.257151368722628
0.0819027476503524
0.016202227729041927
0.002253060149597891
0.0037124840706171335
0.019411256526630227
0.005650675503219048
0.02334745984235899
0.27350762137099066
0.004335204592143412
0.359196394761089
0.832042923213871
0.5038943459681557
0.001504326311236955
0.03881747594021949
0.0014816791175201725
0.08262746033531618
0.11169024419272056
0.12861494546902183
0.12456345037153803
0.2039367662715004
0.03289176680620418
0.6415395472781621
0.17003245627476526
0.13723651486247054
0.01337026819792003
0.09628144379984424
0.03592314031214048
0.01480066760929413
0.03406174572605045
0.004968576736797095
0.1828821246824894
0.044579717764256156
0.11202513980629308
0.046931707947199794
0.0428131784223849
0.5689055028117558
0.02851130658912979
0.00016503630132455623
0.0182080781554976
0.6170367844766257
0.005563969680483822
0.008667301202781332
0.07223336164125417
0.033124395466296974
0.002981345197972388
0.008078668458789984
0.01729045797753855
0.042212799807203605
0.06965425681269143
0.05796880835453174
0.8938681057646786
0.11767704472153165
2.408866951720907
0.016110017977743803
0.025825189122591612
0.03813744344647818
0.19608169797007266
0.4384715244910762
0.07897674441073442
0.012515384510840296
0.03160311142523143
0.04569622126286297
0.009048756207110589
0.017998002270630947
0.11085807886663097
0.0022513566502084773
0.08827483029674522
1.2460188374792989
0.005312132250732273
1.0
0.1511260488386064
0.9055464078298698
0.0034099363500036907
0.15415770395494627
0.017647501622818723
0.0024408705283851316
0.0010742395683021632
0.0035746665405155652
1.0
2.349682727610518
0.00034117852522247796
0.0006621029952228605
1.0373089110909681
0.039149294650447475
0.02204894143341096
0.0023993461001729425
0.032124049956051386
0.015143769093824182
0.02958452096862864
0.008018590286738209
0.0016801831077586133
0.004680612947457499
0.061825566443687724
0.03869090753961801
0.004768570193542823
0.04376975045880804
0.5929337828300966
0.23491631847896127
0.025576650886966666
2.1731790912895725
0.034933776824276924
0.0188547572005667
0.4910987538814187
0.006080427977767541
0.10837202590013524
0.049110065069947036
2.7355774716102665
0.1100419487539285
0.011537389453080773
0.13790262410935042
0.016832960159867422
0.08141411267003708
0.0034783853566755576
0.00032888499984824683
0.10167336589306541
0.39705675505867616
0.0006764133470261698
0.4391275244807404
0.25792096420474275
0.003584745053050576
0.8158367348061634
0.012649870090281989
0.06161774024491267
0.008077494577616792
0.8191514160902308
0.01823503124502289
0.002429067348412733
0.0071423869018311485
0.0007013937466492008
0.01294994793101475
0.001567705490615323
1.8328474374746555
0.021500256504375235
0.03137856841607151
0.035134370596872064
0.018510576973744742
0.07813757449096889
0.03987840148642502
0.06939100325356748
0.009999648050821928
0.012302490806191646
0.02934464283314172
0.008827543277758549
0.004163898945268768
0.021805192585569535
0.008280683101799998
