0.5409137879535362
1.4372711145534256
1.8622145813599584
0.09442286020068914
0.309762809448673
0.004547818046504493
2.0796123047494266
1.0553903546638568
1.0
0.1659566289705185
0.42275625272711864
0.8491688346688854
1.3782314442000334
4.698001714658252
1.1706072981583393
0.33947148722617865
8.959637647981006
0.6258104551832934
0.012844101611502828
4.387494726424633
1.189538994045102
0.11739122339650658
0.6181330763963626
0.193975754923677
0.040740347063669295
1.7000775576537939
0.5060991459245893
0.7884561962554135
0.35143152214609974
1.6649226867329563
0.36827637290825
1.0
5.934316165772698
0.11111390486937152
0.3165780086498958
0.3851887913693752
0.03709789181072587
0.7279486847470172
0.8946114215963585
0.2355691518008307
0.47116280717382686
4.201777569725307
1.0
0.0522449556298676
0.6881413780818653
0.16777931893307882
0.4859608246820488
0.27498658328246695
0.04148703839599808
0.0018382059359537714
0.5196272776169351
0.36836253950336895
0.017912000385992555
2.927682734333834
2.6892471949550516
0.01310322670817301
0.15469232090187493
2.865067426358954
0.09537740287411985
0.578956047931287
0.7598655867977682
0.008239056376318776
0.017089742236899148
0.1358578414052829
0.08771043378245261
0.26795601095078964
2.424583678448221
9.577079525896088e-5
1.4051023787967842
0.005136949046648897
0.007221453852688474
0.05405558303949143
0.6632277111343938
0.9067288073010442
0.6401008955779707
0.45567098844033016
0.10566869312449763
2.4754408933453127
0.0024771854406164828
0.36997962235348403
0.04772930799473563
0.06976261064793947
0.20198083605147224
0.02503669408126851
0.06032594318778962
0.032954547498728406
0.5343286264351662
14.08878673118002
3.4855489436887974
0.005168847363218851
0.03636912974807276
0.049055220075717124
1.5112849898980387
0.03484952809413144
0.35541698986849746
0.3657253371154889
0.14771351158702598
0.017766723032543206
0.0017467469228296605
0.006323402034015947
0.011571903129622531
0.2982201523491153
0.002805334504876572
2.9967531922807744
0.2132362138713089
0.022809414560473633
7.130856575317749
0.17088940949192796
0.08913848172558377
0.16838129544993533
0.19984309763307814
0.7588903417297038
1.8303005471826979
0.10078419377788495
0.09304162791505138
0.03884245941847918
0.00044119217457091716
0.07169269337999869
0.12291588479771971
12.302620918507865
0.7848531987545999
1.042272615397265
0.014427109889978196
0.09579956246454818
1.1315561286801379
0.15922514069139276
0.14776392629880855
1.0
2.9785229199150542
0.1360360342336033
0.5109159738735433
0.36021478584084127
0.0014669297260704425
0.0802903073185178
5.743460546720378
0.43900628292435123
0.21093952403468008
0.008517640821791858
0.016253532341455
0.9930928723214578
0.0004143906299666086
0.016200821720437172
0.15869670989367046
0.017695982354692826
0.16687309256554694
0.061958573312357657
0.00867796992516401
0.07185199101972209
0.012220600097579337
0.003459363790780027
0.18786022779300496
0.01451391514889153
1.0
3.3325935861271034
3.499479980064728
0.03283084490259857
0.7040891778751749
1.9472770030491107
0.002303487596660548
2.6822953106290854
0.009550859981625913
2.005656326578187
0.14902681650715058
0.05180405173708872
0.09886734566922341
0.0033769288395501707
0.03702497464265886
0.0038738084268242516
2.8074651136315336
3.7858045380211296e-5
3.9738643161377607
0.3656154235105154
0.18962596984613456
0.002049530203705174
2.8997960508509344
0.08745898022522308
0.0013729062820403508
0.7615973585982095
0.00032668841026163066
0.03577877402494673
0.06583589198305251
0.010125707678310855
0.0010630932635031347
0.009203187817418104
0.3536144749244728
0.33072548849742456
0.0027490946485963824
0.027700239114424423
1.9192327845549708e-5
0.008023651803406683
0.008858097016158454
0.10742649727215338
0.0011390256195244973
0.08458501559846639
0.5649695015397151
0.008335961319991276
0.055154069680980466
0.0023046504865529985
0.6915400854945021
0.021314329710465686
0.0707161851830698
0.02193424509660782
0.015032549477777091
0.012317422092162555
0.1963544035062643
0.07707518615290379
0.3387634081136989
0.00031994440113174225
2.02449613048549
0.2936656367705302
0.010061558889403587
0.7419160435358156
0.09879998899995165
1.146445539669826
0.00014455344760173883
0.11574705229068337
0.06775155965545304
2.3926692859325938
0.01931805132929515
0.016460296037079693
0.00013099910107893735
0.25624572437758203
0.08825924928440881
1.4147326988153524
2.2430038401314554
1.7901802379405876
0.23848738932475166
1.7047722486086154
0.37920225856706613
0.953190094190628
21.414328492384087
0.006532479337381936
0.2845417870399539
0.43141219591388413
8.554329033276508e-5
0.01877459759580456
1.5415853349767744e-6
0.02771251262690263
0.7955221704006027
0.0789908011599019
0.11893366751473769
0.7306867168748499
0.008096801025418439
0.04682790444352903
0.2653777653386014
0.3530729099337928
0.00016403749681905393
0.03668043409814803
0.08100024503147035
0.008403649024007075
0.760724146411172
0.14272411636492463
0.35806856878853993
0.000161647267082363
1.1006947791885802
0.06312890551291113
0.1951413329107341
0.9599298861572564
0.4345607714834021
0.0003125727597745573
0.017540898623797964
0.0049044672470379596
0.08293955108398854
0.08655326727126839
0.005151907218686666
0.2105294282668324
0.12750645190555115
0.007815702107884695
0.7867827623697112
0.016817385152257266
0.406483174575136
16.023215963605995
0.2693777651775277
3.6622320880745316
0.010469065441455224
0.05043392652146757
0.2628023677417941
5.8053932289443604e-5
0.00034080455412068933
0.0010964691464298946
0.03620119504938148
1.0161624963283051
0.014395203193265916
0.03194085528328272
0.740722039810328
0.0017837910962165285
0.4142942830032069
0.03311335633359452
0.01380988656419871
0.022320374852091863
0.09598501681262411
0.16105224512875752
0.0032682497560790214
7.758927204865192e-8
0.02950988210316515
0.017733588933769213
0.0071952413265989916
0.17003571417606594
0.02882636000555505
0.10900908532602675
0.04828911961068503
0.03927928721376623
0.08448061577844804
10.696517561480526
1.7956671547946526
2.499276360980028
9.53919701074066
0.005539165323465259
0.02375050853046799
0.004685088798677415
0.28457210548959644
0.9140552611186195
0.20771791019391192
0.00010772786042065038
0.3624482087637614
0.044679191177465445
0.0477635413686847
0.17025569061296697
0.12215551706467559
0.005967115183902341
0.00618886980949808
0.0007597389094241853
0.035998336976065845
0.0011494482444890806
0.0001812363696358732
0.921342974940241
0.001461255527799377
0.0004891570997333072
0.006385413140013032
0.0012809703250807457
0.0327430802140787
0.01982929508434276
2.0937516381089963e-5
9.436060743710403e-7
0.004621406010415653
1.6179294425111124
0.06781116735136113
0.0007916103290761426
0.30809326342030285
0.008570313953490078
0.07160582112708112
0.015520954928873364
0.6139302167744684
0.13147808722620222
0.32931137518220627
0.4774714145803394
0.00044536505198978685
0.0016698803849354942
3.0289593669709824
11.774604786163197
0.0892885050298994
0.0009572113058377517
0.00042768268511931407
0.03744883944368828
3.40285392017438
1.2092317915944388
0.9924647204337989
0.00925225299708279
0.03239024517140024
0.15052999287011423
0.017279981306039964
0.0035011387439506216
0.011879497359547766
0.0006974276916773402
0.005249467799214027
0.04950688592626198
0.000614601998218266
0.23792113832857534
2.493814928265115
9.472566182738605
0.18321947334634275
0.6251138060038764
0.0034727216607920532
0.2730501450419436
0.00038050307732134873
0.07785729980022933
0.3737068643165883
0.04315512134282293
0.014645080535749224
14.80799066456603
0.13593848288825694
0.0475177425093505
0.036459613896922524
0.1896265192034057
0.007690056706240496
0.1881277624842557
0.00030687292899532926
0.0021037940387359905
0.06884049280478477
0.06816265283989817
0.04623746653044407
0.002769660162610201
1.1720346148139007
0.004626728367341539
1.8025404267323681
6.424150463829298e-6
0.8840811633798181
0.1624182908376956
1.130837097002733
0.29481539694720676
0.10086860285127046
0.0024846825940887944
0.08876785421963815
0.0049055926951035896
0.03350912445836919
0.0823399549700951
0.016279679639214003
0.0002628010084946743
0.02399207864119947
0.034818267869467893
0.15617368796131612
0.0038927440123429653
0.31500788173985067
3.0514912905784914
0.07240303015641672
0.09641565216170067
106.18430814749604
2.3587770597090905
0.008304921592927951
0.0008358520507459282
0.013168094178219967
0.017421901576498044
0.006691165466373373
4.020790616060794e-5
0.11241073241818696
8.936957981636295
0.0201567296640991
0.35636813415121565
0.31052537210060543
0.0009020953226837824
0.3186082188070514
0.0015679314797882576
0.007684866569509279
0.09989186180908574
0.0046804224444648174
0.0007650382082132688
9.897226983497382e-5
0.48246324741681634
0.0006247542832329245
0.009222708801630727
0.01471126489777799
0.0699044648735871
0.4367606177476143
0.9202346777088012
0.09077229121182209
2.8710626495902107
0.0032519574506436615
0.00792858755987516
0.0061495913375129874
23.179502317020926
0.24586578688501823
0.029977424084006606
0.4364538814302452
1.1164648226919562
1.3778046706572762
0.0007900749750761078
8.059911781745548e-7
0.0014452725204480846
0.0743397261873858
0.000768475845682815
5.950621048807615e-5
0.023616225445157183
4.98975782292812
0.0499691846059136
1.4071653912387638
0.16283949321958252
0.0006150757758434636
0.0009146184086414055
0.016060407587158744
0.1587059482081575
0.00431665644860201
5.6719552542661836e-5
1.802896779522515
0.00017128103263037194
0.007359591879094834
0.21247353734927296
0.006933424669353338
2.29652765084818
0.0015766344553529072
0.03617617063108454
0.0009050688996766532
0.9662624061910415
0.027309939394319464
0.014699032369831904
0.003456088445739823
0.1570209015997098
0.21696883681896142
7.947388722542727e-5
0.09362967720631542
0.0018342543360857035
0.20851101708637404
0.03175352755600658
0.15411678590520506
0.30903288504948295
0.42311306439552376
0.02296330746076899
0.16935829382443487
0.812096276833963
0.030316083832469313
0.0056304401585140365
0.24758352889972035
0.030624751164858233
0.039888965135321336
21.639886274198904
0.08460852745142981
1.0189727471312906
0.007499164205390835
0.07548239646109098
0.9052218267095362
0.00036465818178477036
0.7536433346624303
0.13489554035192874
0.18580278427847735
0.1144686383387987
0.08640192368113558
0.019866486014113113
0.003966525723432757
0.05515880691890934
0.0006482480047820056
0.0006373769404240141
2.6836348668122496
0.007836886303527071
21.823589967163333
0.004354985081437484
0.01049703185277662
0.04037542910845144
0.006587243368363102
0.06785314057494836
0.014815793453568284
0.003814230563390061
2.1715783630092518e-6
0.00465048236704596
0.021313193712313067
0.1861084454949583
0.0010302841663446963
0.0055986812318761835
0.03392123261085747
0.04340833655793591
0.011379980905120055
0.026365397836145336
0.07268210506712838
0.04130246219458477
0.038843938538477084
0.403159613482919
0.0004298644054918221
0.04480761285687669
0.2059283777339081
1.0093664781631375e-5
0.007561484776966528
0.04192010666247306
0.0049250179844419545
0.07726005187316222
0.6337250353407643
0.11202495542905735
0.014083857088712511
0.3699781848476706
0.009678070597663605
1.1863478622133512
0.016777420206456662
0.00020477782704940675
0.16917530487992408
1.5219448450462327
4.310193104776761e-6
0.016707595758749617
0.0019815948483328464
0.150703387074469
2.2890059742785875
0.003952609298750754
0.019440900446686196
0.002551647088654257
0.09252647719313616
0.00019616017188396436
0.10515874760053441
0.06953808186857564
0.12008418847804828
5.133000881299192e-5
0.17866246899656776
0.005254069431615684
0.009119734698675929
0.00574179187688353
4.78534131411162
0.0018821514450163665
0.08687913009447183
0.49425826228878805
0.014773418510513383
0.00024732893471061826
0.7629251606970047
0.005240216869811975
0.009340152996792674
0.30678174887751847
0.203961685523275
0.7396573742912996
1.5745286676928156
5.546821116030508e-5
0.00020091312798505576
1.6182489434666016
2.7239151384950415
0.019671367388674234
0.0007584611326121925
3.464138876797081
0.018186453994707707
0.04533008769545893
0.39132331969330725
2.1258552413049845
0.023850519901594022
0.18540288478224753
0.011860859766891134
1.9106336787951035
0.0230362448242988
0.04450905960624596
0.0007591467351920428
2.024595387439847
0.02617653873323008
0.00102166502502529
0.04204079912564314
1.3212836920775817
0.040602705602252195
0.0527519620567493
0.00030804642134628726
0.0027016474249861454
0.8536899836620254
0.06285385966092916
0.021689489009145763
0.3778037064393609
0.004180834286822166
2.381729556558289
0.3445204000472334
0.012095931608777519
1.2722562664036174
1.6964876793611157
0.002288357122652114
0.08696556623743394
0.0007264904402729588
4.213815667082031e-5
0.02972480148178745
7.396508138822306e-6
0.017632085100775133
0.034970575287550404
1.7720935564826117
0.16615446507977222
0.17810868236332988
2.6869278877407226
0.348790489747339
0.047480566808909476
1.165892079559876
0.1053343087332235
3.562086190673191
0.024816457765101527
0.00465951247970067
0.2774441937160723
3.6454403620576117e-5
0.22889663991405185
3.3850554138033357e-7
0.29244448600251155
0.0725850513723126
9.821532145582042e-7
0.002796186435751625
2.1306105649096234
0.00745754177072232
0.6640533045991769
1.3329929299886316
3.2457519702378543
0.8738510633028622
0.014554488079626744
3.4155692323243265
1.5681746046876154e-5
3.2100474352428248
0.03697268097469253
0.0025007711779803836
0.4702748043598012
0.027085030686142875
0.0004682487845248722
0.0020264910764990272
0.001064245741762693
0.07954855141985935
0.708619856094346
0.2466126608416282
0.00019499873505947362
0.15280142951723538
0.002632346817043018
0.023460920151182552
1.2482249107054768e-5
0.023679743647040327
0.32515061985962135
0.07174863189295934
0.5083038143647342
0.0715627680332629
0.014312567772853807
0.013155007749527207
0.012542420429583905
1.865005249779492e-5
0.06466032366080755
3.7897449386990147
0.13889735238734643
0.13113592409058616
0.0016673858872438268
0.013749568934018153
0.042228650459163325
0.03982574722429673
0.030148880638697757
0.17331242294323002
0.008728625160118486
12.148373440832989
0.0006094203869247729
0.009463014916232597
0.6240298841530302
0.04511380084426004
0.00011792782565618799
0.0071893737629093665
0.2074254740841179
0.0019839691709606843
0.00997576270174554
0.20862832977737966
0.006974855424200852
0.5598626127570882
0.02993566229806033
0.44768140801722
12.393316625410263
0.16943411253813975
0.302986250362628
0.0488024359585844
0.0183891289408874
2.8863117626052705e-5
0.022335368475729617
0.0028147397982826684
0.11224081900461887
3.3465570333103357e-6
1.1270369681328332
0.00013889314680860302
1.474030620102651
0.32026412868811815
0.11078733987833411
0.0905587081272694
0.0027063452629283655
0.0003508225804250563
0.19116676619557588
0.019415983219253682
7.292884063774446e-5
0.36637901718286175
0.13487906049658965
20.273492140676645
0.8491392461898972
7.694078028392136e-5
0.11124512077741823
0.07046712515178863
4.727926802903466
0.0002571185301127892
5.800481768665192
0.26162581337343843
0.05748298305263122
0.00015737983101354373
0.005996652689251153
0.1476258958285141
0.005737539691578001
0.38908245510440576
1.0006406881299204
0.0020081475651443524
5.01899044917062e-6
0.010886375212734558
0.00041601988072528
0.033341662300297954
9.297576333222919e-6
0.22632157925819363
0.00038125531253629935
0.27760319127355787
0.047760453282237006
0.012391460476241385
2.2948446326608415e-5
1.8394799732612093
0.07022795590494324
0.3918039987977444
6.31922960599079e-5
0.005672192888397269
0.10837400759172157
0.03616700424466505
0.35820806933484717
0.00037133958828587134
0.07578004684406074
0.23792698676021568
0.47975821258455964
4.813828415974947e-5
2.1844444108766954
3.8823822293907857
0.008271830773360148
0.0021426171626352836
0.05934711249246416
0.06173564583666363
0.06825916271983629
7.390283974385115e-5
0.4687969829148949
0.8925245358529087
0.021361279784452663
0.1931764779653724
0.2506057334700273
0.026424849322842173
0.0037630753894169295
0.0009691607997054758
0.0014108439907346024
0.15650654885712542
0.1195162790984761
3.087057376301416
1.0748492967703571
0.12828502341836912
0.429876994876374
0.001974169439029511
0.3510901545625703
0.02023940713701316
0.03714440067729178
0.15602243681402686
0.02374017415806086
0.07787978099772634
1.7541528607609267
0.06308987652202076
5.581342684659849
0.09038679742873564
0.012212385712682456
11.381113627311242
9.197186962134241e-6
0.00016086531144418923
0.005402309116902327
0.06749014768294095
0.16642041291830695
0.06910845162371858
0.16995875057434276
3.3808326810486724
0.9679999290236523
0.22242433279729593
4.3791612837006375e-6
0.0013187079256904448
0.00011557565034943735
6.949679994326495
0.23247972495832286
0.0008579253549115114
0.02552394323816724
0.00237779464538747
1.0
0.0008662842248170091
0.7445170542849177
0.008151258969742217
0.0004652374397766949
5.240714452245532e-5
0.07623595690637915
5.0416503098835595e-5
0.0017863486047739535
0.00277050525365196
0.014868018324694842
0.05885670437657005
0.06882345191207977
0.055448235671977264
0.001563175665250118
0.10922317703566274
0.0007148557657182378
0.053427670734450934
0.09994124893761104
0.007630997410417397
0.03600995919972696
0.6502226645441657
0.21342839969872512
0.007839874002663554
0.030744920319989495
0.02230057546591119
0.004302985878652619
0.8000987341482291
0.03291769086299793
0.5791482787954397
0.06983082354558404
0.0025498003771485247
0.0054419890691761105
1.4091682389711404e-5
0.036811370669547205
0.00041033224968982845
0.20410778880020122
0.06486503918486637
0.0010556452880723006
0.08290611809316194
0.011694004958462205
4.615959307354453
0.002437315615665255
12.3344021989632
0.0016730819567954802
0.0540967574238004
8.548840622042109e-6
13.827565317033253
0.00522688837823218
0.007560512518545128
0.014675888730962847
0.10172185011056595
0.07240698447087174
0.25832536477962487
0.0020124783567491288
0.0011570739134718914
3.0213960705513205
0.0004109202603022667
0.0020923122273466413
1.7895662058872648
0.4250219476781798
0.03707892727967513
1.0
0.1620697246089052
0.04145513026906736
0.36591085428101017
0.011648457749395894
0.03677553282960234
0.0048880265646185144
0.0007499172288155379
2.374316152158018e-5
0.00032768409126699674
0.0017567626531072456
8.430475834068547e-5
0.004133416360251209
0.02485695860619652
0.037039996774957056
0.0004312857451930843
0.008731308258190414
0.004292231488386749
0.01613432702853081
0.013887604636568268
0.025649433905998966
0.04120903152165027
4.4325637243846795e-5
0.053103155749843096
0.0035358002325873083
0.01220110879259752
2.017066387278212e-5
0.21063912762329806
0.0159713010490724
0.0005367129326192282
0.013300109102685576
0.00036860268210172573
0.006896207063629974
1.177215282601416
0.0002891207131720696
0.000217786785064336
0.008619727590167471
0.016658755476720993
0.0210238234205515
0.5862300140477501
1.3507416828578364e-5
0.03034062366582785
5.252850973663294
0.053484778625621864
0.0011655171704526494
2.6465740409575805e-5
0.06118217265833403
2.197309685909011
0.009085309693004825
5.3738338363561073e-5
0.00022869202093468772
0.00014800687639126284
0.00024430931351303986
1.0357070910030929e-5
0.044854527371003435
0.17525659537118204
0.007784999822275905
0.09851296807427624
0.007422211382565509
0.015044806097020785
0.008736855975853044
0.0009493009987844346
10.823058802915185
2.8989474478777915
0.0020172717802674125
0.0019608764271162385
0.0005837505135704062
0.13969910687624348
9.074095114968712e-6
1.4933473931630954
0.0056868117978657665
0.07689415155472544
0.011883304114434742
0.010729182179759362
0.00811268249624565
0.04078502513252817
0.09392047661465268
0.0023345306617272724
8.375669149999936
0.26885612114239005
0.010098851275622961
0.1796214122141996
0.011381887911999148
0.0005135398814553567
0.009350178263899875
0.011846441027840432
0.07671765183905009
0.007975171721925613
0.47354690099367397
0.01510898388161423
3.06433072469108e-5
0.033724510398488505
2.419309811800301
0.4521742456606995
0.004758389146489557
0.0019080453471781392
2.571803934759914
0.3271934476323382
0.001451134005467434
0.14153090384600678
0.006365674321112338
0.00065422268327686
0.013886772672703693
