0.0006462537679713561
0.000582934619027611
0.0007196950670149907
0.0006140404822311346
0.0020411825700008632
0.00039419937041392016
0.0002762444772051098
0.0002867060951980433
0.0005171322960108208
0.0007815526897459245
0.0022784251423006033
0.0003763522199749074
0.0010025874657694
0.0003244440688595799
0.0006125987001721155
0.00035953471625452846
0.000556315059309713
0.001546659464072204
0.005812906746010153
0.0007465894512248041
0.00026611546525585265
0.0005971597240382815
0.0005989376324613219
0.0003016515533500945
0.0003057339975442033
0.00018256532324192534
0.000667017330017827
0.00040672652894615055
0.0005081075534639425
0.00025213791452856235
0.0013032412407568907
0.00035257695543521267
0.00034213098080990005
0.0015905406536005837
0.0006575356444980479
0.00046617423988882904
0.0004536764343907985
0.005448271952708456
0.0005620836021039101
0.00043771933791001674
0.00035429500818682613
0.0005287506317227515
0.0004775473938074895
0.0005070607141341891
0.01279976457892063
0.0006214074628914296
0.0004086744086023447
0.0010558383195592804
0.0003355229132978207
0.000369492432802176
0.0006860546701339936
0.00173662851806556
0.0012880395477576619
0.010527706726933475
0.0006023224091642005
0.0003337661150150829
0.0004937187669383914
0.0003864262720782424
0.0005368707580998812
0.0020140250548262776
0.0005214229941072386
0.00040141588178548205
0.003088806682576046
0.0003087688678966504
0.001168135785369639
0.00024793456063669804
0.0007717180848573413
0.0011901556618864038
0.0004151978717516368
0.00037607463963980136
0.0004629369863256828
0.0012976517614600406
0.0003998706787282915
0.0006484346822373714
0.000993631962895705
0.0008573562820398651
0.00046953869299185566
0.0010061062740263289
0.0007177331379890836
0.0005722849282892381
0.002569180957285065
0.0005474013142318166
0.0006377317765801945
0.00026519020883099037
0.001268817544003682
0.0011156735184700165
0.0002762468985570115
0.0007976993470955065
0.0005485745744722359
0.0008139736279555136
0.000577837494850896
0.0003375999955016894
0.0003792786613188099
0.00048557488117606973
0.0004740828373887828
0.0004151711297322479
0.002419108539718162
0.0006179113356486201
0.0002630098279416897
0.0005209859554683702
0.0004228349239914604
0.00079056449502103
0.0008271765089546589
0.00025833839371277044
0.00040786975010924327
0.0006917668294429745
0.0004980750480461278
0.0005451294357943375
0.0005313701449729804
0.0008493441293380303
0.000631640831032403
0.0006040141203072276
0.0020658734287198094
0.0003268653383248228
0.0005060762283565261
0.0006464254116021609
0.0005295207337274974
0.00022165097724436
0.00038108968775741415
0.0007174317693533219
0.00040529741033919854
0.0005194658735585717
0.00033947867719019893
0.0033778272727554935
0.000907610539516256
0.003495388353905775
0.00024302547787914013
0.0004209925590301459
0.0008101600487421544
0.00047272425713633956
0.0007998565891733323
0.0007575569715370065
0.0004196003096830818
0.0003381686841313593
0.0011949468078365165
0.00042095969415946937
0.001474608611736819
0.00037189391528640714
0.0020366312055777984
0.0004513508669718886
0.00032489561032345937
0.001199093125555676
0.0003562800421467433
0.0008128941711129531
0.0007701946854115418
0.00048781115126970883
0.0026263614110414455
0.0010307482496457606
0.00028504678775722806
0.0022160422409670546
0.00048576665267523086
0.000537163403117442
0.0004083258721860083
0.00028781449958341295
0.0035663679400706194
0.00022646199423168357
0.0006576691431048858
0.000342950892826674
0.0004958917303895399
0.0004963167872584472
0.0005619941381334967
0.005249038840076225
0.0006718299672863991
0.0011958946266717864
0.0005654709140740791
0.000884348840748265
0.0004207576065936516
0.0005776324068447714
0.0022375043647963446
0.0010325443904355951
0.0006315028771444972
0.0014591817268955983
0.0017297636524176247
0.0011737441250756781
0.0028330453211047003
0.00037302139389789907
0.0007648778687385057
0.000515026620983797
0.009256084362183253
0.015760594918752074
0.0013933694711197847
0.0009682507035212933
0.0010035613938799873
0.0003231605981244892
0.0009164292341444776
0.000356530083508537
0.0005331105780388287
0.0006132062937857836
0.0006408037267325055
0.0005253182333859577
0.0011257231133018426
0.0008062267895462033
0.002170766782978621
0.0007266470372793086
0.001381813307002052
0.0012631680657261015
0.0015213838705358407
0.00046602176103893424
0.0007275127557286672
0.00039616030404881347
0.000713922316300163
0.0003157066676112242
0.0027843210499603976
0.0012749409778792212
0.0014258826040958064
0.00028509169353387395
0.0015547040431158773
0.0009513446514298766
0.001304697694654474
0.00027715716939023154
0.0008105233609531179
0.0013243212339198065
0.0010832824489429057
0.0005730330288298664
0.0032345896842843314
0.0004104712270226621
0.001108089740869965
0.0009764566150672793
0.0007013458465902178
0.00031349704654996986
0.0006307308335069807
0.0007249785134747779
0.0006751023216044366
0.00027071786781138196
0.0014822434270951666
0.0010700005424785185
0.0005827063980932295
0.0007942982198472845
0.0009046131273810499
0.0019055323164406514
0.0002881879726971841
0.00037814834219875894
0.0019152703436966791
0.000613785447317978
0.0012664459201029018
0.000794112996490795
0.00036135663224579203
0.0015774186369569743
0.0004248759376254724
0.001616328881826238
0.0004973319148206423
0.0013775973611437394
0.0014163724126904597
0.00021433549478866478
0.0007022904359179899
0.000208894175397321
0.001482059890008499
0.0009371475926935422
0.0010091794800351041
0.00029626806802804574
0.0019998698403896177
0.0003854380734739279
0.0004584901090515862
0.002511630013813102
0.00044440517561118123
0.0010660032069576139
0.0003368450647618703
0.0005976833611010912
0.004446446488697941
0.0010570800532185868
0.0002738644875936594
0.0008349118153567815
0.001934382955455789
0.0003459036821855162
0.00026613433557300846
0.0021217799400514606
0.0009836674599428428
0.0006644869764017595
0.0009896844784124529
0.0013484067422840844
0.0032240315178562627
0.0009093844043158562
0.00041153318021704566
0.0003325500371152627
0.0004939286170618497
0.0004925866592867708
0.003914577640516305
0.0006424589157562584
0.0008629502426064468
0.0009450061996978238
0.0003571253053362876
0.0012739002666177462
0.0009617799512455312
0.0006089147685654906
0.0004030680082055004
0.0017598474207183611
0.00033644405645699287
0.00048557831123368766
0.0019122743196349245
0.002638785631509177
0.0006991271701092935
0.0004361247564549733
0.0017554058598136253
0.002611688001738524
0.0006440745942067483
0.00031019116768104393
0.0008028681401192734
0.00032457765907767665
0.00030326369564034227
0.0021860026628645647
0.0007337686255532329
0.0007247891048081911
0.0010525987279487372
0.0011747056749738304
0.00023293029385851533
0.0015377002504336653
0.00047956860840950565
0.00433801357285018
0.001550886160793764
0.0013229338503944726
0.0008512520562634645
0.001300457954405299
0.0003592921083037405
0.0004722252003142785
0.0002583048913679075
0.0011513895840489074
0.0009419113741853038
0.0008723386061153977
0.0005055753429419131
0.0006994966006701267
0.0004335133870705329
0.0002562824199219109
0.0016889268073862302
0.0005509340737728982
0.00042919100936716627
0.00029401474813019874
0.001442302595100711
0.0006078494138073976
0.00028692361853036003
0.0008658906847229253
0.0010554774605176685
0.0006048620538931658
0.0014434970430931369
0.005794097707745305
0.0006152088278732344
0.0012269944098390424
0.00044427041220616663
0.0017092638817298867
0.001665806363442966
0.0007119725597186381
0.0004451287744469688
0.0007722174099859851
0.0012864605864115592
0.0005929053196339875
0.0009668459748416517
0.0009133069021832383
0.0005990290517129491
0.00252170722291202
0.000704762240099399
0.0032484132702758823
0.002060971043319054
0.0006049059665312269
0.00020962702733033517
0.0005930298126180429
0.002805938117059451
0.001499605400176916
0.007778915647968743
0.00031910820728158905
0.0029205362440186985
0.00056558850869818
0.00029010534560116257
0.0009668556930090728
0.0013921777950126827
0.003911816496475128
0.0003313907947636687
0.000732686341427516
0.001467809058744167
0.0008288914343685717
0.0007778583688660101
0.0003476535288082292
0.0007909649026860453
0.004028555191298019
0.0003563011773504498
0.0007950965219041553
0.00036959563118565584
0.001532293133628239
0.0004388390325594284
0.0007975426162577193
0.0005944947373933603
0.0007004221708599909
0.0007355775080576787
0.000349743267298278
0.0018594570518641225
0.0013382450634707203
0.00047281568587955255
0.0014075363082614145
0.00041718869387753895
0.0005903022045637707
0.0002605673074065303
0.000666946103527648
0.0005798101202108589
0.000967892635927754
0.0002747740842309297
0.0003557546503701537
0.0005255060720197447
0.0004209975217293137
0.0007227388544104746
0.0007432146132826758
0.001471142708086593
0.0019838219353420236
0.00036978418300191544
0.0005204803775545647
0.0006464438791435385
0.0003410148204954993
0.0008666641290373428
0.005870866838309753
0.0008967229730293651
0.0020656535013796147
0.0005179299098307036
0.0004007733948524213
0.0033021447728845553
0.0005459415903970164
0.004077490965377294
0.0006040388759077666
0.004631079835758904
0.0016170439678693481
0.0006794685018173201
0.0008217175626211638
0.0010386498294188906
0.00038218821107457475
0.00032716981955837335
0.00048364508984403217
0.0007988491306089643
0.0007837876212362756
0.0004861728771643889
0.0004985994220032049
0.0003190326478853803
0.0003346059937495331
0.000798782712361625
0.0008429305372944182
0.001516205369205505
0.00043609763769204856
0.001225691788094382
0.0006138003776601761
0.0004515214917931973
0.004868941327679939
0.00053037526101945
0.0006270455653940885
0.0014896876464127863
0.0011221175090200652
0.00032370477116567604
0.00023871043893538787
0.002864094332764206
0.0007617825372742163
0.0009334458281821761
0.0006870225476662485
0.0019037055297258959
0.002657338904042342
0.0015160248002675245
0.0004999522668139178
0.0005174433462357151
0.0002515933673483265
0.00040764039722685126
0.0006450466846540077
0.013689911762433648
0.0011381339719178356
0.0020107996266109742
0.0005970178796656167
0.0004684528927103691
0.0002184105080249945
0.0007749184869333271
0.0012688474734902449
0.0009205968219448738
0.00060022406209723
0.0010011579584833247
0.0003185108003009443
0.00030894274962704684
0.00033045384626276616
0.00024147790687512353
0.003435290138535745
0.0008833779864544508
0.0005890398402932169
0.0013110721285666885
0.0009045587008750373
0.0028258389475949246
0.0010448230466079335
0.00028346217894337005
0.0007364332975352366
0.001332611098428839
0.0006625067278850552
0.00023429653907371814
0.0028866675015778546
0.0017207404696270982
0.0007547673000366493
0.00045952546530432856
0.0006610412363373301
0.0012933066417822208
0.0009370912044281001
0.002807099885636709
0.00039941173065808207
0.0009490958100227542
0.0006443088440392759
0.003727055232389539
0.00029092832296434627
0.0005020013867521254
0.0007137658917641958
0.0008075956118710715
0.006182031023173527
0.0012001949813327203
0.0007588969714367765
0.0009118364360962508
0.00039515678755804533
0.0005709205129700372
0.0012384385901505223
0.00020641345414760918
0.0010406120071612865
0.0005961756944997824
0.000503402486795197
0.0003247373202535594
0.0014416347266091392
0.0016735695354489252
0.0002362282749946227
0.0003006411926549361
0.0014386128730762367
0.0003340064317400374
0.0005425022244537576
0.0003254370561332148
0.0011513459890858523
0.0004353861424507543
0.005103488094536199
0.0021075283019781213
0.002310714720440746
0.0004132825771367989
0.0010580023299783582
0.0006064397747849289
0.0009392341545497395
0.00019944333496454435
0.002940327808762977
0.0008169623087154335
0.0034088898755907132
0.0004353519322206721
0.0016493218662047633
0.0006140387535040488
0.00041692480448599697
0.0027033299483260067
0.0003466865855564782
0.0013090332482235774
0.0020179338845142457
0.0009305856604519225
0.0004154313776552261
0.00032409693711060977
0.0008569845343323352
0.0013574998908426389
0.001012905658429405
0.0008037619628734484
0.0004824452428887234
0.0028261212816592255
0.00041258174162370496
0.0009139923421743108
0.0004774667252455021
0.0012010053135600755
0.0013734410201880732
0.00025279667269996855
0.004593485326865861
0.0007225054247554275
0.00047991382099649366
0.0009437468252222359
0.0008155125471282121
0.004350721371597124
0.0005261685563516163
0.00046513283814504744
0.0006402059305111492
0.0008915889897874041
0.0010521765337253269
0.0011665367031701568
0.003818586695842341
0.0008450541745961662
0.0012808887120908312
0.0011464480744293871
0.0003792187721894507
0.002556931354384748
0.0034162679038050015
0.005217245102105725
0.0003948250461130532
0.0023329784181252123
0.0037703120562812085
0.0007739988346606314
0.00023961646086308593
0.0022600172716889964
0.0008503526269615031
0.0008605592029931315
0.0010453033494036048
0.0004263215581225392
0.0005170559023275692
0.0006460722971003926
0.00035874319912755035
0.0007536243979638658
0.001787720164017777
0.00025637610351618705
0.0051738756647560155
0.0008985078562116713
0.0005408813191118785
0.0009255139584280138
0.001656067311147206
0.001277362656690726
0.0004868822205731109
0.00022219908347261377
0.0004383717690708266
0.0015075020205130832
0.00045732184728298196
0.0005855238943377102
0.0016599546236275439
0.0005061416527725967
0.0011121621807538061
0.0022634703860341795
0.0006440858157604663
0.0005342693696517763
0.0009186889969266159
0.0007122265719459687
0.0008608989071360848
0.00022767074064665723
0.002029899238525022
0.0006406058181298523
0.0004821053584136098
0.0005422748965506314
0.00029407773707966576
0.0005664548547829048
0.0007829621995544005
0.000566161182989108
0.00023894678958995378
0.0009394994434212108
0.0002075171688477536
0.0008258895642523021
0.0010792709670518431
0.0004569360514569473
0.0004452982171800285
0.0005588575247060893
0.0006767510124763537
0.000674422989515106
0.0007001528698358499
0.0006212006066040129
0.0002708196460764953
0.0018346668997042273
0.001158154039686722
0.0004402393603814593
0.00046613888131046254
0.0009586333043288697
0.0024796414201178852
0.0005520258043458741
0.0004129081888865168
0.0010326064206507741
0.00041211344661654044
0.0010796041314429915
0.0006548869223370336
0.0009347973116795112
0.006060716531127507
0.0009959458219783617
0.0595913102355681
0.0008737331310077251
0.00023703042862381819
0.0004562162569937777
0.0007558219491326533
0.00043016640118767954
0.0007893603149561452
0.0009896501613853752
0.00037454443441467116
0.0004357826222520593
0.0006591125686190462
0.002741453522472173
0.0002584691091587582
0.011933985550778565
0.0024169009322118867
0.0005238560735500504
0.0009354489513432567
0.0007825169560536684
0.0008067168633492461
0.0006570357271309127
0.004122229632583372
0.0002501183004240589
0.0006723944463144947
0.00458257862166755
0.00042455877410630706
0.000494160244287527
0.0015084155559025921
0.00049966406581626
0.0006771963784650272
0.0005217458662479476
0.0010204440767161648
0.0003431880587081875
0.0009482279316777549
0.0007312107653377351
0.0007979387288403734
0.0014956104925853532
0.0001846362028985985
0.001169296937013431
0.00031597845983766395
0.0002344942324138173
0.0004374205532881239
0.0003695738358046004
0.0003772106023015037
0.0006622634521793258
0.00035221304339585666
0.0011985562172277075
0.0006108251681391034
0.00024124206144569564
0.002032182804014686
0.00018255199303931173
0.00036794580073954206
0.0007163427993806961
0.0012318367842560725
0.0003630058520219046
0.00046069366280217147
0.008924902568330529
0.0006049812747552576
0.0005775788294828491
0.0003155554217771327
0.0008758609606627386
0.0010813683979967023
0.0003455010890829555
0.0016801219439486707
0.00026305769969355274
0.0012136924407309794
0.0011041802864346787
0.0009434059640374911
0.000632998591805127
0.0025403783230657337
0.0002957236627166219
0.0003221647853165436
0.00030777109137312595
0.005096045918374624
0.0005111804528151107
0.0012241819948605
0.0010736464427440681
0.0028255272712885025
0.0008437171207037754
0.0003934654629568537
0.0012748808286794917
0.0011017078985342335
0.0005716165938621737
0.007990878345699661
0.0004852233302203991
0.0012999233171449608
0.0010226598781069322
0.018393588176505146
0.0022166655922442454
0.0009790629095230454
0.00041674890091207014
0.0003953557415821553
0.0005435775899874104
0.0008138296404527845
0.0024181348466038367
0.0008201441560000162
0.0003998338190449174
0.0005133639508727041
0.0005635174860061886
0.0012522315459445633
0.0023561651321899603
0.001663610130235513
0.000591021651844059
0.002524955527335998
0.0011481790823588281
0.0007971830182782362
0.0012184562452078093
0.0009479409539246942
0.001315533679389208
0.0010967365232962718
0.0008526588900877799
0.0004865405748708857
0.0007001644369146984
0.0001942889913982086
0.0018913896633789868
0.002096658173753374
0.014561989981952007
0.002583166473861107
0.0002621442789865315
0.011609806860965294
0.005134536880948319
0.000650904246497208
0.0003756015486381802
0.00042547186141161984
0.0006407970065009417
0.0008135330439154218
0.00154968665766165
0.0014788357924062703
0.00031277655070964544
0.0006242689240444702
0.0003025780861946996
0.0004022515964426185
0.0002203186426923601
0.002227908744710214
0.003369796660936013
0.0003723750458265243
0.0011141815948731888
0.0055105382932632355
0.0007491773748239727
0.0007543317130432386
0.00033981433090643775
0.0010775850289773908
0.0007933245016817748
0.0012032299014811342
0.0007194276832953333
0.0010817595680258428
0.02294227764063733
0.0003875227048628287
0.0002518392823307923
0.002375466001922314
0.00035023099943162734
0.002461166874192255
0.0011895802391190386
0.0005492295396447377
0.000570463153210399
0.00032283420686685685
0.00048550558094427154
0.00030689128012791213
0.00037224183561464463
0.000757726078435365
0.0003043548686300821
0.0005642241382318469
0.0003414400420839743
0.004304507621064788
0.0012395046359827534
0.0015097449851310429
0.00023582378594282904
0.0012803971433070177
0.0007420333297373526
0.001302247053207988
0.0005145543222351566
0.002350222695535236
0.0003446388136943038
0.0005031590294543373
0.0006535879522590412
0.0005579570208147584
0.0005134305794693622
0.0007955781937934297
0.0009121470501220296
0.0003805375083315328
0.00023964208019385504
0.0004734524698236055
0.0030426986068349004
0.00033616562225704
0.00209829767599999
0.002483074424365366
0.00037722593806759086
0.0008251587525046206
0.0006487270819507308
0.0033373975604096234
0.0008633053587900177
0.0002308028845051734
0.0007251100132655291
0.00024825720064043855
0.00026109903505145614
0.0008316499804269888
0.0025801785295670675
0.00029567003907576876
0.0009826639555126347
0.00020892999512497405
0.0003366368715923871
0.0009429032829791024
0.0002537413020808867
0.00022944071612048268
0.0014267367440183496
0.0003695951329203706
0.0004746490582641588
0.0003498420700965817
0.0017889253277761196
0.0013046967458200088
0.0005039621316584235
0.004392776606605905
0.0005137385985926804
0.0007918676034721518
0.0003276220829032695
0.00031020621633981655
0.0008357132626826149
0.001019865001848428
0.0005753566934404934
0.0014297008652874163
0.000379004613285625
0.0007542350202552122
0.0002571654591026135
0.0005857484779722481
0.0016419773707462193
0.004988234514352056
0.0007802722571860221
0.0022260222712285533
0.001006761762389193
0.0025900653835832267
0.0008581376575139344
0.00024626936401415337
0.0017290136039336637
0.0003307941898869302
0.000954150399344926
0.00043741627052617035
0.0027566279726104885
0.0007472552869489262
0.003147355919902616
0.0007653995653488328
0.0007016488263078634
0.0004136382159299646
0.00044919393903184503
0.0010846297561486955
0.00039663530368903095
0.0006398038685884639
0.0006240428373819798
0.00044818383046992194
0.0009696708642462872
0.0012683862878790835
0.00019754044082008831
0.0048223713503424874
0.0008585915452889706
0.0006876793211501296
0.00048327558098182967
0.0008461901874733264
0.0032397682623511183
0.00042350367198997564
0.0004993525319456177
0.00018128950076647256
0.0002584103758583881
0.0018307207306456803
0.0006473569533673428
0.0002804436442465075
0.0007530907206971812
0.0014372979098612568
0.0006307516392770936
0.00025742035608769564
0.0007889580015495262
0.0007183026981198228
0.0005204932468749503
0.0006079582392196073
0.0006020981989475087
0.002521094093189852
0.0003035962945884058
0.0007543588602570947
0.0005921526806085401
0.0034893393915775765
0.0012909160880500232
0.0054655219063494695
0.001314586134332219
0.0002674145745216781
0.0007596165302040095
0.0015410045740810925
0.0004883555115875848
0.0006405668781296223
0.0006617475111887134
0.000951603874233976
0.0005354035128086879
0.0004232806233854858
0.0017214337915077466
0.000766484834593745
0.0007270862618537965
0.0002835558089457797
0.0005784590582609997
0.0018400649437575929
0.00030918085478535805
0.0031051276199657806
0.0005665074533566282
0.0016421010004980551
0.0007325191576618049
0.00045181940932501703
0.00691021289608851
0.002017055532325609
0.0004901448254238002
0.000560734319130713
0.0027627513176425923
0.0005018248616538597
0.0005874729247794062
0.00048729754441678724
0.001489147413704641
0.0011894548391744122
0.00032395964090656466
0.0007639103815184871
0.0003890424554359195
0.0008399190616052758
0.0005379748077269059
0.001590458041983481
0.00591874421559127
0.0010697401414491226
0.0019261049277598174
0.0005880116933453746
0.0013180543026363974
0.0006433938597891705
0.0009363603926703855
0.0014235419196555275
0.000877842902296362
0.0036352146558313297
0.0005433607663113462
0.0012373393311940716
0.0004735358266564424
0.0008331366531664155
0.0011921797831186405
0.00022644025996125498
0.00040718380221304874
0.0006378057990684587
0.0004222650319448319
0.0004686247935708685
0.0009889246063879695
0.0006863364909119963
0.0034441351274460967
0.0002648090526952768
0.0011676621549771592
0.002283548289252068
0.0020276610515197386
0.0004396244378872828
0.0042613955990377286
0.00024293886802396182
0.000552783871963638
0.00401235858181691
0.00036845578835719556
0.0005307695610853141
0.0007831112410556407
0.0013578123279788913
