1.1819991829305449e-26
5.1706973701514296e-21
1.8109064771712753e-14
6.022446966426486e-17
7.188924121597628e-25
3.936687260084115e-22
3.099640648469271e-26
6.385177783559436e-24
1.0832560797611633e-24
7.141145625638094e-24
6.881806728777262e-22
1.468320773033899e-21
5.1488614553105676e-26
2.8970876137693596e-26
1.4585953603156794e-26
4.421895029221442e-22
4.464105164496611e-27
7.154016643895746e-21
8.80495469361864e-27
5.4517672990438686e-27
2.3759264268930863e-19
3.601530832840003e-19
1.483793759464291e-20
3.804568927281343e-15
6.281413710628267e-21
3.051413459871321e-25
2.2198540043339623e-24
4.934942409509185e-22
4.433799000196173e-17
4.295910903608148e-21
3.4457368517201098e-25
2.74202686261414e-26
1.3201240486721229e-20
9.022382657449489e-22
5.278119282227961e-21
1.087060871099475e-21
2.2592954651615233e-23
4.2033949532428604e-26
3.041055074309404e-21
2.9079854176173644e-18
1.1261825900047349e-24
2.379663021317911e-26
2.8392447585356536e-14
2.103713983840441e-21
8.135068097618721e-18
1.755145446405191e-20
2.376277202269777e-26
1.2161195377433303e-26
3.0127004488353776e-15
2.7523058579337632e-21
3.5466271727138464e-22
9.567368454838315e-18
1.9689335144223034e-22
6.7344646644168276e-18
1.0116340681706075e-25
6.453596131056517e-21
2.431047514568224e-21
7.767170388558107e-27
1.3599318486429718e-21
1.3515822634477863e-17
5.4299570455507375e-21
2.372201658968431e-15
1.6720352098969414e-21
4.813258526713099e-22
3.695078959834255e-19
1.8644549407108296e-19
5.029070346572995e-21
1.1048603039849268e-12
1.2307379912017223e-24
3.2378040576993467e-15
3.429779185549126e-18
1.5397908473858792e-21
5.649271849149098e-26
1.0214976463829092e-25
5.612315599639011e-22
2.555500597598571e-26
1.0970767467587969e-13
8.921636218827091e-27
6.738318459109363e-22
1.361406003219503e-14
3.698511497826222e-24
2.2441994239534648e-13
2.315343099530084e-26
1.786533715098477e-14
1.2297251881082505e-21
1.8105554342095492e-26
4.775977425803132e-26
5.921452408450251e-21
1.972544579391969e-14
6.974361320659987e-19
4.11343773870856e-21
1.862581689105337e-21
1.4908062571661056e-23
6.25649642617177e-14
1.632448545142137e-21
1.0445578446033522e-15
4.674495185120052e-19
2.465716753553927e-19
7.637019167978203e-22
2.406702363813679e-17
5.361236210984672e-18
1.420698208134741e-13
5.316818867404108e-21
4.83664911153912e-19
1.177121663852615e-24
5.766319118553606e-14
6.205016910792104e-26
6.151834455764975e-21
6.72793949499751e-21
4.074465996649681e-21
7.885944640624085e-22
3.9664083983622053e-23
1.3617119399102322e-16
1.1371560386656183e-10
2.8700379967591713e-22
1.5327038667081979e-18
1.0375649334690707e-18
8.05253266741407e-27
1.0679828385442121e-13
8.77422344875053e-27
3.238272367653412e-17
2.865465851110195e-26
1.2406800106139911e-20
5.8646499749648646e-21
3.831092588876529e-21
1.864212802434346e-21
6.429171639491033e-26
3.950561019453834e-27
5.465871959590431e-27
4.160464826595118e-19
9.02888054595264e-13
1.2238894127263792e-20
1.073655958680786e-24
7.737151961916858e-26
2.2203417661787466e-22
2.8085866027698897e-14
2.5146308951407128e-14
2.332762034946501e-26
7.78037530508626e-15
1.459567101615455e-14
2.2889175160251654e-14
4.914321275758867e-27
5.539118639510332e-21
2.1988390084565934e-19
5.1111281303098896e-27
3.9210647738334567e-26
3.7186600614588545e-24
1.3103580048775154e-14
3.242153650198708e-22
8.943275837707745e-27
1.2498974052328765e-25
2.302245372062962e-21
5.616465229854928e-25
4.1507129597699035e-26
1.6901702017828502e-19
1.0072822214533163e-19
3.5347494666642457e-22
7.946033157015459e-21
9.373854830517425e-27
1.70224633435814e-23
3.26955335259765e-26
1.3091917234040549e-25
8.463415556644058e-21
1.572685882720164e-14
4.8240960828494546e-21
5.675614666485489e-21
1.3210599043284974e-21
1.030632491264876e-21
2.0268505127352948e-21
1.0671049708182921e-18
7.133181529340801e-13
2.249901740540111e-24
1.9369521903890793e-24
8.016210167575218e-19
3.552391491592876e-20
1.3580350611982314e-21
1.0507356584032514e-20
4.466398780724913e-20
1.3729884671261995e-10
6.2307886882477544e-15
5.7423013204597756e-11
4.960497876490524e-22
1.909141670850411e-18
3.193227284596261e-21
9.786552055946801e-21
1.1930659952733356e-20
3.554036542410358e-20
9.012455558558698e-26
5.412176571005277e-27
5.2572856398106926e-21
2.2179531491651847e-14
1.3293205376968293e-24
1.7575732716155373e-25
3.289561144011038e-27
5.659804756482405e-20
3.180440159470859e-27
1.631466138138022e-21
8.922371957242677e-22
2.8121657917223397e-23
1.507635964748049e-21
4.095668949759326e-15
4.021193635878955e-22
7.452913684444963e-18
3.324435685583476e-22
1.7143222169554063e-24
6.246828565432601e-27
1.4100504441407924e-21
3.2964649603443154e-21
5.8581927857491615e-21
3.250816377476576e-19
1.6201793952282245e-20
1.0530622260958157e-24
1.2328775464897084e-26
4.587232946048113e-17
4.062504688988478e-19
1.0273965775504192e-23
1.51212072874853e-25
1.8930952744812455e-20
3.698527108275515e-18
4.55666548731752e-25
1.4816520522151161e-24
4.729717944542367e-19
1.2668820661200033e-21
2.3843490772358693e-22
2.9795338201079645e-22
2.088998305500505e-26
3.4374527283309878e-19
8.005367217035178e-25
5.360898787886682e-25
3.8928981082481384e-24
2.1440621461685096e-13
4.439540072531072e-27
4.689256016892844e-19
1.3495221460357752e-12
3.169661101053508e-26
6.350312758459955e-21
3.910105638704251e-20
4.405787357422387e-18
2.6676523190178964e-17
1.5694199162346241e-21
2.920671360631623e-16
3.65614559055671e-19
1.6123237027567066e-19
2.784785406659084e-20
8.439889896322182e-24
7.997135806736814e-13
1.482973340832659e-19
4.259841350246852e-18
1.9167828430096592e-20
2.4626617662070267e-19
6.76774167079381e-24
7.133164852352771e-19
6.302141447537034e-17
1.2708392512096203e-16
1.1344506554916408e-26
1.8758025396878608e-22
2.1490772123897497e-21
1.0613765903714877e-20
4.3553012901963934e-14
8.971889347892551e-27
6.872764461865525e-19
1.900041930909599e-15
2.318657590801454e-20
4.467709256681676e-13
8.785067233907498e-25
8.157023860712949e-7
7.606235725643904e-21
1.1072346429787425e-19
2.7745635150083495e-26
1.383906981206291e-19
9.262620960115327e-27
1.4085732495970362e-24
4.312577116678804e-16
3.7721047464294834e-23
3.713175581840608e-21
7.083383200540156e-18
1.883389782352345e-21
1.5550083939227394e-26
7.007119800800151e-21
1.9216947878284946e-25
8.149666351990324e-22
3.082044658679373e-22
2.7516935804814806e-20
4.6338101802844824e-24
1.7067298956277487e-19
8.67957501828084e-20
2.6583441257585873e-25
1.5733385177270377e-26
5.0554911364314244e-21
9.934731104391364e-14
1.8994235865194328e-14
5.115916771038642e-18
1.2253216937331327e-18
2.5399124774472424e-18
1.1227971835425683e-20
2.4510887886398937e-25
2.5859766611950697e-26
2.914973835254954e-19
8.630647508810312e-21
2.2333996424081882e-17
8.6546178179409e-16
8.670559202362029e-19
6.448147777701154e-14
4.3369862705225795e-15
1.0075420755645146e-18
6.41757225512957e-19
1.318808065098625e-15
9.34451114758345e-22
1.9292113847796853e-20
5.740193182809901e-27
4.9792868641491506e-26
5.55584995830895e-21
5.404521208792775e-26
2.107242946651277e-25
9.961271765170872e-21
1.258723645828772e-25
2.0544596182331733e-20
1.1270472576069337e-20
2.699131553102842e-25
3.3930339686580906e-20
3.5524089917030377e-16
2.560138004637457e-24
1.0685797184503042e-26
5.576469598313615e-19
1.7353908362583612e-19
1.1747944749420483e-25
7.671725156246167e-22
3.148886347853304e-19
1.9855613059860614e-26
2.3712433553497442e-20
1.0824574835742335e-12
1.1673386103492036e-26
6.569765294998079e-22
1.0773851621825819e-24
4.4180316638054215e-18
2.8965304817734165e-24
4.586240361714344e-26
2.525202397694071e-13
7.166537844628615e-19
5.365492738043098e-16
2.2227649695577864e-26
5.058908403994472e-22
4.387569221831292e-19
1.573853787764398e-18
2.7420460563505404e-22
2.0774890629598916e-18
2.6333378191459676e-25
1.0926322650361185e-19
8.369994511016373e-20
5.254234738342486e-25
2.1213653515204594e-26
2.978043923932914e-25
1.4894112582820733e-22
5.909213505080278e-19
8.277235617081139e-22
3.115391236520824e-26
3.4797471836887964e-25
1.1881067879785202e-25
1.6607410887913288e-21
2.4234376995007027e-25
1.6036615684488636e-17
9.015496773219191e-21
5.71840238474064e-22
2.0954502417027526e-26
4.532800897779294e-27
7.94635366621213e-22
6.137558631155647e-22
2.781753663438526e-19
2.130929026414233e-23
4.557775957174413e-22
1.465296088521117e-11
6.568942370697578e-26
3.0922136455298682e-21
5.1967718757379965e-22
1.2100516416596084e-21
1.692977418368986e-11
1.4548621596992495e-20
1.3423332050862345e-26
4.832248220590551e-22
1.4409340284658022e-25
8.029128189096693e-27
8.356371419309586e-19
3.894460991916849e-20
7.159516339605837e-21
9.926479896185666e-14
8.254347994901934e-19
2.347014623596836e-21
5.2261096378284935e-21
7.551862110941504e-26
2.01995964023608e-21
3.782264575497901e-19
2.2127819159363033e-25
1.782717684401604e-20
9.131375445919328e-12
2.4079095168299857e-21
1.5596583566999766e-21
9.073440536738333e-20
5.114602935303083e-22
4.144511423392996e-15
2.877625020635318e-20
3.550706314453588e-20
3.925291753665803e-18
6.680146308515857e-22
1.4999381584453228e-18
4.4318612567315073e-20
1.1907995887795531e-20
7.59290171071134e-12
6.747109803323527e-27
5.654687816110035e-20
1.9752212883236082e-15
1.7512538281794894e-13
2.6819653306266124e-22
5.677480899701042e-18
3.579699493022916e-25
1.4957808768660985e-25
1.8317306464042205e-20
1.6981015732977302e-18
2.8387455983003905e-19
1.7437833411081643e-19
6.868234571085801e-19
1.0876510005056647e-21
4.3113895934176874e-21
1.4684868992840534e-26
3.48152492834901e-26
4.828688783894603e-22
1.942993929876571e-24
1.7410614106216407e-25
9.728993865687471e-18
3.6623794889349966e-21
1.826391905714046e-17
6.779097868518491e-27
1.1311037263156448e-26
2.936834494478903e-21
2.353016043294779e-24
2.1227904490468717e-20
4.968378372280706e-22
4.7419208779527315e-21
2.8398028522371184e-21
4.7318772617132145e-21
1.20011950027074e-19
8.779015698415029e-23
9.01302307365067e-15
1.744786788928154e-18
3.850807745394766e-15
2.645567045012315e-19
3.555432557783436e-26
1.5985537623660742e-24
8.570153931479269e-26
1.7043673302391852e-20
1.55163687894881e-21
9.714733278111083e-22
1.3670223934674438e-21
1.0143293079636736e-20
1.679581203714875e-25
1.3412512425231802e-18
4.409550648200846e-20
2.988254344156932e-22
6.501535055010551e-20
1.0790267690918276e-13
6.750676748729153e-17
2.198319748271366e-24
2.4183622630047518e-14
8.943056898143422e-19
3.171140996626119e-20
1.0249202308817746e-25
6.859709124411093e-20
8.034481957124915e-19
2.84759337173846e-22
5.998706750846047e-21
5.2572869063145086e-21
2.0173059917794517e-21
7.400892225410001e-22
2.7109497466395115e-14
7.155098581530586e-17
1.345065652991525e-26
6.430514877470627e-26
1.974109959725502e-18
2.543965080802368e-25
1.01896036994745e-24
3.474035028524523e-21
1.622739087924503e-19
1.360374467788404e-26
8.474522028379235e-24
1.5638969293675269e-25
2.001082208657708e-21
8.886815500963526e-27
1.3982378631129232e-21
1.6644135305178885e-25
3.1430479055466506e-25
5.681655768683197e-27
1.772947629033433e-22
1.0056204592207147e-19
1.6373764751990132e-25
5.327036413296926e-16
3.8955944458617765e-19
3.731611799028138e-20
8.472321750935422e-22
4.293457959620723e-9
2.9160741398718975e-20
1.6648407334639474e-19
1.3813862348346718e-20
3.636265263221365e-22
6.48280615771282e-19
2.295151606687256e-11
1.1509158308310927e-12
2.6333764851425976e-26
8.807306786099497e-27
1.2210181335391238e-19
1.2926307364734037e-14
3.281004101468768e-26
4.40562560092711e-21
3.1124417284299686e-24
4.700730164785485e-20
1.7188979474286996e-16
6.939262973707281e-19
3.2992702109703256e-20
3.889188104950029e-18
1.4390711197641963e-25
1.2353146928638784e-19
2.114800147596883e-18
7.210458451466028e-19
2.665904134997188e-14
6.370707817853712e-25
9.232466897853335e-22
3.0563064299935315e-26
3.7186852162322013e-19
7.304334817708734e-26
1.2100764835833289e-15
2.9181080579017515e-20
1.6626835473322137e-14
1.8132769285393738e-20
3.0145266582700156e-18
6.736070704441011e-25
2.1305270574934415e-25
4.399445494942823e-27
3.6271085003660224e-27
5.527578461639363e-10
1.3552485091973432e-20
1.1571917724171989e-21
6.28590575773262e-26
3.4610018985534796e-20
3.485018398684661e-18
6.873320361053786e-21
1.8421984952386704e-25
8.742190664622272e-25
2.1415691300050432e-21
1.771233927612308e-19
1.6704008861186643e-18
1.3455690004075418e-26
6.299360077423347e-27
1.9046521749549697e-25
9.863746743182878e-27
1.4450003934405845e-21
5.028308611120088e-22
5.6819633390022385e-21
2.7876594646867974e-17
1.4062735141324553e-18
2.917820548636057e-17
9.317198922510815e-21
7.729710765784577e-26
4.855820693243843e-26
1.7436615746752985e-21
6.566143985733458e-22
6.07163350807563e-20
8.899358018359235e-24
2.666036821450523e-21
1.601665627236756e-22
2.8241229577862433e-26
3.962076075516676e-26
6.0104346196754955e-21
1.3553146497420127e-21
3.3898370685215085e-26
3.038803334132574e-25
2.189443888099317e-19
4.435218530361999e-19
7.296133181918052e-20
3.385422252744291e-14
3.9247641359116364e-26
8.613154830449371e-17
2.2796646338004048e-18
1.3201710952981683e-17
4.820361127726065e-21
9.033813647062496e-23
4.818377791456763e-20
3.244339362308695e-21
3.898659686776973e-18
6.375286119749096e-18
1.1205482682285199e-25
3.427036444516344e-20
4.601562471242411e-27
2.4692519629613074e-21
9.263158759289645e-24
2.7064391502413158e-21
3.289202036445935e-21
1.1945944852309336e-19
3.3165303372492078e-18
3.36524895958497e-14
2.4952171014043653e-24
4.375724245887242e-24
1.166311291556422e-18
3.242203283609866e-18
1.833662248290844e-18
2.8086649816524965e-21
1.5332007789106826e-21
2.793541650221448e-18
1.0801699206510096e-26
2.8428135373799325e-25
2.000130067714475e-20
2.2120880389010165e-22
2.996223588598385e-24
1.7529945962429415e-16
8.90920002070583e-19
5.228306516664698e-14
1.572258157037641e-26
2.5748361872383203e-25
3.269605494733913e-26
1.076666294207314e-21
4.481955478729951e-19
3.8991399498070265e-12
6.875340004331898e-21
1.053378691214349e-21
5.483470146286083e-21
3.78563088031046e-19
4.695370904711241e-21
2.8185194308651564e-20
2.941440870851748e-18
7.6907095511814e-14
6.695687785087758e-14
2.897597359704839e-22
1.598309310765062e-24
3.017471129981333e-20
5.223158838296901e-22
9.437550763751316e-26
1.6232269079351877e-14
4.4993809439809324e-14
2.674893957418586e-26
6.0375219465636355e-27
2.0560496209981262e-20
7.806801400576627e-17
2.0199279909577137e-17
2.815529450985787e-26
7.399513315843588e-11
6.764560139047869e-20
5.145330284754419e-22
2.2862282453726274e-20
3.3209088049912635e-12
5.783210878344431e-26
2.9985920146095616e-20
1.5730985256206206e-26
6.233486444674669e-27
4.38282088680871e-26
1.0682386811028213e-20
2.19389823084613e-19
3.242329998804268e-19
3.593134830939373e-21
3.1859747302300616e-20
1.691855313925004e-18
2.8582829275836188e-18
1.0874764697707324e-21
6.463569895581293e-22
5.275801348571914e-14
2.07554148508562e-21
8.77878503292878e-21
1.514060825893148e-25
2.2738713872291884e-20
9.086816703353474e-25
1.0312405815886689e-13
4.2846703721369716e-16
3.149917891800289e-26
3.2011324494147783e-13
8.718304746670934e-27
2.138190857908402e-25
4.1089098831870264e-19
3.841093483750374e-14
3.090661764680372e-21
6.7381652350273635e-18
6.727576075120731e-20
2.5967166529383026e-26
1.956670920990136e-19
4.534509990217246e-14
1.6375760002019894e-18
2.207650752480949e-22
3.327363024343696e-14
2.7991524942950174e-12
6.296033331145949e-20
1.743432986195e-24
2.0354449847809628e-13
3.1097270571822916e-21
3.6745072412297436e-22
2.2700157648748885e-19
3.612180899387948e-24
1.6800302193885204e-21
7.657138684887866e-26
4.160497690886951e-25
1.3588484076680055e-20
1.400498740703499e-26
5.6330856313202075e-21
4.769612230896951e-25
1.1137517109813053e-23
2.034439853453998e-26
1.8337181447817423e-21
1.1480806465664712e-13
1.0486849086466525e-26
1.1155427198889914e-20
3.2868358819621885e-17
1.3237333350304975e-21
2.4895190317367443e-14
2.2882634494799705e-12
1.296666349347713e-25
2.0211604311249526e-25
5.4568378673326355e-22
3.133317393801144e-14
1.1459308843633025e-22
5.169742605609621e-21
5.361141565529152e-23
3.625609553459673e-21
2.511468861221599e-24
3.839587917248941e-22
9.539689869188042e-22
7.577645766821494e-22
3.342689880236528e-19
3.590539491534909e-25
1.1170290852570963e-18
4.5322915765944135e-22
2.9977491129165517e-22
2.066866477943797e-21
1.5506867550504506e-20
1.7353624350994413e-21
8.713453048331033e-22
1.1264982359469274e-24
3.1695754556383116e-20
1.1804281339228091e-15
1.8001545265373576e-21
1.7837452671634975e-19
6.948255744607885e-26
7.556748423311129e-27
1.0053923903549997e-21
7.56641239905783e-22
2.1561564163360177e-21
6.998582019555171e-13
7.930574334353759e-24
2.618601535887735e-25
5.966947961325477e-21
3.1058606007158755e-21
2.6566891112459393e-24
4.048037871394498e-18
6.750707766802848e-26
4.351678955378236e-18
1.919107630206244e-25
4.946716993245887e-21
1.6283129213150614e-24
1.461539804030842e-19
5.050612779671267e-18
6.798997781596758e-27
9.891599674853975e-24
1.929725461920024e-18
1.9819049605964632e-21
4.850821643714813e-19
7.464894175466897e-26
2.1870551570656194e-26
1.6164510702370766e-25
1.1254181911142308e-16
1.9734180022201007e-14
4.2025077455114185e-22
2.0297805680701384e-24
1.0301397346723476e-20
5.763686722444053e-26
2.6905579580113184e-26
1.1538390758163013e-21
4.98763860236242e-25
1.6805376057536604e-22
1.1147735908985953e-21
2.6073665117932475e-15
2.3562773648669572e-20
1.8861273603548215e-22
1.1545747238326231e-20
9.716470593746795e-21
2.508643851106584e-11
2.01407139461808e-21
9.650021730748666e-22
1.558001902322632e-14
2.571362275223663e-14
1.9505416445144772e-20
1.057998391655826e-24
8.320207092860149e-20
2.2645546509200295e-22
2.2930981699124295e-20
2.393987960320713e-22
3.2343715400810523e-19
2.148700514141906e-14
2.773866271066143e-26
9.187841162773582e-18
2.6767822746305067e-12
7.929451680440919e-17
4.306171286291603e-17
1.3654247294089617e-18
2.344446661830528e-25
1.051395197623968e-19
2.0137579689974658e-26
1.9323392135829695e-21
1.2523623573496774e-19
1.0011496059788118e-14
4.072044122550731e-19
1.397049337835149e-21
1.6137436575078367e-26
2.289057183175416e-19
5.573190846883166e-22
3.563363026270806e-26
1.3933604891552777e-21
2.4300368119657926e-24
2.7794568294520555e-21
5.548707489171901e-18
1.0507781704121646e-19
8.7426321841745e-15
5.619934277050403e-27
3.292111078678364e-25
2.377111588260779e-11
3.954366431566515e-25
1.5403102978125947e-19
1.3183771000495626e-18
2.871297863411533e-26
9.499183542542247e-21
1.7377309593114088e-22
1.3773824695633885e-20
4.214501241087525e-21
1.3273324563703073e-7
7.719486750562534e-17
1.5780553330972425e-21
2.716764632831911e-23
2.0130891843097809e-19
4.205381399707825e-21
1.0289630416068008e-26
5.640530822624973e-20
1.0353989093056831e-13
3.0972949880183437e-21
4.598787719611979e-26
2.453257349720604e-21
3.0710453235107347e-22
1.3181393233364055e-26
5.341197966136669e-27
4.364943888179985e-25
9.513303795545789e-27
3.334261042911195e-22
1.775071667232175e-19
4.851701245542126e-19
5.1645908016869975e-18
2.996755053509674e-26
2.167141079622235e-26
1.0273234271761573e-21
2.061675514182317e-23
2.4552330960272315e-20
5.8352954704225395e-22
9.161369665643416e-25
1.794642744007735e-7
1.0015503116883899e-19
4.317027333044348e-18
6.379434158667663e-22
4.44071705292188e-20
7.331753456023759e-20
6.646148833239799e-22
2.0301125387443904e-25
9.108547604107805e-22
2.680340716266843e-26
3.926713645364091e-22
7.315602165245623e-14
2.904065209543877e-26
1.9662385793825665e-25
1.3032650192964792e-21
1.3345863930455228e-23
3.3754629828950804e-21
6.897386526449472e-21
1.4846202883093364e-21
5.8296274090745365e-15
1.1672258702143604e-25
2.9464715759810334e-19
1.9857900295410353e-14
1.2732799764700884e-25
2.4279841851702945e-17
3.2579978423721073e-21
5.067333074256191e-26
7.163752714379537e-15
3.078115272973583e-22
5.317769906156123e-13
2.6051792557933058e-21
5.17307945004757e-19
1.5374475777382988e-21
2.668210218140723e-19
5.130546148139244e-27
1.0462831409107938e-20
2.1828766755645513e-25
9.04740116540346e-22
1.091452474243884e-25
5.479469374477989e-19
1.9207108179009615e-18
6.647663576531043e-20
5.891269588852084e-19
8.319761011643183e-21
1.8808025461019684e-18
5.127988667055305e-27
9.117871387999528e-19
2.919502280432518e-21
1.28205171941096e-14
1.9956131471278562e-20
4.589690873585362e-22
5.532981050853925e-22
1.5035190662255155e-26
3.440541009209077e-22
3.285300278323525e-24
8.651870813306623e-27
4.1289159196514765e-15
2.7645915613281732e-18
1.166912898031674e-26
1.0473291340227351e-21
6.557307906222142e-18
3.7884351263557046e-19
3.226833060767104e-26
3.370229695468113e-19
5.734061754551659e-15
1.852297629002668e-22
4.1366174148365617e-26
4.598132167747458e-22
3.037568981936707e-21
7.29398434598511e-24
7.064630404473018e-25
2.397765115462314e-21
1.3889446778999977e-21
4.056775425591868e-25
2.1401810063405686e-26
6.3380854463541e-14
9.731314165130881e-16
3.3420762822375954e-19
2.922259311031003e-21
4.3561466391400704e-21
1.4712102248393418e-18
7.568779897664559e-26
3.82373740366609e-21
4.705547181892377e-26
3.2090366308161557e-19
5.29674507306767e-21
1.2599477421418522e-14
2.5353174800190207e-26
9.789503448755999e-27
2.3064427227250733e-14
1.2155343491906247e-20
1.1395374032665766e-21
2.7167492302085725e-23
5.422721612119804e-20
6.428808971361307e-19
1.1235436941459195e-25
1.4868406501500888e-25
2.53522502776039e-21
5.316395432579413e-22
3.8596439300961935e-20
1.1775457072548004e-25
1.9130022150177944e-20
1.0949954820297386e-18
3.704075572716972e-26
8.10584572889908e-13
6.828517460425647e-22
9.195495889988728e-24
4.001640890378677e-18
1.775768139992023e-20
9.310245209864357e-22
2.8946634007155917e-19
7.749239149979013e-21
9.219874439799742e-18
4.904802256005954e-25
1.8830439971890024e-20
8.520525356465492e-12
1.2719216196408828e-21
8.71400654002074e-22
2.118055554103282e-26
8.201596790395101e-18
1.4439869890075855e-26
8.42387186380634e-26
5.769314088755675e-27
2.5677539320039597e-14
1.1229681223576993e-19
9.157279935942707e-20
5.638484064861695e-27
1.2858998098534861e-20
1.7500073737502015e-26
2.3833342163921823e-21
1.3634125282101968e-26
3.6197311603868134e-13
4.40840066506267e-21
3.987233582002237e-22
7.055405022286544e-8
8.928186974283303e-27
5.934922864632815e-21
9.892801112921758e-19
1.6080801479647998e-18
1.2746017007741744e-25
2.206072576706503e-21
2.2993698140001463e-25
2.239048517088688e-26
7.868063424624397e-22
1.6344218327054794e-19
1.2342777371065063e-25
2.917698592378044e-14
