6.94073440701757e-5
0.00013374123164776005
5.307128508060146e-5
3.472650974832019e-5
5.905534334150655e-5
7.255485159203587e-5
6.757235455744137e-5
4.97297059686651e-5
7.115288774201854e-5
7.211828835404086e-5
3.9600042787153005e-5
0.00010406196442755837
0.0013806051309232096
7.189978298603222e-5
6.290857734262075e-5
5.312550932469887e-5
5.713707631865722e-5
3.808463507998547e-5
5.383748184492431e-5
9.506517773307358e-5
9.636617235557117e-5
4.3346122825853385e-5
6.84814862151707e-5
5.020775250568416e-5
4.8915828392429545e-5
0.00019190080635686846
3.2757312415528924e-5
3.0302383895754957e-5
0.0026561444468151214
3.2241063562926615e-5
5.131168168689458e-5
0.00012506369585464985
3.5039300809735486e-5
7.270082526099752e-5
0.00015479515915504895
7.088942089213455e-5
0.0001519163227289185
0.00020145170149546966
3.7664759563935414e-5
0.00011346613131392916
0.00019165240670276394
5.7521388097982855e-5
0.00014882456051164292
8.842428365613739e-5
7.340819004500907e-5
3.70912075519418e-5
3.6217817539064104e-5
3.7815773952544566e-5
7.961911473731748e-5
8.155348539895143e-5
8.906723116001391e-5
4.502045361331162e-5
3.469453571188946e-5
0.00011863256924066067
4.389794684097372e-5
5.439225413355334e-5
3.487352719468908e-5
0.00016910858438451973
6.639089934985122e-5
0.00011443141963260521
6.217981066148561e-5
9.145535526227451e-5
0.0001174343414453299
0.00020724483132414717
6.573888215058642e-5
6.44507722871952e-5
0.00015412153534879146
9.416615996632124e-5
5.474918562482043e-5
4.09284970301192e-5
8.207999982713383e-5
3.475796538182293e-5
0.00012469567319576858
0.00014213973915839527
0.0001331275540409659
3.875430624180108e-5
0.0002809973370716062
0.00011808819517279944
4.041311379018851e-5
6.975704612174339e-5
0.0003704794079149993
6.13169047524663e-5
4.432192060958716e-5
9.042359295438718e-5
7.055166462412579e-5
0.00013452936321982296
3.3558742510640205e-5
4.707341074064249e-5
4.8080726187096927e-5
4.8723073630854215e-5
4.080193204809769e-5
0.00019755500526938224
9.368140123445083e-5
7.220795728767671e-5
0.00019836862985508585
9.395393527754485e-5
5.9923654525995315e-5
0.0002399650122089018
0.00016738828568548629
6.456449365593617e-5
3.334682467730348e-5
5.727725803682582e-5
4.367817346443629e-5
0.00023703320892581298
0.00017826801680469355
8.28581423916832e-5
3.4475314729145446e-5
7.967341739738527e-5
0.00013148662603399046
7.886784633994355e-5
0.00014823153032130396
7.915694320355992e-5
6.797721539794602e-5
4.2148650923781134e-5
6.521869945678532e-5
0.00011430649432357356
9.654311388568123e-5
0.00011670433545774967
5.077787589625462e-5
9.629944856873972e-5
3.076270557263969e-5
6.352085268875752e-5
5.939229324002885e-5
9.380379841586021e-5
7.385863943077907e-5
9.669787437868159e-5
5.745992691434637e-5
4.0622529597568394e-5
4.343150802786452e-5
0.0010014317683055365
4.1481451507678784e-5
0.00015184345150451905
6.291907192268829e-5
2.6755398081039256e-5
0.0001243848893343967
6.276801384735873e-5
4.723617963450712e-5
6.346700718820726e-5
9.973254388003846e-5
8.921811077938451e-5
5.005145174920624e-5
8.241065992735687e-5
8.675328118603961e-5
3.9103656157578e-5
8.138976666760285e-5
4.0810063048883115e-5
8.404057130180754e-5
9.28932876147567e-5
5.5425285863254155e-5
3.939358276629918e-5
0.0001445444492052298
4.842099803701152e-5
8.024647896703268e-5
0.0001374133314768225
9.020085541769422e-5
0.00013721532896223665
6.052504200127161e-5
8.770062592338778e-5
0.0002264634074944608
3.4771410656330036e-5
3.440335307612777e-5
9.63801515941859e-5
0.00014152418563678315
3.3375357772598465e-5
9.428685859685657e-5
3.668976804285815e-5
8.077641456896884e-5
4.1285562737906466e-5
5.540016538280782e-5
0.00012824659837991717
6.555601313979929e-5
4.19642392772905e-5
3.5558247416331896e-5
6.162732737792423e-5
4.233742378865934e-5
0.0001887625003587549
6.96826861429677e-5
7.28975021391095e-5
0.00011288289389789106
0.00021996811117115187
0.0001263152593695529
6.01575830860406e-5
0.00012096475142975657
6.878415793381271e-5
3.360196902153409e-5
3.0497813084056148e-5
0.00010962011842180301
6.42165845234677e-5
0.00012062213868259477
0.0001304936660112774
0.00020755463547154302
4.020090604911702e-5
6.193981952066787e-5
0.0001353035851721156
3.76051725453877e-5
0.00024179740623314844
0.0003011532103976244
0.00019376632801277563
3.9092191479578766e-5
3.64095368712725e-5
0.00038533530930081667
4.9451496753859575e-5
8.770693555985855e-5
7.388918330144525e-5
5.607332833416669e-5
0.0012957004420317418
4.329996927055572e-5
9.386665136776592e-5
6.542149823970161e-5
4.4218970772775306e-5
0.00010008040147227966
9.586007163888393e-5
6.018846438313858e-5
0.00020168154003667515
4.3729908625342095e-5
8.743694827506671e-5
7.586053660228818e-5
7.197113045596398e-5
0.00010331681276482132
0.0003178946968405217
5.5950396144536944e-5
0.00017158642479412953
8.754948106779039e-5
4.3190837730571156e-5
6.003365461624561e-5
0.00010217178254722032
9.602419500685179e-5
0.00018044413294698706
5.7812228271484256e-5
3.5334142241555934e-5
4.037538645535792e-5
0.00010249623823419156
8.391522538108692e-5
3.9221640082569565e-5
6.1812588517261e-5
0.00022923042359295113
5.4863763438182965e-5
9.218398689510777e-5
7.3725976407905e-5
0.00010043590170450612
4.707998395013046e-5
0.00024786167988712695
3.627130706085596e-5
0.00012417194962999212
3.8777761551258244e-5
3.4083451755387905e-5
6.918120121397292e-5
8.269636090758631e-5
6.25255311778295e-5
5.78736902017213e-5
0.000103790670858588
7.237540508969502e-5
8.026410907422493e-5
4.129946613510129e-5
5.674146493186489e-5
9.89260095454018e-5
0.0005972804320680907
7.444005748637109e-5
5.802693979522847e-5
4.34056479240099e-5
9.112132271239744e-5
0.00030652383483909044
0.00011535152302164643
4.518905429932479e-5
3.5611884460446385e-5
0.00017779804655143866
4.571449129379516e-5
7.123444270330314e-5
4.2597170590620174e-5
0.00011181578348242699
8.8731118548882e-5
9.96694574929792e-5
0.00018767092371768876
0.00012084383480132745
5.057019504598637e-5
4.5979528238250574e-5
6.756895113244818e-5
3.2902998414580216e-5
0.0001960116921944209
6.26755963183099e-5
8.09055619035978e-5
4.791393192262565e-5
0.00015579241777780516
4.8247106728964995e-5
4.964792320996859e-5
7.782149071823442e-5
7.352352325520705e-5
0.00011657166892731194
7.734876631387388e-5
5.257028760424652e-5
0.0001103609685518305
0.00012765404097345604
5.4345807554231746e-5
3.970674419688923e-5
3.1415416365526546e-5
7.983954457114322e-5
4.3185901503293674e-5
0.00010853955369784125
8.342329469220176e-5
4.24893662921312e-5
5.528152996601655e-5
5.4867370240348886e-5
9.345430661998516e-5
8.895528453210655e-5
7.596662247933998e-5
5.190102246226485e-5
8.02916777994549e-5
0.0007076220661829297
5.7854131662378135e-5
0.00012291066201856096
0.00014903634365241895
0.00011198042087160179
0.00016247514836451428
3.885170316473755e-5
6.661062071921061e-5
6.618377888377228e-5
5.158084013692203e-5
0.00022070910124286972
4.362908942589988e-5
8.999019764367467e-5
0.00013004106551591914
4.1027445779453693e-5
6.422613607536955e-5
3.781849098590337e-5
5.420728051307852e-5
0.00019077637728756317
6.903103088104597e-5
5.990325852849008e-5
7.48199385937815e-5
5.102427555229959e-5
0.00010622585946359875
8.165460811548927e-5
3.969331182384312e-5
6.944934733708487e-5
0.00013387422906464247
0.00035269881380902725
0.00012682528594712536
5.2681053082588034e-5
7.693252155029444e-5
0.00011739651070137172
9.03187090454882e-5
4.558426735504119e-5
5.261076313943205e-5
0.00019555596973495017
3.681190366783433e-5
3.7065131870291744e-5
3.820294858432196e-5
0.00011691564114092277
0.0001389763725197819
6.413821104846572e-5
0.00014061472002651593
6.92103800891753e-5
0.00028434043882112435
4.218350275127703e-5
7.083713950647132e-5
8.47442375558197e-5
8.443532322135247e-5
5.3151488900174786e-5
0.00017480534599191455
0.00014207122069027052
8.607363344539797e-5
4.971390854538034e-5
4.6550363093467564e-5
9.012456628695502e-5
0.00018131334405180303
8.143873519139638e-5
4.66735750946983e-5
0.0001473885543779889
3.6731636197182065e-5
4.9664398580742194e-5
4.4091389655358315e-5
0.0024827644694102374
0.00019699922529498666
0.00021607523761058313
0.0008405629842377632
3.573798080964342e-5
0.00012874615349112688
5.048928683329977e-5
0.00027941187276712026
7.741533680370234e-5
0.00011832285917515668
4.5402276422719306e-5
3.922417041840966e-5
3.3190766380787105e-5
5.160493627545253e-5
5.766882370989091e-5
7.027792691859645e-5
0.0005052888443923436
7.252023557470318e-5
6.13837575928261e-5
0.0003114615826791293
0.00018855313446919893
6.387159534667404e-5
7.843101700291363e-5
0.00010480271937931414
4.7190615923608645e-5
3.9473406552720755e-5
0.00033019677819597646
0.00012076478918462265
3.372028580932808e-5
0.0005485867712902485
6.169366532052431e-5
0.00012248024155167556
0.0001070778566500153
0.00011407638751958654
5.0593009976714965e-5
0.0002426769834161263
0.0001923575355296857
4.201536958466931e-5
4.207579848735308e-5
0.00018741010320828157
0.0005508902846271633
0.00010420332079863373
0.00016824037124120485
0.00018187844555140933
4.371264765421707e-5
4.3004737268139514e-5
0.00012380264597867805
8.065087618337995e-5
8.540060461940649e-5
4.4517338294866344e-5
4.45442577241522e-5
0.00011887032015023315
7.904074779035284e-5
0.00024621494238602124
5.672677087179754e-5
0.00028715059129757336
6.04165328636016e-5
0.00011350471580979261
0.0001560968479002951
9.793765948660256e-5
7.830634666970841e-5
6.575507898135571e-5
8.20477754503127e-5
0.00018310060194795736
6.970746049082036e-5
0.00015956964988840235
4.121500718725991e-5
0.0001075688947072411
0.00020827142648648832
0.00011631104397687465
0.00011423464403610017
6.967794760447388e-5
5.200431813881857e-5
0.0001549529074077241
0.00012151768904507264
5.8764018404565126e-5
0.00011021912315531942
6.656449996900345e-5
0.00013709768834214924
0.00012479208159095606
0.00010507805113821428
0.0007967008390867969
5.8858818615416784e-5
6.425931676532001e-5
8.789105103717641e-5
8.974557159489795e-5
0.0003845289370429636
3.5147437567714444e-5
7.911324589538627e-5
0.00011305287703852012
0.0001965635932969357
0.00011225000229088783
6.660533432639742e-5
7.955056699796545e-5
3.511906213174256e-5
6.804326346351667e-5
6.371938950789858e-5
0.0001426802282699684
6.540616326919859e-5
9.566623861777849e-5
0.00011778387905714943
5.289646701734193e-5
9.31152415363829e-5
8.034475937812005e-5
3.720410229856076e-5
0.00034379857842552127
0.0001795830083423653
8.627455853524003e-5
5.943888613816493e-5
0.00010039441098190571
0.00012551606044399095
4.242233961541361e-5
8.796500167648138e-5
0.00010011109766776727
0.000424733159447539
0.00011026951484696211
0.00011599856950516897
6.207255775015454e-5
3.8730218070901536e-5
0.00013849193611173194
3.1623960160066294e-5
7.262583086318366e-5
3.840602202358821e-5
6.160518063094269e-5
5.457840232698638e-5
7.080007229415922e-5
4.452357607968714e-5
0.00021388089005080474
0.0001377069705579831
3.8232076262258535e-5
9.059512062771139e-5
0.0001343154023528473
4.440296878504393e-5
4.937892418111352e-5
5.856673480834577e-5
0.00011193752206866831
4.599386795516436e-5
4.685397060226593e-5
0.0005161218246946657
4.643468638829268e-5
5.9155132891632925e-5
0.00016775858404480994
0.0002792857437027364
0.0006459034918863142
3.822627271351602e-5
7.175255626152392e-5
0.0001216755053312822
5.486491792244067e-5
6.876099066186566e-5
0.003085085890183107
0.00011468252944973656
0.00011816968961853452
6.327065900924031e-5
4.696006965778083e-5
8.194640617542053e-5
0.00012623532810611225
7.951389539828581e-5
7.994896918169768e-5
9.267363292376781e-5
0.0002518454218750287
0.00021750680447660018
8.60119785354163e-5
5.045931158042247e-5
0.00014529056660789495
3.435869821204553e-5
0.0003222680146695232
7.35227182262725e-5
0.00037807521144836187
0.000251472140891727
3.5737863010604725e-5
4.69871831912926e-5
0.0013688690734502105
2.934916646508245e-5
0.00016869662616290928
0.00011439802556469958
8.671076124346196e-5
0.0005878322005421396
8.386275153769989e-5
6.585472923668072e-5
0.00010288090554216872
5.521445351584475e-5
5.6575095176859686e-5
6.059391028016743e-5
7.769191355589231e-5
0.00013998309778549185
0.00016097405859895542
5.1878300740799106e-5
3.25225662675689e-5
8.553874204935245e-5
4.902320771631653e-5
3.369538290890218e-5
0.0005235230330657574
4.597824216430764e-5
7.072843733688215e-5
5.123920273687652e-5
0.00015213596217086744
0.00012366722296265566
5.4858058104562064e-5
9.625130325408013e-5
0.00011891976922213184
4.524486057705298e-5
8.214055969010415e-5
0.0001362835038731748
8.793474543880899e-5
3.039009028424838e-5
4.679628194744609e-5
0.00024503724845918875
0.00011195785266170428
0.00014957891917685226
0.00017486974260359957
6.298348327694913e-5
8.051754066440897e-5
0.00012577569546958915
6.701788930079027e-5
4.182273201225355e-5
3.050976817997705e-5
7.85863444173956e-5
4.555931670026366e-5
5.3521966733921225e-5
0.0002504890202990384
8.999601982631143e-5
4.552656941008781e-5
0.00026448981834655385
6.406119100818618e-5
7.168755164327675e-5
0.0001663080745675486
7.203717422737712e-5
0.00012308012173540482
0.00013183845784433445
3.688461344457375e-5
4.165713027138402e-5
0.00012244836820665556
0.00015374638302508402
4.802516125680369e-5
8.457507722779596e-5
5.5858948300595147e-5
5.775583457643957e-5
8.282209426133897e-5
0.0002375268463920248
0.00013867759075182018
0.00011401633321241297
5.9727622479724815e-5
8.158743008507132e-5
8.921494984033337e-5
0.00015930279465499705
3.111729907073198e-5
9.950953897810099e-5
7.650501148591449e-5
0.0001492623776745476
4.5114954247354666e-5
0.00019220509012423268
3.094921746214271e-5
5.097375416153513e-5
6.861296267774683e-5
7.328193164772967e-5
4.512039077607847e-5
0.00027425479791309663
8.480911795136553e-5
6.15201345938434e-5
9.16560704745743e-5
4.832399484994045e-5
0.00018203135514923473
9.022826639573898e-5
7.720344107230947e-5
3.553733491518366e-5
0.00015484683819855442
3.569819590147277e-5
0.0001423599644306463
6.115266359915128e-5
6.486718009423408e-5
0.0001996828044640881
0.00012394630557357325
6.072916840598501e-5
0.00014178717384407004
0.00010713753846836549
5.947868255870241e-5
8.15545949517295e-5
7.595173121528174e-5
4.7780856610897687e-5
9.947532825670106e-5
3.69748763496768e-5
5.800454249244475e-5
0.00018675220777174603
8.643010219350318e-5
7.808276660208901e-5
9.252829007261051e-5
5.0163298198888346e-5
9.680236531263511e-5
0.00021321933802070808
3.55250319781752e-5
8.7419966421715e-5
0.00016732532425405857
0.00020342251088964597
9.900263610999328e-5
0.00010673468151246644
8.797367253189417e-5
4.051411215340211e-5
5.904516744818395e-5
5.522342625351051e-5
0.00010572051339678271
6.691281169709606e-5
0.0001595927148231695
0.0002195543520211935
9.767438869463502e-5
4.1551441726308955e-5
5.721590282124363e-5
0.00010357975217950299
4.9860272815180013e-5
3.815836379258857e-5
5.29964970991116e-5
6.664240338586698e-5
9.109765723204046e-5
0.00010035246125671624
4.862627732871751e-5
6.593138177466149e-5
9.829671779875114e-5
3.609528460689092e-5
8.95740982833406e-5
0.0001301856727643917
7.306000846398668e-5
7.575240337810002e-5
3.787052622346933e-5
7.570015997456201e-5
8.299996409500939e-5
3.316805049293029e-5
5.9253246627427204e-5
3.1763052658006916e-5
0.0004047165509457785
0.0002827149307836579
8.152656286641475e-5
4.0884103177392e-5
0.0006324777230899227
0.00013021314090555768
0.00013401604026813893
0.0005465886647338998
3.1105027512336526e-5
3.526793537614977e-5
0.00012241793669726092
6.578130375161784e-5
8.846803266855869e-5
4.088395338096916e-5
0.00010874051932063706
0.00020791813787630062
7.571549128851011e-5
0.00011435371010902537
0.00019632718566427884
6.226014857668777e-5
4.566004805258553e-5
8.165553764912425e-5
4.6910059957626744e-5
8.506559527517934e-5
8.080219488174903e-5
0.00020380522163120576
9.147022361140521e-5
0.000160901749765348
7.619335383066196e-5
8.354448840222974e-5
0.00048163047383763236
9.999798200836735e-5
0.00010886252255122788
6.275173435853214e-5
0.0001053523186816644
0.00012025350875910941
5.3768556346226274e-5
0.00012428257353384135
7.978346884138507e-5
7.7857311601187e-5
7.264498593986159e-5
7.784890542915804e-5
6.393435161901666e-5
5.219189148900483e-5
0.00022657059028880372
5.400473688082512e-5
5.870463957028083e-5
8.049766684420835e-5
4.2331721807905044e-5
0.00015222431416065093
4.769001136560377e-5
7.809576187554814e-5
0.0002026272698024795
3.797992450718428e-5
5.0774653691156725e-5
6.1016981138534946e-5
6.0635107010012245e-5
0.000560245983179513
0.00013743041614761926
6.684433118061968e-5
4.537498018695807e-5
0.00014849834405391521
0.00026979077919982245
3.5034222522463296e-5
0.0001356414876429163
7.40986235627346e-5
0.00012412849658357584
6.283055130851327e-5
3.826743702416595e-5
0.00014798164986839547
6.0426494210804497e-5
0.002623907518918066
0.00019744768635615505
0.00011017868615566629
0.0002632776224896434
0.00030685813936002864
7.742623916973968e-5
0.00020209513774846217
0.00016651971646090385
7.809340817052613e-5
0.0020996504310254642
8.555263825223304e-5
4.814527482758894e-5
4.955887000842706e-5
0.0001228319945162187
9.817972809056456e-5
8.85903782462241e-5
7.589865116296124e-5
0.0003959957512311912
0.00015905760594767945
7.434238930223059e-5
3.577617717369247e-5
0.00013017431760365428
0.00010236869888136784
0.0001367090026619648
0.00027373272239098384
0.00021191257400649915
7.680163121319541e-5
9.513641205305057e-5
9.05701236250872e-5
0.0003727555880984275
0.000266924843280563
4.193356457161456e-5
4.0431720535822095e-5
0.00017350683332250546
5.4726109834901906e-5
0.00011158945661238665
6.568005542950165e-5
5.180103102152184e-5
8.10318040659741e-5
4.2965558905545725e-5
0.00015380691462586342
5.5636262892466945e-5
0.00016696765282652186
3.414186171913922e-5
0.0001957174581028449
8.673366993605719e-5
0.0001237244861100124
4.6216535598666315e-5
8.597533198770755e-5
3.422922431419698e-5
7.801929905256536e-5
0.0005567299994573535
3.252717115217174e-5
6.126474185422822e-5
0.0001267457336213768
0.00030175171714105813
0.0001179164796841915
0.00010417549011112766
0.00011440843364458036
5.2876743903529624e-5
8.099874723492559e-5
0.00011451692421158344
0.000107172132565972
9.40349311112314e-5
3.337591120293338e-5
0.00010456853652338008
5.5831293266759294e-5
0.00010322694211612795
7.2638168860588e-5
4.944124142983607e-5
4.41246189124437e-5
0.00014625046959774952
0.00011651127491696041
7.039262143938504e-5
4.617230103934596e-5
0.00015739513808838045
0.00014693912880600147
0.00010925558707273993
6.902848092243803e-5
9.794467659703285e-5
0.00024439820448569417
0.0002126546218878615
0.00023672021907898417
0.00012003807678789258
3.839192620379834e-5
4.787399942391866e-5
0.0001421208582354316
0.00015578037211549795
7.178156744867073e-5
0.00027959957320977457
5.46959780303496e-5
0.00016222143194990604
5.1279015302887926e-5
0.00012345244555805705
0.0001005406113150593
8.611555299482345e-5
0.00018112770453297227
7.985016864443638e-5
6.162015006975274e-5
9.828093494986727e-5
6.761188389794403e-5
8.694268147277789e-5
0.00011141712198230405
9.809939705191896e-5
3.6603649938604246e-5
0.00011953288953110801
0.00010195553607309651
4.0823333590551516e-5
0.00019259510729344656
0.00012000152726736572
0.0002434407362363235
3.1737549074865535e-5
0.00010393066879739136
8.64090827817105e-5
0.00010397910222427177
7.887913218707312e-5
3.5269154715112084e-5
0.00024866408176471675
3.983424526162983e-5
0.00010500876971274517
0.0014649755259642265
0.0001364717120491283
0.00010065684685332341
6.27498317102115e-5
3.689395866353883e-5
3.6067095524695215e-5
5.789668805447643e-5
0.00010112044874579427
0.0011778465100910896
0.00026840473582613394
3.7710113204355195e-5
0.0002811455283239775
6.633897292054065e-5
6.460093733295606e-5
6.427217022868469e-5
6.566564271490105e-5
7.423079807875469e-5
9.686990839243463e-5
8.66190440748692e-5
0.00024883590114014816
8.817209184863148e-5
0.00010678195589506454
4.7223129541698886e-5
8.879496361285183e-5
0.0001499490612438646
9.56797819351585e-5
0.0002530434293765312
8.631307588166159e-5
0.00011723159626375467
0.00012628446055135112
4.313829873944695e-5
0.0011694737082974611
7.319918408147344e-5
9.802957178213143e-5
3.9122266362099704e-5
5.1648054345548465e-5
0.00013026020142745554
0.00012397490415641272
0.0003073029522739689
0.0001333029074718776
6.035913388125651e-5
0.00017706232672424303
8.770607055715925e-5
3.71963411147618e-5
3.23223141186918e-5
0.0002648140103810886
4.281434949348384e-5
0.00014120518831638534
0.00019441397835726746
4.407873382006438e-5
0.0002700214433239293
7.163557809708976e-5
5.317798563426561e-5
8.126652060386418e-5
4.6588676444438354e-5
0.00014308573230027558
7.654948459370822e-5
0.0002865587107722564
0.00011543561678490994
0.00028522801101948415
0.00018924004088960705
6.18544204467562e-5
0.00011506316362731403
0.0001176088764068802
3.9758346538533025e-5
0.00029525691172363196
9.743702576245217e-5
0.00017869168349494386
6.830021446204606e-5
4.097842346994513e-5
0.0001092179289942988
0.00031928974032586024
0.0001594300347943269
0.00013395200734346135
0.00035746672083059587
3.858619880199755e-5
0.0005415191863295493
6.156146398717664e-5
0.00011794138034603626
0.0001279216230226457
9.694375507577092e-5
5.2076629830651765e-5
5.253244633129786e-5
7.258234292203084e-5
4.123312115442477e-5
8.488700724894855e-5
4.0595131187127276e-5
6.485227448376696e-5
5.324491468757957e-5
5.1260042676698886e-5
0.00011843704485348164
0.00010042912768855363
5.35264169168085e-5
7.761808290622865e-5
0.00012214881824630866
4.746592968493572e-5
5.30680903174489e-5
7.435373083976511e-5
0.00016547054240861238
7.493572836501975e-5
4.690397445451634e-5
0.00011704684774502835
3.5855928845130864e-5
4.9456807052945505e-5
4.024681572587362e-5
8.453330229934403e-5
0.00037604784466438115
5.9548902985032206e-5
0.0002454145933344806
5.168926888801241e-5
0.00010395075808496783
