1.576098060743958e-14
1.4488519399625497e-15
4.0909944170896955e-15
6.290470362527164e-15
4.29642606902945e-15
1.2766635582889879e-14
1.679952274773838e-15
6.141476135415458e-14
1.8879499838517063e-15
2.014902216290307e-14
1.4537575137459813e-14
9.7351479877067e-15
7.496439689791196e-15
2.3164218165911245e-15
1.2092033237528491e-14
2.8161548666789845e-15
4.4989272155664136e-15
1.0021913943314581e-15
6.726573490934644e-13
5.470984362986366e-14
3.149451569755906e-14
1.7624038796233346e-15
2.380347309315941e-11
3.292845755420217e-15
1.7005794398708488e-14
4.769280644975365e-15
1.7150540309441598e-15
2.6975179829503817e-15
2.862092382108978e-14
6.391205126880526e-15
7.760464353788788e-15
1.5025792016829996e-13
9.352398816033807e-16
1.801645113384296e-15
2.4926888495309366e-14
5.4460166679597405e-15
1.5807304758020837e-14
1.9622183552159086e-14
2.4299436284198395e-13
9.925237312941164e-16
9.271206365657268e-14
1.1090942038584038e-15
7.302302939792247e-15
4.0464685082318255e-14
3.804068673657445e-15
8.493932014216271e-16
1.658188722474942e-13
1.3133791972205226e-15
3.05507453454826e-15
4.899860290070267e-15
1.6632500865879302e-15
6.8155454750392964e-15
3.505107061698439e-14
1.5545334528022546e-14
2.733149478822418e-15
5.973370354761763e-15
1.748757605593905e-14
2.9220230941426204e-14
1.2889531289352592e-15
1.4133232245743176e-14
2.7464962754597502e-14
7.63469931723592e-10
1.5178053831902122e-15
1.6518865811106904e-15
8.043690103607942e-15
1.0359712888953528e-14
1.4221224749436782e-14
5.1681232300093585e-15
1.7385886432441603e-14
1.0010887748210688e-14
1.0683973513291903e-14
1.2162133790041482e-15
1.7133495391974443e-15
3.175986375283766e-14
5.289111321184173e-15
2.6441409414446073e-14
9.71373825536407e-16
1.1187704279624302e-15
3.431830336198739e-15
6.526025664581353e-15
1.0930550330274152e-14
8.958251482475613e-14
1.1694716402717387e-15
1.498355027103349e-15
6.560877237221508e-15
7.349206000325322e-14
1.6009634227354597e-14
1.2247302553681902e-15
1.8385480352756685e-15
7.266423640233388e-15
6.692845683606942e-8
2.0220691780934947e-15
1.4396502885412623e-15
8.297562699181269e-16
5.6265633457663396e-15
2.783392492813234e-12
2.6705642351867948e-14
4.096036530938903e-15
1.881244735807882e-15
2.9109270780479036e-15
6.0372143291744e-15
1.5980960104747755e-14
3.783246412137763e-15
1.7045813758311367e-15
1.3584668799544728e-15
7.049865323848083e-15
5.707348975358992e-14
2.5195469042417786e-13
7.450016365500961e-14
1.8959398254285087e-15
3.004389846446224e-13
1.763883066683428e-14
4.7093204775604005e-12
1.5967142056647436e-15
5.39699571347002e-15
3.083238979114904e-15
3.5544954112037375e-13
2.965674247408728e-14
1.1447269633999494e-14
3.022922174572015e-14
7.027377868477735e-15
1.884564769875425e-14
8.889918416845065e-15
3.874996595151507e-15
1.2777623195311739e-14
5.338163622015348e-15
9.616892269530934e-15
3.544873401327391e-14
9.562894112179014e-14
5.003201210639941e-14
9.326998647673989e-15
7.650679787735769e-16
1.5158543440460312e-14
2.236063298083707e-13
8.169605462444162e-15
1.3789685307978745e-15
2.0477806925940393e-14
3.0867335157012872e-15
7.412970704513386e-15
6.220899776797388e-14
2.3136180850860626e-14
1.6665241760084507e-15
1.927626008868404e-15
5.642530185822376e-15
8.173739320829735e-15
6.367163843478923e-13
8.638003038748994e-15
2.197496406161174e-15
1.0223643265124752e-15
3.310121069107774e-14
7.12996211399296e-15
1.2667927870429362e-14
3.0553878330666022e-15
1.562099267840528e-15
4.055070384084872e-14
1.3499039597654791e-15
2.2370133129304434e-15
2.3918765577628134e-14
2.9524790844999513e-15
4.1697026040607996e-16
4.229865718920571e-14
2.8106660001023092e-15
1.3696349776551365e-13
1.2961614463228695e-13
9.18545457659942e-16
2.4996403674855016e-15
3.776720035119287e-15
8.508147298608229e-15
6.640068290999154e-14
2.2605509487008927e-15
1.9681281972182727e-14
2.310973952422789e-15
1.7829035310854665e-13
1.0462016818978943e-14
9.655892350305544e-13
2.1932053321447263e-15
7.13523371983034e-15
1.7548022586163049e-15
1.9758608018151776e-15
3.1957900970644058e-15
8.040261794974921e-15
1.1019951577559776e-13
3.559556627338754e-8
6.129300627152343e-15
5.874951392642218e-15
1.1312706978779286e-14
1.002174086762211e-14
2.5633290633988245e-15
7.565724473877634e-15
4.896421595513551e-15
1.4754465619906812e-15
1.2802881469154488e-15
4.763064885345075e-14
1.0555417889787131e-15
3.115759609791213e-14
1.9614765494599163e-14
2.784636025182145e-14
2.3772323517599196e-15
1.377736472318325e-14
7.141115296968148e-15
5.742637485630839e-15
1.0301862282169903e-15
1.6191374298967868e-15
7.016188463764594e-16
4.0957321339001323e-14
6.065451141465329e-15
3.088426821467274e-14
4.254513624070449e-15
2.7535800948355943e-14
3.6954848404816133e-13
5.507277136084601e-14
3.88241484813122e-14
3.822104589254061e-8
1.7852175894519146e-12
3.343069230824562e-13
2.434449476708742e-15
2.6673918558513026e-15
1.1631977855173086e-13
2.7751927299320376e-15
2.9206596228274527e-15
1.29785773860912e-15
5.52142372344053e-15
2.2578094411525263e-14
3.1832490849508567e-15
4.928565804982014e-15
1.3154991314955102e-15
4.594560653038816e-14
6.645366340298006e-15
1.3303914889797161e-14
1.0852004493862503e-15
2.1866779824935785e-15
4.728797024344644e-15
5.688711887668498e-13
5.312952518066974e-14
1.1014022665781676e-15
1.0043120895496715e-14
4.5337719204364254e-15
7.68880810132229e-15
4.213470919767173e-14
1.40366100482216e-14
6.968305333426086e-14
1.2883194625217752e-14
1.0429394852953496e-14
6.923614503330703e-10
2.3233602793945414e-14
2.926150367660087e-15
9.176382580404993e-16
1.9996355504148907e-13
6.065355487382155e-13
3.9382421519990405e-14
1.995281729476787e-15
2.4963781767030053e-14
0.00016951234827342
1.258651186086128e-15
1.107040669846873e-15
3.822670775572455e-15
4.803849383346187e-15
2.5212454392131924e-14
1.7255904304025372e-15
6.995166114806372e-14
2.400349810097713e-15
7.030963468640223e-15
4.139180680651648e-15
3.384062244146896e-15
1.6099563644466603e-15
1.0315626930868101e-14
6.807708221329507e-15
1.4407314545907378e-14
1.1122277347195578e-14
1.3315307265712899e-15
9.720405305217536e-16
6.076804614987502e-14
3.430042183110464e-15
9.651906811947428e-14
5.476573692309618e-15
3.528962291996996e-15
2.0866246193240195e-14
1.3002128060010792e-14
5.138435263919821e-15
1.9209249507499805e-14
9.220743029247718e-15
1.3776491103591352e-14
1.0997022752833445e-15
6.790390601328614e-15
8.826528565207628e-16
7.202341550170107e-14
2.8205769067165607e-14
1.5763664056206038e-15
1.8809712512479857e-14
3.106314582483142e-14
6.191699516233863e-6
3.921824633929115e-15
7.722534155258313e-14
6.2365357683182394e-15
2.639287165284602e-13
6.558616945724716e-14
1.928719461193543e-15
7.720129509281592e-15
1.0287723405130985e-15
6.6414970779061905e-15
3.5326920623314136e-15
7.223650256976958e-14
5.222475697961761e-14
2.1648662675809485e-14
2.0807812652079986e-15
8.799884557872986e-14
1.0709121497126563e-15
6.654116976395017e-15
6.5314093222185935e-15
4.666810085751817e-15
2.1873099860698828e-15
3.382415391211982e-15
2.8600243874578305e-15
1.1252406084866516e-14
1.4988499874943808e-15
4.920731980673928e-14
1.7469988015775903e-15
1.8813368109202556e-15
1.4947067182170346e-14
3.97192980781486e-14
8.671960577085854e-15
3.6685868028956454e-15
2.1470587648968395e-15
2.991777535518002e-15
3.0612811853620176e-14
5.957029084905657e-15
3.509583542430968e-14
5.904710366914759e-15
1.4313384593137772e-15
1.9037334244623913e-15
2.7983528541943384e-15
1.0067382713315999e-13
2.5579031398885467e-13
4.134837142589569e-15
4.032922901112943e-15
2.4300934467324738e-14
3.2143380983850296e-13
3.886368639187384e-15
1.1288960752545972e-14
1.4157640442313444e-14
1.5157897631281135e-15
1.7973437454168725e-14
1.351341747132726e-14
1.9228657433264872e-15
2.687935296983787e-13
5.742684027795743e-13
5.187871709893358e-15
1.47192845160542e-13
2.185506666706668e-15
1.6488987165808446e-15
3.7026272001935776e-12
3.7914403519081306e-15
4.3174416543079307e-14
2.4162586612836906e-14
1.5189303807606727e-15
4.463355401302455e-15
2.8503397711352345e-15
8.377179820225847e-14
2.1212037916153528e-14
1.4346084390423536e-14
2.4133530255365358e-15
1.5140763282573576e-10
1.6066591495454066e-14
3.4182493869393574e-14
8.560129253157977e-14
4.64987547060478e-15
1.897645804108371e-15
3.8296315824147883e-14
1.9342028181506832e-14
2.3250009425911386e-15
3.573187960146215e-15
1.6418392174668604e-15
2.2116915065598636e-14
5.26547573316679e-15
5.037935058867171e-15
1.2525865615698771e-15
1.8588286013807416e-14
7.159882775172217e-15
4.997272130724865e-15
9.523588956069284e-15
2.086980092012966e-15
1.0295539024878466e-13
3.995717030634567e-15
4.874609589614386e-13
1.5210248329600325e-15
1.7004070797766415e-14
8.74337840055728e-16
1.0832019661258735e-14
1.5885375626207037e-14
2.4636952080857472e-15
1.0023442687427796e-15
2.3524858315638303e-14
1.841612323707069e-15
1.448918432104816e-14
2.285239222350436e-14
1.6225809180454398e-14
4.947106429157781e-15
1.5398775087468151e-15
3.02335866045691e-14
1.7449008023931753e-15
5.220015704300312e-15
4.44928786510232e-15
2.1965813747147976e-14
1.2829891994986966e-15
2.1759492019380275e-10
1.1614660543093206e-14
2.4876650698997624e-15
6.935620170096115e-15
3.2970696389887584e-14
2.600275212429049e-14
3.1665501950767397e-15
1.8731806963203797e-13
7.203080519103995e-15
3.8334146312053915e-14
2.5923897845058628e-14
3.3587581362538405e-15
3.316057907956314e-15
1.2184135212580566e-14
5.746746685582642e-15
1.721066268808507e-14
5.4172823462772525e-15
2.651294174341944e-15
1.604012123351637e-14
7.843701202391478e-15
1.3726497113627256e-15
3.378606611623577e-14
6.158425624213564e-15
2.3828823549774035e-14
3.5133727536668544e-14
6.81960281413681e-15
7.574092467562322e-15
1.2922221264442234e-14
1.1509562084113155e-15
3.904864931781186e-13
8.103296147682012e-14
6.994057286624333e-14
2.0785859837422095e-15
2.6576030419397256e-15
7.845132179038737e-15
2.268576797638095e-14
3.5870780284500844e-14
2.7856575674819063e-14
3.90791407469447e-15
3.009449237550362e-15
5.088206027864007e-15
9.342042624704611e-15
4.7269041604715185e-14
3.938333933459958e-15
1.244621940329085e-15
1.427625025286264e-15
1.4169689393433518e-15
1.5798284434394422e-15
5.854548554263701e-15
1.517635717910734e-14
9.48082540905547e-15
1.6746494987324104e-15
1.0243984294346649e-14
8.106186987469928e-14
1.8459259032545517e-15
4.0171212906621626e-15
3.5454681876636184e-15
1.6937175876806421e-15
8.222160933545737e-14
5.757033622345986e-13
3.0648361175072755e-15
5.8828366727630585e-15
1.438490025637509e-15
1.5189539796534856e-14
1.98245549867463e-14
8.188102508098666e-14
2.7281749858510845e-15
4.1197487493950906e-15
3.3437282566770208e-15
1.6678645674118123e-14
2.1764902158246026e-15
1.1687938910370074e-14
2.4257789052202564e-14
8.358582904988764e-15
1.4446451822161887e-15
3.933286425967233e-15
3.844022889671735e-15
2.8154273860224866e-14
6.5915194543198816e-15
2.1424863306811688e-14
3.295677283671608e-15
2.235927024048841e-15
1.3363470407680191e-14
1.670391928546804e-14
1.7906362539750693e-14
9.648583856118006e-15
1.3203542674463695e-14
1.9812153541965167e-15
7.51497220606495e-15
3.7285332808097214e-14
2.014263098903579e-15
3.381942194988159e-15
5.371498330759565e-13
2.0251359789569183e-14
2.013680751990479e-15
1.1600600287635607e-14
8.317336526314662e-14
3.5140264421327674e-15
2.659914632163342e-15
3.1727441782576674e-15
4.471285939859141e-15
3.795114513489761e-15
2.4102065148374958e-14
3.171641698569844e-15
8.243289803734344e-15
1.7196638538507755e-13
1.1109090176215047e-13
4.231846774361677e-15
2.323434235678074e-15
2.901007262301459e-15
1.7180163401087408e-14
2.3399880798135527e-14
8.330990327759648e-16
1.8149719653057832e-14
5.859777684787801e-15
2.0638946538601453e-15
2.4042109711744028e-15
1.1400230096463134e-15
2.9392952366350987e-15
2.335806570789423e-14
2.629422206311749e-15
1.1025281221469287e-14
8.683381073864512e-16
2.1430713015438608e-14
1.2271122035186132e-14
7.625923317158077e-15
2.0154611371890026e-15
1.8524644836072286e-14
5.706050580357947e-15
1.3123927328344239e-15
2.572440782502755e-15
5.098956238704567e-13
1.0721440978592358e-15
3.632186860346514e-13
2.982077864367038e-15
1.097499141024898e-14
1.1706219388820974e-15
2.4310491839345413e-15
1.8321672526675855e-14
7.460637804877776e-16
3.186260638332876e-15
2.2841928702974526e-15
2.179479737726772e-14
7.940700034465057e-15
1.222764776027496e-15
3.0924032413651776e-14
1.1765525416805401e-13
5.605454378440872e-15
2.8673863135008268e-15
2.1284277624484376e-14
2.4166345286329655e-15
8.00267353183866e-15
2.372050632516338e-15
2.0140790567062426e-15
1.082412644667912e-14
9.643013017779316e-15
1.8359086734860196e-14
2.35391963133877e-15
3.2902695292046864e-15
6.63252060775587e-14
5.771495568025368e-14
1.9427668482922177e-14
2.3980420426849672e-15
5.184278711540165e-11
2.393694087184253e-14
1.0288700974234023e-15
2.865195261370675e-15
7.12587514591353e-16
3.721803041492093e-15
1.2055108708384714e-15
1.3880833260656125e-15
2.159904509166092e-15
5.195424239127773e-15
1.7152982128605244e-15
4.8706757528170275e-15
3.710555875014025e-15
4.0409977627188867e-14
9.4126543637565e-16
1.714217391766468e-14
2.6500676771292024e-15
8.463915395451591e-16
3.0976320930119926e-15
2.780483337948437e-13
1.9111323096365757e-14
6.2132378799834524e-15
3.123543128924421e-13
2.1696446767578048e-15
3.5028427974193025e-15
1.4923840361223357e-14
3.572919217348392e-14
1.6052466585832096e-15
1.7518004355352194e-15
2.477124228309879e-15
3.371833246751675e-15
1.9706444406772765e-15
1.0379012478482895e-15
9.337242184210962e-16
7.26323697771022e-15
2.437284069821026e-14
1.221416190505739e-14
1.3719915402295717e-15
1.3898787556949346e-15
4.629801288741214e-15
2.484868204466279e-15
9.309661904087005e-16
4.755873521699278e-15
9.955020414789663e-15
9.735852900395655e-15
1.163874987974814e-14
2.783637808673948e-15
1.7762893723354285e-14
3.0963357560148263e-15
4.348347688751703e-15
3.4871106365793996e-15
7.103233302393639e-14
1.0352836707546818e-15
6.24842406923755e-15
9.660052635896585e-15
4.410852339072271e-15
1.637837536641291e-13
2.3621023144770075e-14
3.477430008980253e-15
1.0653753868621628e-14
4.940838642406051e-15
5.517447376125324e-15
5.837821212925564e-15
8.97283729457864e-16
1.7783901400423185e-15
2.707372758587777e-15
1.3531769526083276e-7
1.6973160296296735e-15
4.304535711659889e-15
8.859335204798346e-16
6.7218735659878154e-15
1.1843366880903894e-14
6.911337878476777e-15
1.2679318456930683e-15
2.1660991611570777e-12
8.924023848476049e-14
2.8478135247034674e-14
9.463203420932089e-15
3.4099241276325417e-15
4.138643440550398e-15
1.353917852168976e-14
1.1158505631707813e-15
2.697946900264273e-15
1.863947265571136e-15
2.0672239478519355e-15
9.114273460168807e-16
9.359137774603841e-15
3.6781937381092164e-15
1.6108321071968103e-13
1.367872937780704e-15
8.100954854435553e-16
2.888267966919232e-15
3.0218166003465794e-15
3.6522033133897715e-15
2.146167333318521e-14
1.419287673286345e-13
3.1254523942109915e-14
9.214328275182962e-16
1.2083854467721497e-15
1.7880945112468213e-15
7.849483361324469e-13
2.360796077720686e-15
2.537123483114999e-14
1.983761206958971e-15
5.237477210148266e-14
4.687287006492366e-15
2.956781949682242e-14
1.6836507924287883e-14
5.0283051041724415e-15
1.7546299591771075e-15
1.8597612973347268e-15
4.0840077579332467e-13
3.612779004818244e-15
1.264136785437464e-15
1.4601214310340147e-15
9.48359851564148e-14
3.390158876544149e-14
1.9632480617255792e-15
1.4127081570936181e-14
3.996563233017624e-15
1.43405600216663e-13
5.159125811612245e-14
7.331972144673403e-15
2.1258911390621235e-14
3.7187227502762396e-14
3.962910812932408e-14
2.126084722659918e-15
1.795773150719119e-15
8.719220733444843e-15
1.190394841478436e-14
1.8274385500395257e-14
4.370262415396107e-17
1.4425651216968488e-14
7.854047838574417e-16
3.638596291350427e-15
2.0765120816169506e-15
3.8806301940084125e-14
9.661544798044476e-14
1.2440028028940127e-14
5.749096395399584e-15
1.7208408762927969e-15
1.209936681579957e-15
6.421494216953153e-15
3.833275729762579e-15
4.266516465151944e-14
3.208647549009033e-14
2.8209837221057976e-15
3.812422860026819e-14
9.652702804122934e-16
1.6324625491372659e-15
6.710651317873918e-14
1.1570034292206998e-14
1.6428601898541027e-15
1.821648863073474e-14
7.433194199366521e-15
1.5098806854370278e-15
1.4328766607011436e-15
1.7659504723060378e-15
4.810601025148732e-15
4.300040583039045e-15
5.254335423345378e-15
5.478707953131011e-13
5.0458143707304495e-14
7.564588189186563e-15
3.885080879358625e-15
1.56223845497207e-14
2.790191135685285e-15
3.755034277159405e-15
7.724057803627119e-16
1.7213296834885377e-15
3.893032681901576e-13
2.2575211146259018e-13
2.9493655249540868e-15
1.1634690216731666e-15
5.228920289284562e-15
1.3928864622402179e-14
8.013940048485058e-15
3.054027140348855e-14
1.7768757777404565e-14
1.7696626462992772e-14
2.5876274660525528e-14
1.451054662315862e-14
1.1080555721525672e-15
1.2701964884235314e-14
1.538315440042009e-15
1.7376945115725495e-15
4.957105993172186e-15
6.1494392159187265e-15
5.001056798127796e-15
2.688199028249154e-15
1.2430463650684298e-15
1.16088339064147e-14
4.668550348027387e-15
2.1049859281931285e-15
1.1859717818191293e-13
1.2096159430210287e-14
1.0908338082069185e-15
1.0642854201596834e-15
1.8881205865764878e-13
9.2043260153207e-16
2.311428108140269e-15
1.6697239340887477e-14
4.735949112070204e-10
4.7555553455024345e-15
1.0795235703106376e-15
1.1560934673841719e-14
1.7240532767716937e-13
4.71099840999217e-13
1.7503366266125535e-15
8.968181752983815e-13
1.0736481431919107e-14
1.6116235683102052e-15
1.4700094549086162e-13
1.345473227892764e-15
1.5645168678044752e-14
6.294156288227815e-15
9.997219419137796e-16
3.7614473352544917e-14
1.2438447220213793e-14
8.304671386155849e-15
9.238947560668484e-15
9.91011778069707e-16
2.4585421457182135e-14
1.2169948062553314e-14
4.1225964740918785e-15
1.9269870022533133e-15
2.332891928375852e-15
8.678588784922625e-15
5.776118041798668e-13
5.899058890672778e-15
2.022405312729709e-14
1.0958089822757826e-13
1.4593449854934746e-15
1.5332793700249786e-14
3.1872528682956867e-15
1.4629621764867654e-15
9.685290452436195e-15
1.2119903166055348e-15
4.6306895348806276e-15
1.6033171402025844e-14
1.0587784001821524e-14
1.8197632174650398e-14
2.1274817625941887e-14
6.792193518221311e-14
1.9262698280119154e-14
6.8083148218196516e-15
1.2170085881180488e-13
1.3236347654614693e-15
4.739944265489135e-15
1.9833991248971763e-15
6.771846214152654e-14
2.1596835368524112e-14
1.8549563121834013e-15
2.9617784699581818e-15
1.493288810428748e-14
4.1882813008914665e-15
5.5623524274682224e-15
6.9852952166491376e-15
1.4379910800289636e-14
1.571418311944267e-13
2.2108009156920426e-15
1.5929807946430502e-14
5.057411462944542e-15
1.5582217801328009e-13
1.4309740151888432e-15
5.406221931985296e-14
2.2095012658358804e-15
1.3662976769567574e-14
1.0117191131759174e-14
3.0537439177177172e-15
4.357330309181338e-15
1.3832082424042218e-14
1.7412240974656934e-14
2.176586201318452e-15
3.92962898748738e-14
1.3981590633839683e-15
1.1011179782018615e-14
6.0657808040195685e-15
8.27155970466283e-15
8.942611845211889e-14
4.4551513143414334e-14
1.8595619717954573e-14
6.987206140374008e-16
1.3636080502989438e-15
5.929976380414486e-15
6.9458654125191234e-15
8.788523367098142e-15
5.078736940223491e-15
6.810318882702196e-14
4.675422701240954e-14
2.0924435815059548e-14
6.544564407142212e-15
2.1139129530604588e-15
2.224673857060627e-15
1.1195412872092976e-13
9.14990280094214e-15
1.7486460114151166e-9
7.724150701762784e-14
1.4097951142590338e-15
7.134240189198327e-15
2.5479820637050888e-14
6.41127393589221e-14
4.171094464152983e-15
2.3093357624518583e-15
2.3357042896071694e-15
3.213721228573751e-13
1.988146611537739e-15
7.95831887210135e-15
5.903795221144743e-14
3.3049526029111887e-15
1.9881796736969197e-15
1.1290652535852046e-14
1.7649639601946568e-15
7.462948280252861e-15
1.3255134815765192e-14
7.8521005638224e-16
2.2213807438735917e-14
1.0726952936178013e-12
1.0432367641654132e-14
1.3744659826807228e-14
2.2741845934247775e-15
4.168406084925349e-15
1.154634959610035e-15
8.959609386643708e-16
7.826457666791312e-15
6.969041151906877e-15
1.4585834744829073e-15
1.5415367160813691e-15
2.6578465698117643e-14
6.032642946462783e-15
2.188102994151507e-15
2.669018325500691e-14
2.5610005583638848e-14
2.8452886282597055e-14
5.9969802132759585e-15
9.942938898095662e-15
4.4785607088722995e-15
4.33720293139102e-15
1.5929351211005984e-14
5.809978048456048e-14
2.9948445913604036e-15
6.086633859918962e-13
1.8543008875310828e-14
2.091568497806699e-15
3.929397940190059e-14
8.569815413647535e-14
1.42933539837898e-15
1.5152658188043555e-15
1.273224199596285e-13
1.047057889260771e-14
1.225457302969296e-14
7.796412299035855e-15
7.219305332033251e-15
1.5799011975082415e-15
1.3943160908835558e-13
1.1549877270436486e-9
1.0450592162057601e-14
9.693124463128496e-14
1.2790858544694e-14
1.0186575226051024e-14
1.1737506828430151e-14
2.36524042371202e-15
3.439940119608456e-14
1.2557277341753073e-14
1.5576943448804019e-15
5.0999540706473615e-14
8.483168338146642e-14
1.9877078958855663e-15
1.6888880764175003e-14
4.0880732817080775e-15
2.739313418087339e-13
1.268431413970489e-14
4.980700325675433e-15
2.983768398388711e-15
1.9400447800192157e-15
2.6511505041343427e-15
3.160706650854178e-14
9.591484753085154e-15
6.913202769897568e-13
9.01821282381276e-14
8.68292761620295e-15
6.105748416669158e-14
9.33499056311684e-16
3.953867446484038e-15
1.9181988107984867e-15
4.859098982396378e-13
3.689507623749926e-14
1.0579128201697528e-14
2.111679861115973e-14
1.3256047482499474e-13
1.0527997804292376e-14
1.276190692297313e-15
2.2501567948898056e-15
6.027050276041966e-15
2.1630803520482002e-14
4.329442738537732e-14
1.438597286167146e-15
1.1486666360600707e-15
8.918295157151844e-14
1.1739566144931684e-15
3.428673849969824e-13
6.094930440432964e-15
1.5750533112107408e-15
3.1421457090923926e-15
2.0174457849231935e-14
1.3342922386236638e-15
3.88857576490595e-14
2.647829361644446e-14
2.6715679543093106e-15
2.7834982369016343e-15
2.603662066242302e-13
6.139390416802281e-15
3.536643561244668e-15
7.51296898692882e-15
2.373830243853423e-14
2.2172807458123213e-14
9.424907422588277e-15
8.46813107691212e-15
1.673739683302978e-13
2.6427427822522102e-14
2.306809765905916e-14
1.014774887574773e-14
4.126231537155692e-17
2.850811557068521e-15
1.5595909216781529e-15
1.2903873173191398e-15
1.988674205122919e-15
8.099504350789954e-16
2.381785381184453e-14
1.9940918413631797e-14
1.8055588822096533e-14
1.0242125269293832e-14
3.2108021275058723e-15
