2.318743887347814e-5
2.242138829984659e-6
2.2776603921475317e-8
7.46086088156947e-8
1.4383645842397523e-7
9.26053744798787e-8
2.6448858784329993e-7
4.4466665670587953e-7
4.011417227609251e-6
6.8633494027163005e-6
1.492076933867562e-6
1.0173284717748266e-5
6.750929024586905e-8
3.330180698805167e-6
2.57279354488062e-5
1.946872146115395e-8
8.610364163125243e-6
5.548608502325019e-7
3.2534291102909214e-7
3.278239127698216e-7
3.651605892430236e-8
4.630170560092808e-6
1.8611689935522368e-7
5.3436094764196235e-6
1.4026599427371686e-6
2.585332154762389e-7
6.400119240061325e-8
4.0397347839021495e-6
9.71717073464099e-7
1.753015758535165e-6
2.616430834740411e-6
3.6748792235331e-6
1.5347440426901074e-6
3.571852810171758e-8
6.146008249393646e-9
6.519311907626042e-6
6.25187872124583e-7
2.9178349017111706e-7
2.5780840266452434e-8
3.363507577529302e-6
8.331082654750491e-6
1.9500158925161134e-5
3.714573283664774e-8
8.493418943667668e-9
4.905614770230911e-6
1.3592290939536907e-6
6.9808100439734e-7
1.0021611665008434e-7
3.931400780492955e-7
3.067888215249039e-7
4.784905153339557e-7
3.7311023918015566e-6
3.7406464421464045e-6
4.839993520022109e-7
1.5033189935496685e-6
1.038461149501881e-6
1.5204393044231255e-6
1.336791292310659e-5
3.009518081715947e-6
2.0189179318543463e-5
3.901354188715882e-8
7.64491686565755e-8
3.677531560778348e-7
2.1495841091985513e-6
4.200727982504202e-8
1.3035171542752996e-8
1.0216466982373358e-7
0.0002750089831422601
8.261122591412107e-6
2.261673830519796e-5
2.9625844644665858e-6
1.7973438253137992e-6
7.44296713544041e-7
8.487259746557958e-7
2.8544958230035574e-7
1.229337087061568e-7
4.848149858192573e-6
1.0747798052001322e-7
1.7381473232844042e-7
2.954470705078461e-9
5.672711920423431e-7
6.910770549542759e-7
4.357828831526367e-6
1.0101049081791145e-6
6.320271023398215e-5
4.205779259970278e-7
1.5867033632390845e-7
2.1524710479070962e-8
7.0460875804064e-6
3.473229120244734e-8
2.5360832618314014e-7
2.5560421745911696e-8
2.0248792825245394e-7
9.183270720382685e-8
2.1660706530787436e-6
1.1046866835147025e-7
1.2494948985367361e-8
1.8835603100672238e-6
1.532959336670247e-5
1.723583813495301e-6
2.0078424615626712e-7
4.1514797979930726e-8
2.8824641468401712e-8
1.0821064219527495e-6
1.3644343483245362e-8
2.826514426062984e-8
4.6649317723230334e-6
2.027176869379717e-6
2.794178043583707e-7
2.2193238339340066e-7
1.2101134566082232e-6
2.0678286493789207e-7
1.2298326560645006e-5
2.733539049619157e-8
5.599907515684594e-5
2.5412927752033454e-6
1.5127052391958214e-8
7.306032982769714e-6
1.4902336363096373e-7
3.569290740554367e-7
3.298607679878162e-8
1.16100408326744e-5
3.139786323360876e-8
5.101294719417717e-6
2.2950503055047816e-6
1.662664734644544e-6
3.0185727455502653e-7
3.5402267066635916e-6
1.4796009066289788e-8
2.5285281012068044e-8
5.078187557759668e-6
1.0258747405720902e-5
1.0511690572135282e-6
5.07326439821872e-7
4.130815788504818e-8
4.335146842262683e-6
6.76606540548917e-8
5.890747374355192e-6
4.272362996522622e-7
8.528980632949252e-7
2.4671896794534498e-8
1.4935566566663197e-5
1.1100914842087966e-6
3.971241766653953e-7
4.311296047418928e-6
9.811958029639387e-9
3.3464303330543216e-6
3.8096856547550477e-10
1.7423652767213613e-6
1.8567996928142685e-6
7.262373043678406e-8
0.001933637417236678
4.2687235230673087e-7
2.1758949053263028e-6
1.05706758895638e-6
6.574307489877815e-7
1.5767090480207511e-6
4.584548911635888e-6
7.827949098461233e-9
4.735039612283609e-7
4.984747605733099e-6
1.3456006310778973e-7
6.628020444227043e-6
2.2671269664076508e-6
1.3866147169426528e-7
1.7387712351523663e-6
8.81613726961494e-8
9.77870471635533e-8
1.1255923397533633e-5
3.7212173283959876e-8
3.94860314706116e-8
6.230122791951817e-7
1.983784778448091e-7
1.2348621145185615e-7
3.233160858427858e-5
8.267171115687194e-8
1.7564317877295344e-5
8.4639939344017e-6
1.2527488798449942e-6
7.176201238460395e-6
8.970704712687166e-7
2.0797637236716337e-5
1.1516730768720473e-7
5.102413250150862e-6
7.086796320378901e-7
2.385383558344429e-6
1.0140560873255559e-7
7.821664930111896e-7
2.68356214606981e-7
1.190951877439345e-8
2.895862929813739e-6
1.4338588229511894e-7
1.6326601632740857e-8
7.235870997030591e-7
1.3984150494360323e-6
4.341034758834761e-8
8.508687814165129e-7
1.9491020577684817e-5
7.995480035901696e-7
1.2201971920594007e-6
4.238162561296578e-8
4.631265239947951e-8
5.0529829202327854e-6
5.082051949496281e-7
7.1421158538163445e-6
2.0460256844138272e-7
7.638829328186723e-8
2.0229720543747796e-7
1.8731482375060903e-5
1.4885586424468498e-7
2.8215933456871356e-5
3.8511391335618905e-7
1.7866339436132657e-8
2.9563018408832367e-6
5.184681954929184e-6
3.446073998943509e-7
1.5586179318371014e-6
8.732932733414324e-6
3.7238390341292815e-5
7.117653224800262e-7
9.264419223363412e-7
3.8982452138925106e-8
1.8766770357917526e-7
1.9720843642341933e-6
2.7713591995568004e-7
1.0754605955505052e-7
3.179279123341873e-7
5.4552730136171914e-8
1.8295810600233214e-5
4.886918500410318e-7
1.487635143180975e-6
2.3408555248688747e-7
3.586378196082055e-7
5.206989397159931e-6
3.04868123759893e-8
1.450632770952753e-6
2.905575649195051e-6
1.3827046251770038e-7
1.1696153068766357e-6
3.317075161600746e-8
8.060942040488686e-7
7.173265865581924e-8
3.2711316524692354e-6
2.6917563871135604e-7
4.496335388835525e-8
1.6783421114221083e-6
2.3603116522467802e-8
4.3640400309479496e-8
9.575799480508756e-6
5.156055553819654e-6
1.465314594087758e-6
5.427040025531932e-6
7.370210581784096e-7
3.747979494435183e-6
4.731059505957958e-7
7.078144957819499e-7
1.2491101380925879e-5
3.561527431819667e-7
5.5312439792955815e-6
9.111111064052968e-8
1.243521210996758e-6
3.888498557819024e-8
5.0064483050621186e-8
3.862067644715217e-7
6.043555357438756e-7
1.1225860941798901e-6
5.765977445957543e-6
7.234857365886965e-6
3.6251768888213404e-6
1.2587628175975848e-8
2.3509248799841552e-6
1.4555425750225414e-5
1.6256292712482425e-7
4.297479658378697e-6
1.10770291405568e-6
2.5468715554381295e-6
5.473946035878538e-7
1.7218697568917988e-6
1.9186285612904492e-7
2.0016594886291883e-7
3.574759134745495e-6
8.194301275240332e-6
3.223149126871805e-8
8.062178612337546e-6
1.388393497277952e-7
7.019274538340132e-7
5.2842100876520556e-8
7.136886995956423e-7
1.2618004128167893e-7
9.813032424598472e-6
8.255771223881069e-8
6.135821755647533e-6
8.294743259016292e-7
1.0860671462168693e-7
6.979774111794686e-8
1.2828006681742509e-5
7.187308540283222e-8
1.4902551292370315e-6
6.067406825535312e-6
4.040871788903628e-7
3.005943986696493e-6
5.628172069497784e-8
3.5961227475719866e-7
1.5715662565874076e-8
1.775428831249155e-5
1.4161755039047814e-6
8.194484018901563e-7
1.8350017121181364e-5
4.6020809304131285e-7
2.625591383799873e-5
1.1026180215097263e-5
2.451968908891044e-8
8.655193300802867e-6
2.0980438825018386e-8
1.4146686382475485e-6
4.3366838811505457e-7
3.831958296376236e-6
2.7205049049269746e-8
6.960571403600269e-6
1.0989086233184751e-5
4.49457844304763e-8
4.475096585412084e-6
1.1180154900534136e-5
2.7786489793910313e-6
1.9936086801041586e-7
3.878940790235315e-6
3.342396372541536e-8
1.524571111592244e-5
7.903628279635781e-7
8.181871020701388e-6
1.3590787210179357e-6
3.545885942425381e-6
4.3103668331990686e-8
3.9217797482809805e-8
2.129015314422751e-6
5.403307762760155e-6
2.4279082363353325e-7
2.046840438721668e-8
9.456281424563802e-6
1.4942070306217015e-6
1.4502995041528472e-7
6.282761977256306e-7
2.3836998435754985e-5
4.485853703186424e-8
3.1074939623686983e-7
1.396121900548445e-7
9.299179853374166e-6
8.212681118995691e-6
3.90609928044557e-7
5.408958336883839e-6
2.448702297341259e-7
1.5190616687178764e-6
7.224669118446869e-6
2.224401307830762e-6
1.861252299441548e-5
5.239732293599642e-6
2.457205176200079e-7
2.023168330530479e-6
2.185933725407246e-6
1.4937337932230118e-5
3.185921680265447e-6
6.216375443950187e-9
7.700863391136781e-9
9.30599488509166e-7
1.8552049750484285e-7
2.2395325667057234e-6
2.239546894856271e-6
1.1524835320863608e-7
3.062293421858606e-8
1.7489740293148802e-7
2.9646072310367083e-6
6.094124055228401e-6
0.0005100931550259203
1.639621509638386e-5
2.1749390881918522e-8
2.8556761467771828e-5
7.72257228858119e-7
1.425014897373186e-7
4.0967339050176324e-8
5.041454234262811e-8
4.867837928773806e-5
3.237231103960854e-8
4.194985749258276e-6
1.4653227550482794e-6
2.8385654462466263e-5
8.796960704331498e-7
4.425739546334538e-6
0.0017812296866655582
1.038790543558906e-8
1.7453239230670262e-7
3.2427821811444017e-7
5.669712490872232e-8
7.613651939096022e-8
1.0216626560309284e-7
4.109568934677489e-6
1.027595789729835e-5
8.748985623843875e-8
1.5199896123796163e-5
6.157199280365217e-7
6.791653108456707e-8
2.2138820057974157e-7
1.8790500719839527e-8
9.09332811198665e-8
3.1612976918586445e-8
8.495705706970935e-9
1.1276716536806382e-5
1.5210560287338447e-6
4.967344333486605e-6
9.611780924205465e-7
5.003175405639551e-7
5.4481451109469305e-8
3.2365736695495183e-6
1.7561655493299625e-8
2.6840361965073618e-6
1.3832951039518038e-6
9.652960771831967e-6
1.6157496849303571e-6
2.4238679717399133e-7
2.953898462168125e-6
1.3570834462644754e-6
7.688617529046106e-6
4.9986948331301955e-8
4.057518959291634e-7
1.3983968025951386e-6
1.421324113240981e-6
1.8358194584197868e-5
4.490414024123345e-7
2.67690599967522e-8
1.4859590438402942e-7
9.164789503329103e-7
4.027078995558334e-6
1.7121592345585482e-6
0.00022476652258865724
3.3974570196474806e-6
2.440445646462318e-8
2.528804946374764e-5
1.202462011716066e-7
4.29953710044891e-8
3.7224786952265166e-8
7.129141221600747e-8
1.2301281076362694e-6
1.5090051993739536e-7
2.6514924275807123e-6
1.0773866860219198e-6
6.904408795284201e-6
1.8616952706613058e-8
1.684354865974824e-7
7.494324876904611e-7
6.765183804797273e-8
2.37862487937523e-6
8.796127182059755e-7
2.232948995442354e-6
9.476612899717087e-7
9.431503058609524e-7
2.091162437863783e-7
9.018919271390803e-7
1.2611974362905292e-6
5.886330242244833e-7
2.5152075238179947e-8
1.1481577748951508e-6
4.0384708910808037e-8
3.705087479788382e-7
2.3075763998982448e-6
1.696989554494861e-8
2.9173722394003064e-8
3.8629348878323273e-7
1.586570277386561e-7
3.985858514958625e-6
1.1675629223827387e-7
2.1901894745152353e-6
1.5036450924359913e-7
4.363945902887618e-6
1.1165948496933802e-5
2.0097408992638404e-6
1.7057344346695885e-5
1.6410866687840312e-6
9.869313434539455e-9
6.914161717836691e-8
2.655082889693948e-7
1.1321999294399666e-7
1.8339135363070305e-6
6.990710169720786e-7
8.761072584339403e-7
4.721426192105469e-8
8.393703342893833e-7
1.733247403332636e-5
8.658734881967229e-8
3.0102060328020315e-7
2.7178309081511386e-6
5.5893879672285274e-8
3.257323780659525e-6
1.1550056588901467e-5
4.406840484738863e-6
7.942394115741737e-6
7.178528953698069e-8
2.833091980078963e-6
2.1475278552787017e-7
0.0002377474630263426
3.279438002534403e-8
1.8107067498387908e-6
1.718243586447335e-8
1.3126446129949215e-6
1.3168215683566457e-6
2.2447813364415425e-8
1.0410585259692738e-7
2.678961031943329e-7
2.4285667913758673e-6
2.479405601764779e-6
1.8729271843958306e-8
1.9524533326581005e-7
3.3908508524253746e-9
7.379402297303092e-8
4.876472713311874e-5
1.282325209116771e-7
2.503760896449142e-8
1.5140925278091205e-6
4.80589596967812e-7
3.410986203706469e-7
2.808577072074948e-6
1.7656121846117174e-8
1.0142062000082411e-7
1.7467957547336212e-6
1.397670959139375e-6
1.7900037060069403e-7
2.292809631987996e-8
3.323162951195798e-7
1.449562359737262e-7
2.612663468755437e-9
4.541037646012092e-7
3.481285980892765e-6
4.815527472741937e-5
5.65502221093544e-7
3.537754819467615e-5
1.78994440896158e-8
3.222337675888834e-7
1.1665775925091747e-7
5.902412679095636e-8
1.1721079174208672e-7
4.123776773218431e-7
4.371256222550143e-7
9.048334559203026e-9
3.8322303578951593e-7
2.6847722221685993e-7
5.054170382322676e-7
4.986817212824329e-6
2.5791987297492017e-6
3.804771227701594e-6
7.324023996661079e-9
3.724158070941204e-7
7.921172458711676e-8
1.5798963796788253e-7
6.135763894844502e-7
1.727622334110888e-5
1.7842116277252786e-7
1.309518947184621e-7
6.413549483212953e-8
1.2263494485054135e-7
3.10437685902105e-7
1.973746734177367e-6
3.231753834119522e-8
9.308287461626556e-7
1.1098844890194947e-7
6.051261995001173e-8
1.6012596002626768e-7
7.105114844944617e-6
1.5940661016840037e-6
9.384940668591249e-6
9.915473351445385e-9
1.561254102587809e-8
3.671681777995221e-8
3.864233963352599e-6
9.718199985389082e-8
3.5968611582626926e-6
3.530578776890778e-6
8.501987840671686e-7
1.4257873390360206e-6
1.1204549719818888e-6
1.203334078730189e-6
1.654022404790773e-8
2.386532801743625e-6
6.903284403475677e-7
1.105280437689654e-6
4.130779402927195e-6
2.3594620012437882e-7
2.2410374478797445e-7
9.902998181307667e-7
7.375516739128695e-8
3.817140496400502e-8
2.2804468492995758e-8
7.232057127303319e-5
3.3723817734673347e-6
9.719906905295524e-7
2.50281925544732e-7
2.674106593714552e-6
3.4067801367417533e-7
2.7118853573673087e-8
7.854033165799816e-7
1.3107343343439308e-6
1.0885053837541723e-5
2.0837890293474035e-6
2.0495510778788632e-5
2.3540979560643275e-8
2.2579586022690384e-7
2.543615641736906e-6
4.654868713245444e-6
1.4708113441425806e-5
4.060309770097022e-8
6.2396842809031365e-6
9.538326571439648e-7
7.357065936310981e-9
1.133864246106082e-5
5.142492141987117e-8
2.266483403529164e-7
2.475363505928856e-12
1.2888057796688762e-6
2.8302522235664404e-6
1.3199005035794638e-7
9.150321758408432e-9
1.6622611513563715e-7
8.336637789456089e-7
1.724611029021705e-7
3.881089187844184e-5
6.155143766702966e-8
4.923776095848412e-6
1.630686376318742e-5
1.0259171542349442e-5
4.901815619391834e-6
0.0004054309178661608
3.877215260891897e-6
1.421105602030023e-6
8.495280767420946e-8
8.714233621689188e-7
1.6796830290351284e-7
1.3028565024198646e-5
1.1940262681992778e-6
3.494987254899694e-7
9.499566093877192e-8
1.3351722058254864e-5
2.1894402175824832e-6
3.0952945543042056e-7
8.813114428900573e-7
1.3999466070429158e-7
6.414763168141932e-5
7.697904300691394e-6
7.799627231123456e-6
1.970193159361277e-6
9.909294661161691e-8
1.3551673405236246e-6
2.8712628590368675e-6
5.991830602161218e-7
5.994270164218174e-8
4.0144033559478845e-6
7.858498832093709e-8
3.999014098383259e-6
1.5995926438160303e-5
8.39437922017602e-6
4.576762673425505e-7
5.896386534229894e-6
5.163659962350582e-6
2.5920033791624195e-8
4.203393431267257e-8
6.17484047555763e-7
3.8057922282135123e-6
9.821623140566262e-7
1.0908422011771758e-7
6.097550593321028e-6
9.315826870053264e-7
1.3466794281639549e-5
5.587275246767329e-8
1.203420429307369e-6
6.104201824099469e-8
1.9204630543989533e-7
3.932702697894173e-6
2.168120540775297e-8
1.1739630926117703e-8
5.681657259076277e-6
2.8304256105071275e-6
8.636225052905037e-8
1.8196421992077996e-6
2.1741369373432776e-6
7.00184426845473e-8
1.3212967053308982e-7
8.033777148091488e-6
2.781753608523104e-5
1.1835489729361173e-6
7.361228166762128e-8
6.151009786109905e-6
1.7078326934919475e-6
8.048291216697081e-9
2.097667345887743e-7
5.346093925698923e-8
4.3806419257254864e-7
4.2652837885156374e-8
2.2747491820335992e-7
1.976273872329301e-8
2.8454754633913413e-7
2.202698375380849e-6
2.7091184138590894e-7
6.056835932114116e-7
2.9562463635684628e-6
2.0731337594060357e-8
5.501320913407246e-7
1.2175191291399513e-7
4.98890671862983e-7
2.4555885175718455e-8
3.365486673183938e-7
6.918327438637558e-7
7.152063684779528e-8
1.646282344860123e-5
9.06572152806186e-7
1.9372817028332046e-7
2.0456284509813697e-5
2.1879744607570168e-8
3.199331909110392e-8
3.027682302519158e-7
3.971988064150788e-6
3.6588706632609694e-6
1.1559331997134995e-6
1.0586874311789163e-5
2.6377241219608084e-6
3.510572674230241e-7
1.8154290657183573e-8
6.934834914313851e-8
9.162276082007734e-6
7.061986253465371e-7
4.6378679261852685e-10
1.4619927554844749e-5
1.6926042386010473e-5
3.82639135580591e-6
1.3680656586757474e-6
5.1024063361679135e-8
6.415476468426958e-8
1.3571482899840469e-5
8.583089889520856e-8
7.407379281730661e-7
2.650107202348539e-8
2.848929207124625e-6
3.430781242394833e-5
3.757355860822304e-8
3.559827538570193e-7
1.6416695284533374e-6
8.915896725880827e-8
3.628882735502734e-8
1.7447601368450458e-6
2.697494487503839e-6
3.807748201444179e-6
9.06533502202003e-8
1.6424889476055176e-6
5.637131074422259e-6
1.1680665355009466e-6
9.586113572266694e-9
7.226482173523194e-6
2.837812217676772e-7
1.9234679535063513e-5
2.0566578026611424e-6
4.623144542745477e-7
4.429625477216488e-5
7.875926520059347e-6
4.6431769992536357e-7
3.7096509961875385e-6
1.3038282771565472e-6
5.215032099171213e-7
3.18413614871992e-8
2.3487055590923895e-8
1.3208762325728964e-7
4.600108932710074e-6
5.528058448675639e-7
2.110117040172377e-6
7.271373980036619e-6
3.5581621493008594e-8
2.955620074910039e-8
1.4361716839079623e-7
7.032184778338953e-7
1.2068342050310056e-6
2.511648002077542e-7
2.509222528784149e-7
1.9948480775403252e-7
2.981907528341345e-7
3.179080210627486e-6
7.604640599848906e-9
1.5765089720431983e-6
6.074026084066924e-6
1.2953992213416592e-5
7.503023007694674e-7
8.286304876643808e-9
5.5167890477810914e-8
3.052401112238818e-5
2.753927069143037e-6
5.114325079654633e-7
6.27394004963022e-5
9.174774253214189e-6
2.0906108219125647e-8
7.216662630740383e-7
2.927962729994689e-6
1.145761046703877e-5
2.511112403684504e-7
7.472868039987765e-8
3.668227939454081e-7
1.5037386482861543e-6
2.6176590944297655e-6
5.875446426562732e-8
9.182061910307038e-7
4.7021071164352956e-6
5.62616743418892e-6
1.367362744740031e-6
1.9773133361962073e-6
3.440882604399723e-6
7.134593953406351e-8
1.589080907818467e-6
1.155237166111327e-5
4.453628559607294e-7
3.7091693330960387e-6
2.005361731801321e-7
1.6903642956484733e-6
8.234913385669408e-9
9.531113503208169e-7
1.19567236493433e-6
1.517574188241392e-6
2.9099154934100904e-8
1.1639180416800367e-7
1.1732064214943087e-7
6.2497186798718165e-6
1.3766799761743794e-6
8.578405825693713e-6
5.2215259718239657e-8
4.057735304513304e-6
5.715244037125771e-6
8.242532730161707e-7
1.7196033113784744e-5
2.949843893319123e-8
6.9328594454882665e-6
2.3706479803716054e-6
7.820714402095593e-8
2.508900795771393e-7
2.0710112534505473e-7
5.280914003393505e-7
4.818630976241142e-6
5.3603243611717515e-8
3.083773036238548e-8
3.147739074977274e-7
2.957120076356437e-6
6.25805266993462e-7
1.1374778513991734e-10
2.7293585838071666e-8
1.167538407206597e-7
5.453783184045882e-6
1.7565836018732197e-8
2.7351968744334584e-7
1.7070029232491825e-7
1.0305325083540723e-7
1.0564358622097489e-6
1.386968853319891e-6
2.3220908991873993e-8
1.5051479095478406e-6
0.0018443599052327898
1.9317483338233575e-6
9.66361727272132e-8
4.950875032565867e-6
2.0907035492915214e-6
1.5238545342882842e-6
1.7788061899305896e-7
2.22769808108221e-6
3.2792829434416224e-6
1.8434863165790674e-8
8.4130990594769e-9
4.433316198616057e-7
3.662525572006125e-8
7.288707003552557e-8
1.7108879136661638e-6
1.0463793846290507e-6
3.427750708492541e-8
3.812766098468664e-7
2.2833618705087717e-7
8.640832543548652e-6
1.442482513217679e-6
2.236060838754761e-6
1.4497862334198e-8
9.853233842182537e-7
3.8670356565814536e-6
8.584421312174256e-7
1.4199097430120736e-6
4.823844350229729e-6
7.925867147224161e-8
9.108082274568133e-9
8.205286259794671e-9
9.809895447031803e-9
9.839215704610442e-7
5.328287321857582e-7
2.6682017506586777e-6
5.583864812099508e-6
4.013362138116871e-6
4.3658063133684394e-8
4.24356964614741e-6
1.4912703503976047e-5
6.750915881418992e-8
4.1022895052690737e-7
8.965890663468575e-9
3.818531526129999e-7
1.9730440816464256e-6
8.29392346603718e-8
3.054671257080482e-5
2.3213142832684262e-8
9.751312110137819e-7
2.718179647899688e-7
1.1534753479553373e-9
3.403577136179228e-8
2.2474164401384983e-7
3.9667157260539155e-7
1.1625459727956907e-6
2.797507292106421e-6
5.5282760731958435e-5
2.0510140670744877e-5
2.662977386133078e-6
0.0004566015287635019
1.1260919286527656e-6
1.025924998603696e-5
1.8063587735730328e-7
1.407825823357757e-6
1.884787663251919e-6
1.1602047899309712e-6
3.092303371893992e-5
8.350162337455871e-8
2.3582935160521549e-7
1.5088373966567273e-6
2.1753268561406304e-7
0.0006314078945997423
4.435240990162177e-7
8.499465738220227e-7
1.0295396901390975e-7
2.9742209751865016e-6
6.647379607268415e-7
1.5052390746664887e-8
1.0273989925099345e-7
1.2608129381812113e-7
2.8310212868572185e-6
1.913065236208832e-5
2.7355830566022813e-5
3.020842211491799e-7
1.3074933910068561e-5
1.0996724957497179e-5
5.821435881292649e-7
4.6272507373036044e-7
3.1840941484516618e-6
2.8437696963650593e-6
6.980675447584653e-6
7.53496644500084e-7
6.857578556050227e-7
9.128679863404425e-5
1.0850483107672085e-6
1.6543786221600378e-7
9.808275378276211e-8
1.737772445588373e-7
6.697313685647248e-8
0.000464151857335242
3.872191007797073e-6
1.9937907898517483e-7
8.165014810239602e-7
7.502975032413912e-7
4.6054843070474585e-6
1.640239536825665e-7
2.6727000962941354e-8
7.98976312530867e-7
8.921100432209126e-6
5.734571364416004e-7
4.4770499323974264e-5
6.239975245034431e-7
7.661884969701928e-8
1.4861053968044136e-6
1.967885409723447e-6
0.0001760570472406336
6.466780830492548e-6
2.6489737725485878e-6
6.592442911468823e-7
7.071866657426116e-5
2.2966565533085544e-6
1.870443929380375e-6
1.181514235935e-8
0.0002387203823195844
2.9528316101642655e-6
4.300307161003868e-8
4.6010875733864664e-8
2.95086177405488e-6
0.0005696584882790174
9.080315274592633e-6
2.7780751169601132e-5
9.209703251902113e-9
3.844308330352411e-8
2.214577726019411e-8
5.828720695729998e-7
1.9593563111388616e-6
1.3286573006542504e-6
1.8011759167251793e-7
3.035528880958177e-8
3.8066661031872e-8
1.2011817307083318e-6
4.06677234912245e-6
3.2370048735475634e-7
5.949612870182902e-5
7.90409949543939e-8
1.1427802934463436e-7
