0.1780673011066458
0.2556260173503436
0.09484062561721485
0.12079096205048613
0.11731258724281668
0.6083949932975277
0.033434670095699316
0.5214409178848964
0.19540281404769208
0.1317563757545395
0.35242253760986453
0.24692273097205097
0.6362718741166649
0.08213439917392928
0.11678868571099013
0.026551612993198144
0.5339973100837856
0.34433086885296227
0.41535722730398256
0.023636241745323916
0.23669864449757064
0.17731971959781395
0.4836194470351936
0.20772075693859948
0.02410041102977549
0.08056340351782992
0.0915711418114184
0.049126305147413535
1.0658489064438845
0.05714594264081192
0.21161512368589816
0.23187804903029519
0.0793278500930995
0.21346190215509
4.947533601328256
0.505113710209208
0.11586541992092249
0.26197402454250324
0.025345942897116603
0.06667663770374449
0.022706818058066625
0.23295771857757566
0.1243304400252792
0.40461842760518885
0.04203182977266058
0.0772432675938667
0.13485465229011534
0.020523852906548734
0.01207422058917049
0.11319533755864905
0.004595864437746551
0.11570989775518473
0.4063508795005967
0.6487581434596473
0.046450854447800706
0.6348772587245962
0.8790057015676771
0.10947762596420903
0.11128476874670906
0.9977196406522942
1.052072823844141
0.008738100690051894
0.13783422054768654
1.0517000296065377
0.06726919177586826
0.47684074636515056
0.06556668018618786
0.38739773809430417
0.04220746406909498
1.1482586330279707
0.14241504474585012
0.09049363191254982
0.045714812031337385
0.015882357712458287
0.05470787922988137
0.08988011855441555
0.050860743832147615
0.3722598069582862
0.18626932496380988
0.02172777720821451
0.019444298859824675
0.3002532928534967
0.006477794536535987
0.2127935933202565
0.046473772144803166
0.36530906471717817
0.028424483859262786
0.40718132572125787
0.011104169093420043
0.4306666383427747
0.014991092140450947
0.0630821516382757
0.30668871464278397
0.5185396762840824
0.08481184729995477
0.023765007092297476
0.19885696003118236
0.2017736010255284
0.028525095928317996
0.022190106496265013
0.05405357356555292
0.02100476803018362
0.029355699391792837
0.4998848920850295
0.006986859271924423
0.16034066697518803
0.22742240075403375
0.28827202106369476
0.29364030047884027
0.19040725334475334
0.09892338330136202
0.8872023493473626
0.6070581663965986
1.4904257470048625
0.052134406413697085
0.12589904999219634
0.509507304813964
0.10673921703466371
0.08586922014930429
0.08807881401989331
0.2912073336749007
0.1193253347713069
0.4725346104941417
0.8380993101819871
0.014864122291020253
0.04194886808376102
0.10353152592674388
0.26561446797894517
0.452346731697212
0.05803991086114902
0.2618584119767426
0.08560119662359211
0.04602393003297032
0.030632138824389248
0.34984440571325554
0.006819068105923266
0.05716413530103108
0.612785300369956
0.3680285006988414
0.021702411244356578
0.7495900474277482
0.24814990138018814
0.09958671380186415
0.5119466810279139
0.14303766889339412
0.06445962711728762
0.004454834505379899
0.1246400981476451
0.2611416635957159
0.055904368026609766
0.6057806189780665
0.012611304582065731
0.011816404333438689
0.011777177093275228
0.6226244704013
0.030989760961132505
0.006801790217937579
1.239320267241974
0.11564196432344533
0.21414021740377756
0.018364818056651973
0.2974084329660764
0.48994250706411624
0.12343648219966728
0.05320875956793016
0.005664174318300778
0.5805997108925344
0.05584387395637325
0.04261526733859369
0.09304977136256702
0.10784448418584246
0.13927905830876813
1.0864802656314672
0.004148180157363608
0.09703254788483624
0.07816824931742078
0.11819820464183006
0.31675559392318503
0.110379261881671
0.05142112259938848
0.9169124421577098
0.05964312612465506
0.10049733056992202
1.0
0.015055465063998125
0.25149473073462447
0.0289523389292696
0.04567981418904509
0.044060830384168935
0.0578986404955437
0.16476210291937007
0.21012755886637477
0.2597357636141992
0.1007890653398641
0.012245302121647506
0.9663750722068893
0.15000573846878854
0.02702145520294396
0.565118153150028
0.13226230897640018
0.00513907870374744
1.3591575824537503
0.2862892248538584
0.03006891615656416
0.3431352692993004
0.8721039911483165
0.07389546604903285
0.021667068251716565
0.0893581882317992
0.05459727093162385
0.06372277924280766
0.30453188932386094
0.07129000501146399
0.8133817376981691
0.12515519407742962
0.002999608508920577
0.03563581094876031
0.7574237807308403
0.0015353743590623596
0.44621953026123246
0.06401605302414617
0.010743262776817525
0.005718501725312891
0.010482031451875037
0.031483243846036915
0.02812193356414111
0.7584755983866555
0.7354206220103227
0.22126057429785492
0.21489403118121583
0.9593273332467738
0.0614009678517478
0.19949417107562004
0.04455878130843294
0.1505193433725066
0.001672457379341212
0.0035512671069070877
0.8172594102955048
0.10394368611007784
1.2940004832096175
0.12829864518097028
0.010341696188320348
0.5736297664960913
0.009706509263509178
0.02888742372410405
0.0655743130702896
0.20842756873501758
0.08477401739287987
0.05785116255203503
3.424420964110972
0.6044503243690794
1.1103208986420292
0.004542079176819242
0.010946071516352567
0.03630315875202593
0.014104024345795628
1.519908663272338
0.09214962741820318
0.002539657436447428
0.37711870866155883
0.16192429284536988
0.007814483171640014
0.026495243387738007
0.2328236169435263
0.08305648412691925
0.04452319482472725
0.0031238794549917617
0.023891403630391633
0.6481135913938273
0.000977064521822857
0.13341709002811813
0.16791454961697047
0.01850198386685433
0.01899862401354331
0.008546633492405064
0.23440563467679965
0.09522567476624595
0.012113212408072444
0.039964036016013935
0.19203348673576467
0.034922268433882825
0.08557988167520102
0.05667151488815397
1.0762230582793928
0.11312715858839408
1.0
0.4626491033425412
0.7476514616046515
0.16062522388378206
0.004703133258406799
1.2150611073936655
0.022678007822218127
0.06928015421606065
0.3737506627473869
0.29668291237574534
0.03768130533832083
0.005905525007766001
0.019574340755920305
0.0713703959773088
0.07647498920315794
0.2509800113624645
0.002484362825304195
0.017815662910097674
0.030302697473828303
0.061891237315402275
0.012072341517789202
0.0204846772064082
2.167937658537748
0.22804432254756005
0.7175127431888308
1.9363009752261406
0.1310382339353425
0.5642553606433247
0.4486852072671837
0.28621805726427957
0.027045832424964042
0.1877109315170169
0.7109118550816141
1.2762885896462839
0.28475544088101135
0.0417556485799308
0.0008198699649785794
0.19358620568531676
0.04390897659928193
0.18724606952135897
0.0461092488966058
0.02056640717983313
0.020017625198717522
0.15968653114189724
0.09391244631801571
0.11461215588565095
0.0041039999420528364
0.03726359532371418
1.2857195395710708
0.8080027198308871
0.0019045296797123522
0.02427921464788132
0.0060605776663539435
0.19008665437460215
0.20121304179806546
0.85601346106567
0.004707908449585222
0.02383712752801868
0.24492916746604038
0.03317698975686389
0.03696011021914068
0.050975291473160315
0.002147271559494013
0.3070399280239809
0.16006527326264783
1.1825958412329964
0.02426298312906218
0.08328947222965515
0.0010864968122443678
1.4206171884494074
0.19867208938318204
0.0029851768449730056
0.07942445216452523
0.2598002375856918
0.0077585662307656095
1.2146829005082587
0.04690154614088
0.0027696135664336406
0.01754127169002724
0.9372200095170746
0.05871855262048869
0.003318344844155475
0.05457435865272096
0.017173778508279534
1.3642612155345066
0.0722791984354295
0.07271324594945416
0.07184015429310593
0.023560194454317934
0.05738282159294636
0.018309117360449215
0.15764171840066457
0.2215528869502897
0.13046803478174157
2.6445297990611953
0.018837108544058814
0.018148532864732156
0.0034283383539765143
0.026515441973994507
0.036023321437845965
0.06363576046959718
1.5499297170541797
0.0691381221404261
2.6554359078340073
0.03698625864372082
0.11465852271140961
0.4572334985854207
0.014605716044819528
0.11844168995159021
0.09683004063165546
0.004716930307927572
0.07251740892321809
0.322273437197991
0.41164936858463924
0.3642682703620372
0.000621187130153834
2.995055998298195
0.15548847906922902
0.0103784718499813
0.013124316850038332
0.09290140852910829
0.15708287895247264
0.09293680715305726
0.01429979601156151
0.004102189902030294
0.0693415989690149
0.03868541966442378
1.1831852455955874
0.004837353875038846
0.07734110489051389
0.016693637783515073
0.031062247901416682
1.5086609841995253
0.02964576961171397
0.09371343743246185
0.008374729175233481
0.01532573182364013
0.0031479800969833184
0.008868535196039971
0.04209508055184618
0.6712596188356804
0.974640195633103
0.007774230173585749
0.5565416580767011
1.7573037494824406
0.25825240001018085
0.029292513611141557
0.038380840352024805
0.002701677548915797
0.04099912912419782
0.024374675964113156
3.180959968076614
0.025602133401679824
0.013681255675704279
0.2193001618737727
1.4958056014669374
0.07092601758296604
0.5318644013409575
0.003943061969127381
0.10958491253627323
0.008405354924894875
0.006595681468359917
0.0019254811907253465
0.9196169396158294
1.707468532748933
0.026413179891837994
0.3125064237255869
0.011106421616657097
0.07828237777422382
0.017869294669768377
0.0737895040208216
0.015127797593438054
0.15068248812195773
0.02578379804219985
0.029508753969535336
0.0039334919221387975
0.051387885165407515
0.010069237661254551
0.047570688075564076
0.3888546054749411
0.11661557602017701
0.007045190314149187
0.0033216479604993993
0.2618951272038303
2.73222588242982
0.020023739254710324
0.00884394466389994
0.010860987247539167
0.3907468563142751
0.021088684870515444
0.09739467325313968
0.5715516503003285
0.008744390249436367
0.12808217138161768
0.03031886822000663
0.2361514631079003
0.3016579052363357
0.5194309142767419
0.16085627470948718
0.2571513582856894
0.05459695343375031
0.6735256603407915
0.015070417726936246
0.003551487285561533
0.03589164087028555
0.018834927816453864
0.19932305195833117
0.01571307329306337
0.0383939682437179
0.07204892487192427
0.24938471836375803
0.13555998369884273
0.2953251182957494
0.14028708694182623
0.005057743157461347
0.029092658787456323
0.0004043407238721645
0.05565093051239307
0.09498276714397094
0.046874382569367996
0.16408903173693157
0.0013803395671144391
0.3631571819383546
0.06926756427502057
0.20215519656532724
0.006349716946993584
0.6983079869838691
1.0587482898424552
0.000656773394647159
0.03603983030978005
0.21607967343209641
0.35921237311140375
0.017676477273849075
0.03056633018954705
0.034299549236110186
0.030363862907685103
0.012919959115296394
0.00045805357015691825
0.1650944777476987
0.010867387520164563
0.0016663506428094194
1.2335491857994783
0.004695862170576726
0.11168086483696484
0.0022119873485813343
0.008466000934958542
0.16683186240601924
0.03467821323040276
4.906261089437171
0.010658324021715128
0.7875800886428559
0.043605950803630715
0.03574517251167956
0.3110936466741328
0.0004970824555375058
0.0009785954231494665
0.7959592534149991
0.016781018274248292
0.0037531215433161988
0.023161800808155265
1.5267019979726395
0.7263427991819974
0.5870889888340846
0.1914579532635343
1.7840454407401154
0.015015301596051422
0.005204021897169293
0.011578709471896697
0.25905773414824557
0.016819200214460373
1.6113082418488947
0.06096596657977194
0.015402091737973224
0.0637800251975829
0.035682949566789385
0.11934804123654619
2.0403592220485316
0.016982036158206135
0.012683062122258101
0.1190720440940335
0.04134445106049338
0.03312711468060856
0.2367569469215947
0.6966121590717762
0.5280788892767528
0.16923472987675534
0.05270095611897935
0.283228665470973
0.004642719728281013
0.0023648805950514874
0.024718825345293374
0.1793021669057766
0.04292779760320056
0.041356990927329286
0.005834090948265496
0.0054421560252176215
0.011190540863340941
0.0003206295472333711
0.9461307780470655
0.004344975911866708
0.019184442669472303
0.13668614967272866
0.026215161245018295
0.5036532473689135
0.001354968347433423
0.0026567497749705733
0.9099985765215001
0.009282535808465593
0.040369810929622094
0.025891879537817318
0.011314756741678745
0.8029913489583527
0.014944143170643364
0.0024933781116270206
0.03945934448959467
0.18218895363750473
0.2893098205732594
0.01085913674252925
0.0030248317465785164
0.0458511206191241
0.005515834160482268
1.1976542415066092
0.28373610638429364
0.2195086235364995
0.49628148318582943
0.02360280193943299
0.14680035069137315
0.12929199715738798
0.005002239665799951
1.1903065336973635
0.013997333893876113
0.00018857619196862026
0.032002000964351476
0.16300288751742983
0.2684961698906282
0.08700952102760137
0.4183416259566056
0.025353232183892564
0.20880905645735878
0.09341398238836576
0.02383189424436533
0.013448411492917508
0.875045513535654
0.0039032339264693473
0.2178872668754182
0.14241237959585856
0.02952328417206253
0.18944637089891253
1.2062244000537397
0.008417096068347035
0.035102168573118396
0.012206194956258598
2.7867388394686863
0.042111576447873854
0.00040943775974001896
0.055932334927374344
0.16873301640073057
0.07620472104729722
0.03950443941263191
0.015608160363912535
0.0019087599162249246
0.008113423128067355
0.1984222094774401
0.0010599207612850365
0.04265414656094471
0.0453927389133728
0.008174623128234053
0.11585179576165455
0.0400067942164819
0.2745998958270547
0.007367815577435897
0.12647318667825314
0.4074421282441718
0.2364005881200773
0.8243415009531034
0.039404495435599894
0.08114685956891811
0.09498001727198196
0.05693653364815304
0.22336511179169874
0.06157743296996228
0.15551103665781954
0.004336642575075311
0.27994226100363845
1.701492832389085
0.05654180160356465
0.0002451002595730488
0.004356417616232276
0.053221374526801396
0.0823362563323575
0.030307455265750242
0.07988842101845947
0.023928824869423555
0.05999127887247516
0.19625706171106327
0.4358405054540841
0.03580300348036678
0.04466483287020127
0.3245945297711505
0.167029026572158
0.4321704163435621
0.05091670665910878
0.007384279434454909
0.039180123149190546
0.0001306564639896091
0.3731859568042391
0.5753395166775224
0.011048303462502514
0.011298407487306655
0.024607127325973508
0.18205136267894828
0.002251826271169561
0.007614426193302681
0.044613181517293536
0.04329360380494153
0.020411653162955602
0.0012460030178857232
0.0025664647912649282
0.0012579567056452941
0.012523739869668616
0.629680221348509
0.007711601252840348
0.02717754489570302
1.2163126644572648
0.02413614065605003
0.21401960839605916
0.19138172514911647
0.12924825232932338
0.22357980347336895
0.26425801439306024
0.8888164569841197
0.002480817594357608
0.0430009949667513
0.31926908305862595
0.10214678734402652
0.01395309534375523
0.661500459505009
0.0029229539624590624
0.02547769678577167
0.0466800340252781
0.11275656058310866
0.014781108390162029
0.10541777979600157
0.8114414785262111
0.00010618849172574414
0.10399607127095617
0.07636882738654854
0.12195015882607886
0.47075732655986485
0.015163917193978764
0.021741927505557014
1.8629333403230997
0.7116511342196759
0.04049307412700203
0.06659055676837196
0.22711995594722603
0.047019011170255115
1.490013890275013
0.009621614528396012
0.02033232891585195
0.8104494576138751
0.0327358750176063
0.06812124741150269
0.30379603334506206
0.05150746741073032
0.7476605144626876
0.030034275919771192
0.8085217180171922
0.4910675225170927
0.08144495218417921
0.19167842997248496
0.060817981919831926
0.20504078039248957
0.0037659789659233124
0.05377431762589183
0.0010594276920154139
0.0009546318121598031
0.11389123860461411
0.180417833084307
0.05509487279602357
0.1692187778977116
0.39965872021932874
0.26761641591350976
0.015178767043006173
0.43083071570627424
0.01583469335001841
0.07100908096515753
0.9142395963143835
0.22897990738905472
0.5585912928619005
0.06338053696844369
0.02160295367608576
0.13008606051888152
0.11559864551090208
0.019071506818119185
0.012215145928442594
0.0014658981099794656
0.007612535701573354
0.019331944168843526
0.4412306788108001
0.04488521845691235
0.11146983526134036
0.0019600865689110066
0.003988341307326591
0.6493892884543851
0.05988569287198691
0.0019155523625283956
0.0004081371000082637
0.08767452763737951
0.025211716558667434
0.14242439104732932
0.0034500501577399397
0.009052257447267148
1.0861740044830448
0.0033209691129853897
0.03154132968619374
0.05676956637399612
0.1651588493553894
0.14441005278039007
0.002732819422477857
0.0038292482444645276
0.0013484391943527233
0.03846947071585669
0.009601237372010827
0.03790728651621429
0.38798254963971385
0.0005929304229528512
4.285274806758489e-5
0.06765551667857836
0.085740184729059
1.7707519126802198
0.0017267683349084198
0.005349090371214891
0.2363320885212268
0.003231038734230298
0.0580662851856521
0.006627265111484651
0.012679768593557232
0.09144779111368559
0.15789566893435142
0.09800712356901321
0.004268210736592048
0.8697491702835016
0.30014664604604385
0.26829023644308103
0.3333769253027996
1.3142013116155347
0.05357249791780597
0.011503189680596963
1.4336027522178205
0.0037360511158050806
0.05894814590704833
0.1236308845095588
0.11610457348917481
0.02190063297512136
0.037836658443392054
0.14795296868302005
0.18979435463891425
0.07838484333796393
0.006072975067517259
0.016101910091072424
0.9787913427081899
0.191432803658581
4.007435485228854
0.0017681525845919916
0.10153309501554872
0.20275674232617413
0.07658359573045428
0.895091823944757
0.014910861515360072
1.016683603226222
0.04453400627394685
0.05837291568444236
0.24700732122131397
0.04774527419077057
15.915761823838254
0.07154415304732603
0.034270593247356526
0.03396989506805679
1.6801113903119218
0.06898261258080815
0.07625237536457864
0.010847745554658606
0.024596575845745365
0.007112777665812426
0.010939546437925572
0.00022319801242305057
0.3535724309172992
0.015404061575162024
0.5808257819013689
0.1300284219273902
0.0033635020635050705
0.020827092519054596
0.02719055173791854
0.01402195075974585
0.04159870419711616
1.4429057378613517
0.1729012392443818
0.025901803342546423
0.00555118639257085
0.024213969760878296
0.19838810510843805
0.43643697567530604
0.40180519412381216
0.09017785117863969
0.36279393225476975
0.07961865543756337
0.009535911349655604
0.0021443599251113475
1.0090613844392202
0.4480547765561863
0.06470975335776664
0.03998237882045406
0.004159871661490656
0.022699416287177195
0.11489024402803347
0.020252339915418607
0.08462811458985171
0.6349894286013592
0.00865171769132975
0.014309247029032647
0.0006613180568128797
0.0009136638505480809
0.0614322638409935
0.18617094534162587
1.8993377272358267
2.4119273233682303
0.023300762980873146
0.015546532195908186
0.0002949885882712155
0.0017318932200313234
0.07334300668337793
0.5802039898523299
0.17401440305152316
0.002727406796472088
0.2053429255841978
0.33292897936899185
0.8325525517487665
0.20894178260262602
0.5335678361565238
0.0024520505788532365
0.13315852576677695
0.05555325554515071
0.10014576581109101
0.19704410666583264
0.033526950416231396
0.01782984293099626
0.08478106852515288
0.0008504448693599561
0.00634905610909163
0.08778407743269852
0.004721364814628015
0.0103718854446038
0.05494848068542738
0.0032968296364753948
0.0027394731112766217
1.6007951625616401
0.0029505439790044256
0.21123814865395604
1.0
0.014510427044412789
0.008803144441063766
0.01761833957369582
0.7815726123792528
0.002749661877153193
0.020547081683209803
0.0025218892107246663
0.01572090822500701
0.05303755328484654
1.008441667733022
0.20182851276571376
0.026070313453574415
0.05685200574606799
0.001318639652544138
0.12416043872865067
0.24305073618254155
0.009876589462687558
0.01744543068476287
0.00041517708256580356
0.02543609516588013
0.03643480048522849
0.07250805109234502
0.018778392035713617
0.2582291498785593
0.0241662001509117
1.9573835126446366
0.00579627157363622
0.0008214116349542435
0.006408829848120002
0.0024126974571263486
0.003895825093948186
0.10768969356816091
0.04195199549316519
0.004174441437838956
0.04392547871798643
0.00934731633757274
0.4117139207856703
0.007042066826930253
0.021096357591633207
0.15563389399798017
0.008576996414663718
1.6570835771652457
0.004484229654934873
0.039375877121347026
0.13055208351212083
0.1739463551013332
0.8936517585001832
0.01168255849800704
0.3585370133930829
0.04568356189575103
0.008748102559576417
0.0005854689611080944
0.03422727799887624
0.000925479777567832
0.00442888444044012
