1.6659662425334222e-11
7.497761528783238e-12
5.892572321675693e-11
3.0407389928687854e-9
6.630806993344136e-12
1.9761785796728508e-14
7.927969798221226e-11
3.4632036654705506e-11
1.5256092620811253e-10
3.070398943473499e-12
5.256733947295517e-10
2.136552260388787e-14
5.794984527496962e-13
1.7777838489161503e-11
1.325796658052754e-12
1.2564752562927595e-11
1.4383156719608248e-9
3.9596666057208e-11
1.847176489387228e-13
1.0887723736315586e-9
5.390521109673879e-12
4.060454213926832e-12
1.1373149318568103e-9
6.167801313269553e-12
3.722327382521982e-10
3.720874515272483e-11
6.740610379139668e-11
7.011616156184425e-15
2.9505155813039025e-10
6.68264159371764e-12
8.410007358051562e-12
5.735254797251428e-12
1.287672480602606e-11
4.661853257654121e-11
2.0457043944513765e-9
6.813096461684458e-10
1.285274588150266e-11
6.079733715534719e-10
3.0536249723130576e-10
2.58046857744451e-11
8.167296887519907e-10
4.456873207501528e-15
5.318582923458215e-9
1.3878380224936267e-14
1.9022710573348816e-11
2.175376592605426e-10
3.8349586356052415e-12
5.235453799151468e-12
1.0167347799278511e-12
2.777982501317569e-11
9.968992944093526e-15
2.08838913015624e-12
1.4420995290612947e-11
8.830895190040519e-12
4.7373440471015e-13
2.2126051927785174e-10
5.878122007347243e-10
8.174901965348007e-12
6.139419120828239e-10
3.010806226928615e-10
1.6330784627956017e-11
2.3741260660664367e-12
3.8118902278273334e-16
2.2933119470706552e-11
4.050880440283955e-11
2.154838936937355e-11
3.1630358549253825e-11
1.3444023203190653e-9
3.278011080800256e-9
1.0970232681527728e-10
3.413262316344764e-11
3.0708553610098935e-9
3.1668704308757904e-10
7.315659052673222e-15
3.8297657012917927e-10
1.2209468051582791e-11
1.8020114684229376e-11
3.13017600282896e-10
3.651837580267678e-11
3.7910776754119873e-13
2.6124333306275685e-10
2.8314207851781133e-10
2.528786320696558e-12
7.145927305292117e-11
1.5020560349565104e-10
7.722132079733297e-10
1.024992247537539e-10
3.3895790051031264e-12
7.799548547125255e-11
5.399913853531164e-12
5.448176725409875e-16
3.331095948486983e-11
4.731068427176301e-12
6.218865655841238e-18
2.434180891989837e-10
5.839368246759516e-12
8.968187963280328e-19
1.089124456995733e-10
2.294250476150396e-12
3.373624347407962e-11
7.213654007080582e-11
2.3976712974014386e-11
6.75199436898221e-16
1.694116114799595e-11
2.2007458362003087e-10
6.588497181501738e-10
1.3811504428369574e-11
1.0549879995366144e-11
5.66356905344935e-13
1.0594644168585044e-14
2.3084264918505307e-10
7.343554867328453e-14
9.836511281210548e-10
5.194356959079043e-13
2.8488384316526575e-11
3.143123895534486e-14
1.1045360763755474e-9
4.9474882885481484e-11
2.0114712041264676e-12
2.569936426655072e-11
1.5939216678568567e-11
1.2849230535800278e-10
6.654644203913062e-13
3.955199890985119e-11
1.5473248455196793e-10
1.5458680483097228e-11
1.147103386052181e-17
1.8587273975054738e-10
3.433413776512251e-9
9.47869141049695e-10
7.102071312655593e-11
2.8202065131046795e-19
3.696892680171504e-18
4.612122901346205e-11
6.762987073099328e-11
4.8204649820817947e-11
1.2072951798976457e-11
9.564699552895844e-19
2.959121687110816e-11
1.5869291071957967e-9
2.891268468846109e-13
1.21170307216092e-10
2.3998184453521956e-17
1.962319386044011e-11
8.88736099982457e-12
2.5251177736816343e-9
3.2456148022965324e-12
1.1154452962153259e-11
6.730059729468471e-20
2.3217815465597312e-10
2.591582646450733e-10
1.0012411145529013e-13
1.9938923655851943e-11
5.581109033603511e-10
1.470770581073303e-10
1.70544062931857e-9
1.356406274090117e-11
3.2674645260435373e-12
9.158326608687827e-12
4.9173997922908593e-11
2.4552585234859538e-11
8.951913703350624e-15
2.3950510252888425e-10
3.4791051796017543e-10
6.796539275457374e-14
2.784864049166729e-11
8.125116396419682e-11
4.0631621466971514e-11
1.9329754776147157e-9
7.02126569742293e-12
1.5005548705144254e-9
7.39406185648465e-10
4.824812522718669e-10
2.686729635439906e-12
9.362822884266265e-12
2.6619857191545095e-9
8.272255108509825e-14
2.1740157127029733e-11
1.0754712273219051e-11
5.212935786516658e-10
1.7583971744201646e-12
1.4767686141730332e-19
3.577670232584592e-11
3.779690629072611e-10
2.048693298735148e-12
1.101817973314107e-12
6.552927808893784e-11
7.938833689988081e-12
2.7857036855137725e-10
5.6613506134099883e-14
2.1280945050623375e-12
9.783424595054619e-11
9.584529309221629e-20
7.758422368609855e-13
4.777004655675006e-11
5.542264955773541e-10
5.732486534349994e-15
6.831730939561099e-10
3.460944264101834e-12
2.3766087649387586e-17
3.6947663452053177e-13
1.1391475153051918e-12
2.053968677658347e-10
1.1399011058442875e-19
6.631318782091113e-12
8.697775680646462e-13
2.911474378295279e-10
8.957360214927349e-15
4.132557991286853e-13
4.35618852006387e-12
7.63764921534506e-13
1.319123335953681e-14
1.6263647552150038e-15
1.5189068672403054e-12
4.396593691445614e-11
2.9127038208931695e-9
3.823151078311358e-11
4.146613379908745e-15
1.5928578650652076e-12
7.274361174906242e-11
6.586963192863371e-11
5.613768476412551e-12
1.1731928032967448e-14
1.1125832837441555e-11
3.641590112595133e-11
1.875074520375073e-9
4.2724587106501314e-11
9.805728329015938e-11
4.538815857880866e-11
4.260343872984625e-12
3.0287171660043903e-12
3.145909288277865e-17
7.863122411532106e-12
1.9023678230411665e-13
5.340239214070556e-12
1.7086182702878658e-13
1.9267636584420642e-11
3.052927588001943e-11
5.785838796626091e-13
3.3805146600695595e-13
1.1120528705299894e-11
7.069089985970509e-10
6.622482834610744e-10
2.1758789872369332e-10
2.4822449918718274e-10
3.1732749891558555e-13
6.003997688597899e-12
1.0892677163597844e-12
9.352264998058508e-10
1.3996263752016347e-10
1.1617095863361539e-11
7.105658813651582e-12
1.6312197139922733e-11
5.116360885011078e-11
9.99912406584857e-10
1.3190889333277661e-8
1.708430166376987e-11
6.72316080168583e-10
2.8206646247808216e-15
7.575101399447425e-13
5.299236758763222e-11
2.4917728209947312e-11
1.1009184792320911e-17
4.180809913698804e-14
7.323127509963792e-13
3.2906413245413227e-10
2.907426184873307e-15
2.9080874797372414e-15
5.835483152075684e-14
2.3751378959331434e-10
1.6621929612154749e-15
2.3372175788558643e-12
5.279164594255565e-12
9.261484928179738e-12
3.6942624849606587e-9
1.62042210861284e-11
7.096317313267076e-12
4.202971625096688e-11
1.0332065631742447e-17
1.1150847845268694e-14
1.265591320097138e-12
1.6576497032900933e-12
6.0348035059081e-11
5.470973705238392e-11
1.5633100290788268e-8
4.949851514605935e-10
6.700938491025907e-12
5.658062078388422e-10
5.811826529287194e-10
3.975315713143595e-10
1.336490879268378e-11
3.871052309266169e-11
3.090986636740415e-12
1.013080942256849e-8
5.826877842140838e-11
1.5647794065079846e-9
8.432841797088212e-12
1.570577332344287e-12
2.0285782219735818e-9
4.006729317417565e-10
8.610983809759855e-11
2.3887919229526845e-14
2.912441262821804e-11
7.72050502773841e-12
1.7773319461037374e-10
1.2902705277689082e-9
4.187343156493534e-11
1.3522739945610644e-13
5.434445545244354e-14
1.514883858114828e-13
9.884996676306572e-11
2.4274454901559375e-11
1.1568180864226906e-13
4.697121440650243e-10
2.982917795219726e-11
4.735657486270522e-12
1.3887178151577177e-12
4.5114469456426047e-10
1.0064058948655102e-11
6.699681199347779e-19
1.6781368671442158e-10
5.130348507025931e-9
7.117578925772247e-11
4.461302786102977e-11
1.1705549490917916e-11
2.877276802897254e-13
1.2765827247291281e-9
9.824416833937296e-13
1.5105249739075635e-13
6.878102242919547e-12
6.4379315013537876e-12
3.192959733688607e-10
1.1941219755731516e-10
2.2910144476314185e-11
1.1202493555022193e-9
3.3837096001037874e-12
3.100372845811347e-10
6.75797955192673e-11
2.6377266941072586e-11
4.0487061734258885e-10
3.750629110673119e-11
6.5451072543048585e-12
1.0964006427599852e-8
1.718373019964569e-10
8.138487217950299e-11
1.7310638502437607e-10
7.59574140391551e-12
1.7748032571338992e-9
1.5927450265623535e-11
4.678403577260868e-13
1.700948368498763e-14
8.044000646193217e-13
9.286489050064294e-10
1.1230296493459859e-11
4.1926882864926404e-12
6.221899322872407e-12
4.3231128809748623e-10
2.8167213390859434e-10
1.6400616743660276e-9
6.027118248588546e-12
8.127917195066752e-10
1.4792874576829567e-9
5.476513926626914e-12
1.7397948699042289e-9
3.788389058238203e-12
5.866545921263546e-11
1.932450567280602e-7
8.270838928112256e-11
7.473648553797899e-11
4.726274632647404e-10
1.5199514863587798e-11
3.958292519132843e-12
2.972458781359512e-14
1.6622115789953148e-10
2.003245302743866e-10
5.063953742417448e-12
1.0538866546721717e-11
3.859473526561914e-12
1.735597553505769e-11
3.097169207275889e-10
1.113272060861004e-13
1.217680494749126e-9
1.8443150808202106e-11
1.0097895947036719e-10
3.657129345767106e-14
1.7190427184860574e-8
2.903494420424234e-10
7.070987233966798e-11
1.0709827429334706e-10
1.1445708394214984e-14
9.921656606814275e-12
4.08631823024356e-11
8.957048332346894e-12
7.475854670677579e-14
1.1015328583994515e-13
2.2632594506314876e-12
7.323210695716929e-15
3.1577592758729215e-11
6.813344634677628e-10
8.61750155434299e-18
8.162522472740008e-15
3.805999806060337e-9
3.6022150535722982e-9
6.70697507932315e-11
2.7924365812041934e-10
2.0220641859406758e-10
4.173547470059689e-12
3.1907278545790476e-9
1.6540768886785414e-19
3.535024196126576e-10
8.288713014941897e-10
3.4844091088739167e-10
3.5698103273988407e-10
9.06077305969768e-12
6.879544007527816e-10
8.246910751773764e-11
1.3652118078742598e-11
8.599643071880464e-12
3.1121033776507253e-12
2.6803713852347914e-11
4.731501909663029e-12
2.3831222003681532e-12
3.158996028439588e-11
5.970560518324409e-12
5.6834304375580795e-12
1.7534698522565652e-12
4.9765989037762635e-12
4.929351929304729e-12
1.0378626030373289e-19
9.927253551258774e-14
8.955264369482827e-13
1.8108826723639853e-11
2.23569475077431e-12
4.3622138846970703e-10
1.8127430858630693e-10
1.9152252448353623e-12
2.810262269764136e-10
1.857559540928437e-11
5.677394038302456e-12
3.15152041872557e-10
1.9986160951690485e-11
1.69226715246331e-11
2.9937618988231733e-13
8.177683240350689e-10
4.62329954887184e-9
1.1736105202600685e-10
7.487853530075526e-11
8.684678583922492e-12
6.265765926413513e-11
1.6526349923525943e-9
2.7356854966555136e-11
1.115675161610107e-11
7.486605034441885e-15
3.227888363733182e-11
3.4800698501068707e-12
4.1871210629546414e-11
3.5875133711979076e-10
1.8807779416608154e-9
2.5428767679234092e-11
2.5628060042410233e-10
5.398299658255878e-12
3.6805538538657804e-12
6.410203274634915e-9
2.0135691712714867e-11
4.815564281827698e-12
2.6769422495642666e-11
1.3084656509676211e-11
2.7615355970929173e-10
4.416758744935356e-11
1.232466590828115e-14
1.3469748860052963e-9
5.557380367055141e-16
8.722532603854522e-11
2.9839813337832116e-11
5.973094991615231e-10
1.0980083046152676e-11
1.6717487933065764e-12
1.781441312553546e-11
1.880696357038237e-14
1.0507637906264155e-10
6.599092828739158e-11
2.054965178631792e-10
5.998908759667808e-9
2.785666015826275e-13
9.496078891384869e-14
8.443048959531291e-11
2.6647813868162354e-10
6.284921637669432e-9
5.864139860121459e-11
7.704465618125551e-12
1.4339861146950972e-11
1.0256505596598027e-10
1.3398398565444866e-12
1.72686333938949e-17
3.7073759317079544e-11
1.5226163255014977e-10
8.174762274870601e-11
1.8077274869730516e-12
4.5305550773735516e-10
2.2735902053578836e-15
5.207946098420154e-12
9.605024378418952e-15
2.8455301736670287e-12
3.4382931267492345e-10
6.083935058952542e-9
2.9013144019797176e-19
3.260561143350071e-19
1.05708377679483e-12
5.374339414646834e-11
6.163575206984115e-12
2.5758670539204954e-11
3.436648202438729e-10
5.8337039731599824e-8
2.092680185196124e-14
8.51096973201082e-10
8.252080236280403e-11
1.4311908871002964e-11
3.6494707821782624e-11
7.188312566483786e-11
8.219351346248648e-12
1.076949715733295e-11
5.790000138626653e-11
6.135514776099231e-12
2.3808123100848266e-11
2.308698015398113e-9
2.869425636238166e-12
8.383803028269187e-12
2.381667056530745e-10
5.121322486147261e-12
3.9263335364550346e-14
1.4653105938698399e-12
1.109807323443988e-11
9.71495677371667e-18
1.7223868020322263e-12
6.63636870536423e-12
1.4963614757967507e-11
2.777379897264046e-13
6.037281515149792e-11
4.0694922785776446e-12
3.6272869113048516e-9
4.1531615005132494e-11
3.5061510868101202e-12
9.958656025784597e-10
4.239087441335908e-10
1.4594156816743772e-14
5.995314397094053e-11
6.150143378471935e-11
1.1525782374643715e-11
6.474486710080982e-11
9.278044496998895e-15
1.6554516341869085e-12
1.3076863679298567e-11
1.4621006769137345e-14
1.38103671288719e-10
3.1170045885555115e-12
7.129535531935005e-12
1.2297613976919316e-10
7.989579974499422e-12
2.8673893398227337e-10
9.501865147488317e-10
5.506315094384502e-10
6.370308886496422e-10
3.363262593348515e-19
8.898597534469643e-12
2.558405908001747e-13
1.6481000471794986e-11
2.2447836032953516e-12
3.1186957434364175e-10
8.939858794773827e-11
2.1371008999786698e-11
6.697914782722696e-14
1.4145352211559283e-12
2.758327915114307e-9
6.340928766484029e-9
5.860040799591795e-10
1.5264468478636163e-9
6.978214543498484e-13
4.653264406950229e-10
7.552662983893147e-12
9.382796022444427e-12
2.657166762298994e-14
1.667349788366323e-13
3.1513744695918866e-12
8.712763518016941e-10
1.0902808574397923e-10
1.0058322098811912e-9
2.1623092805229266e-10
1.7943502800910015e-14
1.8054793805897748e-10
3.875005764700336e-11
1.7787918454093545e-11
1.881302481150645e-8
1.9410127776916966e-11
2.316569926247477e-11
8.58681774717878e-10
5.6603113612781573e-11
1.8152650628965624e-11
8.603428350651737e-9
6.478701289375056e-10
8.83449236490294e-12
1.2187726463229303e-12
1.7479856502873286e-14
1.769739351400235e-10
8.951094125099856e-11
5.03992950695521e-12
1.5446805311175948e-9
2.600188983212332e-11
1.109573421293346e-10
6.548946807941138e-10
1.7891926325577542e-10
6.93552022064362e-16
5.582504271709857e-11
2.5002404801488682e-11
2.250098434519019e-12
1.4757135387572098e-10
3.0815355627057965e-10
9.251980696030156e-10
3.4533540025150783e-10
6.109311912815322e-10
1.2329491561590298e-12
1.960691842465834e-10
1.7164108938847077e-9
6.248767871159849e-10
7.456705143111271e-12
1.3730153112040412e-11
1.0480643306677316e-10
1.2908093187883529e-12
9.921276924857202e-14
3.0130439370615307e-19
5.893020926459369e-13
4.774659394457272e-13
4.321386985833744e-11
3.233877293971942e-11
3.107542608014412e-10
5.094214822761251e-11
3.8049298838185045e-14
8.963515952676499e-12
1.055038252582695e-12
6.856803651755133e-13
1.1952801118150331e-9
4.5089028524135203e-10
1.4468693124688853e-11
2.4851540523774617e-10
1.5132468818364343e-15
1.2532854596259434e-11
1.0890367589302294e-11
6.180943745382494e-11
5.151824392175586e-11
3.3911104090472984e-12
1.134440017001178e-11
2.0253211234710408e-11
7.720584393949893e-20
9.777635067137257e-16
5.836533176875872e-18
2.1373289714368936e-9
3.094462059293552e-10
7.403338418711132e-11
8.687086783742511e-12
8.144161965198115e-11
1.4971403683229408e-10
7.561203495301545e-13
2.188863665431301e-8
6.497366755982399e-11
2.0206928931955303e-12
6.94392709046455e-10
1.757597207477573e-11
2.516566592048495e-10
1.1366052622650932e-11
2.037838022323817e-10
3.569117368509344e-11
6.803341847368625e-12
2.1652238053932144e-11
1.6496645757657796e-17
2.902511649424606e-8
5.67513418124896e-16
5.078844694754451e-14
1.802661784240875e-10
7.036815544161208e-12
1.0461124576443897e-14
6.272530341051087e-14
2.636433067090523e-11
1.075260305432773e-10
4.8126917843707095e-12
1.887849047671468e-14
7.635566587684579e-16
1.2438276271617964e-15
3.4498996247423735e-12
5.4783605639844706e-11
5.947294215480439e-11
7.734353918203441e-15
4.298399136952777e-11
1.9940180986420466e-10
1.729882790411082e-11
2.4548183390477587e-10
5.797365436545358e-11
5.902758074884209e-11
2.6331400110522233e-12
1.9825753520199027e-13
7.81684408385718e-15
5.863348037018284e-14
8.016983900794821e-11
2.560633762404994e-15
9.673744699418558e-11
1.4193292096228716e-11
1.0943808054692252e-15
4.833196916265023e-12
1.148097102911417e-14
3.041118055352458e-11
1.9586465915661392e-10
1.1654252260348151e-12
1.799289707523939e-10
7.853906843920403e-11
7.873190116155588e-10
4.752637091233138e-10
2.1394318097764201e-10
2.7690261212503107e-13
6.063796986654751e-11
2.800879888262065e-13
4.590906548530959e-12
2.4250050746502427e-11
1.5455623216232952e-13
2.0564601489917916e-13
8.318979875968344e-12
1.5779804371288553e-9
6.628548887457841e-14
3.011906643162301e-10
1.7423037145968726e-11
1.0242238399043483e-12
1.2610327852035516e-13
5.161150541713409e-12
7.20864457732447e-17
6.030538865830993e-11
1.548040628081155e-13
2.0562583533430814e-11
1.7831239262711964e-11
2.3313330075726393e-11
9.166849531262249e-10
7.096272389927901e-11
4.489957884553519e-11
1.693229976006852e-9
7.908314768944986e-16
6.955163536961378e-14
6.370350880258989e-10
5.4838876861749656e-12
3.035092798132832e-14
5.555134986066706e-14
1.0901566945654232e-9
2.751418843446684e-13
1.9555581141295357e-11
3.816742785894326e-11
5.48776233805737e-12
1.4639120818747597e-13
3.2757877300544647e-10
3.2511679700773026e-12
6.658175608606389e-11
4.55283923791035e-17
1.1128223535975208e-11
8.251776886836906e-11
1.2287176002045134e-12
2.9998179554273346e-16
1.903450176221781e-12
6.004421448829508e-12
7.491286845319604e-11
5.065869710379207e-12
3.045213203246789e-13
9.601699050884639e-11
8.245297635727209e-14
5.932223906858572e-13
1.3744994131852589e-12
2.59123736686217e-11
2.1429600730327388e-17
1.4235433031634578e-14
2.6235378112721613e-13
6.993007778707724e-11
5.047270254815983e-10
2.856498484188567e-11
1.2149306347394345e-9
1.5107154686538972e-10
3.4568605531088273e-10
3.2462907868826334e-11
9.609887312158727e-10
9.413930224609328e-12
4.204609928089247e-12
2.6505580949729424e-12
4.0537696630382e-13
2.0231734063672577e-11
1.3481491214021067e-10
5.257907988060064e-11
7.383727252262468e-12
3.0100425062916565e-14
4.1502380216544625e-10
3.726601316178283e-11
8.681564218494468e-14
2.4177256538887548e-11
2.9099125801692167e-11
9.250096929972771e-10
2.535603093784565e-9
4.9568476075362514e-14
4.695306391256072e-10
4.908988161376249e-10
2.3025560598360373e-10
6.323538405013516e-13
2.3186707238468467e-12
9.092251556290291e-11
3.544757289149782e-17
1.833740700124903e-14
1.5967907949732526e-9
8.198132275870691e-15
1.1978157768428295e-17
3.2032068864505066e-11
6.10471741866855e-10
5.75514253650205e-13
1.5490276285095045e-12
1.8350440679802987e-10
8.546342815265443e-12
8.437180113931663e-13
2.5250557544359875e-9
1.6232563322623238e-10
1.9838986431993665e-11
4.097012678535742e-11
4.634309481287071e-13
3.077951196845046e-10
1.642114452847772e-11
1.1447749533389053e-9
4.0674793927066575e-10
1.8421582573386448e-11
1.2372161832381673e-10
3.253992763870022e-11
1.262193408988101e-8
1.269006626039595e-12
4.326095142687846e-9
1.6613340404941564e-12
1.2229346295930614e-11
7.135854152470954e-11
1.0295593622628586e-9
2.0978155592864692e-15
2.7545280187700555e-11
1.2562483292507084e-12
1.1090819704404855e-11
4.312923652833741e-11
6.605957366461996e-10
4.553047872701471e-11
1.3642768751991435e-10
4.102083594461344e-10
2.6213396730478e-11
2.7935665132018528e-11
1.7351285514561476e-9
1.362509344656506e-10
7.855472439228872e-9
7.098034169276536e-10
3.80853224712268e-11
3.843288128958864e-12
1.2624129586311333e-14
6.068503310657418e-11
5.755229026284235e-17
1.0156092341746209e-10
5.94707116285131e-16
6.376707239005538e-11
1.799297170746691e-11
1.3509606658208859e-14
3.0385831415447684e-11
2.244512586606929e-10
1.035313973560527e-8
4.971347627607802e-11
3.1654345572034875e-11
9.32741828874172e-11
1.6236458317662882e-10
1.2106247175357457e-16
2.693577375976007e-12
2.278715602537679e-11
2.830523504298441e-11
1.2825881888163953e-9
1.7530100422998346e-9
2.1821376601002747e-13
3.049105432929044e-12
3.4060568835379144e-11
8.159779723739475e-10
1.6033322835681651e-15
1.0909586775531523e-10
4.257848098009916e-14
1.3484757543308405e-12
1.269765890980528e-10
1.200866743089682e-11
5.036378159099693e-10
3.5072559071253316e-10
1.5696767798623817e-11
3.429545330107133e-10
1.176779964296241e-10
2.2545570369378318e-11
1.0593821255087592e-11
3.891565104914415e-11
1.8623364513509288e-10
1.227399455931867e-12
1.295358079892785e-9
1.1447093363804693e-11
4.988873190510773e-11
5.388910529910623e-9
7.45707063706506e-9
2.4933143719723116e-14
1.753009379968434e-12
3.202601068655411e-10
2.6194733281128922e-11
1.084649276487223e-12
8.272811226968261e-10
6.726859796570682e-11
1.309436258877237e-12
5.281368052236744e-11
1.498695089519902e-13
1.3299998037069365e-12
2.9590488054201357e-19
1.885615017876706e-10
5.867095017457406e-10
2.482260654604827e-11
2.5630565056463306e-12
7.723325146560016e-10
9.101399080332948e-12
2.0029273486207125e-9
2.3731963708849784e-12
4.877370715805368e-10
9.077365496437338e-12
5.929130305342266e-10
1.1188142131126258e-12
1.0717506996711357e-9
2.6644162684026516e-11
2.0165967360135145e-9
4.275725452250906e-11
2.22522651222588e-14
1.4277472068108582e-9
2.8989622455240695e-11
1.0014006865472761e-10
1.6397126063289668e-10
4.122584709299461e-12
2.5245056193883773e-12
2.1418818761825855e-10
1.1819917535237991e-11
1.6832950505975219e-10
6.893887502357767e-11
1.2712690827197081e-11
2.573304714486871e-10
4.89626829437564e-13
4.788570432604966e-10
1.2504509078788662e-9
7.436460386826905e-13
1.7255132295528997e-9
1.3262483811625601e-10
1.4294196634086356e-10
2.1649598519420425e-10
1.7035546300617084e-11
1.187452876298678e-10
1.4115330240087784e-9
6.665143374158565e-12
1.3963718839287727e-13
7.671541966376122e-12
8.859625670365517e-11
2.6134442766899395e-12
1.8517217509094572e-9
1.0467192791965725e-9
1.568571142416178e-13
6.490447256049975e-11
3.542884868206789e-12
6.633495504439093e-11
1.312340203803233e-17
3.5788878285487007e-16
8.212940324119053e-11
1.2998346628193582e-10
4.583363417890084e-11
2.3629304675641453e-13
8.6358050159462e-10
4.630616087900454e-10
1.6548481616159445e-11
1.272497125018459e-11
1.287647527518045e-10
8.73142211776215e-13
2.4642202811402598e-12
1.0506435639826811e-10
4.483242268155002e-11
8.155558826727166e-13
1.8945649331700475e-14
2.7771699159828483e-12
1.5908270527653544e-12
7.140105143722745e-17
5.84817238530787e-11
2.534285621749129e-13
4.879483854933948e-11
2.1152796761917286e-12
1.0560527695227128e-10
8.478570757724801e-13
2.057528720872649e-12
1.3773627148040712e-10
1.7051632976328493e-11
1.3606921769141836e-12
2.6918065538738324e-18
1.577886605507249e-12
6.077484073869087e-10
2.6392013077507548e-11
1.0037591760505397e-14
7.435230808671933e-13
2.4234097470778985e-8
1.716942868535793e-11
9.726342384418559e-13
