1.376496796006303e-16
3.7596938959995706e-20
1.0136374111736442e-29
5.295049094934391e-6
2.0914867859242196e-38
59.770274191811374
0.41991941711731473
0.007184254183903048
1.95950910111983e-14
70.16341574410177
46.13401858903723
1.5407590748400615e-31
7.065010501013681
1.7119175482769987e-7
8.532469081590891
0.00044825504917487863
381.67883593392304
1.1905690432087272e-27
0.03392257588516022
0.0008371832798395029
6.252436647890447e-18
1.0
9.963807474561605e-14
0.7203632988283132
91.34671676955783
2.18981666911972e-10
2.008640926686373
1.7033671808156276e-22
3.713591475158401e-20
0.0005893957341059888
1.885394996547445e-10
0.48028356777671694
6.887831824541006e-12
4.490403699673987e-6
4.4791495812976117e-11
6.0093890780393506e-18
25.99059741651113
13.782115466969985
75.15756131095081
1.3818129397597084e-11
3.3062267019049743
2.5007317356501002e-5
0.0612799970217476
2.3340332118074835e-11
1.0081103243467089
9.859744388701278e-8
1.0692010962140428
11.03419599211653
0.0011262220658965452
7.54816855096802e-14
4.146940921010707e-5
9.339847532655166e-18
2.920836043151603e-11
4.61315633350404e-19
2.353275011107818e-9
5.031371345920148e-14
0.00012433724216394918
1.440758770509744e-9
4.521106760544764e-7
6.987594673016201e-8
0.29808049054691005
1.0629344135515653e-21
2.0362897146156833e-30
3.0058015881045455e-19
9.40979060042206e-22
1.707581798029213e-5
1.3531967913046643e-6
1.4395425953390386e-5
6.161681213825748e-18
3.437680835082505e-15
8.09896584419338e-5
6.124898895834663e-23
1.0
0.001511246245382972
0.00018573478131827186
0.0012423953390595377
0.046156741328815865
1.081555073419887e-7
0.013238545906081882
52.27034677694356
2.5922199981229115e-15
0.0009587453920011656
4.911122223986232e-13
8.217108586554754e-11
1.0
2.9066419271271278e-12
1.7239080694874057e-5
0.0015062097420438648
1.0999886879434595
6.072079838329016e-22
1.790303358684777e-13
3.281219383402785e-15
4.803637617841372e-5
1.0
132.4279444565989
1.5069483560848624e-10
0.10202003168736447
2.442263918348692e-11
2.997866945051015e-7
0.03764130477357077
3.768612172146988e-7
5.30806751337991e-21
0.01067637860138393
50.50185487881128
3.7521351910969835e-11
0.00026650404841081895
6.766661057737234e-25
20.649148177450613
0.16114479132725132
0.015531875592218445
1.460499091286737e-6
1.2796722208513905e-25
122.74718710192407
0.00034341131143787506
1.2313845226593577e-17
4.9444809628327994e-6
0.0014963672149706096
0.012818304754198163
0.06762892017799074
0.20437868284131716
2.3169809338226452e-18
0.00021854144383689442
0.017674646709843266
0.00915211167216508
8.608328485419042e-31
4.422847637883702e-5
5.797865961761138e-15
35.2486497816354
0.003719873670108863
1.0
9.355217750667076e-14
1.9534565362983458
1.0812252365696265e-12
0.04584376321652542
0.4486110707518931
9.343664637672996e-5
5.914997016558612
2.7957616038126847e-8
8.113699683863079e-6
2.2871526754053424e-15
1.7678786653470941
3.411670545017131e-22
5.294254797795148e-6
1.5791060210973457e-6
1.442180102439533e-7
0.0043815150566757465
6.279320352460593e-12
7.435139144260566e-6
0.013384987201821548
6.5447923983166904e-18
2.5272370166872777
0.12076922931615751
0.004683833940209252
1.2489157010477313e-12
1.3549912355243705e-8
0.000586423517390576
2.1435248985563518e-13
2.1813894345281145e-27
5.341368889171889e-7
5.8578682073403553e-8
15.793666143580873
0.22433728142334017
4.887351612158263e-6
9.886277752192574e-27
3.039356756356514e-7
0.007582542283334944
7.366590970747371e-18
8.701091756927503e-15
0.0016166302651119278
1.8363104619826244e-15
854.6364655369699
1.1542302511473093e-16
7.259277339489512e-24
6.333220776681176e-11
1.9513441223488065e-6
0.0018535747615917033
1.2161473540215233
140.5380438212195
1.6332012002193965e-9
8.026931768751071e-30
0.0016403282381874924
3.490647031139695e-7
6.220175069137958e-7
5.573241160777327e-13
153.6037300770503
4.7102674385146276e-7
1.0
8.193379363688026e-21
1.5115152487623274e-7
2.0593230160442507e-6
8.193392705248604e-6
8.8337121214066e-10
1.4118238004118426e-14
23.942052357041746
1.7562777733904863e-11
3.3346525683745785e-7
0.00010182370225597234
9.641946335347246e-7
1.5064064707808866e-18
170.78091389815276
5.480175373601484e-26
0.07549150059264431
5.085160113153145e-9
2.018556839175508e-7
1.0
3.336678055673726e-18
6.693713778516203e-6
1.6222965847812846e-20
3.0126658036053334e-13
0.36051180443094055
5.334745657153162e-8
1.7699602897857549e-9
1.2594728421381913e-21
3.784156559458819e-7
1.0
2.1333768139917013e-20
8.785437188516354e-7
2.3116594161524797
2.1520434599976695e-30
3.0469794919992586e-16
0.09314252030446674
0.00011555354668102911
0.0006245199586088427
3.3244017474140945e-5
1.217188395366078e-6
0.4461782961878103
0.003479019126858566
8.492678698369226e-5
0.08222828362203152
3.783244871227199e-17
1.3812159512389235e-15
5.695922641599603e-11
5.4676988221843633e-5
1.3069195486078e-27
0.01940705434365963
4.118236655290161e-6
0.0014696791577379752
0.002060753730104526
2.5002337276656953e-6
3.2346027751884055e-6
2.232945737909717
0.0001255766909788436
6.829375287173367e-7
0.0028224271120502707
1.9515306388511533e-14
0.0034366446860067965
2.985774659321002e-29
1.0002948994502363e-14
2.937775870250855e-21
4.4717941350011066e-23
7.85798324342692e-12
1.0
0.05914174069764822
0.7417472840219018
6.372651988176844e-6
8.855276502472394e-10
1.5186291524923995e-9
2.7733577719771563e-14
0.00017645801417970908
2.2525789391718905e-8
35.24873437982815
0.0636585257494003
5.239268470314554e-21
0.36483202746083715
1.3611442458027617e-10
1.3272688918606584e-15
2.6673152576132827e-8
2.7939067185608267e-22
4.2969393904712837e-16
3.3324773990389406e-12
0.00013989277890357355
9.401589831248921e-8
14.847650712549532
2.121353983143433e-6
69.78245993635706
5.942475554158883e-6
0.0071641460632539955
1.4600065980449195e-15
0.5060119654193374
1.5855617858810776e-6
1.9671214751340502e-17
3.693907019610722e-24
1.0280785602378645e-30
4.1510528073747703e-13
0.00035312443455910904
0.0017481348847645127
2.385571490963418e-5
1.1862152755226265e-10
0.019178921972066467
1.1992245045854088e-27
945.1122537679842
0.0013134669069624048
0.00024683848911390686
0.00037669283920377324
1.8288102111166591e-6
0.016716338490727664
0.19157898367603834
8.703064943607634e-7
0.01853303920393747
0.0013272064325212725
8.439269070139517e-18
7.64220330636841e-10
1.7379359360988135e-5
6.810186115450245e-5
9.750103814483628e-8
4.3906261715466773e-13
1.0
0.11274450612373257
3.687277149748409e-5
0.001208101829422414
5.714431755585828e-9
8.464483147751473e-11
1.0
9.077732799601322e-24
0.012117103666170099
6.319146405814412e-26
1.3330053073953457e-7
8.76391788880508e-13
0.16429842438424036
1.7127981894990763e-6
2.831157900019411e-8
0.054358790253834895
6.032147723204519e-24
5.082217222077537e-6
0.00902685095712983
0.08409000830132406
2.5013890797628337e-17
0.0004747147632606908
1.4041206404159017e-9
2.7488647951947413e-6
0.06050669856260991
1.7280635935578465e-7
8.316382236246999e-11
0.0009209602828401089
1.8648893435272788e-13
2.542723997532206e-14
3.1657843705677674e-28
8.356311941650722e-14
25.199477325693735
6.672688069733765e-17
0.0024616448357960693
5.141054648485567e-15
2.478844216410865e-5
1.662730626424658e-11
1.7426645841641584e-14
0.43978802227504155
1.80300340091686e-5
1.902343669072955e-5
1.2068044567495876e-12
3.9224609462236466e-5
6.051786401231272e-19
0.004315614988614188
1.7290981139443922e-13
0.03521387440514378
1.0026547552168638e-7
5.2394774261004755e-6
6.37219728266997e-5
0.0064354562728527985
4218.668103355004
0.00014735914421261273
0.1998583314930473
9.318382216424081e-20
3.294026071705332e-26
0.03947845406365949
2.542989989849097e-9
3.666852883178164e-9
2.0746573937993097e-9
2.840727873657717e-9
8.258653653876823e-5
4.4751180605754665e-8
2.838268083422063e-22
8.20760397199985e-7
1.447266641548727e-7
3.3882569151874994e-24
0.0002734185012486422
1.1010322823963459e-10
1.0
9.497548452313577e-9
1.0
1.7855654060137662e-16
8.043547279322081e-11
0.35675501926288516
0.000538188006633196
0.16468599953397237
7.650891565199456e-6
1.0
4.194129730038471e-9
0.0001686075810299608
3.4674713556555125e-5
7.862243121772881e-5
4.169134264826908
1.4200574944645112e-5
7.90511734126335e-10
1.7149332324713117e-7
0.00032927723674466527
1.1239605654016808e-8
1.179727541710571e-6
0.2562395656765126
0.4352386055959973
2.7043824375842094e-19
33.409447394170044
0.000469623014349821
0.0002623210742339653
3.485913029086126e-7
0.0001490536437561886
0.01093529690547295
6.407960757751806e-14
2.035772636458962
1.1435771405978323
0.7703375573875683
0.007018426421584594
4.4918107880892015e-12
9.322488346129433e-9
8.254685795608938e-29
4.1557959081567014e-8
1.0
1.8571093979933735e-8
1.4685666617768657e-6
0.0005603775882512776
0.00021595159373808664
2.85433536310099e-13
0.004759041667905104
3.405021698280636e-21
0.0002283963037588816
0.0031862399993455243
1.723906541832272e-9
4.2853458397829767e-19
4.032528728670083e-30
0.0045954553046453775
2.358085127007044
0.0008819053217325519
0.00010370466774482503
6.660502346471506e-13
6.528873336524397e-10
1.8474045182334701e-7
27.813020494924004
3.946306012850239e-7
4.278850843025862e-6
1.9854490775453665e-7
7.656856293466434e-14
0.0017963353442467238
0.00030834475723271463
0.007996773676082723
2.5433733774490752e-6
1.7822387781941992e-6
0.03338688969966233
0.0019806289504300904
8.029112470958081e-10
0.0014306824033403101
1.866300411136238e-5
3.27955527255063e-10
5.348803014545643e-7
2.806329340686036e-11
2.476681433313496e-5
1.813677274582927e-7
0.0006630802356238471
0.0013296503632944977
0.0008554569424241361
2.5573253276097324e-5
4.037186650898909e-13
7.524978991014547e-8
0.001964522489996326
0.005532759436328636
0.29714931550750284
2.9441619519174917
1.0850807014736698e-13
1.147222253940063e-5
4.051994288755551e-7
1.2505517067058573e-7
2.2524941807256157e-8
0.10037790282756927
4.179807587546426e-18
6.748938900304011e-7
3.314451812794735e-5
1.4188929671180151e-9
0.00023125330494235476
9.559718235679462e-6
6.246783271371288e-10
0.0004637203898563573
3.170298296172065e-12
1.0194269404775894e-5
4.1886266840020117e-13
1.3718666782920118e-8
1.1700115270960992e-8
1.9327755386920137e-21
0.0008555358443212373
0.0001748667866763883
0.00023596975413785697
0.0004138144073940515
1.4642953886722574e-12
0.00011631901026943246
2.440292442524649e-7
7.324293285761687e-5
7.188044875249494e-5
1.2262350032529526e-5
7.554208776054852e-7
0.0017544917088303524
1.2559144172615435
0.00010413678257060017
0.0014374761045669751
1.9816201067376312e-5
0.03269532818620249
2.9008320904315963e-15
0.0017622062307431608
0.25393056147494864
0.015553761228816746
3.904977356414154e-5
2.5712523065639662e-12
4.617697235188909e-6
9.816651298462285e-13
0.003132614492823533
0.00021896678868624448
1.6716121441779875e-9
1.3982985774948308e-5
0.00010203914620945637
3.735457887863331e-9
0.009166165166635354
2.1027859442048752e-24
7.42363483415942e-5
2.6409798531989195e-15
1.58469524668455e-11
4.142456280770461e-21
2.43996555763483e-31
1.3359382636106607e-9
0.019515326306905376
0.4721737027913844
0.0014422308995412389
4.57316475106022e-11
5.53240456484827e-9
5.491083313111325e-9
6.570627916279148e-23
3.2071107105869014e-6
0.014178210805787198
1.0854645558749491e-24
0.0012449073880384475
0.007820154514296808
7.720830110697025e-5
4.886577291556246e-9
1.4771750590221693e-9
1.8441069214232556e-5
1.8901133886527767e-6
5.1810144879510416e-6
0.007093656260130382
4.25661576575835e-6
0.05248317763650938
0.030942884978829296
6.726030058788275e-31
0.0007100842036664903
0.008341955361789109
0.00023451471632854518
8.313664707587802e-11
0.005358131210377065
5.920076932389359e-7
1.6212649995685537e-9
1.048265547018374e-9
10.870999264418826
36.75111027577496
5.221409296432862e-5
1.9927188319475218e-6
0.0525971155653835
1.4834490833650986e-37
7.4415786950196e-12
4.999856303217658e-8
6.291841159998951e-7
6.729693621346601e-7
1.4056761754825057e-13
1.210888214166108e-6
0.11100705495789055
5.772201594944639e-7
1.6151536113588874e-6
1.676454038655791e-16
9.269167526879898e-6
1.0
4.573347041944491e-7
8.21193731179758e-6
0.0006026097404546143
9.942843869126194e-6
9.113906425714271e-7
1.9450724916593614e-6
0.00233865435366635
6.7086478184850755e-6
2.6300590394744097e-14
1.1493909829433823e-9
1.0541246943263435e-9
1.1045224305959269e-6
0.0004121903756942829
3.8110084737467107e-16
3.1716938055264416e-7
2.2923387251521646e-7
2.6289140673871994e-7
0.0006250209057744219
5.130995597860276e-5
0.002106178179380012
5.1981916247284344e-11
3.538903345119339e-8
6.432437091360261e-8
4.936160260738745e-9
3.494808368571816e-5
6.730939654285033e-8
0.0006480603628521404
0.0028859754025666014
0.012214923047813119
5.010481768385593e-11
6.118629748785282e-12
2.4756026820426798e-5
6.235138571487754e-16
1.2950825291746372e-17
2.8302953143436046e-5
7.624552138289344e-5
3.456336400941547e-8
3.77609605777839e-5
1.201300447771711e-7
8.095056983983623e-18
3.5881188007084424e-11
0.0020329248908192436
2.368945165376753e-5
1.036568936983123e-8
0.00024178743178372226
7.386959765307603e-6
28.320660308902777
1.3345631926700036e-8
3.8158254824195726e-8
1.5481660239364452e-7
1.273114240399042e-19
6.732787987171732e-5
0.0002986547947691637
1.293605176040923e-7
8.207380233925247e-8
4.389683611573271e-6
4.573886641245194e-13
1.8668611578684442e-5
2.0134157025751566e-6
3.9958293212445164e-8
1.25603347052419e-13
1.318247477392742e-10
7.696706489139122e-5
8.640236888466974e-10
1.2704983214075632e-7
1.4621736687082582e-6
6.86528070117266e-16
0.0005616146007436705
4.875261653430558e-6
6.379150708183594e-5
0.001019932458840013
1.955377748092516e-5
2.6245506986397844e-5
1.5092747010079996e-11
1.499063615566596e-6
2.3877444399251693e-7
1.2264765677236822e-5
0.00013516718996513051
7.313400774111942e-10
1.0035516409613616
3.678751556823191e-7
9.455987157162063e-15
1.208619890088318e-24
0.002502295112488539
1.062993067446832e-5
2.958621306948792e-8
2.8259813266157137e-10
3.972398893633737e-5
1.6815156099227692e-7
0.0018706447837803077
1.0361987173160847e-7
7.423877225135078
0.00026330442209168545
1.1855219808342119e-5
3.176870875786352e-6
7.93669810741779e-8
2.987077502386075e-7
4.449390961691554e-13
1.0347712588507687e-8
0.0036230784436311067
1.1306079896163722e-7
8.157189426757263e-6
1.3226216274655074e-5
0.0004518598901167627
9.491715533298515e-9
1.0
5.467025492168544e-10
5.646556862428774e-10
3.614551236374157e-8
7.70131570637238e-7
2.3185765937989853e-7
4.440580784750894e-20
1.1320182952086643e-18
0.7893845271188659
5.941411045599426e-11
1.6994709372568683e-8
3.7792546608907975
4.009805789094824e-12
6.017926164867859e-13
2.87253741657645e-5
1.4632176880057153e-7
1.7288667867305175e-12
2.36973908315713e-6
1.4741692044078484e-6
0.0036677607388741476
6.605008423178582e-14
1.26757851777438e-9
4.8356432496068834e-5
1.0583075777770588e-11
0.009226499105736101
4.4397570448617226e-7
9.081901808277197e-6
4.096768761789252e-5
1.828986946543255e-10
1.3851941962623124e-13
3.0884901752953577e-9
6.59872998482036e-13
1.1999436903404025e-6
1.2700465435469628e-12
1.0751535537929998e-17
1.3914066779151822e-20
0.009269644997195747
1.4360599652100097e-5
7.019013620227353e-10
4.811774228300588e-13
2.618935157992951e-12
0.0006665946391227849
8.690638057887417e-11
1.3072045625362705e-5
1.6520180131496072e-33
5.4904019103178356e-14
1.5659722339982913e-12
8.888761567699103e-18
1.8253619189747222e-7
4.93226483110253e-8
1.0
2.174482996535855e-7
3.977165456153735e-6
4.202541192292203e-9
1.5858255327988264e-12
1.964177224701863e-10
5.058591417221011e-7
3.507190819328447
0.021712903892067023
0.6010970418277177
581.1872931744408
2.27418038136091e-16
4.565382978420465e-8
1.560429261303384e-8
3.3292933276357964e-10
3.125481778283026e-8
8.813101240027146e-7
3.5178788012044324e-8
1.4057926298201616e-20
2.7514209885349152e-6
15.89044747999422
1.283559256053348e-16
4.508699170978473e-5
5.789856023539266e-15
1.6351945091724999e-31
9.890654879071341e-9
1.74148610725476e-5
5.1351057444034566e-8
2.1710436246542676e-13
1.0772414863642959e-7
2.199875767576837e-6
0.018382261194661603
1.8848964976349257e-9
3.2631712960598035e-11
5.644272360939778e-10
2.93739454009685
3.755089693212838e-8
1.455990302000382e-7
2.028363959459042e-7
3.37466519192386e-11
0.00021124695132297786
1.8047131229117992e-11
2.2085079088217096e-6
0.00035398459953121407
2.409102605498871e-7
7.911351054446285
6.970643069271654e-8
2.2321204697273318e-15
7.771367261091777e-10
1.0465106060069554e-12
2.0057470890841082e-11
5.987051206740116e-7
1.1273406397541146e-11
5.767115853403476e-6
3.9567237804572265e-18
1.5890069772702505e-6
1.0862865731797065e-6
6.339225679165448e-8
1.0073151969064128e-5
4.1123882129571523e-13
3.5526399386459875e-8
2.731236859198999e-7
1.1716205388493139e-9
5.478290654308057e-14
6.649535538369939e-9
1.7610411007711427e-9
4.420823910302774e-7
0.18072849570986266
1.365257149160662e-9
3.1341924774697146e-6
5.701895322948227e-12
4.8289676102652036e-8
3.34134803022084e-21
2.951328003484792e-17
9.367738752960237e-5
0.00010850919928111246
5.160838762513873e-24
6.902630007792741e-7
2.066364469541861e-7
1.3529599706982002e-8
4.472094855618906e-7
0.0003798597827262475
4.6382069377813235e-6
2.744220827294137e-7
0.00846193214914032
2.7173004557243217e-9
1.2713324768756218e-19
4.354935979655784e-11
5.544006005848262e-9
0.00031832342843259053
2.5160891889148823e-8
1.0813901679748921e-8
2.215877043553762e-9
5.9501489023185155e-6
1.172812039193708e-8
3.550836971395886e-6
4.687079147429212e-9
0.00713414027055273
3.2419217195321744e-14
7.611285632710247e-13
1.3777672706838384e-10
1.612787270462435e-8
7.954002510516325e-9
1.0496853801326142e-5
7.580089807464914e-9
1.0
0.22612542845914732
1.162262533401167e-12
1.4527477845610844e-12
7.598192200022344e-13
2.610928806446078e-10
9.272107135572447e-7
2.176386447822184e-18
2.408678570161072e-9
5.995777185792694e-22
8.128005686742603e-7
4.4308778274419787e-17
9.604975972445083e-9
1.83161121184765e-13
3.6814112157094077e-13
1.1346399900999173e-13
7.600234436753204e-8
8.03319442970894e-10
0.00012349572896166384
1.2593506810656689e-6
1.1276670816240883e-11
7.268540127862145e-10
2.6208760681755686e-8
2.663302521505708e-10
0.000207973067497462
0.0213097988012859
2.2575148256650157e-11
7.019852285990992e-5
0.8422177978921396
5.445162657042906e-7
4.023977148090392e-18
4.303640532911858e-6
7.524956588885008e-12
1.5978428839128342e-12
4.5398218741515027e-17
8.487386812158724e-13
2.704429115804637e-15
7.075828564662593e-7
3.835189335092499e-16
1.0
0.000499035447943931
1.2206335656247735e-9
1.3856946707231653e-21
1.1301535302326098e-8
6.879834133939824e-9
1.4332130784727278e-12
8.366358899542056e-15
7.696034247184454e-8
5.8185664754660996e-11
7.757225143544251e-8
8.942112051126837e-17
2.8676922511355324e-16
1.0221159648232371e-8
1.4928474473179655e-8
4.7441227185948015e-8
8.092590115016112e-7
6.373508396875843e-18
1.1643024217680407e-9
4.380429391603088e-17
8.479176972720835e-9
3.08527257514076e-10
2.3064387402270613e-18
1.289911314710976e-10
2.381015466468327e-19
1.5129513929983455e-9
1.1154261340804393e-14
9.583779224893366e-9
2.760096915820132e-11
1.0995808622665044e-12
1.9012017527519568e-13
2.6108211670681425e-10
3.648619548435632e-7
9.445414464018505e-10
0.0013922349451292644
0.0005934735339837899
4.215744992266676e-14
1.2132016667493902e-6
4.136574909923828e-15
5.876280305737156e-9
1.0479097602967235e-25
1.2278451471793176e-10
7.706201989390533e-12
5.1727128497381206e-6
2.1429741779723233e-10
6.60405195727686e-13
4.8533955706720285e-9
3.021029283424372e-9
2.1738238281959694e-8
7.83185389152068e-12
9.029136478229104e-33
2.457186184557096e-8
8.038363234197184e-7
2.8793385920490673e-7
2.5548419053668107e-14
4.370205412176652e-26
1.923435635908295e-9
1.916459616771094e-14
3.630513789418654e-8
1.7714443051322993e-15
1.5634055478780656e-8
1.523874300824679e-8
7.991250867375369e-11
5.0666157640560035e-11
3.6824448248643903e-7
5.651626478257491e-7
3.9992081999641065e-5
2.5928432522763126e-7
1.5384927755280866e-10
6.312133214529826e-10
6.86467381540725e-21
1.3487459820410614e-14
0.01444696147951156
1.7861733270540556e-11
0.00012713453875174644
9.822283177302345e-13
2.8297647627384084e-18
2.2510532694048195e-13
9.38722938701323e-8
9.03514621826032
1.5588224412541267e-12
5.923381161874842e-16
9.282035771243219e-16
8.924294330360792e-7
1.091867702424765e-14
3.544974868171315e-7
4.018190051006112e-21
2.1137247566177442e-9
1.580601217726891e-11
0.0012196253961898927
3.264155527153511e-10
5.524444677846995e-11
2.077118170640882e-7
2.6917548441932947e-8
1.2164935080394715e-8
6.663789741771484e-9
1.586489189340936e-7
1.1496518314267613e-19
1.4382671784852169e-10
1.1002845555114954e-24
2.9177973329688758e-18
1.2844505141435502e-9
2.3068620399811565e-5
2.7002904692770452e-19
3.832872890822447e-15
1.460719686476495e-7
1.5319130862399446e-26
1.2348860907690637e-7
2.92872227383032e-14
6.047454203842415e-16
1.295140101003021e-5
3.2057328338753015e-14
4.2251594001060507e-13
8.628278816859905e-17
2.5237767177877282e-14
1.550018710773731e-15
0.079400954115102
4.458323612099367e-8
2.345916180467565e-6
3.9707244720909064e-13
4.1052320865912675e-8
6.73327928916592e-8
2.344926935523007e-6
6.572352998755222e-15
0.0006525872849164474
3.3528862141618226e-10
1.7022849776274094e-10
7.30317864573375e-17
