0.7168442812925548
2.678087034635077
0.2624899917940417
0.40381100603498654
0.16690550999761142
0.0974044274880697
0.044527373401529964
0.18189007191575982
0.4354005472463597
0.12511862791305126
0.11983877677523774
0.11579785517296891
1.2601866321175081
2.8723245760659197
0.04641322009315893
0.6657811691545195
0.07624757598655679
0.4388334985757832
1.177336876483575
5.363445179274047
0.011088346187704622
0.024353539112470676
0.4639436894549152
1.135073286568511
0.02051311775593809
0.5425130981706244
0.7610373974832594
0.06382747882412174
0.008816439292876972
0.029042043735077863
0.423195691808092
2.1579418909536012
0.34988603585663985
0.05221639071475271
0.14672953202546182
0.14305604129660007
0.16430536437887158
0.331557923462867
0.6410112679363067
0.10135728265362873
0.022802173578628113
0.20813559860283098
0.03345152998542449
0.5868507004910162
0.07420626428658791
0.0756473802650569
0.1592840076253976
0.14475588652857158
0.044540978484769525
0.02693866787484937
0.20562106879388684
0.03805928378735444
0.1444270427459103
0.34137773601864785
0.15712270226419903
2.5214498889351318
0.21142875971741196
0.4238753230072645
0.513533409619434
0.03252970370809507
0.01535869528817911
0.02229208555226815
0.2768954197955291
0.02371086611185089
0.6299473425508344
0.05317321538859968
0.04399093631593318
0.6237991752794623
0.12883940188637522
1.5802348455554722
0.009371331635021577
0.5369983866939596
0.014323978126257884
0.6899887755862271
0.11144145102480839
0.0888856669989071
0.977712521203701
0.19366700824729968
0.10768141541639945
0.027729095080899636
0.43306906191794
0.6976002613416391
0.10769583891785761
0.04632983128949545
0.4931282020869855
0.12557491918250302
1.2275590994343557
0.3445223741602915
0.13525941148641799
0.06398508004440484
0.5937621452767994
0.057012930730464186
0.03882615167591542
0.022993267612401388
0.07328379277647291
0.31006980068675644
0.12088911668259987
0.05795403385434963
0.03847629529560516
0.046441861885163985
0.0067036326329488315
0.015241091182863355
0.01883020639445119
0.3994725785471351
2.108782739943271
0.10955941382190061
0.0034446240111587864
0.18384765452289822
0.03667630420077249
0.21513204744733863
0.36029954850167367
0.7750168597513336
0.18065255548444079
0.040921090647092616
6.81755672831035
1.4017402337221896
0.37068915770840133
0.21939066170198385
0.42086204316039616
0.11466823875298816
0.03596584753291868
0.05832403216331307
0.09994509958838645
0.662746987264524
0.1264174422803372
0.4351549263187997
0.9097427407862219
0.1304236439489904
0.014498101503195858
0.1970974671074563
0.07698792724695318
0.18318511698545864
0.25316534741239427
0.06333762720066925
0.15552881937541102
0.06820047347748662
0.6924189339008484
0.19731782658396246
0.4701004364662306
1.0
0.7070636738214047
0.016909847850566484
0.045738279519328434
0.23493856541738614
0.06355386523477281
0.11244092504376035
0.023436356168906634
0.17139614374701503
1.3774569465071365
0.6792974537470864
0.5092862794091257
0.3765093397558819
0.6412386348537903
0.37556023733807564
0.0722474375352037
0.163549958035526
0.0391067782685056
0.2246844637332402
0.01593434079217999
0.24829707384744154
0.055122893550179165
0.5604786013312536
0.43736832032595324
0.014809546928840707
0.03236126344134885
0.12789906135621804
0.17746636173389496
0.13398992297501802
0.5989607731766085
9.334448708674445
0.17955950476815122
0.04624031275592795
0.2309423725599975
0.8875128734459077
0.009454895305363448
0.008957009127925904
0.7434812863363675
0.12151873119934893
0.01814283789057365
0.6925620740630288
0.0443891020161444
1.9665117701855914
0.3630910844790444
0.06289869610700953
0.002809483076003666
0.056138926817620775
0.09495068529675066
0.3824857418776011
0.21252218849808677
0.026442949408708973
0.09005363883474013
0.7663202980991325
0.08821030900111237
0.2994490173126462
0.010069011285665045
0.3781521297084526
0.3110185199365875
0.35071973706008697
0.09588807283854328
0.1564361844435095
0.37459190012431953
0.24352912002533972
0.18738120618192394
0.029685339154099398
0.23727548320968833
0.056471955973504934
0.04084134822934976
0.0665819236129231
0.1944195609104871
0.4397095957788882
0.0010111948383436304
0.5554893671496989
0.054640704637330076
0.019147812373347915
0.03122265201427257
0.2950056058834696
0.25379284351105863
0.06311175046799186
0.030081620239825708
0.4085482822200034
0.01296858425763626
0.021585858609348394
0.17961417201127705
0.014316161235071597
0.19738552819885513
0.12382283742667499
0.7648908603721515
0.019005556328872263
0.15663115346807757
0.9076181877650557
0.058347920876715594
0.00481610888805126
0.3045982039873805
0.0510947883348828
0.1284821801284318
0.1811998826571086
0.8872075495227159
0.021024903396002916
0.6007758890186224
0.06692046755600126
0.549050992171257
2.351215607584213
1.9357309008309276
0.017974063091028784
0.16115830385223906
0.0005974149383340653
0.06305389793505817
0.7009803278057819
0.36767592979053176
0.1325033550396647
0.018443480386228773
0.03455016170014645
0.017334784730124595
0.10109929844750545
0.0218384265659781
1.660516029593168
0.14403870639844626
0.1979356691428314
0.1699490068953857
0.004331089393080976
0.16976044748636876
0.08911706283295671
0.22142380472006
0.02105555520678133
0.41635749175537934
0.8305823123535621
0.06563630877166693
0.0416952073637045
0.42512214395598663
0.1761903248282354
0.21256775531653424
0.04803273977535737
1.44409453674385
0.011145013136406394
0.178554742262804
0.008129933153564238
0.06567856250711993
0.0010495445159986868
0.014554233573872049
0.04212534613258664
0.031601820674621584
0.02094000759227995
0.0321815492976882
1.2715818333504352
0.032372734442482766
0.004368520294983896
0.22078809278067305
0.22813218515935094
0.45256757628753874
0.028964914662200043
0.006272156852910995
0.11234875668070887
0.226882939094922
0.13728469736695434
0.20955984721521875
0.023837395025228032
0.05849779688238062
0.04094315869737018
0.16767146487065374
0.016541995240619656
0.0034569573240936934
0.013230503372444278
0.0054154373299204065
0.001505958155522555
0.18770471238049571
0.0049426730108941865
0.008642466412943257
0.0034588976625444423
0.29198215393591403
0.439991363234722
0.08657878582534832
0.5218048640689634
1.6690800497966611
0.003172317096052193
1.1093792917719372
0.10416610224959326
0.10460972873381057
0.1742639958969344
0.026179169668635607
1.3511174452297172
4.161023546787557
0.02908055048625584
0.10479057060177849
0.01764868674486895
0.04235383378212771
0.5745113853138942
0.206964702252297
0.6358945069114974
0.014200453536594876
0.283475162713249
0.2055793669872431
0.09364320723413457
0.03726304881278958
0.06769854970341171
0.054279486329630935
0.7227571882747312
0.2092701036044673
0.13248142451665043
0.006960251385602121
0.028457453226068262
0.12162064629537145
0.2988257946036867
0.17998349072388206
0.6054996911007537
0.09388381815784984
0.0013146170488185784
0.06046422682839704
0.5297226739151848
0.006858288104252501
0.032046648526197076
0.5103162929739156
0.8106603552184317
0.12696813752910863
0.49956887744626705
0.01332607409595164
0.4214237323460035
0.027490788354225772
0.4084006098265386
0.005856818850043188
2.2511051198881757
0.25496507017099385
0.8892840805587388
0.07523361179542873
0.006597693903958712
1.3517699717309966
0.4125807847215709
0.08879498279392456
0.001776787805674209
0.01359173293531285
0.0744325763664339
0.09302845139320902
0.9041744054485578
0.03008548625634135
0.04825131297891088
0.23774288075341515
0.12448287889593955
0.5202122012920438
0.1642795985323906
0.06572454362026207
0.018548960659379506
0.005864155642688033
0.8812357755983009
0.020394955326906147
0.08512825960564682
0.18811828893561017
0.006853355100174898
0.037373491998853516
0.09118766034372786
0.8280824831285957
0.04063150367471117
0.043894486976515316
0.052343492348437375
0.03294950253428817
0.5342755419818708
0.6190977922034967
0.06576546120830425
0.0014901126076005329
0.8580404296476826
0.2007229406762975
0.03376028695783613
0.396898587890021
0.036975133859800294
0.029543219191091843
0.20409772913402052
0.281217719065757
0.19674881148794246
0.2359440606138561
0.041108020915192854
0.07389567774692046
0.03081861208154653
0.7405462830212262
0.018650124524148097
0.056579208732099893
0.0005502102461641462
0.33529661782138737
0.020360543224376783
0.1378849759833254
0.03492327485003482
0.019860805256093447
0.14351735921553324
0.2469224659850646
0.006527498308573748
0.014583381085764341
0.03661426995282353
0.12247044344421683
0.2503185635370908
0.11777957096058832
0.028094113370289556
0.019455573104804183
0.11385904717220659
0.02784194270079173
0.3502786269307031
0.004053038872987922
0.19170413324218835
0.029663228154496468
0.07683033382502306
0.03242358284874602
0.1297884405245182
15.849080545172995
0.41107431000730854
0.07765200958938714
0.04339664080706996
0.8477651160250138
0.0015348346786398777
1.0183027809621763
1.021680457760852
0.27040776683085527
0.01541581184551618
0.0014982972831914243
0.17927676815766685
0.16840505441057013
0.032538050881813524
2.673159503331004
0.05974214488448096
0.39538941120401244
0.10261683187186599
0.008510640586439086
0.03385127081776017
0.3286160093927891
0.17354339010251382
0.054191698086761934
0.013686062574259769
0.016017740048911936
0.00582750655179722
0.05470086730699224
0.028192566434909368
0.01982949032499963
0.10638438605897996
0.5815870442705109
0.4517785508236037
0.003266073365000961
0.0020122793195091995
0.007949164583759695
0.1482123729123558
0.021120151676364503
0.006564354917912709
0.000951126422376616
0.010773338348809324
0.11906832233043446
0.023328601373617752
0.014433100914430832
0.10158787954049152
0.29630159427709285
0.20652548443152466
0.06950389654104724
0.054593347334001306
0.03844359202525314
0.052544031151931125
0.2276896191092812
0.022022785487635636
0.47888718848446893
0.0019879625835132367
0.014970926016522263
0.042654140978289554
0.04847278079404611
0.049305386386047916
0.10019138070825652
0.04744310649657144
0.19358582423703866
0.11735258695237442
0.22019296705748126
0.29929600628250586
0.5826811078955441
0.17047550639147271
0.02325477986888589
0.01908287706974709
0.1139551873558203
0.007285017326456789
0.04676620420319315
0.07799758078139335
0.19632155904318296
0.3607565393365313
0.029437259825255902
0.6626183108395026
0.29425226191594483
0.0007140793417157992
0.31504234338209236
0.7657295290807767
0.004808303660325582
0.004150457320176902
0.01464697420238934
0.01015559973931597
0.060569879167118805
0.026947373654410137
0.13112193010885612
0.0952322960181373
0.07438952113887295
0.014761377902430423
0.2281487476446908
0.007080571564805562
0.07322863741123525
0.16481889218337514
0.002607054845160774
0.010322482163511502
1.4753581050683215
0.08694003660994096
0.02154477278908172
0.0580599252141235
0.0988956011638884
0.00238945399554771
0.02677023528876676
0.5069486770320808
0.010526981223659871
0.010383064760925665
0.13351081054058217
0.11648569751507966
0.2632086282710055
0.012359859395553702
0.00819284040113171
0.04177825805930977
0.061950674070527983
0.0017306826805446628
0.11516110195676335
0.03473472409688063
0.03555615654203936
0.0016793735616757103
0.05820881103704811
0.125123927125442
1.376586862981402
0.5698180549992612
0.0628879852892393
0.12804947636859432
1.6627340385767395
0.0037379031576144934
0.14356358564151145
0.028909203764919983
0.004621489936644538
0.4539854574517408
0.013963043453781795
0.010325425306881382
0.01708922656588843
0.021574711750393622
0.5122330128496039
0.001603534953617738
0.061733964861202584
0.16456578616718542
0.1469534246275524
0.07868431606670791
0.1324637129216527
0.6563476623978989
0.011861698614052799
0.05885286338240054
0.04542209502588313
0.0346405707173787
0.05910646042690996
0.004524477370752187
0.510928472967898
0.7694138108448706
0.1671251624594814
0.009073971002769136
0.4886232776909803
0.1461169282209131
1.3770343677958221
0.11086582707865025
0.30447606741087724
0.03758179808704456
0.008330288399482457
0.0684953122376837
0.0654361680025438
0.06625117511988339
0.014916209865305211
0.9803848584424658
0.10638053424283996
1.4691208425682338
0.05799498034429188
0.11551597513845162
0.013885102713873025
0.15685024223076646
0.39676637698416434
0.05332496819839598
0.015241032843755038
0.11517779661145129
0.9593024096821722
0.02418405154694174
0.10357902157781743
0.012707418396192693
0.0650033726756663
0.06897392403966221
0.24599874834634858
0.15606662010092742
0.1830613258537831
0.02702467675839291
0.34254712156929085
0.7059807148236885
0.18631172816719735
0.11190284765071627
0.005452190865761239
0.4063476232095375
0.09268195352744715
0.19910681817549788
0.0870274552558918
2.2704771229365797
0.06873048524321602
0.025011035370856888
0.006028948765256615
0.18782607394831125
0.23326862494892056
0.5615917218286698
0.1496999691561745
0.8808308384947339
3.801907771835031
0.10735906953183551
1.2306600512891537
0.38829789582141855
0.12461931078670198
0.02732679090531429
0.003061980284464377
0.2500790949212898
0.07117482246367735
0.03751049289511615
0.009761482201858802
0.4127525220083918
0.08798642086657146
0.12168888321694493
0.6625025583425297
0.037911128422074516
0.006518215802554283
0.9022710412013794
0.015999285153924223
0.003322648192921266
0.00417784158667763
0.8015556895848501
0.026667708396772263
0.0890697564682673
0.0006691386087044909
0.015038702959076201
0.02802254574996156
0.004492707584860829
0.0053256547690059735
0.02340080684077273
2.274516508308304
0.09236921880412817
0.33421259493109606
0.06878901594442265
0.32593535893488124
0.06246420482695809
0.0037464014206418676
0.02027497506756198
0.388013510099514
0.24205522746951366
0.003807636564350755
0.01911415546127208
0.4354016372487826
0.06159628197467955
0.10683766116761953
0.280376942130041
0.19018208968515832
0.6259842465239213
0.049652994686161085
0.18717735774911834
0.028643229935264528
0.016597766466542933
0.07843032998142903
0.012723958347204953
0.01883962928506953
0.01634605362393702
0.06268966916336335
0.1154387379013889
0.00029493472660742495
0.05809167261361117
0.02074713261431091
0.0019284104344450238
0.09993705168692361
0.001957389514734747
0.04000245559238068
1.2658818750290959
1.7760345555452313
0.9250041205686205
0.0006484517574513061
0.06840766192321467
0.9979154660386904
0.001199177675118794
0.011925714609452472
0.003723544145567795
0.17615524829076606
0.013979448268712094
0.32428230947139625
0.19092479900334838
1.0704796494077884
1.293766362559462
0.49226472492109324
0.024239944777126595
0.01606682330342594
0.14731291367233706
0.13528250099415526
0.0049503262366933625
0.00540552109233852
0.056452937447175215
0.6455304884764048
0.49676234626185545
0.0033985230971853263
0.017106290310587653
0.0018642424970917624
0.019264731880064796
0.05798534048137531
0.19596733725178644
0.0362383868447468
0.00029542003171161035
0.05959905790423208
0.08387789918031778
0.004838189384729598
0.2842768686972392
0.01901734252108674
0.0045450027010706315
0.21095424664742074
0.006077373547452302
0.026003322273434673
0.06750341643440443
0.15729857447562473
0.16852814568154095
0.029210118117441
0.06550280031680912
0.018364325661291966
0.022509527489741943
0.0417510299356667
1.3421788344828534
0.001772747682398881
0.39027744393406144
0.0354775234967209
0.14009978174498122
0.05618775852605383
1.5369376530908434
0.15584220929104653
0.3817205560886643
0.02548389783337196
0.9971400636868574
0.5817963959118704
0.23525516154703846
0.05702779725212685
1.8222747174208647
0.008593869172276508
0.12003120427540705
0.01915198016966576
1.7635240498831082
0.26760001290742946
0.009507394904731677
0.04637929707495391
0.020224998138214517
0.09889822668148135
1.2954224655183216e-5
0.37299322365141824
0.7851669911164634
0.023960430645987726
0.004280734178502624
0.10094451359208007
0.03622642826047324
3.1192290312264546
0.14743985872819218
0.2178095743328437
0.0032522512543036648
0.006429761881148662
0.005446956379217636
0.023696449677637094
0.0674810149881822
0.0002982218321653895
0.007159485918005219
0.3182394052370554
0.29453193463485594
2.041768938451019
0.11535631711379123
0.018696183711004753
0.03231790110137389
0.01807269385681137
0.014830473295042763
0.6772552444388173
0.11641252299778902
0.014412808133491408
0.07988984079054087
0.0018479138969570345
0.11967692534503171
1.5835012020130894
0.01662221875928725
0.0006609380615354886
0.021988415934148277
0.28060114283790905
2.7470575905648733
0.023644862499202463
0.004767502093294657
0.0022510337021268093
0.013724332250953777
0.3528666004437655
0.0118959583023977
0.0474027185665541
0.008697660131334843
0.0005941694718964231
0.024139811599759937
0.28361078485662744
0.01966603273099001
0.1443065868214715
0.0010449572968984314
0.014391203146840904
0.006258331732943703
0.17410668023285394
0.02289742122564962
0.10654001828991619
0.00790128404307198
0.013076160637901296
0.13882783181256075
0.0684567897685204
0.017242015487756463
0.007081298470835274
2.147303420000327
0.21255369974798122
0.1426693334860652
0.12465337499426501
0.02729562735233359
5.658109034989692e-5
0.13074042493943772
0.6363121045234282
0.07709103763534769
0.004723648666331749
0.015186836413398857
0.20347964474450927
1.1508895623124689
0.022696880707520985
0.045448491529676865
0.0016650446225492134
0.028596304027927975
0.28078642327368564
0.07360783145384223
0.002772416211134114
1.171287477092248
0.007373317718624347
0.019138041622842203
0.020057990721985747
0.1046733431912253
0.060379744111777
0.022848685150410733
0.10238280996367896
0.14605983125744984
2.1389260503561953
0.21822172962790848
0.005291276673924053
0.002480908119938746
0.13586914353781138
0.059288463686151045
0.0647992255288505
0.8241913309897116
0.3130618717133229
0.21525170474136093
0.0595255722899808
0.5115261844950119
0.16372365968524824
0.09675559434944947
0.8463519284479597
0.014093681882136942
1.7624306007750992
0.14307332995071761
0.043687416803658674
0.0037197497317335206
0.5321606684038054
0.005249155174894617
0.17133636287866244
0.00361514893416822
0.15550873801634743
0.012371233260616378
0.03162124247994773
0.011337233635447187
0.01660692031173144
0.41118077194380837
0.2671027179648185
0.0033916032277238922
0.011972436259784256
0.6545628195704073
0.5950269477382326
0.125600018664652
0.9491464679248652
0.01932048273101455
0.001500778913514973
0.001466134496759179
0.0867045688397255
0.017957455529449672
0.8323399429308858
0.09087989956641529
0.23036037163267997
0.9819746995763732
0.023840287706270707
2.7457223213241146
0.43840304806478747
0.08903279709324673
0.07173516868329338
0.00379199584571264
0.11840799033263769
0.06530625414304521
0.11408161073261355
0.009317058043006827
0.5012080933827351
0.5984349327095654
0.9819230249872319
0.21618454017547994
0.3887240172915749
0.2416424267559015
0.016220407864679477
0.019916707770864992
0.05468380829666631
0.5452509702971431
0.10448345124732769
0.00038934726444370533
1.1247893022451765
0.015249246334605098
0.05082721365350153
0.008483575416732121
0.08009675461749412
0.018227649187001583
0.0021395957768834736
0.03385329626787275
0.06087500717186332
0.21281161391426673
0.023394615591343523
0.2796522515651928
0.23033047059587947
0.0031452756720028955
0.2219277417367606
0.8868148549563498
0.8707518481509341
0.00015215780958679218
0.03875558634844237
0.4310259704383085
0.01008297048907929
0.0038807714984268695
0.028299104901990293
0.013571524550316322
0.0073555325705229055
2.296921936889807
1.0
0.01968120442644309
0.0764171022066702
0.027666288685857195
0.13809732386410478
0.0029416035775091925
0.002817012943735616
0.2893410394455913
0.1960824625506681
0.0974267762169141
0.3555286488123284
0.006545649512097506
0.27786081736339097
0.06758614594144097
0.015540286416076778
0.03003608702996847
0.01128934913446025
0.06795025136192823
0.13480643410397025
0.07354048532997125
0.017158713841025682
0.015768757635545822
0.04629128688943823
0.0009409133424521787
0.10273922038012245
0.36212282865613876
0.7082836011633543
0.26818399407473226
0.08536402635579081
0.7891966238749736
0.00345673151360929
0.05935005714688566
0.005196797185176881
0.0006211443504136571
0.0020256099761309953
0.03781647744747043
