7.835035614700115e-11
9.235386695109273e-12
7.162553764637616e-10
1.498427934676738e-10
6.0418077565521445e-12
8.155862250705494e-10
4.853146735106371e-10
1.3838757496093853e-9
1.976403920371322e-10
1.5622270469279738e-9
1.1886312993091837e-9
6.167462445520006e-11
3.992765027107633e-10
7.301361900879048e-10
5.605691632076229e-12
1.8786641601635046e-10
1.8692026083346613e-10
1.9706874352932817e-11
3.9753059944248434e-11
4.2414221963583214e-10
2.58540794043474e-11
2.71619277221059e-11
7.55177723571197e-10
2.3809362394853874e-11
1.428701231994115e-10
5.1633228140359234e-11
6.924942313832296e-10
8.000271110645038e-11
3.0926719252221568e-9
1.3998646673645744e-11
2.9113103035655567e-11
2.0547839209116838e-10
3.174730897388677e-11
6.767668163919535e-11
8.521755758193231e-10
3.950448854093864e-11
4.82845221792744e-9
2.0831737024743726e-10
2.969897310769883e-11
8.401653964469902e-12
1.2167205370358152e-10
1.3617794638873596e-10
1.1831790001170226e-9
3.214678296557169e-10
2.4630796474520504e-10
1.553819373237937e-8
1.6227348108859185e-9
3.3406924758919357e-10
1.6259849970603343e-9
1.1215149060052635e-9
9.724369254732894e-9
2.8376711948577537e-9
6.172606530520807e-9
2.8077966770373053e-9
6.715919274282642e-12
7.875798705496018e-10
1.1637954211046885e-9
2.5272495320863986e-10
5.845269380661271e-10
7.582543831760534e-9
4.709955404347191e-10
9.614002326065977e-10
1.8002528645610495e-11
6.567951871557078e-11
1.2191640582643268e-10
5.2014327200875913e-11
6.81713022053902e-11
1.6625320321026506e-11
5.5234331879814863e-11
1.1564175338423142e-10
1.8753814477086362e-10
1.804978351783324e-11
2.4549982283207676e-9
2.3442963453657823e-10
5.450697530556493e-10
1.8752008129533617e-7
3.3266469467552974e-11
1.3202675484131628e-10
3.882352687318488e-10
5.165933465851375e-9
2.008874168567523e-11
3.292774967222379e-12
9.777407219657944e-12
1.1794101978777296e-8
9.024023766410786e-10
8.705165101433686e-10
7.45427364732657e-10
3.429580555080042e-8
7.938697898186959e-11
5.849299775643701e-12
2.0814648547001672e-10
1.0653193084041857e-10
2.105899312392734e-9
6.9171739351709e-10
2.6247384688918083e-10
4.6383777498189114e-12
1.59380784749848e-10
1.1715190645057958e-11
5.669887091328626e-11
4.2997275504730644e-10
1.0693506553228533e-9
2.0359125992325417e-9
1.0548510507752936e-10
8.194896577061678e-11
5.759060111127913e-10
1.949575378248702e-11
2.4932926575479134e-10
6.712527971560571e-11
5.973095379970866e-10
3.46664722147873e-11
6.172445093105944e-11
1.0467140410868705e-9
2.8278602452720945e-10
4.0856749034008044e-11
1.7818589172324995e-11
2.3984930611615374e-9
1.6067254125184554e-10
1.846830669994124e-11
5.655700820156594e-10
7.525725359876557e-11
1.291608088993716e-12
3.2259092072564434e-12
7.166354473648952e-13
2.49407382150921e-10
2.8186439636129307e-8
8.41609156143464e-11
7.881946158178195e-11
2.0225180749052238e-11
1.379264039367494e-10
3.460423536845044e-9
9.275661402593074e-11
1.262055191168747e-9
1.2435852390688754e-8
1.4571929949438212e-9
9.161678617852207e-9
3.276499124253478e-10
1.7288751155048384e-10
2.2636155532555524e-9
4.322271384806586e-9
1.0715293466026063e-10
1.298413437225549e-10
4.58654850268315e-10
4.5605788673656536e-10
8.436853844493469e-12
4.49222300747399e-10
5.186021402231146e-11
2.719101652628232e-11
1.283312233173398e-10
4.614496041359042e-12
2.751327867255809e-10
3.6102571841939015e-10
1.0459841511258255e-11
1.310509258892621e-8
1.9944006455482213e-11
8.282902164414788e-12
2.156983125821688e-9
2.876774615274443e-9
1.8633339576570778e-9
2.42970566106866e-9
1.7200776925968688e-11
7.792947789725877e-12
2.5237622519502303e-10
7.456168728978423e-9
1.3678517172896171e-10
3.000938320318277e-10
6.279333608042864e-10
1.8314559870767333e-9
1.1125382953943322e-9
7.182905064028333e-11
4.992389500346895e-11
1.825815993915978e-10
6.948780173202965e-11
7.038332263659781e-10
7.059691011879746e-11
7.917531664150028e-10
4.2699611520296353e-10
2.5156589509929647e-10
1.0790231429196265e-10
8.463668132156789e-11
8.615044026242123e-11
1.7528584882121756e-9
2.3606831824310592e-11
1.2575367856623225e-9
9.638366468681e-10
7.540211333782361e-10
1.3057692937085798e-9
1.5406300790727173e-9
7.672863883076074e-12
3.8678010630328394e-11
1.532560849435355e-8
1.666712143550533e-11
1.8066800777898157e-9
3.5303336420942727e-10
7.635214309499677e-11
5.1031463522697906e-11
1.1651690239121392e-11
7.748884131555595e-10
4.406612154959219e-10
3.4541566533894073e-10
6.0573934546267865e-9
7.063297477472796e-10
6.377078725170561e-10
3.065895052840712e-10
2.475884752943781e-11
2.4221655209417683e-9
8.522811356266422e-11
3.7111941783911654e-9
1.913116677733005e-11
1.4351108997439036e-10
2.15631617381177e-9
5.707052753971674e-11
3.5624461483530807e-10
4.3613733668491545e-11
1.1148781269387517e-11
1.932909557533514e-11
2.053457849772781e-9
3.6127408738643265e-10
1.1284174022874733e-12
5.01319572514621e-11
1.344116311664021e-10
6.36038797905125e-10
2.8678459118916645e-13
3.9087299824011964e-11
2.0522403312368715e-9
2.3409864522467695e-11
2.390932290772296e-9
9.368226793794412e-11
4.530249069694369e-11
5.356811750467664e-10
5.251691126977364e-10
5.099516858401485e-11
1.1505390368392919e-10
6.9939341958276e-11
1.163755972503588e-11
1.3505161803159966e-9
4.741117695434643e-11
5.099187046609848e-8
2.578068967844081e-10
1.5709629037873463e-9
2.410701297364269e-9
3.1836732330710553e-10
1.1294989744950724e-9
3.392952348145359e-11
4.1634981938339105e-12
2.3763161774655448e-11
5.236392709036376e-10
4.57942969437756e-9
1.760365654673687e-9
1.0937952238913153e-10
2.0567655847048045e-10
2.6272267341273657e-9
2.0442473674958173e-7
9.171278038689859e-10
6.355005644121248e-12
1.0415262211999108e-9
4.818078296656158e-10
1.7378758437633042e-10
6.151081749865268e-10
2.2279202174808192e-10
1.2671790670575709e-9
1.990919332472765e-10
8.099329035609385e-10
1.954096897753103e-10
4.355327889789007e-9
2.0994034031505991e-13
1.8649430987683503e-11
3.0164937387676853e-11
3.827808999494103e-10
1.3926798030721154e-10
4.60303627879962e-13
3.6264520296463305e-10
1.075810181533753e-9
1.013723916452174e-12
4.475129811025137e-10
5.9809678790005424e-9
9.89549385695638e-11
1.80317208082239e-11
6.275707376727953e-10
2.9337070140227644e-10
5.716199910111738e-11
2.3396552641810557e-9
2.7606154644703287e-12
6.763871546126947e-11
6.717696493309223e-8
4.440630258962492e-10
1.147812450921658e-10
1.3225386851769553e-9
1.956631827117822e-9
1.4664197175381693e-10
7.512583327871092e-11
1.693843014511209e-10
1.4134983137957842e-9
2.3195365535845625e-9
8.428580981549535e-10
2.365653650284028e-10
1.318693035830374e-9
7.73571049535919e-10
2.0251870482829144e-11
1.2674981045492594e-11
2.343099741389319e-10
1.5930696505143058e-8
3.2777932566487525e-11
3.15200581937674e-9
4.0225371728643197e-11
5.819653359318343e-11
7.363508592918704e-12
6.164903086602689e-11
1.145180869359725e-9
3.235262302499028e-11
5.035768261404271e-12
9.75659591005865e-11
9.072299167705848e-12
1.8653418130872727e-11
1.0867834801138813e-10
1.3810570447175512e-10
1.003473272273448e-9
1.389567060679398e-9
2.4037811728112164e-10
2.1412662777046242e-9
4.5066672063718356e-10
4.773492068655756e-10
1.6766627203346971e-9
3.979464133389969e-10
7.285052522577566e-11
4.5907053466139105e-11
9.605631565288912e-11
2.6977445574989027e-11
2.654763851347174e-10
6.267947131182404e-11
1.946861309156778e-11
1.1828327281397628e-10
2.265917862930977e-11
5.8204671949386e-11
2.497978638147211e-11
3.2380029884434906e-9
6.922853364682845e-10
1.6376840574600105e-10
2.1506665389264595e-10
1.989380979396351e-10
1.75400123581876e-12
1.067898246610457e-10
2.8625063980777096e-10
7.342185111792863e-11
1.9443921326936088e-10
1.0429114417242341e-11
8.588148593821426e-10
2.1777921471812313e-10
1.488035669996438e-11
2.6532347285112636e-10
1.0048749429767341e-10
4.901026769393352e-10
4.461375038800113e-11
1.4384250992097923e-10
8.648695354264953e-12
6.971638314963936e-10
1.884291434412313e-10
3.483204734400264e-11
6.901594747098782e-11
9.356821383790716e-11
2.383129965475994e-10
1.8475316857604318e-10
1.895376201813506e-11
2.1589778193789595e-9
3.866606658038685e-11
3.332918179779193e-10
1.7056193314910746e-9
9.683155795802163e-11
2.039805872893629e-9
2.6121729896155883e-13
2.3726114660413756e-10
2.8369747634160706e-10
4.1096148954165475e-11
3.533442888601028e-11
4.4465664640773204e-13
4.409032140112986e-11
1.4223106164781686e-9
1.770336666616e-8
5.007264097216602e-11
1.1736599646872875e-9
6.793077190845614e-12
2.894553300425582e-10
1.2062383120203298e-9
1.1947045108006816e-11
5.419150807158866e-10
6.848630577836933e-9
6.793479873348384e-10
1.5165546819466096e-9
4.231502261868059e-12
4.194853296905025e-9
8.08753347121981e-10
3.6098452050082944e-11
2.6996512765985464e-11
3.0275073095344493e-10
1.6497252479702966e-10
1.218520426934394e-11
8.129913902167495e-10
3.727464748077868e-9
2.867526175477319e-10
7.412945778214326e-12
6.331986113610854e-9
2.3660161043231508e-9
4.3336336052664125e-10
7.044215982149652e-10
1.865861080129414e-11
1.7692211695210234e-9
2.5533255053977598e-9
2.3316755228199185e-9
2.0960977064437837e-10
2.1837503062703963e-11
1.82015037375265e-10
8.233001414174203e-11
1.2232392849127209e-11
3.81353466789556e-12
9.111516054185598e-12
2.1904928980067256e-10
3.251588225158232e-9
3.335055689497395e-11
1.539653399568705e-10
3.9961680708822167e-11
2.808780221029607e-10
8.087716222513601e-11
4.640739953472752e-11
4.540061760733165e-10
1.138804000393909e-8
8.481635132276363e-10
1.1911899698266517e-10
1.9292677462379722e-9
1.8645915428767784e-10
8.39716224211592e-12
1.091079441711946e-10
7.917249784228417e-10
6.610525527751283e-11
6.77184286377722e-11
1.412168372640878e-11
1.2627361132131539e-9
1.216943720872314e-9
2.0842947153813484e-10
8.66122982533247e-9
1.577224268880473e-10
4.4410998575628396e-11
7.256514865653372e-12
4.25282146121405e-11
1.182910253423903e-10
2.829062285671406e-10
2.0272511272552396e-11
1.776987495379142e-11
2.4225031661030566e-10
1.9387936462403525e-11
4.936322881237899e-11
1.375276444315742e-10
1.3402176609703394e-10
2.843150908489704e-10
1.5865243338606617e-10
1.727725887498732e-8
2.7378542241841405e-11
1.0257164669958035e-11
9.296164446094995e-11
1.0255701684881028e-9
1.729998859732884e-10
1.8361547598198942e-10
6.312903782607368e-12
2.383165298237048e-10
3.114145738525402e-10
3.5131445377586094e-11
6.665280212168275e-11
1.3643099025226504e-10
2.187396525019881e-9
5.814904342781698e-10
2.9986378659471503e-10
8.243159592117121e-11
4.3412595974064566e-10
2.3517315740249697e-9
5.2242695341489266e-8
6.625058939713758e-10
1.6757739817633833e-11
2.056958985042022e-11
4.89402654373997e-10
2.077131074337595e-10
5.250549802469316e-11
9.44641865802842e-13
9.569859093659021e-12
4.293854792539001e-9
2.3691046997372995e-11
9.976121579843395e-11
8.412895564836492e-11
3.7089565839168814e-12
1.693013489446338e-8
6.766192643171944e-10
6.530089588204608e-11
1.5180956833865586e-9
9.143525781559006e-11
2.7433112908292567e-9
1.553330977978081e-10
2.379138694103164e-10
4.370522149722416e-10
6.59965852716324e-12
4.859703373740154e-10
3.149141458035966e-10
3.219458048755602e-9
4.626865470778198e-12
1.6458283446721868e-10
9.144846719522683e-10
1.979053286471245e-10
4.523389494450126e-11
2.831550354905415e-10
1.2103882564582408e-9
1.224151501624413e-11
2.0912995106336767e-9
7.0726934239603505e-12
2.6992394107491017e-9
2.7914497063946024e-10
6.881061719813882e-11
2.962862272766852e-11
1.6142767157283099e-10
4.129584741377695e-10
7.900443196151471e-9
3.156293417842171e-11
4.954213146516555e-11
1.3495125771193918e-8
1.6461615939684731e-9
2.4543846114417977e-9
2.917647275139132e-11
4.134432204777221e-10
8.143487553551579e-11
2.14546084906979e-11
1.1141255906358605e-9
1.0873811779571908e-10
4.667762839895357e-10
9.513095919249443e-11
1.0702633184451083e-11
2.0147290491403848e-11
8.024324994609112e-9
7.959456410920752e-12
8.933838317177544e-11
4.869151803608052e-11
3.22871026411943e-11
1.4226537600247274e-10
4.672625627176378e-9
1.1491871873501229e-11
8.16366235119432e-12
1.42743415574006e-10
3.2634722294520527e-9
1.4607426005469158e-9
7.735171616840982e-12
2.3201179825298175e-9
9.551494390858086e-11
1.5819841874436707e-8
6.696044777300118e-10
1.8081889378653673e-10
2.633700099960089e-11
2.0673761828679656e-10
9.922774841433824e-10
3.2369402583101985e-10
2.0493379790354473e-12
1.7086201095321069e-9
3.5681061576345093e-10
5.5040541690326844e-11
9.6415876273043e-11
7.04186967696829e-10
1.8451630084086547e-11
5.376151831327633e-9
5.312578631503718e-10
1.54391955261667e-10
4.5092012098085257e-10
9.4064219407192e-11
2.474368403804599e-10
1.59330409421355e-10
2.154362005062398e-10
6.307563107602346e-11
3.0859294453351357e-11
2.0593294205371203e-9
3.261482551170358e-9
2.4029711027736554e-10
2.410648287262705e-11
5.891384123271624e-9
5.6217854066681624e-8
2.582254552589469e-10
4.1735357122656693e-10
1.3682645782483646e-10
4.0703963735984584e-10
1.997843321411533e-9
7.381003995481735e-11
1.8033673513155604e-9
7.494433605465522e-11
2.672969976392453e-10
3.3184346525987315e-10
5.351205038965565e-13
4.849903919654015e-10
3.249244732737321e-11
3.0045326926544084e-10
1.3566919370080442e-10
1.4797158126709685e-11
9.550609339399542e-11
5.760492784106262e-12
6.046988590620208e-10
1.3642133880248016e-10
8.697570782511994e-11
6.836145027500242e-11
7.953315705177216e-11
9.037687466347753e-10
5.235709455757305e-10
5.409350557995178e-10
4.2253767736218455e-11
3.223780549117722e-10
2.371723183047687e-11
2.507141223763936e-10
1.8097711592417695e-10
2.4511536077839908e-11
6.538512973984483e-12
8.754333980617858e-13
6.143809687522207e-12
6.917586180079674e-8
1.4944419479803214e-10
5.467793034729021e-11
4.104672229841978e-11
3.464845539921354e-11
6.060201331922625e-10
1.1346751108501109e-9
2.147983427678579e-10
4.469519306045129e-12
7.986047965842228e-10
1.6866585413718976e-10
4.618586071781112e-11
2.2542420557137784e-11
2.5186798004726047e-11
1.6147363610249134e-10
1.2530814385297347e-11
2.4285663888134382e-9
1.902882974344551e-11
3.666143007554549e-8
5.855519530189831e-9
2.307679989629992e-10
1.1108871341317793e-9
2.6021609562548418e-12
4.6433350901408224e-11
9.148929355378562e-10
6.420593623638415e-10
4.2061733235345984e-11
2.618059759654117e-13
3.708385214276141e-10
3.484663720068471e-11
2.2764265381796167e-9
5.426642311455442e-11
1.301952477873432e-8
1.4259430879524193e-11
8.115575593466593e-10
3.079883830282263e-11
1.1849973853258225e-11
1.2871085735368603e-9
4.532052040890146e-11
1.5822272371305619e-9
3.3247615788106284e-10
2.289443747641117e-11
2.1498687725899177e-10
1.1030998083767884e-9
5.495758808502758e-10
5.588963183722101e-11
1.6562039995361809e-10
1.3496244245095275e-10
3.635919520792915e-11
3.635097493401095e-11
1.0176325660760591e-11
2.485418782388185e-10
1.6997566551313652e-10
8.948354234236977e-10
6.421983115147851e-10
5.549364453562038e-11
4.998210665809997e-10
7.460671344154549e-11
7.768951437111902e-11
1.225580140122406e-10
2.5897263247124025e-10
1.5038539007748547e-8
6.903657865023178e-11
1.446571160480763e-10
1.0123728811437155e-8
5.830936769381049e-10
2.7447070934074857e-10
4.6329942203295837e-10
1.006538141208189e-9
1.5455008859174004e-10
1.2974189194190616e-11
3.9044082224849764e-10
1.2300033896954888e-10
2.220880738010351e-11
1.3900069576775352e-8
1.0306682582033342e-8
1.3306814371442003e-11
8.640563574675902e-12
4.17946929463124e-10
5.380866130446489e-11
4.859783412328412e-10
3.0204242402059763e-9
1.3566179515061007e-9
1.1841321740118988e-10
1.596842777438224e-10
3.4549017987863155e-10
1.4068133333221943e-11
1.6080367266702395e-9
1.8867685822892725e-10
3.569483903813551e-10
3.546353584610235e-10
1.3601593457210857e-10
7.94793888551152e-9
2.112474153084967e-10
4.2698693637475825e-11
9.36216046893871e-12
5.884422380225123e-10
2.410182661941334e-11
1.1876133467393265e-10
1.0881181867291487e-9
2.3716944187001813e-11
5.761419036650486e-11
3.944129640656739e-11
9.72730049647568e-11
3.3344871613424126e-11
9.604235242074923e-10
4.107197101195563e-10
4.6365771263856935e-12
1.6100159204721177e-10
1.936614236779092e-10
2.5205880282558592e-11
2.987213710509136e-12
7.340905965044885e-10
8.951129185520298e-10
6.753816329398099e-12
8.959287136148577e-11
8.306990558688267e-11
2.1525565433789822e-11
2.1889084316503932e-10
1.8189138045740834e-9
2.0490539511661805e-10
2.1869126017943297e-8
6.361016742663233e-10
2.50002265085603e-9
5.668449532203758e-10
6.377010683495686e-10
7.982435183146223e-11
6.518687954997318e-11
6.527736995607576e-12
1.0312242050769884e-10
6.74523042711033e-10
4.058282278746167e-10
1.2416548495708054e-11
2.2425431298314987e-10
7.1884727102886e-10
1.2625639213924502e-11
7.765416511146951e-11
1.2207684854741348e-9
5.063535656504057e-10
2.4029275760103394e-10
1.1422161444305062e-10
2.074468310586596e-10
4.91104924888222e-11
3.548136395222223e-9
6.789909996709906e-12
8.25395433376527e-12
2.8040213943345616e-11
9.450176075618344e-9
4.188501722108591e-11
2.740128357737357e-11
5.899537138941706e-10
1.1585117896151359e-9
8.496737521596074e-12
8.946606015502956e-11
3.0662583600535595e-10
7.2832605286546e-10
3.0233180949760144e-9
1.715676934440038e-11
7.443712351101377e-11
4.638496623068014e-10
7.372520365637935e-11
1.3803034872152827e-11
4.11624257684189e-10
5.999800429993038e-11
1.4510713119504969e-11
2.946882901221281e-9
1.1706348563118104e-10
7.105546966804308e-10
4.916889771587807e-10
6.875770737748165e-11
3.07495662570953e-10
9.584822349896585e-10
3.1434491087226424e-11
1.187907218446292e-9
1.097651335177415e-11
7.118972087060522e-11
1.7170898280061626e-10
9.210815103049651e-10
3.127490179461013e-9
3.126731452643035e-11
7.526915252926262e-10
2.1511031383485277e-11
1.2502141667413358e-10
2.2312898714709857e-9
1.0783724858745463e-9
2.5576339441925895e-11
2.575974350259021e-10
6.762723488058217e-11
1.6823126243923266e-11
3.3477767995297998e-12
2.5419524091108284e-10
5.389023596257974e-10
5.375479623111133e-11
5.735447526964273e-12
7.109321806288615e-11
5.088072617884028e-12
3.0598408455509275e-11
4.022402343378361e-9
7.996542939885837e-10
1.88613696100378e-11
1.2950471872794938e-10
1.6015331547486923e-11
1.3713562726991917e-9
4.783166510850245e-10
1.35170485713733e-10
6.7924791167156925e-9
4.65774694019967e-10
1.7414655470143033e-8
1.3012356429176215e-9
4.532583419894055e-10
1.0726546647048669e-10
5.4233615141323506e-11
6.18540898444802e-11
1.6411285324432795e-9
2.9426544240916336e-12
4.190085701443612e-13
6.124094095206574e-12
1.6577983645692327e-9
3.763134614089295e-10
3.1652376191684177e-10
1.3203843839699437e-8
5.827167798159752e-10
2.348003966583807e-10
1.7518683769471115e-10
6.860483025064095e-10
1.6351155328755458e-10
6.366548253937122e-10
3.180563925721472e-9
8.102713218371469e-12
5.868418929802657e-10
2.986628966853866e-8
4.4120560822977027e-10
1.4312962002984262e-10
2.3707063866519932e-11
9.15199377488809e-12
4.9176761014755535e-11
8.587445548066007e-10
1.4370807193394447e-10
3.5018820225518056e-10
9.175521810887503e-10
2.234308296912072e-9
2.8854117634649225e-9
1.3500795811036752e-11
1.857587730263537e-12
2.963621343308386e-11
2.2030344514399924e-10
3.1930613561492033e-10
1.440035159844014e-9
7.714530763261473e-11
8.459809165631648e-12
1.5751165967033638e-10
8.549602623917617e-10
1.2844309439049412e-11
6.628381538071565e-9
1.4426589013404664e-9
3.3483682246804613e-10
2.7779506263820328e-11
1.541567247895101e-8
3.297133353504408e-11
2.852863348478219e-10
5.91489588391028e-11
6.158857715664581e-10
1.3509110760888455e-9
1.79522069808687e-9
6.960996384606456e-12
3.1519191635975317e-9
7.287536410443486e-11
4.3067414084046095e-10
5.486443983891256e-10
2.968058631333807e-12
7.981983043500591e-10
1.5770945871206208e-7
2.6401496276744507e-11
1.6789824601475865e-10
5.881021594884059e-12
8.432057996237969e-12
1.5997605189453837e-9
2.274314851513342e-9
3.379744386964463e-10
2.0669231068477025e-9
3.420230588232978e-10
9.097691142138432e-11
2.3528850156987347e-10
3.145174991971308e-11
1.127355603226073e-11
6.36179246663729e-11
3.6801529378537876e-10
4.817796816323187e-12
1.0785644209822659e-10
7.197989740842132e-10
6.971266180793321e-12
2.419127298596659e-10
3.236552942814489e-10
2.3389290540714903e-11
1.1702557386704736e-10
2.0707956052289147e-10
9.142345875940959e-11
1.9453500665941407e-9
6.290909886629691e-9
6.392215967826606e-11
1.6727956141380014e-10
2.8001298417743444e-10
1.460343270398449e-10
2.64525368765505e-11
2.257047660507881e-11
3.9293586527066294e-9
3.6455484873643418e-9
1.431081483357723e-9
2.9298641002641155e-12
1.4504998717623241e-8
2.4104271789570577e-10
1.0057804466614804e-10
4.297606275842648e-11
4.306117314875641e-12
4.55371232789945e-12
3.8320865219456476e-10
2.107022223330184e-11
1.3834304191415215e-11
7.503349564857756e-10
9.829331901979826e-12
4.401342854892766e-10
9.049876477307624e-11
4.6408203021167517e-10
7.513580239969834e-10
1.815304722079556e-10
1.9012558431513135e-9
9.83149976172604e-9
4.5252892924914823e-10
4.954208290864042e-10
2.1838607159235036e-11
5.090144538692035e-9
1.2889325972290866e-10
3.484674545481399e-11
1.2201306246001917e-8
4.983994568937583e-10
7.41077698742614e-10
1.819713586877589e-11
1.0133759629393224e-10
3.750511796791956e-11
4.953922499483653e-12
1.4892091034489335e-10
6.045666932980894e-11
4.006332691623614e-11
8.984653931207226e-9
7.40208925810801e-11
4.4131494879864195e-11
1.1443145520020705e-9
1.6038191765769832e-11
4.533513562362076e-12
2.2495123190180877e-11
4.4250235269014567e-10
3.557336151673943e-11
6.351816461689855e-10
6.508560264619957e-11
1.3399209842833424e-10
1.7634960529550254e-12
7.70356797379831e-11
2.0267832620360893e-11
1.9678737807267498e-10
4.723855205395139e-12
7.433236395654748e-10
3.0963834577261983e-10
3.2827486058806243e-10
5.800381171730357e-9
1.1734715576379287e-11
2.9640413376914913e-9
5.537114647508789e-11
3.0651913465484485e-12
5.694742217499187e-12
1.2812467052695552e-9
4.65847906787961e-10
5.047474177590316e-9
1.4812043981603723e-10
2.5444987416038153e-10
5.079137617509017e-11
6.94119530436096e-10
5.5374532082388815e-11
6.519531962181706e-11
1.3523623880938807e-11
3.187587545683797e-10
1.9703516559880434e-10
3.8563208817193224e-10
1.6233855281295103e-10
3.3390589059760654e-10
9.037478480736873e-12
3.217936397453522e-10
9.138733446541242e-11
1.5598019543073066e-9
5.401115782895608e-10
