1.429482423942025e-34
5.745695516533254e-34
4.45822461656979e-34
1.8487828364268564e-33
4.734786853367435e-33
1.0426574797971926e-33
8.801069773259412e-35
1.1227075112578298e-31
3.642166840829121e-33
2.7408331031863243e-34
1.429720401325646e-34
7.271215421360664e-35
2.1450155112098035e-33
3.7828643360791885e-33
1.0502906534809045e-34
6.329174881504982e-34
8.844644609748541e-34
7.326798930334837e-34
4.613977053290384e-30
2.6520472701145735e-33
6.648884355487299e-34
1.4846073684239964e-34
8.91114756850598e-35
5.4894984707271535e-34
5.078140599497291e-32
5.8586430622979206e-33
1.8188825210425323e-33
2.4172509943883326e-34
4.0690124459264324e-33
4.083291925842247e-35
1.417700533093586e-34
9.085887498504236e-33
8.702559330776422e-35
1.2705627033611377e-33
3.1601837780703023e-32
4.20595643886828e-34
5.891278538020347e-32
1.221715625399011e-33
3.997926504534802e-32
3.3479277285225393e-34
9.780066555508058e-35
3.0546314493304588e-33
4.2839626358452755e-32
1.1606872147367416e-34
2.3069178723666363e-34
2.96268692170106e-34
2.9924298057058886e-34
1.997952197170092e-18
6.016302107642514e-35
4.9757202324978e-34
1.296045186057393e-32
5.804426750796437e-35
4.4746252360890904e-35
1.1347364227691468e-33
2.122929469036164e-34
2.6849567678574434e-34
4.941577968362003e-34
2.0434283368177462e-19
1.2511102342122098e-32
1.3213006186641821e-34
4.899908833218549e-34
4.114840866627185e-35
1.7273769001556937e-33
9.566085917380272e-34
1.156022723684481e-31
1.357746051181658e-33
7.076367817117524e-34
5.322004701841369e-34
2.4286088304066708e-33
2.708651417806229e-34
8.206581241882026e-34
2.9552589752598064e-31
1.864601444997594e-18
4.90467655302739e-34
3.8074216568466953e-34
9.344854982057347e-20
1.644784643253488e-33
2.538648825949262e-32
4.49570626267928e-35
2.5007115784608956e-34
1.1517381291729283e-34
1.016245409661627e-34
2.174956825022642e-33
9.865907336646818e-34
8.501821911707903e-34
2.669428781306408e-34
1.9083463667638493e-33
5.508080272556498e-34
1.6473440010451742e-32
1.731388066776611e-34
9.04566179712504e-34
5.2456788038484434e-17
1.3481584619294568e-31
3.7551336208043487e-34
5.796907594274071e-33
3.725997791534613e-32
3.842793421165951e-17
1.8983509426332912e-32
4.0041539489717026e-33
1.4137344251383673e-34
3.0906610430259695e-35
3.499024029176464e-34
3.693755757840947e-33
5.818115010173133e-34
2.281738930954103e-34
2.0433521505349866e-33
1.6796487251281505e-34
1.744734117766646e-32
4.23198174237751e-35
1.1479808055356713e-33
2.5657424586723923e-19
2.549887409369494e-32
1.858960092368263e-34
2.555968596578936e-32
2.6107362909024715e-33
4.096946434666782e-33
2.187284156225087e-19
1.4915047323713991e-32
6.8407532900423565e-34
1.7428875415620916e-33
1.0782033602911513e-32
7.563763520855826e-34
4.567411386909767e-33
3.896301225594938e-33
1.4169859106271373e-34
7.536785992162632e-34
5.429250963961902e-34
2.749445557194925e-34
8.64527888115743e-34
1.0324212666282593e-34
9.247539435357792e-32
7.032413728059804e-35
3.6715968047622907e-34
1.3626554832616119e-33
3.4151044295340623e-17
2.9223044663048116e-33
2.5660443936251475e-18
1.0705112766814468e-33
7.630502734064792e-35
1.7963262251136402e-34
2.1780380273490323e-34
1.3328943934810229e-33
1.060283405726022e-33
6.409392138184649e-35
5.104990055571509e-35
8.43916689449807e-35
5.267642671741265e-32
7.383966908259874e-34
4.3839137839259616e-35
1.4609798317667109e-33
1.566297049487113e-34
3.105736765245251e-32
5.4506381481412825e-34
6.3949254949112395e-34
7.686741711823981e-35
9.804044071489745e-35
2.0396776391316033e-32
7.436012063927259e-35
1.4915884114607478e-34
1.3357761495183112e-30
2.5712572979945954e-33
1.1948216716841815e-33
3.8086623779937676e-35
5.629685679678204e-34
3.263964585202988e-33
2.8358750461015082e-33
2.7275334170423585e-34
3.129752616262776e-33
3.148059239092938e-32
9.506694055834265e-35
7.74212640824585e-35
2.9143493020726975e-32
1.0406890333443755e-31
5.116911192036219e-35
3.179482393525124e-34
1.007058143391759e-34
5.512274149093859e-33
1.0684070792774778e-34
2.0086745407325598e-32
8.672510604304418e-32
1.6857585527154563e-19
3.096056993620507e-34
2.741631738562471e-34
1.143477282648372e-33
1.2350727767542372e-32
2.743099714816107e-34
1.2844724922940566e-34
2.541159700864556e-33
1.1518583722679424e-33
3.4467055774684897e-28
1.5662715195297285e-28
7.957603658185368e-34
7.834927269024564e-35
6.5170234922733565e-31
1.5018297732271457e-32
4.7869958461636724e-35
5.232325780320837e-34
9.584946051148997e-35
3.8950574991899935e-34
5.580107109125851e-34
3.87590948237688e-32
4.392687625002917e-35
1.5547361303002824e-34
5.526877744233332e-32
9.135170904106392e-33
7.702872534022057e-33
1.2294858330931475e-31
2.064120416871788e-32
2.686655341643445e-33
5.266498643660839e-33
2.752343125897154e-34
1.8481260393016917e-33
4.650254954409247e-34
2.8174385176215198e-34
2.651937898415069e-34
8.761347388052977e-35
7.43899886617615e-35
2.199477586022971e-34
7.271386245428126e-34
6.292818054082454e-34
1.3837281186735495e-34
8.069952261901936e-35
8.576519609437998e-34
1.7514908439994164e-34
5.970949129326177e-35
3.3836356616719445e-33
1.9070676462730543e-33
5.809841328155978e-35
3.3777691779378525e-31
7.057176764177384e-33
3.711563465680761e-32
2.7649255108777877e-34
1.2808171821720324e-33
5.6796977015813045e-34
8.598885095776019e-35
2.2384468712543817e-18
4.032874199989948e-34
4.897025063230624e-34
1.0940052991964568e-34
3.8277056723991193e-34
2.80054679402038e-33
3.903171541591688e-34
1.5066742969095611e-33
3.6192215472873754e-33
2.6966750482071843e-35
4.838443259000879e-34
3.1297979647115864e-33
2.7015472988459563e-31
1.612328819303096e-33
8.639401737907762e-33
6.450395297910069e-35
5.7159322710862604e-33
3.949809702249846e-34
1.1354362885840456e-34
2.6377228656780087e-33
6.697588555916358e-19
1.235529924382354e-33
1.105591889049325e-31
2.1671314141182343e-33
2.604246437000966e-17
5.653451956095423e-35
7.529173840647731e-35
4.054451172828431e-35
8.908374498404861e-33
8.56237620209948e-32
1.8706981896359656e-34
7.382561277411673e-32
3.322956737513804e-34
4.486768203983475e-34
5.725031226115473e-35
2.962967949635864e-34
7.4528366762956495e-34
9.347169695093998e-20
2.6730000057488868e-33
2.253534616464542e-33
1.8389294469719018e-34
4.731925857860595e-33
3.2187463641348926e-34
5.60389207521276e-32
3.6968512119264137e-32
8.626964806195861e-35
2.2161644922808692e-33
1.7580350009164477e-30
2.4627683968298088e-32
5.978568770372119e-31
1.5446266738320976e-32
6.190558865884091e-35
2.340193567214742e-34
3.7435240512686457e-34
8.140329731379359e-33
5.178930415077754e-33
5.932362343551475e-34
5.5756235039294027e-33
3.2192223472577566e-34
7.45715624522204e-12
3.88259871846867e-34
4.323325298024861e-18
2.305085392407044e-33
7.429759187551955e-35
8.888448412264325e-19
7.59000789474219e-35
4.068256581099053e-34
3.393566921925109e-34
5.964683205572856e-35
2.292254644330647e-29
5.394058613669671e-34
6.08961143729774e-35
1.4176109108490603e-33
5.14487593484442e-34
2.7263309038901396e-33
6.9865326845920364e-34
3.0915768937304574e-32
1.330726126128699e-34
1.0259264458092717e-33
1.1791233579727894e-33
6.935811461709009e-35
5.316292055950809e-34
5.760745831578019e-34
4.587759056575182e-35
8.45138066798358e-33
4.1945480784535925e-33
8.261149736119679e-35
8.05817886698923e-34
9.032046970383534e-35
7.240914264447637e-33
1.2060415740956273e-34
1.187486153418025e-34
2.2105261445691514e-33
2.180039880998677e-30
7.312998345257035e-35
1.1693104665416044e-34
3.427706826635047e-33
1.2253205651455944e-34
1.1106803303795914e-32
8.39309276972883e-34
3.8828342670765764e-32
1.1841077299847196e-32
1.9061333864654688e-18
1.7538505446014702e-33
2.197167047062261e-19
4.449868185606661e-34
6.315185917344584e-35
2.124902061276767e-34
1.8709401855817944e-34
2.2022895791483304e-33
4.911943983322593e-32
1.8457570292548487e-31
4.555141464064963e-35
5.4455486639262444e-33
1.5430587039271855e-34
6.816076001304054e-19
9.474451740690971e-34
1.0237826699696527e-32
2.314391516742759e-33
1.3682821009584443e-17
6.6453952422844066e-34
1.3580430754694463e-33
6.22152903032104e-34
1.4156553096877758e-32
3.646382497785584e-33
3.7634693038247343e-34
1.0949334767578962e-34
6.765915054389514e-34
5.87015133042654e-16
5.506218257257529e-34
2.671429853215711e-33
1.2749613055690998e-34
4.087447896389696e-33
1.7236346794965788e-33
8.979250106036168e-35
1.3538869925358365e-33
4.6683725443485987e-35
1.6442259410123726e-34
5.434912404645164e-34
7.428045877995295e-35
7.33853378593833e-34
5.0127612437760184e-29
1.3002855354130974e-34
3.755601781546194e-33
3.896776867746599e-33
9.093084345377055e-32
8.562021485400707e-34
1.629330743279816e-32
3.726972644387182e-34
3.612801599352414e-32
1.3020038116764916e-34
1.1780851382984354e-33
7.280811988842114e-34
1.5271582129237512e-32
4.4630921438880556e-33
7.472824347814131e-35
2.8373440770852654e-34
2.6185427367441947e-32
2.9645575064525825e-34
2.7176448678499626e-19
1.0315402844091578e-34
3.7349392916376953e-34
2.7469146165343727e-33
4.343164632317597e-34
1.2324474845439673e-34
3.342849472448363e-34
1.3639533444875972e-34
1.1065217312850883e-33
3.476029605905635e-34
8.187721234462262e-34
3.3805727039585257e-34
3.4620181255435917e-35
1.5688562545610536e-32
1.41597623392859e-34
8.62910727951282e-33
1.1265868082801056e-30
1.4007257709368175e-33
5.1746863408763696e-17
8.115957100348548e-35
9.96803979685963e-35
6.340047294954132e-35
1.6709561371238062e-34
5.703767201178429e-35
4.082830775879474e-34
3.709435584128887e-34
1.4944606449124936e-33
2.446922038787787e-16
1.729948709012609e-34
1.1459742541242586e-17
1.9989144302016694e-34
2.5428306118740855e-32
1.0609479941291282e-33
1.762151061152179e-34
2.940260715944185e-34
6.60345206187478e-34
5.257461415686603e-35
1.3964621065086427e-33
5.300117331000508e-35
2.6953046409818155e-32
2.8565330084046323e-34
6.117864739809287e-34
1.0712276761039685e-34
5.793875663947406e-31
1.7422306013055785e-33
5.658427080214506e-35
4.7211590926676064e-35
3.3284581011074136e-33
2.057713827293991e-33
5.547846109017313e-35
3.5840022739102255e-34
1.5443976587461917e-34
7.197575002754272e-35
1.5222524747185068e-18
9.924408739205171e-33
9.806436799863567e-28
1.1047442868536313e-32
8.186455628556157e-35
8.942870077059779e-34
8.673790424599941e-33
5.318757033544319e-34
2.822369309266567e-33
1.28530577372304e-33
1.2648506382163984e-34
9.868823826614064e-35
3.5093142644157406e-34
5.842953391412923e-34
3.963928797758198e-34
1.0032464277107056e-34
4.2384751422811994e-35
5.412344816897009e-35
4.877619283724035e-34
3.02058054508537e-33
1.3848526907350404e-34
1.677218737993985e-32
2.1612740143042015e-34
1.454498904008453e-34
1.2253282499230465e-33
3.678771311683463e-33
3.0144545549304584e-34
8.860105472779746e-34
7.3224452029946505e-34
6.931279630314092e-34
1.3439536234925005e-34
3.106752184342209e-33
7.470426266337902e-34
1.0200850329380832e-34
1.342506783801203e-32
4.907258564614773e-35
3.1767333432468003e-34
7.71264948048517e-32
7.509285840893454e-35
2.7993967554848385e-32
1.1177719794831703e-34
5.783348022673257e-35
7.592465646474219e-19
1.004471080958147e-34
1.5302278022825238e-33
1.6803844058830765e-32
9.748324446639113e-35
5.344018881750371e-35
5.3350320439626746e-34
6.944886722921198e-34
1.0494055309301791e-33
1.0264781020221482e-33
4.456680656595509e-33
5.592843257665245e-35
1.6570869760809683e-33
2.360608134469055e-31
3.491884007052822e-33
1.0861683424420379e-33
4.6923049527779575e-34
6.412100504881415e-33
5.972396532052273e-35
2.6712814108506094e-33
1.6648679944113193e-34
1.0359797181521116e-31
9.477224835435796e-35
7.525779593017671e-35
3.274274244898595e-34
1.8622157770259246e-34
5.067690100314785e-32
8.223566411156413e-19
4.391858033069444e-31
6.326721318907097e-32
8.007164191146985e-35
8.824726804906017e-20
3.6853273228206552e-34
6.105868147971788e-32
5.896614373714821e-33
7.413833239987913e-34
2.232344657607228e-33
1.3126510684997777e-34
3.409036927260934e-35
3.5474370542585415e-35
4.604366890587801e-32
7.562460226342712e-35
1.2006292446243045e-32
5.835223708324229e-17
2.0746467370878434e-32
2.3650716278357517e-33
3.073848184108452e-34
1.951767099002293e-34
1.1415994041583196e-33
1.656182460716366e-19
3.6119878748708354e-32
3.2063384999971976e-34
2.840922432560157e-34
3.453764784925306e-33
6.122416043223564e-35
1.8490013718074491e-34
5.458905014255568e-34
2.4599826758278678e-33
1.3269481579487914e-33
1.0763481366813676e-33
1.5978211246421405e-33
4.6558237383517174e-35
7.386295293668981e-16
6.404959883775187e-34
1.4164068603947873e-34
2.2795759743510757e-33
2.332594660629995e-33
4.5914959978436065e-34
1.463514542106951e-34
6.653224793429959e-34
6.280692442139131e-34
1.2063246156444475e-34
3.903207773030547e-35
3.927449951197613e-31
2.4477265547601437e-34
2.4432168068858263e-32
5.605592846591429e-34
2.915902439520638e-35
7.774267912333497e-35
3.2776958844435177e-34
1.1771250342611287e-33
5.721427538230015e-34
3.4578731742889554e-31
3.246935109630153e-34
4.251389187591403e-29
1.7202167973756503e-34
2.8500655383068205e-34
9.802813997192317e-34
5.844142407391976e-35
2.2022086296774303e-33
9.716780453242636e-35
3.220821405928421e-34
4.951618634040998e-34
3.624685937458003e-33
2.0054780312763217e-17
1.9299595701692678e-33
7.457152440591761e-33
5.460629090869315e-35
3.6552911284323456e-32
8.359995173790633e-32
7.117077856338129e-33
9.348853370842576e-31
1.2721029271568453e-33
2.557171652928774e-33
8.095383971458327e-34
6.32698464075954e-35
6.803465731051432e-33
4.557955659154181e-33
1.123121165592919e-31
5.755662712771065e-34
4.663958141331551e-34
6.223803472244935e-35
2.448963574087405e-19
6.481508709278825e-18
1.836108682438635e-32
2.369676571636913e-34
3.3679537159527285e-17
1.1866782838232777e-34
3.3142232428635984e-31
8.162047322924366e-32
2.9286790726481327e-34
1.0683249856656672e-34
3.4161754896898954e-34
1.2577932298336403e-33
7.707953189481536e-35
7.84759131786837e-34
2.1186656464760038e-33
1.3236470886104676e-32
2.3177854965578022e-18
5.83194227007348e-34
3.3542135775336165e-33
2.5991176268499177e-30
3.099382325586882e-33
4.1462245108634097e-35
2.761435784452789e-17
1.9352177844858015e-34
1.6348849087653468e-34
3.9996794206095504e-35
8.241780370538917e-35
3.05494899209355e-34
5.887005416279838e-33
1.1597919742624307e-34
6.179996039122597e-34
1.0539806723083092e-34
1.254246631880901e-31
1.015773964798789e-33
4.1486020873854734e-33
8.233873077863065e-34
1.2251878911553916e-34
2.2902962460197273e-34
1.914013097478233e-34
1.2279166147181234e-34
6.300452841119001e-34
1.661055091181229e-34
2.570968909401852e-30
5.895463944241604e-34
3.624101207802068e-35
1.1827699645779354e-34
9.461861907570741e-30
1.6081742492055969e-34
4.044578180449871e-34
3.776963836268411e-35
4.539468553668355e-32
2.1481830870529852e-33
7.255168698577765e-33
3.44507818088763e-35
8.259828284414053e-35
1.972769105281107e-34
1.365243384143688e-33
2.6827963515500615e-34
4.509992755842241e-34
2.7329772067933526e-34
4.999347038294738e-35
3.3622929404047143e-33
1.2722827884352766e-34
3.640437896038882e-34
4.480523316570946e-34
3.009037534537202e-34
7.368656807383122e-34
6.701237067566721e-35
6.1997627033243706e-34
1.6180118975335504e-34
2.4539986957384797e-31
1.808697971289024e-33
1.1577282037967627e-33
1.9480394824254244e-33
5.246143652298446e-33
8.551372544265269e-33
4.4889916257809687e-32
1.009338727100028e-16
1.7692495558191429e-32
8.241227856064236e-16
3.7161756903757974e-31
8.271129700556168e-34
1.1188812179909354e-33
5.501840061033065e-35
6.897772773067836e-17
1.3537643655994624e-30
2.7395925090951747e-34
8.50311866925707e-34
5.886021490162628e-33
6.640655209172207e-33
1.4263063229192179e-33
8.903030293752474e-35
4.5269681208635974e-35
2.8700876026623853e-33
4.749048595857693e-19
1.3363597521042382e-32
1.542998025297779e-33
3.339754403995839e-34
1.4709529196103992e-17
2.0005401654926358e-29
6.089175748241142e-35
1.53403906771912e-29
4.7659841576436477e-32
1.9190393640213676e-34
2.8168839989852693e-33
3.380268095897868e-17
1.3757223509419481e-33
1.5547947512077016e-34
7.086210629515229e-31
7.997875448116207e-33
7.469595889420272e-34
4.064893478776612e-33
6.6764269281122975e-18
8.111509159592633e-35
6.649546780305986e-33
1.8129967906844207e-34
4.8339683671560015e-34
4.576643641664302e-33
1.489637848256432e-33
2.5482423222682253e-17
7.076773161340973e-32
3.901208246736101e-34
9.306336344263084e-33
8.824168350639495e-35
4.31753400766088e-32
2.3927874889860752e-32
5.3555953285373856e-33
2.322650885870557e-33
3.353507191111429e-34
3.7420053190456764e-34
3.657137598207492e-33
9.946317720532826e-35
6.726428578854058e-32
4.231806896337414e-34
1.7305336902229548e-33
5.102388426448074e-34
1.4989840766471165e-33
8.072701191259423e-34
4.70600547837791e-34
2.3315813885484754e-34
3.366462353840726e-30
8.605504263447397e-33
8.253371697765011e-34
3.550753631687355e-33
7.319276846712271e-33
2.9302119221200034e-31
6.5681813232656736e-18
3.1769625150347348e-34
1.5589704752223682e-33
5.407631960308898e-34
3.7562114642847734e-35
6.885174063556831e-35
1.625676336780863e-33
7.640856088192472e-33
1.3292532443444398e-32
3.251825185992313e-33
1.9966794720778692e-34
2.549421117342104e-34
5.416479351657984e-34
4.337975622761893e-35
8.805901999658746e-35
1.6763673745168254e-32
8.132174254651672e-31
9.876107376589574e-33
1.019842184031152e-33
2.640408396983822e-18
3.9972756458922405e-33
3.41278382242618e-33
1.2410850566008244e-34
2.575061107378697e-31
5.01714595549494e-33
3.0742915122340483e-32
5.851753501687561e-35
2.7657685820952165e-31
9.129303798354758e-35
1.400098996484877e-33
1.0128722020575766e-34
2.8826549795624834e-34
6.579014425712377e-35
2.5686628750691896e-31
4.283201409309749e-34
3.1549118765388335e-16
7.903512737310187e-34
8.883890228669364e-35
5.2368122411351205e-34
5.890855230776834e-34
7.462735603120793e-34
8.475555247085707e-20
1.0856662083438925e-33
1.5891707782707867e-32
1.5866603646751054e-33
6.994096983967978e-35
7.830220153438343e-20
1.5967792697169676e-34
6.8531772647742165e-34
1.296780800314124e-34
7.028018811307959e-34
4.66028645584847e-35
7.722947505574975e-32
2.685109107287139e-33
7.161417039815944e-34
8.603752921110738e-34
6.829496696840234e-34
2.486346329154084e-18
6.027939421613505e-19
4.783009472165448e-31
5.052029482897642e-33
3.104933176168657e-34
4.902763616058204e-35
4.108328053941309e-34
3.777811611839072e-29
3.1503205868922926e-35
1.283539577634194e-32
5.656890042745665e-34
7.335657691416513e-19
1.9070677899508746e-34
5.734010148661623e-32
5.063633744680487e-34
1.2387193867507648e-34
9.963007231219404e-33
3.8819039760375695e-34
1.2340988960119392e-32
5.476699511858254e-31
5.694739758207318e-34
7.920122258497936e-35
6.77425852994683e-35
2.442143669397604e-34
7.859592734179677e-33
3.571254437882515e-34
4.086707980468011e-35
6.640422063905684e-34
8.884046987240857e-34
6.677730797896183e-35
8.265441394330526e-34
1.0949541083428088e-32
4.2740218168323423e-35
4.162547023233714e-32
1.263239513229463e-33
2.994924844048592e-35
4.713981396509236e-34
4.216142876302995e-34
4.582061274867787e-27
1.5975749242276615e-33
9.780126603486005e-33
1.4586774148114017e-34
3.5744481690973063e-34
4.391010059484216e-34
8.062194155452634e-35
8.709764134739218e-35
2.4205407696343155e-32
7.551968128547272e-29
1.5020959749262916e-33
1.8842354007705557e-34
1.1524165606711873e-33
7.522087415158198e-35
2.9331332894076102e-33
1.4367907738665461e-33
1.0528287094584533e-33
3.6146488278664084e-33
5.041162170149519e-33
1.8447080514907933e-33
6.791760746597754e-35
7.101869481074819e-33
4.3191443675054117e-35
7.041602728248687e-35
2.960718881410758e-35
8.922303843262689e-35
9.041459137296855e-35
5.935004784125852e-35
5.399767681078281e-35
2.6282338542637247e-19
5.981266486924216e-35
4.260072179568235e-32
1.1341079693918072e-32
1.9417166747528528e-34
1.931392872858505e-33
4.796354860798995e-35
2.4400267381536317e-34
7.980042111416673e-35
6.963312275070697e-32
2.1121231400360807e-31
1.226087892950871e-33
5.045733134560145e-35
3.9400001687155276e-19
7.002787694419788e-35
9.05698619977064e-31
3.111902931373668e-33
9.500092212933518e-35
3.131974882587262e-33
1.049246172846643e-31
1.972301558053395e-34
1.913019054974241e-34
1.0828802345901613e-32
8.412929700345525e-35
1.9973264149232536e-34
3.6722855223668473e-34
3.897783320677059e-35
4.0091820826085304e-30
5.62924346484177e-35
7.110906569925968e-35
1.158893241996559e-34
1.2000203511426982e-33
7.783781089077381e-35
4.7886491428685555e-35
1.783705724156125e-29
9.19253063532984e-35
1.008011679618707e-33
1.1575144664303978e-34
2.5384196962933886e-32
4.860381839318941e-35
4.2482373104368713e-35
2.7869838048655907e-32
1.0941877893619436e-33
1.3863175738976533e-34
9.395746970768095e-34
6.373413989890166e-33
1.548464992091701e-33
3.850658264242792e-33
1.4018599594119566e-33
2.4574081757711105e-15
2.2790340154951463e-18
3.729090022785273e-33
2.177925376092364e-34
1.1009637174767684e-34
9.162804675117058e-34
2.2829105061432998e-33
2.283015947355508e-33
3.205716052486443e-17
3.0805059409072644e-34
1.6648048083346696e-34
3.8839667046725175e-17
2.8773336422646464e-34
2.0472856183411645e-34
4.16548231558288e-32
2.1684728954411462e-33
2.4077297045203025e-32
1.2344990035231736e-34
1.752612034397124e-29
1.342093014231046e-31
1.0468240571250315e-29
1.063951807456449e-33
6.783824810812477e-33
8.391037337147487e-34
6.978907746569628e-35
9.835770692654796e-35
1.3715284705489702e-34
1.5065769198483813e-34
1.3369694808778673e-32
2.5801581419675038e-33
1.3031303749743155e-34
8.524829978715058e-33
3.351212215694035e-33
4.786569462963017e-29
1.2112451480805878e-33
5.077197897343115e-33
8.652112892033458e-35
7.433175507560531e-34
9.054978523214109e-35
1.3101418034099438e-18
1.494031252590169e-34
3.733800619065715e-35
1.3330097148016037e-30
6.872209245548984e-34
1.2112026570055647e-34
7.840166877472591e-35
1.6033254223392983e-34
7.370436509687278e-34
3.959211322373589e-35
3.4581689182845266e-33
7.565455778186623e-33
1.227917659258324e-34
6.897541909839007e-33
7.84918127689093e-35
5.004123722608083e-33
2.9928737219350004e-33
5.158844839010398e-34
5.883616360617631e-30
2.947695085938503e-34
2.262369452186566e-31
1.8638811825945628e-34
3.958601338309823e-35
8.156969887713952e-32
3.352965810142446e-33
2.3091893503820044e-33
3.262798368112207e-33
3.5663670646439736e-35
3.2746693129000113e-34
6.739321994827752e-34
8.335514373373674e-34
3.531604054606366e-31
2.042825142036537e-32
9.077811415600001e-31
2.6778475408331662e-34
6.308727432143467e-35
5.189851356228009e-34
1.0523251397329465e-33
5.0730229610526494e-34
3.899296695004272e-34
3.0143901937792113e-34
