7.312416638039853e-13
4.525162377276359e-12
5.341562949730236e-10
2.1130824266054975e-14
3.09412262632178e-12
7.119685131581656e-10
7.261671876683214e-14
4.957305635358137e-11
1.9729554498570593e-14
4.4038278288720704e-10
9.992954125158167e-15
2.563229546560628e-14
4.839193693328431e-11
5.492787679892017e-12
8.210643096915799e-13
7.512717635880082e-11
1.6334949283369375e-13
2.064065301984937e-12
5.1389123523079713e-11
2.5275670861591158e-14
5.685204563844888e-14
3.816422296133325e-11
4.0229190775506464e-12
2.5993055181143445e-14
3.5554001678386987e-13
9.722071494464931e-13
3.8716195862660254e-11
2.495144670413461e-13
2.337375391412834e-10
2.5601053546953997e-14
5.583612615371698e-14
4.011116421178206e-14
1.463824436678228e-11
3.7910760482852926e-14
6.569597579317392e-12
2.4786799853131583e-12
2.2192892103205828e-11
8.743521706025435e-13
1.6936763150575413e-11
4.4712000646338443e-10
2.0177626752065947e-14
7.351227935498083e-13
8.964066386698104e-13
8.654063452669836e-14
1.9712553338490382e-14
5.6269124409757016e-12
4.4627852535736535e-14
4.27995343892078e-11
4.987005461259325e-12
1.849572458104266e-13
2.150872888940101e-12
1.6517017353694453e-13
3.755679996761047e-11
1.5134133118804456e-13
2.1180121509314076e-14
2.750976192725628e-11
7.676841767743478e-14
4.605077479980983e-13
3.7173764523296965e-11
1.2932881347087985e-13
1.966185418061301e-13
4.698631651071258e-13
2.483575422386175e-10
1.1707664165084813e-10
1.0497686779134232e-11
1.9557192178300417e-12
7.11954928417784e-12
4.6216209605521545e-10
1.271604622455532e-12
1.2889014615300169e-13
1.7706716612707405e-11
8.024899737068356e-14
3.141715183067614e-14
1.5055826412771073e-13
2.2634413982784956e-13
1.5192376910678103e-12
2.124899099036569e-12
5.6590417998113564e-14
8.767002377181832e-9
1.0357076417263795e-13
7.636362986638002e-14
5.3522513519303995e-14
3.584551780235945e-12
3.2587740369546846e-12
2.6626439182639188e-14
5.076813776033669e-10
1.8649506898806835e-11
1.3882719762156367e-11
1.6640456837968404e-14
1.1187550322142705e-13
2.27219279156169e-14
5.964513771913983e-14
8.532397754973764e-12
3.292687043026109e-14
3.67292454219561e-14
1.7676217476650076e-10
1.4494525072570781e-12
1.2743601257681919e-11
9.086467772841611e-13
9.841276747893883e-10
3.476446848644355e-13
4.2562265496688605e-14
1.7336207794117234e-11
9.13257464494124e-11
3.520317777232481e-9
1.1402175920902065e-13
1.015833376628555e-13
8.438766766901654e-14
1.1816524367347567e-13
6.145116152730591e-14
7.50779376047573e-14
2.8019386667057046e-14
1.515508962987941e-14
3.71658123035273e-10
7.721802648671486e-11
3.7678293199345817e-13
1.6192205690821667e-11
4.836034337642014e-10
3.569237688529277e-11
1.7059095815691423e-13
1.6870997269993327e-14
3.791231304439813e-14
6.574537855518054e-11
6.128654652724342e-13
2.1939452711393106e-10
1.838238420897731e-13
3.120418097909182e-14
7.691236206874205e-12
3.2515548997760154e-13
1.9521934027561258e-14
1.7804445778359454e-12
1.4089635940052333e-13
2.845195345709002e-13
2.3714039097805726e-14
5.820828145047595e-11
2.097772409750221e-12
2.348689775430653e-13
1.0267764376813072e-12
8.954283649513377e-12
2.0543708537093592e-10
9.605138311429416e-14
3.694698714338882e-11
1.0695566656393512e-10
7.103718435848931e-13
2.813152954465244e-11
9.357908945939824e-14
2.433913251368394e-14
1.776241632182361e-10
3.8677457520708413e-13
7.973059022180136e-11
4.309976223613354e-13
1.2281203326246183e-12
8.011898740195663e-11
1.2833076140900108e-11
3.2541519047433364e-14
2.923944113365406e-14
8.607202328239531e-13
4.220824651561761e-14
6.56491158710698e-14
2.132496401011615e-11
1.6380601876552164e-13
3.9566391649301764e-14
1.4799932550373654e-11
3.5177287951569e-14
4.96579037115369e-12
4.311404464298551e-13
4.039972345472981e-11
7.984253215436948e-14
2.4480302262545583e-13
6.778120052376391e-14
5.2393622912496815e-15
8.527818603206141e-13
9.862980467816465e-13
1.3448737239560083e-13
4.6890014647437185e-14
6.148605426696702e-14
3.807311995872209e-11
3.128972833549787e-11
2.0417686103701373e-12
7.612669038291422e-7
1.6215713310481022e-11
2.7186407509624635e-8
1.9037625469673823e-13
4.792796677225765e-12
4.848789261375783e-13
1.48281124298492e-10
4.0763577065884583e-13
4.763577701044282e-12
8.485401561461034e-13
2.1024169332023697e-14
8.400782896561128e-13
1.4693978176308568e-14
3.4423573989681075e-11
7.502454754924371e-12
1.2447525684375984e-11
7.534161894199885e-13
2.602824464008821e-13
5.4420982486271346e-14
1.4101497235636567e-12
4.273454319018662e-14
3.625658909025877e-12
4.698668597749612e-13
4.479588590785294e-14
2.728829337564707e-14
5.854537284653334e-14
3.419204874032162e-12
1.114900752707065e-12
1.967611555541289e-7
8.593642601453709e-14
4.723897373318224e-11
1.6165915619284548e-13
1.4340214967245377e-13
5.229118176838405e-11
2.0050324558566935e-14
2.2770862584045484e-13
8.528825773465675e-10
2.8896983099058516e-13
8.498898510120175e-11
2.9785622787913684e-11
2.907020325353185e-11
4.455197441587662e-14
8.712870544786975e-14
2.909274055960813e-14
1.2573862694692218e-11
1.2477114865523374e-10
1.8537585420308768e-14
1.7367546074401327e-13
1.3649849983920411e-13
2.6042594031237496e-13
5.466956448970948e-13
3.3693609360147225e-10
2.90665682283314e-14
4.117926273366327e-12
1.1294933764475713e-13
1.4443231842282546e-12
2.4665748327737838e-14
9.154042116189065e-14
7.014113135328787e-14
8.153850488614688e-12
8.441794379448662e-11
5.605005482189271e-11
2.909066809727595e-13
7.286746492040533e-10
1.5773582676598563e-10
1.074565120502383e-12
1.8094735149486974e-13
7.255110544186521e-14
2.9292021101347046e-13
3.1863092988088866e-11
2.528143571218195e-11
1.7687958163010076e-13
9.186262235642118e-14
2.1248002303360533e-14
7.345190774206761e-10
1.3890897131244938e-10
2.7292427005030615e-14
1.2411740794123155e-12
5.323380490446669e-14
4.3682214534933607e-13
1.1187761001392707e-14
3.742799769278229e-11
1.893534101710394e-10
3.6330649832996125e-14
1.0665147668262663e-12
1.9003626933631851e-10
4.1138198113870465e-11
3.590185372516341e-11
1.418777928975206e-13
1.749735529399486e-13
4.7496323147178434e-14
1.3229555149823469e-11
5.408487728673624e-14
5.017940138335987e-11
1.419184651632802e-13
3.801249175436158e-11
8.094232193748568e-10
1.6325902168534028e-14
6.465791923494641e-10
1.1526913722661548e-11
8.47313654004922e-12
4.531217210168795e-9
6.423393765451453e-11
7.138620334717976e-10
1.2595046288457613e-10
1.426107794604692e-13
1.7805435722640704e-13
1.5869224932785225e-13
1.9078965757411092e-13
5.2427750195190565e-11
6.074671564534579e-14
3.040745031551547e-11
3.526290182288118e-13
3.947777625848275e-13
6.479866062851015e-14
7.330257792662198e-14
1.0919274671785374e-14
1.2233993094279694e-13
2.932629362709101e-11
4.206708146491355e-9
1.1759018145305605e-11
5.855382865902659e-11
3.145297815324839e-10
5.8125172778957827e-11
5.482919769538655e-11
2.4204757802018823e-11
1.8175762497909175e-13
1.0639553478842806e-11
1.092538300057634e-14
3.0524060319931334e-13
1.3903789825234678e-13
1.0994894586202746e-12
1.5314058820967002e-12
4.227993551646577e-11
1.7150870003576152e-11
1.928347750589383e-14
1.935753049391072e-14
4.2471345917426773e-13
5.001560065527157e-11
4.3853980848724827e-10
2.174357601726987e-10
9.64611121941263e-14
3.9225834697767116e-9
1.2966413710045358e-13
2.4765486013073984e-13
2.163834109260246e-11
2.8861135469832465e-11
3.852032995686185e-14
4.7069626965329903e-14
7.747689773948135e-13
1.9541208802409874e-14
2.829301568408488e-11
1.4349510338342268e-12
1.5027942955059478e-11
7.274004097116169e-13
2.8126960195671497e-12
1.1136674090054679e-13
2.750955025698118e-14
2.2830016604053764e-12
3.3522220622617154e-11
2.489082809218905e-11
3.537572427035811e-14
1.0161178430715411e-12
4.3806671064919195e-11
8.16073320559849e-10
7.433868781298439e-13
4.6818951612878e-10
4.6411468784467734e-14
1.1261480857130369e-13
3.5691570552167424e-14
3.479602677844955e-12
9.547070179336754e-15
1.9056964034792938e-14
9.361273949895593e-11
2.677008332752135e-11
1.114607776798204e-14
1.6302962451385376e-11
1.1543684357571233e-12
6.073569199820533e-13
5.491059506204251e-11
6.35922532030151e-13
4.885362491142667e-10
1.3991999470897709e-11
8.781795980807735e-14
3.375961140098394e-14
2.8880872184026816e-14
6.82762061870798e-14
1.5363413471869388e-14
5.617620258691484e-14
1.8347998854238405e-10
9.431570355794884e-11
2.3208512468638298e-11
1.500405571399561e-11
1.5280424115908497e-13
6.802005124355993e-12
4.2653631574737337e-13
1.6595391368667428e-9
3.288924878692431e-14
1.9536782732172316e-8
6.693863993683287e-14
7.670343867705844e-14
1.0419825875074973e-13
1.8372315220407994e-13
8.621768229058473e-14
8.567094301714701e-14
3.0131362494330947e-14
3.1911755378488375e-11
1.7964936780967632e-11
1.4581932962179123e-14
9.260540942332102e-14
1.2083315083588607e-11
4.5638547762134195e-14
1.8214626094196076e-13
1.5772587634791064e-12
4.017731056586762e-11
1.8370975971566648e-10
4.328119552642332e-14
6.624924434946987e-11
1.602100669900825e-13
7.88115201236649e-12
1.8730257663100902e-10
7.026542504997782e-14
3.6302853048059747e-12
2.0919453406752204e-13
9.643189090003007e-13
8.351470240617507e-14
4.801477059872861e-14
2.812398806037322e-14
2.2516384500619495e-12
1.5500956352610454e-12
6.056242274008077e-11
6.601245232753372e-14
5.628111350665076e-11
7.649079215092328e-14
1.2302377986754258e-10
4.8712782336495876e-14
1.1587791126806134e-14
1.3604739075843814e-14
3.9314692741429314e-12
4.3909376648610174e-13
2.416027242313975e-13
3.8415145644315404e-11
4.0952017398574965e-10
2.977207559077988e-13
2.7415991581298865e-11
6.9934388583561546e-12
2.5506443404389843e-10
2.5716680586873976e-10
2.0476106720544936e-8
3.4943372477407456e-13
1.9226043692611559e-13
3.30191672545506e-10
9.770774158528696e-12
9.056579880776619e-13
5.149634460642945e-14
4.30846099988297e-11
7.093441095568903e-13
2.8296419723226615e-12
1.218647040122865e-11
1.4661851210544375e-11
2.2448749231016227e-13
8.707482123320053e-14
3.075961013443035e-13
5.694101705623385e-14
3.564910900627289e-12
5.44178268425619e-13
4.235025179148573e-11
3.319429409878923e-14
5.611293505658139e-13
8.302780820989799e-13
4.5437562355680553e-13
1.8835279250099853e-11
1.1790653830745146e-9
3.268509147663637e-11
5.386171683539024e-12
7.451822775101604e-11
7.140890792203231e-14
1.1932538257755896e-12
3.1174255431175982e-12
3.7313151145453146e-11
2.6344562766015193e-12
1.3637176933588392e-11
2.5503800829149535e-12
3.2163252298266225e-11
9.418668880936973e-14
7.5343502539517e-14
1.1569624709749778e-8
2.4477569114906317e-13
6.364216578612932e-13
1.6705170897372328e-8
1.1260050451991103e-14
4.645844503987453e-14
4.581277083175999e-13
1.0144658743397103e-10
1.2431639864224053e-11
6.156300122126283e-13
2.563027447503864e-13
2.987155012258576e-13
2.0872691590614655e-9
7.120251558698376e-12
7.347737705351784e-14
5.046701899314383e-14
1.0612208301341858e-11
9.800466462496977e-14
3.966922000806184e-14
7.63973294422339e-11
3.981413423802054e-14
3.3180609570138845e-14
7.449965226614357e-12
1.4706184640932955e-10
4.033225286108293e-13
1.1810858263671218e-10
1.4182374841756468e-9
3.0096612985406957e-12
3.0713268571978064e-11
1.0893703445055178e-11
6.433911257524469e-13
7.613441782280303e-13
1.5960202588340254e-13
1.662496091938402e-13
1.3354344390642807e-10
3.8038196839239456e-10
2.1927537817471561e-13
4.059597872471638e-11
1.9628218502776803e-11
1.7728461528055798e-13
6.753909758582761e-13
7.403118186247914e-13
4.474626778927471e-12
8.697224093952496e-15
3.120076126074552e-11
1.3076817226686602e-13
1.1432386628760311e-10
1.3895602723996346e-10
1.4729092871317702e-13
8.10738955435423e-12
2.1523913246001245e-14
1.0716039388538185e-13
3.31929374656241e-8
2.3992391541939786e-11
5.2520987907163496e-14
2.2999477069789988e-12
1.273329075832023e-14
7.629607571488271e-14
2.2472647177699916e-11
4.910243534525517e-12
1.385273958060714e-12
1.49776270185311e-14
3.9356947280499546e-11
4.228303229946188e-14
7.496693147462552e-14
9.106385153439963e-9
2.1091208814735877e-13
5.131780246924285e-12
2.891380380126894e-12
6.037400270488266e-13
1.0680365820166034e-14
2.429999172265469e-14
5.4154924702300875e-14
6.11576022184458e-14
1.2193963029511829e-14
6.934833424279174e-15
2.0942356735334855e-13
7.245442392148788e-13
2.5138448717944578e-14
6.51046849162231e-14
9.386643063364746e-14
3.3079096251787465e-13
2.4748436622665687e-11
1.003714474098734e-10
2.004211571739081e-13
1.4233246030752189e-12
4.806337697108035e-14
8.403690593260651e-13
3.3257667236972584e-14
1.54061005851888e-13
3.5728414982133794e-14
2.7569427494327767e-8
1.7681008694805175e-11
2.8845404837244708e-11
3.1981190867515347e-13
1.3047329637014885e-13
2.4113731030914544e-13
7.34745486303261e-15
6.129223418456125e-10
1.640364929586113e-14
2.214514867850277e-13
1.7303631051728066e-11
6.438619870963683e-12
4.462171608253488e-11
3.6849622841820704e-14
3.562069874348321e-14
1.5795402057500237e-11
3.1776240918064005e-13
8.040671454051161e-10
4.318780657780787e-14
2.935960587154197e-11
1.5417078423850156e-10
6.171834462892052e-12
1.880055086900346e-9
6.363874290857283e-13
4.867063334574051e-11
5.399817278154728e-14
8.624388598298356e-14
3.111559480903749e-14
5.71314358308672e-10
4.675296888098715e-13
6.243168893240973e-11
5.778818647780447e-14
1.407973563507168e-12
1.468104541960231e-12
1.0388637056132017e-13
4.2140244296168724e-14
1.798937096128657e-13
1.1060039401802115e-11
2.7986547100396897e-11
4.9788847085054107e-14
8.009233339176489e-12
8.398653458955915e-11
1.4175828555961173e-11
1.3724213864052231e-11
4.352916577653101e-10
8.310123604815781e-11
5.0926286391182556e-12
1.3504973810604278e-11
1.0432071769912503e-8
9.656825781322923e-12
1.6142273919707502e-13
6.16826931673306e-13
3.4366990224514965e-14
3.5890943924947327e-12
1.732952626306005e-10
9.169742516934821e-14
1.4964283181672823e-13
4.916277556834485e-14
1.448140336708356e-13
5.984365359532743e-14
8.924240005783456e-13
6.121585012335986e-10
5.963975473570633e-13
1.1289860991463489e-11
1.999621631080006e-14
5.355404696046175e-14
5.427224367794816e-13
9.304411984729857e-13
4.198717101048929e-9
2.238427191948028e-13
2.6904220773511336e-14
2.3761481325474845e-11
3.984945161178141e-14
1.3174142431360411e-12
6.044939191741207e-13
4.4830967585989807e-13
1.4694539590079943e-10
3.7227793877539216e-11
3.4532968227984715e-14
2.6385913782725188e-11
1.390514072513348e-13
1.037885693505344e-9
1.467451070421697e-11
1.504721267426783e-14
2.1156120613284598e-13
8.921800316457996e-14
9.656818518905613e-12
4.163050388737819e-12
7.744172076343362e-10
3.525668389434675e-11
4.5050913959772445e-13
2.9930073175189944e-14
6.960841236873366e-14
6.219027357288314e-11
1.5594284955871413e-14
1.7639548518159102e-14
1.6424112701321303e-14
5.7260004724747645e-11
1.2914701037814117e-14
3.3098236397226054e-13
1.0382424867949043e-11
1.6539828998438935e-12
3.933974123849095e-11
9.008875457134185e-9
1.2931864108118675e-11
7.424060495291807e-13
4.473898496159383e-12
9.975462646536237e-13
5.253129022615834e-14
3.829934247455836e-11
1.3925150006211799e-11
2.9015118773455027e-14
1.4752103411152632e-13
6.543147423913794e-15
3.5879367003492906e-12
1.8406624760668923e-12
3.4283228076400585e-14
3.382543111512424e-11
3.2473832031873834e-14
3.8343404693821307e-14
1.2751444668458056e-13
3.494484812420279e-14
8.327374888482046e-14
2.761654377967414e-13
5.051676381847431e-13
6.349846207497072e-14
5.1812104621900557e-11
2.1240428116080628e-11
3.462700067802059e-13
1.1703508842333356e-12
1.480832036534771e-11
3.525659715736566e-11
4.0106428416141186e-11
5.2005047767741645e-12
7.036663897096374e-13
2.2497410026650705e-13
1.6244020343652318e-12
5.0642463224877075e-11
2.527478219068471e-14
4.5355352628567504e-13
3.2727441763920606e-12
2.9973920725316525e-10
2.7533517839809376e-13
7.689535612123259e-13
7.809580863898342e-11
1.3078948698005754e-10
9.742993077905418e-11
2.1432573411031398e-12
1.6865428203088575e-13
5.950250221440313e-10
9.087039743188345e-13
3.4133871142298263e-14
1.6623469971054605e-12
7.026402093620862e-10
5.577567393896914e-10
1.346387463485785e-9
1.0285809992930568e-11
2.9004858960581604e-14
2.1949172763046143e-14
4.535749487998496e-14
1.9828042617854653e-11
2.264413384836193e-13
8.985673484481362e-13
7.224036169760065e-13
1.1184406371431607e-13
1.3150087938555318e-11
4.35143075755676e-11
1.9799194964558822e-14
6.043597094727492e-13
1.3409142027115841e-11
6.351700813191828e-11
5.057471000082716e-12
2.0285421586436602e-13
4.125338858151683e-10
1.6126450365226566e-12
7.792107630902321e-11
8.140966474336097e-12
5.357497480656009e-11
5.980092871835262e-14
2.0279799073610245e-12
8.087436077543302e-15
1.0546319810088364e-13
1.403052443469341e-9
2.10473570916647e-11
1.29910638215605e-13
1.171566943981468e-10
2.5458577280953282e-11
9.773534755518601e-11
1.1896128824248074e-11
6.286624016810543e-13
6.768694408151168e-13
1.816309109327111e-14
4.366618482114101e-14
9.702893240225649e-14
3.735527626641398e-13
1.7987095506713405e-12
1.8936192619885214e-14
1.8427312221597926e-12
2.752442752889568e-11
2.4167659115380695e-11
1.0543087403633952e-12
5.928686713815406e-11
1.965267252135296e-14
1.1344636907844726e-9
2.9467514396359392e-12
2.2416797341752734e-13
7.847000206122764e-12
2.6939718055829037e-14
1.2554140608851912e-10
2.9045356990467427e-14
2.0055048440257486e-13
4.869407098592828e-14
1.0455654702033876e-12
4.707824454374341e-14
5.4312480395155935e-11
3.640789641758721e-14
1.9637346291747375e-13
6.7850854633837385e-9
1.9414412347668834e-13
2.1403384585700833e-8
3.623521366902594e-13
9.157137674839913e-14
2.549509402323338e-14
8.420221973858122e-11
5.106329234753588e-9
5.5457539280940094e-14
5.5323992479430044e-14
1.466719558729764e-12
6.995403583529231e-13
8.735402282121802e-14
1.0177556181808093e-11
5.886820743313544e-11
3.891147857580468e-11
6.639533002404608e-12
4.861618754897664e-13
2.0315307592878343e-12
3.762047960650845e-11
6.845699293164918e-14
0.0001414370459751641
8.790842100784835e-10
2.1396422919394785e-14
3.522878515511232e-14
4.0644828945765616e-11
7.254948599522815e-13
5.982220744927859e-10
2.882907427017535e-10
2.1204916909597994e-14
4.463964209137391e-12
4.0768991253127555e-12
6.553000986332695e-11
4.9023738263067e-12
1.4226785934575485e-13
1.9100122092263564e-11
9.90629807745059e-11
4.624878337182084e-9
8.937123631870311e-11
1.140619624640085e-14
2.075444360716708e-14
2.066421996908277e-14
2.3904507069723914e-11
1.6365750345499256e-13
1.1514281284147932e-12
1.2826587171544777e-14
1.3547151376694277e-13
2.1165351768775097e-11
1.160014735753905e-13
4.437434365558746e-11
2.1059897022344251e-10
2.9231657770148535e-14
2.7808481210777327e-13
2.300989683581205e-13
6.876631924469859e-10
2.7161457563782155e-12
1.0347557784791611e-11
2.2090851982749444e-11
1.7330189252467585e-12
3.182548033024658e-11
1.5315034014458078e-11
7.759610704315583e-11
4.9811931224879225e-14
2.242145895535676e-11
2.1389140904920314e-11
6.419794416316715e-14
5.501264565643588e-13
1.7559842395911122e-14
2.7576451221881994e-13
3.2461372068307374e-11
8.246469440516489e-11
2.0985728517025762e-13
3.4494718879898595e-12
4.2215692443420076e-12
6.804743558800475e-12
1.7482182955748154e-13
2.425415386823885e-11
3.158234751337316e-14
5.407345605452247e-10
6.919583692419765e-14
1.4011395659339663e-14
2.047549126382835e-12
4.19063327444221e-10
2.1139117593630673e-13
1.90878731919178e-14
8.001485494648135e-10
6.784688414448924e-11
4.806403735710556e-14
3.2903450271561667e-13
1.663075175096976e-10
6.000389674780921e-12
7.966176996948401e-8
2.1649226639026627e-10
4.062720266469147e-14
1.1298197897371798e-10
6.269406417998783e-8
1.2189994335844223e-12
4.115495781128055e-11
8.086643349248232e-14
7.276806747217033e-13
5.6784082722981887e-11
8.030483840500391e-12
5.2557520542520194e-12
1.3692236224301882e-14
1.8606558455907918e-11
7.107768701610282e-13
1.4135471415896696e-14
4.2602049376998376e-11
1.620100168380945e-13
6.958147514306485e-14
1.633173391415247e-13
5.402627231613836e-13
8.787896171187092e-12
2.5916983248155177e-14
6.427391591210902e-10
1.22840935447395e-11
2.8684702429580808e-11
4.245829128454328e-14
1.502190859745559e-14
5.871601410540664e-13
5.729646220406074e-11
4.0432903972755455e-11
4.090181701300259e-9
3.0306032919435226e-11
1.676087183930969e-14
3.5399740872894187e-10
2.3922211391003004e-14
2.6566313948545625e-10
6.034652149706193e-9
4.07226437676693e-14
3.4199427642407986e-14
3.808013735528358e-11
2.534078751723606e-11
9.83178564538001e-13
1.5559952092094863e-13
5.229192093224883e-10
1.0700868922683853e-11
4.022785872307072e-14
4.010219850310913e-13
1.5883963784214556e-13
6.943780888441439e-12
5.278909792778841e-13
1.1758152527090363e-12
9.584424451929195e-10
1.2897394448418655e-14
3.3863521616499757e-10
2.849593580421097e-13
1.5760097811081412e-10
2.3253109564704694e-13
6.09777717685104e-11
3.318294634814727e-14
5.280857224900178e-12
2.1794215755141134e-13
1.1204678604709141e-10
9.484710833444798e-13
3.357788094730357e-14
8.605578979593891e-10
1.575805945698297e-11
3.0920999611234553e-13
1.601496818072929e-7
4.35024647861061e-13
8.923328737122583e-11
1.711860217173507e-14
1.2006955124532343e-9
1.027688856390447e-10
1.7885433613656039e-12
1.7027025575550353e-13
9.475900228477094e-15
7.146242610895315e-14
3.393588619798341e-13
4.581476106344828e-12
1.1938453831377313e-10
1.5639095821336053e-11
6.789209184819645e-14
1.7499079194947532e-14
6.400572585644468e-14
4.8761179656545595e-14
1.7849028492492747e-12
1.2661858861741853e-11
9.101949204696101e-15
1.6704613866522567e-14
7.032003312412129e-12
1.7281380613256633e-13
3.4562067060634627e-10
1.1963130699620292e-10
2.0855470503696502e-14
1.8769644512690553e-12
1.137797710917877e-13
6.579962923672661e-14
2.458618407887142e-13
3.592045672787875e-12
4.0545227960464395e-14
4.90646708148481e-14
7.560341838443063e-12
3.050649936366256e-11
4.6929512373097894e-14
2.6843977235938536e-12
2.926216823011286e-13
9.716013713102975e-10
2.8960112219676124e-14
4.338958458501097e-12
1.417392861681932e-12
7.317092245565419e-11
2.7131877587048775e-14
3.633629279515066e-11
6.269575881037128e-14
1.358772879770354e-13
7.386500233094946e-12
6.487272905879823e-14
3.8606408787552755e-14
2.637350266212701e-13
8.87360633405218e-11
2.9043159734878973e-13
5.3450144405987346e-11
2.7055237150056768e-14
2.3982345111312032e-11
6.160732598930298e-11
2.9224533493224e-10
1.689256141566991e-14
2.6256441578555827e-10
9.025764325950597e-10
9.77613398746082e-12
1.6544479781832087e-13
8.610651750321574e-11
3.441880745306095e-13
1.7172534600710823e-14
1.31208896741548e-11
