0.003057155723172995
0.008978054590502365
0.05847344583307999
0.002270297905830499
0.0030736634109947603
0.0031783342999791775
0.0035306440520882928
0.005953791521245243
0.0031558247084630424
0.03530732760746831
0.011776064317948342
0.0026347847015737572
0.0030091517198371966
0.004902154317274454
0.00941915584747596
0.01136798499490859
0.002418493317413655
0.0011549505071556667
0.018381483742862532
0.002510112084115444
0.0023723767677169237
0.0018824442818630002
0.015186515439235018
0.0076513188765783115
0.00739220713283627
0.001574842869927936
0.008270009304733416
0.002170435440127551
0.004347443301534425
0.01837292883518628
0.004356785161737858
0.0033640554623956395
0.005773432794648172
0.0020643106744254436
0.007231457380703577
0.0034336009051642233
0.015747247987101292
0.0472377275916369
0.0032115242158938496
0.004142136004931879
0.021337596479174097
0.024261935912785988
0.008756049277681345
0.008462360174280807
0.004330797624983267
0.010317783679853507
0.002433464691684885
0.008578142405499534
0.003997507968375119
0.00752829008792133
0.004726439478108578
0.00929365965534794
0.0047642720688671186
0.004162828079269662
0.020152788943237333
0.004159578567216469
0.001976298152169126
0.0031366078434178104
0.23112983488221311
0.0018531120397702631
0.0026964947074349186
0.0064739914180232385
0.011820316214188125
0.0036002357362259923
0.0024982256021822856
0.09985880719526688
0.00392688192591147
0.005383494150294319
0.0047864312803465045
0.03986872428833792
0.004338952629273102
0.005426171533341677
0.0037893288308601994
0.021248266501795923
0.0033464811931914903
0.0021944141978967584
0.03766367705533701
0.0037078638970198937
0.00312958634592573
0.006151649258191467
0.003320827457373335
0.0016500767298868338
0.004297365139008507
0.012255421958848533
0.0011171295733037401
0.00396321696000675
0.0028403481289418545
0.003292855129192004
0.00997000252648905
0.004195808792820872
0.0017466967824896738
0.0013958371629042366
0.007590063688846544
0.0027895447839327778
0.008376430144099063
0.0024879850298741815
0.002083924867579789
0.0035296067637484827
0.013656823820327553
0.002211659823747422
0.005241200453156777
0.004027089450123736
0.0058503014676170185
0.0048831144405415946
0.0017904240030850208
0.003992152231155183
0.015097109994793025
0.002129184010791381
0.012797081727455925
0.026652140995207088
0.004238772447244845
0.003438075945946169
0.001621340496391892
0.0019924511601437755
0.0029053473744811067
0.0029387618160917977
0.0015887028040761806
0.010921281841635018
0.01818199751084425
0.0015901372217563042
0.002499511476156606
0.0024204039365219874
0.0025458244030236513
0.010752452189882418
0.005210111989799225
0.00628488705173148
0.004930681524240184
0.008115170561151373
0.001319084367869426
0.00200250740562614
0.0034719548159836554
0.0064980770527416805
0.007195628898788878
0.014563549058119483
0.002676516140132994
0.003575822433790992
0.01623145055005032
0.0020100142321989927
0.002264999364220121
0.0016533547373114156
0.013116704580058147
0.0012855906672748624
0.0020248923957859578
0.06856376017566748
0.011407332293864836
0.016062547657141355
0.005315417193339435
0.005339501127633941
0.0036224493589540664
0.0071004469417221975
0.0041709578658017145
0.0028824980922493824
0.009592452247046176
0.006234049841488385
0.0009161007602703895
0.00602026476240596
0.0042703973519087135
0.0024192651151282666
0.0027417274623181068
0.006090851329238995
0.004135905932916241
0.0010580975180947624
0.0037637395313336
0.003155181998448812
0.004372218074890745
0.000671419548626717
0.0022420744896301382
0.0038125519177541426
0.007275462552685287
0.001962201531837286
0.0012020461961614074
0.004208905788607
0.01672605854225038
0.0026108186508648555
0.003732175958102676
0.008057775109773147
0.0008945403209791529
0.002057946968779499
0.002750899321026798
0.01224217807375318
0.005063226925261397
0.023063066917892325
0.0034866661073351336
0.005606865711523937
0.007734115054009058
0.00270812248760634
0.0018700923946527645
0.005023275314692221
0.001155146143969996
0.0021504296036558993
0.01573032700014724
0.001634839320386611
0.0009145475501420459
0.0028271761295063265
0.007333644423424981
0.007893294720227706
0.004128645204742351
0.006313063086151754
0.0119550825125394
0.0012949208147049107
0.009726561336882059
0.0019968104189242507
0.0021368121869536436
0.003444775275133526
0.003549893747422617
0.017423556928926002
0.002434261545352483
0.0010767196365870548
0.0021231678921788837
0.0016855655503621408
0.0024964568996338073
0.00793876437500885
0.00929995791278162
0.04199997734709948
0.0012105187428166596
0.022273402077532863
0.012035214458944874
0.0017635117265074006
0.002413645004202847
0.002967934624007772
0.004941965003206274
0.007958852449914044
0.0023402872961949613
0.0008277420575148177
0.02217986242344924
0.00710211424300485
0.0064227419246660495
0.0009900160420889263
0.013251660350655893
0.008922835182197076
0.016387648720499783
0.0018066179603354537
0.0033101459196683094
0.0015802812541757822
0.01428243263354452
0.002895557719718523
0.0035522082270228374
0.011932778159004852
0.017819376895625967
0.0038972006938680736
0.0026191895508578186
0.0009136775199696499
0.00971478618248734
0.006321811033983136
0.007536513782107188
0.0019475520412025962
0.003293640936375974
0.005434938990714658
0.0038152012351933464
0.008302327634746875
0.005639101535371943
0.0013510987100715849
0.004584381701001954
0.024849309178313798
0.004305186575237773
0.022805632140257416
0.0012591471717389659
0.0012380752722706077
0.017065314921214922
0.0019128598664750853
0.0022820275843743643
0.002167193817622608
0.0012137678142517708
0.0023716744527276933
0.005748293292982978
0.01642291575496388
0.003358957703265526
0.023607434581331042
0.017810699524434252
0.0009850617243913889
0.09727981689451187
0.003573259877832883
0.006601308322123961
0.00126271389246083
0.008074469770409883
0.004413677125183653
0.003736607287774342
0.003887479417913294
0.08366381620218966
0.0082441358239264
0.0057728975524458485
0.013041976329388295
0.03833281874247988
0.01822470279939391
0.003143052913893939
0.003499533329969849
0.009811237851075686
0.006084281172940722
0.00452021655190059
0.0155742062287882
0.004296064326069089
0.042969421900417984
0.004277766356768028
0.002319349001265353
0.00578649255777754
0.005173363911912641
0.0023491691115085146
0.009909579560129566
0.0018361171097410586
0.001394114244914701
0.006382698832797837
0.00234414898700536
0.002282117240376026
0.0021703786710423395
0.002315363442768243
0.004080361123427561
0.001093385156899583
0.0067786902466812115
0.008161346436572356
0.0052664503996551195
0.004223005155620761
0.007945050005181161
0.012933206704538923
0.01233488250308882
0.001315681755169488
0.0010554788882535496
0.0036409628928206887
0.008264171085174037
0.0007908223795724273
0.012566592695393643
0.004277436127117538
0.0070734501754049625
0.00475551283735583
0.0024099980978683658
0.0032084412072180516
0.004405960634563858
0.002557097876737119
0.06725771827638087
0.0008196942134284256
0.004694316625211985
0.0036224568685681467
0.00375648601983723
0.0060610607452678145
0.012535430403007732
0.0017651795371513477
0.007276042360445805
0.0032232967848130657
0.0040970227047301445
0.0018799896261634766
0.003930276838715774
0.004262968123227158
0.0013219937300963948
0.0020810446106123985
0.004222517844809388
0.0015618241268812838
0.004891852853392306
0.0010680940932027412
0.00969584397783491
0.005828332277534694
0.01646843663739533
0.014320299123287914
0.0026532393222967765
0.0013214483565879322
0.001450201983027759
0.004487239352382919
0.00872929078729806
0.0017173141688024006
0.002459631533210663
0.0013946348395439602
0.009766226721050713
0.0069422492760411415
0.012421719746694463
0.010144877501664581
0.009077315789003606
0.0016218461458644923
0.0034794738912094438
0.005507855688337503
0.00196084576975285
0.00648121875064955
0.007242588472308869
0.0018954787739950245
0.005027661259565425
0.04160008350694601
0.011531422493503963
0.017892390992700742
0.0022244383694538733
0.012948036478410155
0.0024791575997071508
0.0020410892773715552
0.0036452597040667273
0.0033624538711587806
0.002034106537310828
0.003211345397331897
0.0022727730619580976
0.012033730836207313
0.005281009453430963
0.007416586691082268
0.002270027798945406
0.0020592325851242375
0.0011830897399138641
0.0008841830959791695
0.018042242620361512
0.0022261972212599536
0.013653773273203334
0.00649023900533185
0.00279418767426942
0.003175593926651484
0.004844523203874962
0.0010759319516786053
0.017607016224301542
0.0024729617145336173
0.0020977872045032722
0.005816557096332453
0.004990466803019997
0.002811938083954177
0.0020104549491694284
0.0017104059707248348
0.001491311289235311
0.012109550627326864
0.001470424824656951
0.008488603092770828
0.0037530124164848293
0.002309523886192473
0.03369981960083392
0.016947822709519455
0.001238162603078931
0.0018404597661899097
0.0197259139601491
0.004808454857603825
0.007792111913063842
0.008422364707097006
0.007288043182488949
0.007724745447433068
0.0018687586158584156
0.0019335547957510131
0.01758439980077596
0.0027797837966518565
0.005144416498669822
0.015851824986164394
0.003024798432224805
0.00654495997694266
0.005927425460872772
0.009807166859576388
0.002261258905609186
0.0032548267374893536
0.0037695049756562094
0.0025066481761288435
0.0022921491398119553
0.015633510935998855
0.00894296678960201
0.026312068154252636
0.010053983405900656
0.003723026094450712
0.011162963305973642
0.005035964963121318
0.02193245998446546
0.0013852730097950357
0.013494444195037016
0.0066924244118784625
0.02360113160746055
0.002484920357838378
0.001043394737619493
0.007855211047052958
0.0009179262590131409
0.010996596365562347
0.0012953943130078888
0.005224675502620423
0.013042382554980468
0.010648819290147988
0.025926195656834062
0.004463528609698616
0.0037575648210398434
0.0011982780403565093
0.05597584423613009
0.0017212731464150285
0.0010286393757653152
0.0013723381445043192
0.007054043396632895
0.011185332232673543
0.018147182018965268
0.007700349523154566
0.006917277317186525
0.00695499782294304
0.002115994545396628
0.002063731037739936
0.005046292721271805
0.005684542481762321
0.03909366116456465
0.004270641098640234
0.023269752340565487
0.002488309699625514
0.017293393102197404
0.00220797079020928
0.07216355099216423
0.001361148711550958
0.0009877149535587782
0.0011086222292775291
0.0010250469377407444
0.007944159905299192
0.002280653151504185
0.004133110385605251
0.012722913666712857
0.0017062573987719361
0.0061755999626490815
0.0024772695568596377
0.0025227175485760885
0.009987316509025358
0.0025162156447353983
0.013587290377155696
0.005895471912807199
0.006839131214068913
0.005021476844066376
0.0018558375692796366
0.0017124817970962656
0.004782068575035828
0.002784540009542151
0.02600091806087922
0.001971766129072178
0.005697913031472862
0.002830975983868427
0.008577164166681608
0.0018173917701065617
0.002220388211806658
0.015577162692488199
0.008858823240086194
0.0014367012773786728
0.007169147936463362
0.006318762749392418
0.0014627804347852682
0.0029231830544621585
0.0016771521217048557
0.012238952134725072
0.0027256789734677457
0.002959187007878122
0.002696947195473229
0.003705221110008855
0.004757358030341858
0.024270642059467072
0.004000382731305507
0.004843255712048928
0.005151872669449428
0.01637131400559607
0.002364785119476958
0.0999435549223919
0.025860092280089845
0.003044867291155786
0.0040193371355139096
0.04345104604078772
0.006665077557455256
0.003915298951588311
0.005050724318562324
0.002362675085332509
0.0031813007175197556
0.007296071083826172
0.007913260255660986
0.010304969484137075
0.0022923156230957873
0.00533305349912843
0.1381088773452725
0.004259675635056493
0.0021170471509215803
0.0025748165223920217
0.009169993521757663
0.005706683867450515
0.001764028327235936
0.0023825870286525814
0.01501982694444859
0.014547332273135444
0.0007383304198193397
0.0029405912165508105
0.014097011422935023
0.001162331291785384
0.011566705737284402
0.0031933782087239988
0.0018854829664282924
0.004530343516093624
0.0027049859244280628
0.0083411070252383
0.002161019034703157
0.05940533549813156
0.005420407363809298
0.0018489715391590746
0.006300554112815561
0.004060547662286864
0.005114986382992393
0.004255101768839075
0.005418532370882738
0.01987585959865897
0.0076612754842714575
0.003627956489519351
0.008551403349546962
0.0009742998106360594
0.0011198951102964418
0.017192698124089748
0.011633504346483513
0.0025604111798854805
0.0068156902094199745
0.02557979110622261
0.002188461147574447
0.009203957616342006
0.0011934549000111926
0.004164988328091328
0.004696781994970484
0.0016065092581679136
0.05560297749379845
0.0034646372952980824
0.0029807253706716054
0.002354767649846704
0.0016607168439237224
0.0016789517604606414
0.005614886698433006
0.0034288048322744613
0.027088198798900336
0.01916473322401208
0.0023639600711715934
0.0036990888706318467
0.005622065463914435
0.0649705299938527
0.0035682541853995185
0.015362408932897533
0.0019970411939575065
0.003050907329482447
0.006565970981871387
0.0026429570379862526
0.0039055044316450467
0.002468969573180699
0.0223750818847056
0.003475067302710209
0.011880109383802732
0.001210149518169412
0.0020121228166857024
0.007100124662670756
0.0026034004390380603
0.001886293506944938
0.007296708195908587
0.0025065686948538934
0.002438371428657054
0.0033546134400535598
0.010266134461587464
0.007090582977551614
0.005784606380110046
0.0029414389565131567
0.0043386481438255535
0.0027476125643975135
0.006351634436741199
0.019425307498731878
0.002681100054074273
0.0018248833691776245
0.002116543219753294
0.023016089705488258
0.0015011504095738882
0.0036131508498562495
0.014206605189821694
0.00651452770362702
0.0014614813068064229
0.0025375631769131604
0.003819899315730323
0.001427249651149622
0.0034588316199635964
0.0063393796179328455
0.0024565233032262167
0.0021961115196473006
0.11679033706463102
0.0038656611235267373
0.005737812092466861
0.0641299410418346
0.001766868188107509
0.0007162150322316062
0.001975231957414709
0.009577146464630685
0.0034465373765533882
0.0073409560827923746
0.004719528072678143
0.004868208135943604
0.003122390996185293
0.0037184245737975283
0.003581918583817032
0.0031141867459711777
0.02909849902833008
0.015986678661718788
0.005348895719269909
0.005627153227230132
0.004146937518399114
0.009494785364655086
0.013234111240084825
0.006986359339742255
0.004802233950393042
0.0010222894448066076
0.005994619851456621
0.00585230927398926
0.0022750922280017263
0.011740868182901418
0.0014090063069361423
0.003561996486157751
0.001577057270365204
0.021331272821386513
0.005259828967718425
0.008562308834102427
0.0016769591479526228
0.014459983257226952
0.014641847403714969
0.004522275136834585
0.0029839316413181626
0.005549748439079661
0.019997068470719675
0.002850823120041972
0.007534111114610853
0.023063660337620067
0.0017584976770287906
0.00787797889445761
0.13118084071286293
0.004500025489679122
0.004773200190537992
0.0073767653277102
0.007316243971772569
0.012928544822287684
0.002866095353269946
0.00679140489583733
0.005716681065308269
0.003432885687088354
0.006211708999262956
0.014962075171306707
0.00251969472961807
0.002218768043253202
0.0015051405578701933
0.009454111997424318
0.0014150614895112976
0.003600533156651291
0.0011866374153842335
0.0018126110752512143
0.005811726984003076
0.03042053431404391
0.003996281138383161
0.002688712221568314
0.0030133564591875548
0.006928737696956252
0.02490647487384331
0.005019283826487611
0.0019811759195305935
0.012275648956568037
0.001571189953401571
0.0081484947885488
0.3546998849066126
0.022021930722138996
0.7227516350486728
0.013914834065145288
0.007743054921695751
0.006377553696416733
0.0033483074691284405
0.004605164335158265
0.014451917806362242
0.012917378329789075
0.0037714492229158135
0.001113770421652341
0.01844790378998636
0.0016542020938353206
0.01201499564792665
0.0022062912790186844
0.008476701709851193
0.0021646099986926902
0.001940088857969492
0.004808421740349108
0.004530481721453003
0.0022896227811980458
0.008640147147520212
0.002308118790748851
0.01768042813774736
0.006166386578960066
0.0008673705527111485
0.035183985018578445
0.024218165524103642
0.011906065266214563
0.0023828084613887043
0.0011205965638460627
0.04990692951803674
0.008613316983471205
0.00340507910907093
0.0023521094865594904
0.007366354785807651
0.0028839451502846716
0.004365448932604862
0.0023757207804924667
0.002706698353746895
0.003398315376785609
0.005124342503987666
0.0017706083567983475
0.001571677537105582
0.0022347047277925794
0.006019952808510771
0.0035572027624934254
0.005283229118609359
0.007982766111006151
0.01616202814550431
0.010571902425938305
0.0036000825273468894
0.00140646603505209
0.0032504641633745515
0.006548054590833967
0.04972209614039928
0.0023510849404353926
0.008385225374190867
0.006067883701472199
0.001999239149755844
0.02550791770068275
0.008838723292066723
0.009332895386927859
0.009443983211863306
0.001121204994894383
0.0033473259001477605
0.0043667357618260155
0.007429368396269056
0.0033991356006611096
0.0038992952727689217
0.003919907190270483
0.004307550978605274
0.0018073672349729014
0.0037596113555606785
0.0020502066167081842
0.003447090878110266
0.024478662882187405
0.0025589450172212288
0.017157920144078156
0.00518843380489624
0.003759268506221204
0.0034858273810188106
0.007682248977737303
0.015848909129306196
0.010701030290724622
0.0022435632993412433
0.0017161536362619225
0.004992685950219022
0.006086797098372233
0.0019469865681672502
0.032578755886332834
0.002752185411028767
0.0012279012100876053
0.001401609793601681
0.03209742733102711
0.019269772277159723
0.02693992196542466
0.00991644133996571
0.004451869807687237
0.001062949320292844
0.0018744996715642258
0.0010645743114498104
0.001173903182891798
0.09140944900915077
0.004443951045552468
0.010987862098009766
0.0014182190579561963
0.001979306210947764
0.0011662519379861515
0.009905179266624773
0.009885738880505944
0.016242519807003076
0.003050215217628834
0.04308373498157291
0.005178179105184027
0.00795484909689669
0.021058702030270913
0.0055562264297419044
0.007042717434037401
0.0066152705633906505
0.004294724334739391
0.0029338909443482816
0.013121195418998428
0.01586963570893793
0.00580260529342945
0.02474814311098336
0.004076543219494534
0.0063066479074908215
0.0021356058817761426
0.0010696532584036104
0.004895136462317485
0.0031558679874549222
0.008670173416294549
0.004400086093949649
0.001593763668366555
0.012665211614832007
0.008193617371389668
0.009079801189880289
0.0010100205351732023
0.0016500609238097044
0.005463034193179574
0.0025922877907139964
0.009486876748944469
0.010583873862479764
0.015352945248723293
0.0020559376339673923
0.006654522228920122
0.0014690788382829075
0.006169837935032594
0.003078245885378291
0.0036306283005943787
0.003040071875427018
0.0020274040929678322
0.0015430242518517025
0.025101173604075825
0.038194733727685254
0.006974418605793665
0.002865968628029667
0.0034475070195977057
0.0033422220455750734
0.00564241216459097
0.0033048147209218167
0.004206209759622206
0.003399866655981061
0.005298482632377682
0.00678496473209115
0.0030103946104407704
0.005736051281587324
0.0031649714983144036
0.0027444717465514527
0.029605670667930975
0.006193700684904269
0.002662737610655431
0.008050092768295953
0.12026877394770544
0.0034676382372224803
0.03245157175611886
0.0028640490024496364
0.007604928696728226
0.009220807491227218
0.021479095410824985
0.008262993287628846
0.0018323224784636287
0.0023781915800073585
0.01108974208649391
0.005332550787598731
0.010070861106547977
0.002641776476566076
0.038144096295519576
0.003404153782919008
0.0012789643168795823
0.0037935476627368766
0.004279528485806029
0.0026159287925682532
0.0011614684834487684
0.013823438706681027
0.004894430987606312
0.0010872833484985767
0.002239077451452689
0.0011115350957439064
0.0027107816186452663
0.010794176961632942
0.004149286136550181
0.0016080388339483553
0.0028426410315182766
0.0115930364944664
0.0018023568391561996
0.007805286728934039
0.0020852741222939157
0.005088053669342024
0.03419619323401777
0.009323693096963997
0.008791046794106139
0.0024807232386212913
0.004001528692883664
0.11770673466580749
0.004610485594047384
0.00340828941939495
0.008225301126039712
0.0035653619524297566
0.010454304242331075
0.001590179802680142
0.007194967590201154
0.008391815757975039
0.029594511342601066
0.0020750877295948986
0.0036149161846057718
0.003160074904159759
0.010893571900908006
0.0008783785266210354
0.003133924687069557
0.0064418339987318525
0.003509532848886467
0.020281786851884653
0.003982115910935953
0.002952078504688742
0.004506118663644121
0.00731179798522964
0.011766543330969322
0.002478364034345391
0.001214677542985551
0.0012080501083206784
0.00307613918234005
0.0013439520839960922
0.004182775414241583
0.004312976346043137
0.006664866774562544
0.000773313105340378
0.012489408454517617
0.002452998482530221
0.0008044994108833412
0.005323790919779725
0.008609873341863835
0.001247827731960902
0.002169787890503658
0.0037597551666990045
0.004003855024617263
0.006145648820525146
0.004252296677227346
0.024408459471543024
0.010828846261953504
0.009162045932992842
0.0010278832621103372
0.015343089941728246
0.01683915625847715
0.019751466886627014
0.0012438514242385707
