2.040611223760472e-12
4.136036659604331e-14
4.7660324905891775e-15
2.5906349776755716e-14
4.495355701736308e-15
1.9783437333758308e-13
6.150358388283803e-15
1.1594577522289497e-14
1.0919439071607906e-15
9.03048281610941e-16
6.273579375684055e-16
2.2492883242039043e-15
6.344702946914819e-14
8.828842445521744e-11
6.200229028577286e-12
2.3982681284189623e-13
3.907978655884545e-15
1.2943951436924159e-14
5.5038108396074576e-17
4.8468394441637425e-15
2.0763962163882282e-14
2.4226977577924186e-17
2.5446830184197795e-15
2.0198681941995497e-15
1.8070821338117524e-15
2.0132778174081086e-15
3.5747572169823974e-15
4.326696281812018e-17
2.6420623114075588e-15
1.3424933122290965e-15
5.384453682977094e-15
4.456041545964234e-15
1.2497912010373173e-16
3.491913093658273e-14
3.67730167168366e-15
4.168313856283839e-15
7.54757390404484e-16
1.200914929684892e-16
3.531876001849418e-14
7.150019629302442e-14
5.834449262854079e-10
1.2534540717354715e-14
8.494516786408056e-15
4.181625868994562e-14
2.047976772470289e-17
2.955699040969519e-15
5.3684639087630556e-15
7.893991087722593e-15
2.6533924821624222e-11
5.154105733035227e-16
3.3919545900362496e-14
2.2985378592583517e-17
3.4847587638156574e-17
5.7411250851545784e-15
2.05348159101939e-15
6.0404378235356726e-15
1.2383605026569994e-16
9.796761398151072e-15
2.567103850435613e-15
4.0448306540433295e-10
2.1938807746885967e-16
6.91676056722143e-17
1.4166247956256545e-13
1.7717461260598703e-14
8.605003033336168e-15
3.3125926446313317e-15
1.9434124902090145e-14
1.7476783135664446e-15
4.571736273348099e-14
1.942741448764192e-15
6.409135375028785e-17
2.8609708574719403e-13
1.5103797946879464e-14
5.1015119375991104e-17
6.322579492790924e-17
7.226070878014478e-15
1.0120752535453263e-14
1.273843422950918e-16
4.7067963329902975e-17
3.302279774553655e-13
7.330332861447827e-15
2.7051366961761757e-15
1.379345727079765e-14
5.946737878069895e-14
2.4834984871976946e-14
1.0969585635769604e-14
7.2140984814979e-15
5.286051263893938e-15
5.973742405678961e-17
3.635067694730427e-22
1.140842944025302e-16
1.5290296388830258e-13
2.936366638649076e-15
1.2467810261339325e-15
7.207055490688259e-15
2.421267256003082e-12
3.4416189035431654e-14
4.013893573498124e-12
4.729159530321594e-17
5.417793512359454e-15
6.502249976379303e-17
6.472565708328008e-15
2.9906867814662834e-11
1.4013668658684803e-15
5.329993842662269e-11
2.4949353347794113e-14
3.9089005262415826e-14
1.9471312237314505e-14
3.7649068869454915e-16
3.7591469305813354e-14
3.618293117416546e-15
2.035013405965291e-11
2.7582167495755406e-15
1.0525085626490126e-14
1.6076652366259723e-16
3.874906545175165e-15
7.63953579764232e-15
1.9392324393337699e-10
2.8909843830916807e-15
4.914296154053278e-14
4.797304892854429e-15
1.6168966370038677e-16
1.1569835893891423e-15
4.007259960347302e-12
4.0423267898042446e-14
8.776694127997621e-16
1.726673459572437e-13
3.1424190292797983e-13
3.6831821149297074e-15
6.995872812800048e-18
1.2012056334168128e-14
3.803868417059502e-16
6.268867687573116e-14
1.8559622911558122e-14
2.3160474557627113e-15
1.0021958391689441e-16
3.341278899243448e-15
2.5081539052093514e-16
2.5938892482352975e-16
1.0499224283210259e-16
1.0738509734668254e-14
1.9416930697196043e-11
2.860609750744814e-17
1.21042957314719e-14
5.605227269933372e-17
1.496567702056483e-14
4.121092043886532e-12
2.2211684833447573e-15
1.0547983506863205e-22
8.192609578439596e-16
7.565883499517993e-17
4.1365899624342453e-10
2.2100586140374806e-15
2.6967239941421432e-14
4.077208118573838e-17
4.675052800214331e-15
3.0749739617780653e-15
1.3544219912262861e-15
9.94875132103802e-17
1.2374658077725014e-14
7.164640906105492e-16
1.436460651795541e-16
3.3191090038758852e-15
3.477424768644607e-15
3.2811895249759102e-15
5.318556535788422e-16
1.6970455162254422e-14
7.73593553931557e-16
6.363309658959318e-15
5.755255335536433e-15
1.276256966372503e-16
8.517451016330253e-16
4.433634814269193e-17
2.105391664396352e-15
1.1082870306391188e-15
4.744022785257737e-14
6.274546660979715e-15
6.869824593342366e-11
4.1058015224301265e-15
1.1104987959800625e-15
7.9313450923524e-11
2.667373490472057e-10
6.129983826990252e-17
3.253722918921459e-17
7.396967787812861e-15
3.343780093669888e-15
3.783628351614351e-14
2.484045306574685e-16
1.8908417349859278e-15
4.8309978954982215e-17
1.9222470626576522e-11
2.73745628388585e-15
6.327566341960773e-16
3.150787913791596e-16
2.0980195213317165e-15
1.616270194931709e-14
7.405747242392273e-15
1.022075640201263e-16
1.2350333313889273e-16
1.6284882093620846e-17
2.709415776512686e-9
1.3367507145053114e-13
1.9667776771908201e-16
4.482474417992544e-15
2.890972469771975e-15
8.300460514632323e-16
1.3046809323567603e-16
8.96157195168925e-17
2.3922208317353177e-14
1.3270250812115895e-15
7.691842474012984e-15
3.901219802350392e-17
8.852403894457658e-15
3.280360981470853e-15
1.6152755806042145e-15
4.628673839009393e-23
1.3619178009053359e-15
2.8152446986107366e-15
8.685884917368742e-17
5.066703831433338e-12
2.5402629255743427e-15
6.847019101084454e-16
8.99328588397385e-16
2.1388556944721387e-17
7.242238887955932e-15
2.9790704165461347e-15
1.1268802284807706e-16
9.850383968296057e-16
2.4571217270593365e-14
2.4453035322659926e-16
1.591846566919359e-14
1.1659033669711848e-14
2.6537183934116695e-15
3.732637844926967e-12
5.688246686863167e-16
7.101419465174584e-17
2.1537909405869753e-14
3.444948912592504e-17
3.042836762297893e-15
2.99051260223969e-14
1.6444246023016515e-15
3.419189547209414e-14
6.42379497481727e-15
4.114616778983289e-23
5.2200776564220615e-17
1.2808125510037143e-16
1.2266923950996799e-15
1.1925129380353967e-15
1.6643840095619975e-15
2.3786675026300617e-12
3.8321947919402023e-17
2.5116446904814085e-15
6.42812500056077e-16
1.5736129693180863e-16
1.5950344785023427e-14
1.06297474354759e-14
2.869155507737095e-15
5.3007449488818824e-17
2.7888282357337577e-15
1.703497384855708e-13
9.556818247655147e-17
2.896461975805108e-15
3.3416049824266624e-15
3.4294203065380697e-15
8.357860393375071e-14
4.75084794658042e-15
3.9988146952879635e-14
5.0213965154592364e-17
6.271220930657818e-15
4.431264640141433e-16
4.5390421809456605e-15
3.421421359218121e-11
3.254923401613208e-14
1.8264667661065052e-14
1.0172453493701247e-11
3.135877539788795e-16
7.111485250711395e-15
1.0276445404374799e-16
2.4924105880153866e-15
1.1207681732824615e-14
1.0754831120004298e-16
4.924696545045447e-15
1.2322336881486646e-15
7.37401460524284e-17
2.551794481425609e-15
2.8264525252311326e-16
1.1598463862014458e-15
1.5356392813174519e-16
2.0057913511694067e-16
1.1737114101993989e-14
5.065958606862996e-16
4.5388668528212775e-17
2.2246401551961237e-14
1.1656080322585713e-22
5.989983509830366e-16
1.2161181705400584e-15
1.4262498841768292e-15
3.07568686650543e-14
3.422263812982857e-17
2.080525133420692e-15
1.5900287894033414e-13
2.6925244143411324e-12
1.9881166960761207e-16
4.904636926403242e-15
2.2324809079745174e-14
5.443784081280176e-16
5.774303723456634e-17
6.586447883672265e-14
1.4395627845687214e-15
3.889450827416892e-17
1.1784457048792045e-15
5.800395060058777e-14
2.437330046681911e-15
1.5711925184397157e-15
9.524418106006955e-16
9.379441701294845e-15
6.796979418832275e-22
5.882173163292011e-13
1.170708666872147e-15
4.162210295471869e-17
4.816985364515104e-15
2.3460169035885065e-15
4.930178919141216e-16
1.157332120452378e-14
1.8727397793081427e-15
2.8857660195213425e-16
2.76842153614182e-13
1.4064519292754268e-12
6.443290147779955e-13
6.170811574747452e-15
5.716157345725098e-15
4.68104542732767e-13
5.4456737089669655e-15
3.4249357522901506e-13
3.870681138859806e-11
4.616268513251786e-15
1.2507972462577061e-14
3.3714511738082235e-16
1.1202101415085477e-15
5.415253826900052e-16
7.419246614058105e-14
1.790792805986696e-14
1.0015301165450453e-15
2.972892387007811e-15
1.385324934994068e-22
3.318907343470388e-14
2.628498008428362e-16
1.497556949032701e-14
3.398602764113069e-17
9.103997848312729e-15
1.0062718587490916e-10
5.094036007131807e-14
2.4990589897821014e-15
3.3554014867217025e-15
1.3526922950311745e-15
7.110316350887582e-16
8.004258486480857e-16
1.5419316240458989e-15
2.219691601620268e-16
3.2982141938242446e-16
2.518813933344146e-16
6.760337559559765e-16
3.109525658451217e-14
9.572258343384908e-16
1.918468445209008e-15
8.986270557099907e-16
2.215886628984706e-15
1.589189785133021e-15
3.454368511608388e-17
6.845232422167376e-13
6.956967492210166e-17
6.878926879383097e-15
1.5025454034902557e-15
1.1676329694465228e-15
8.596165492913063e-17
6.624194242482066e-16
2.6993769139960474e-16
1.447476455417243e-15
9.684383002511541e-15
1.1812483498281038e-13
6.844683767237217e-16
1.8717515137919165e-15
9.636064687994095e-17
8.283926193815365e-13
3.813722088970545e-17
1.442925111433038e-12
6.288561934670126e-16
1.020715762228887e-14
7.87248243160399e-14
2.4307647112974936e-15
5.013133156982668e-13
4.792553262059324e-15
8.356312073737425e-17
8.627968887880647e-23
2.1594340429951665e-15
7.13298515845277e-15
4.3594910327745e-15
1.6354353655179414e-16
1.7528791496209784e-14
2.93647706611549e-16
4.247674882322469e-15
4.3568147819535e-17
2.2798499865956275e-17
2.468689628613863e-14
6.791364270869148e-11
1.4312117669801386e-15
1.3938604570219921e-15
2.721392669958957e-15
2.1633330741306768e-16
2.7003616996710616e-15
2.217721737403946e-15
2.5336841002157495e-16
6.156655615911663e-15
1.0261371070568865e-16
3.1597958519232127e-15
1.1946061482741397e-14
4.24916890145751e-15
4.419707472589952e-15
1.8028214599405596e-14
1.4405962995699467e-22
6.243938378679778e-17
4.8434848276789116e-17
2.1091528468401616e-14
1.8413235940909673e-16
4.0724102337432596e-15
9.396539548232343e-14
4.58775637389029e-16
2.591486862645216e-12
3.779743912055432e-17
1.2489715329475944e-14
1.3819101675019182e-17
3.9004842586432535e-16
4.50247017271093e-13
6.142352916580484e-16
9.999622811153976e-15
8.032961596155653e-17
3.0842084035026236e-17
1.2398856029424237e-15
1.7958937783025547e-17
2.354246076875825e-14
9.805295109056967e-17
1.808859590884761e-16
1.1880017893981043e-16
4.77412625012452e-16
4.270418301086364e-15
3.632101138208787e-15
1.6524899314148914e-11
1.6270093213403308e-15
5.690297093834412e-17
1.1697210727309115e-21
3.601450538132818e-17
2.5434574585646875e-15
2.056735253708195e-15
1.1753075859508547e-15
7.061556992009088e-16
5.5459954324315216e-15
3.9497664453546975e-12
1.8316742982570004e-16
3.9931580688960585e-15
2.2344037052550584e-13
1.0113379240187187e-15
4.704403136334479e-15
3.304985294910188e-17
8.804098746213755e-16
3.895127129903979e-13
3.583540797448533e-11
3.2073735537977847e-17
3.905400033170819e-15
7.715901445502443e-17
1.3040002174901708e-15
6.480419510473777e-17
1.4846962287506257e-14
1.5021966529118037e-13
1.7320297472890033e-15
9.79546241925637e-17
2.8641568624981174e-12
4.326458058423363e-15
3.618119027118334e-15
4.117501713268419e-15
1.0057762418010708e-15
8.83511355871983e-15
2.052911194701064e-14
2.780833936470774e-16
2.6627271005197324e-17
6.367162502345715e-17
2.7578429628857752e-17
4.747207884969648e-16
6.233825040804183e-17
3.677206306652556e-17
6.431970888271697e-17
2.1634782532220235e-16
6.202118589529712e-14
2.7793785170565168e-14
1.1838141127378217e-15
9.20920048944221e-15
9.941893484459936e-17
1.141739662480906e-16
8.018377285961896e-12
9.670954989458068e-16
6.397326222887356e-15
2.245097337811228e-16
1.4521083548017398e-16
1.1220509925756143e-15
5.043598561527994e-17
3.31201119025023e-14
9.01032415012676e-15
2.2393271135622613e-15
5.544873561048783e-13
6.933909903386192e-15
1.719476175453932e-8
8.91608573602655e-15
9.754997079260782e-17
3.4725787241147237e-15
1.8658063604802773e-13
2.2839160676985184e-17
3.2406870348099215e-15
3.017273170117374e-16
3.95266981530587e-15
7.347095420331577e-14
5.5252435660791585e-14
1.2435826281104416e-16
9.578998915709264e-16
9.368112927768226e-16
5.787333235724187e-16
9.02625421712624e-15
3.933811819254045e-15
7.714659576686546e-18
8.563866666196148e-23
6.7202389157443115e-15
2.1785778119769888e-15
7.192418417962931e-15
3.213555376595174e-16
7.970838994591786e-12
1.228859354646007e-15
4.814413809784201e-15
6.886840817678878e-16
9.121967300054086e-17
1.6299294802010227e-14
2.103639125590251e-15
4.987617731407696e-15
9.276660472467113e-17
6.852054486666141e-17
7.373935274554993e-11
6.312581875670328e-12
9.387834547102849e-17
1.715071393860077e-14
6.694127059010339e-15
1.6792739720466052e-15
5.052931715320382e-15
1.0392246865060012e-14
1.9127362250801915e-14
4.317291217531648e-9
1.643383497667447e-16
2.667257122205146e-16
8.98786967104579e-16
3.5994274772449276e-15
9.012364010608729e-16
1.7631393652274888e-15
1.376163938381834e-10
1.5284533204832848e-15
6.3385273298661064e-15
2.1616962306563456e-15
2.440400413281969e-15
6.253702920701069e-16
6.617735763309653e-17
1.1440208912597338e-13
1.9007241003240675e-15
2.1020594039552983e-15
6.472858032146445e-17
5.477131202824629e-15
4.6248295681574875e-15
8.393740068387388e-15
2.4213548803377178e-17
1.2437011996066134e-13
3.934287284000055e-10
2.1426403651168305e-14
4.2049926274819853e-16
1.0473908953282801e-16
4.136860061456296e-15
4.316131863887848e-15
5.735486635144937e-12
1.9541803537638653e-15
3.882171983152518e-16
2.3181687880376947e-14
7.542433357692755e-17
4.777670682139788e-17
2.04157472280538e-14
3.588183593898865e-17
1.1537402855165827e-14
6.34950185690988e-17
1.4936770605513322e-14
1.9498415937120544e-16
1.0245045878386504e-16
7.02612720006101e-16
2.7618204069501816e-15
1.0105604847159167e-16
5.495163793330869e-17
8.935083364448922e-14
1.0771519535260254e-15
7.125214223578028e-16
1.712776721233366e-14
1.4869541101524866e-17
1.1364514703865281e-15
1.1149811001052329e-15
2.1208220341056909e-16
1.3134988011723241e-14
2.9985482635321534e-17
3.0727248674317985e-15
9.358753674769283e-17
7.130440394260317e-17
2.5758038895831683e-14
2.515724718752275e-16
9.015352035651133e-17
8.978507036318955e-16
3.6420040631784803e-13
3.368541380089643e-13
7.865128184619283e-15
6.790315064891233e-17
4.55185661335209e-17
2.567498004388911e-12
1.273563391949179e-15
1.4073146473406604e-16
1.1298140943806409e-16
1.6038084287960537e-15
4.938633904010842e-18
1.3123600254581689e-16
2.054119074981534e-16
9.625802989451118e-16
6.152415190140599e-15
9.941190421905333e-16
1.6217358818275684e-15
4.2406103197298234e-14
9.826936556824259e-14
4.0032878785138476e-15
8.521082074132977e-16
1.0332251669397275e-16
1.6309117204801193e-15
3.1315034020198416e-17
2.234566253592357e-14
2.530785038388682e-15
8.05403593368398e-17
1.0867348606288113e-22
2.7631239123303372e-15
5.91326689645192e-15
4.5205452265468585e-13
1.7537501685556623e-16
5.0140862372888335e-15
2.1692366800529254e-15
7.124659706303856e-15
2.2483736873416396e-14
1.3743022146401543e-15
2.297965654716459e-13
1.5067044787427842e-16
2.0180424121154813e-13
2.142114934443363e-22
9.333368777451027e-16
1.1158090051127376e-15
1.0021849935361298e-14
1.4732044833614985e-16
6.072694879391299e-17
8.337927402030877e-16
2.807804259703268e-17
2.2258719556763246e-12
2.3844342766636552e-17
3.209539231154026e-14
4.522356753366054e-16
1.0034990750026323e-14
3.0131773969752425e-16
9.842784670721509e-17
1.2423888740110706e-13
1.0389131448212988e-16
1.2039626019208906e-15
1.0209362807832902e-14
3.23238460481264e-16
6.41680823042821e-17
2.6347547163593016e-15
1.837182290977678e-17
7.854769016303006e-15
1.1932431917330522e-16
3.7486813957687405e-16
9.751015413380914e-16
4.046407848075721e-12
2.1737784740339983e-15
9.12510501317189e-16
1.549783553400026e-15
8.288205626341203e-15
1.4892849260811419e-16
4.227421138635424e-17
4.0304680029909684e-17
1.6176702876666262e-15
4.3599871954633876e-17
2.3723319242165504e-15
8.009622786248565e-15
1.4376198258463349e-15
1.3421174120305335e-14
5.4948462968102756e-17
1.2337956712339484e-17
9.53701683111561e-16
1.305427732090154e-15
9.776420019977589e-17
2.607515138455434e-14
2.219306710479846e-15
3.461757301009899e-15
9.6212186364455e-15
2.9514029005152874e-16
3.6075085707236145e-17
2.2420303011204368e-17
8.353680259484623e-16
2.455269005108951e-13
1.0408150114603215e-15
5.446533849411939e-16
2.930125054211886e-16
1.6464966794172795e-16
1.5409801350371515e-16
2.1835646082438713e-14
3.2312935210211454e-21
3.373681811281929e-11
6.459195520669687e-16
1.8808434462590407e-15
8.069664888521083e-16
1.2202271103821178e-15
5.182657641689857e-17
5.659335131508592e-16
2.0564986587946187e-16
1.3775209383685871e-15
3.8251654815772846e-15
8.722689882049738e-16
1.1672712331928057e-16
5.877728736149157e-17
2.739433709633147e-15
3.784534983869076e-14
1.302116040719115e-14
5.389255220304721e-17
3.066022176476787e-14
6.846360438070313e-16
1.452313752289156e-16
5.949341394294705e-13
2.571364922311399e-17
1.8089353069025854e-14
4.889219673423705e-15
9.379279315914401e-14
1.216423747956807e-14
5.484953498943839e-14
1.6799192560743127e-16
1.3958878874615902e-16
1.7427009925008286e-15
2.7380721106043125e-14
6.891910712665401e-16
2.5337403723708866e-16
5.738227471245328e-15
4.26835506490286e-17
3.192960120705921e-15
1.0928480609645054e-16
9.40784127780408e-14
4.2832466189399466e-16
7.551301076768419e-14
1.3730822316996327e-14
2.279958493120933e-16
4.0798010808033503e-17
3.846901246189361e-15
4.6701420853088915e-14
1.523480370404535e-11
1.1294978314348536e-16
1.512590874156196e-14
1.067501894445775e-16
5.377023541299491e-14
5.281930854453522e-15
3.147374808271759e-14
1.3438636649871033e-15
4.6621892737624865e-15
6.020179500121035e-17
5.3918852818712485e-15
4.289225411868233e-14
9.764017257296568e-10
1.0714384245714909e-16
4.933085979557718e-15
5.824482902992966e-11
1.6260121489306815e-16
1.4305025361252147e-16
3.318675612843158e-17
1.5089285701909378e-15
3.127230227734596e-17
4.1035007760304293e-17
1.0724407654043351e-14
4.3559895907409215e-17
7.868530887833469e-17
1.0219053045692689e-15
1.6386482380097341e-16
3.85634056192211e-15
3.717214360888578e-12
3.033099938467414e-14
2.026132275044978e-12
3.530402091484521e-17
1.5435272969928998e-16
2.7869252511866825e-13
3.3208802260490304e-15
1.0525012255360693e-15
1.5170303119106226e-14
2.777005313734871e-17
1.2572022588503879e-15
3.417980000759201e-11
9.614120699055014e-11
3.773652443728646e-15
5.618690240609278e-15
2.0404617282311097e-15
1.169435318960849e-16
7.772046464937355e-15
7.163157952217663e-13
2.702003061797778e-16
2.5039456198095863e-15
4.0654148892649523e-13
1.7775075621663016e-15
8.588720812414044e-14
2.1092216809241468e-14
1.83020552036216e-15
1.0437796529359149e-13
1.197179255668386e-12
3.957499811260877e-15
9.351393826596328e-17
3.418440372166397e-15
1.3989748909928894e-14
1.93221401740972e-16
2.294312830583491e-13
1.3345001329498634e-16
1.4114947385888256e-16
1.3502094899881182e-15
7.496853477646117e-16
4.9136821785296384e-15
5.5117638215962537e-17
2.001933116984999e-14
1.276570594652725e-16
7.679781397590742e-12
6.574676804535918e-15
2.4546982131139603e-15
1.4471082261966431e-15
9.487357368287632e-15
2.506137211635524e-22
5.516368061167168e-14
4.845891747307394e-16
1.3427876785501253e-17
1.1444896238493683e-14
8.361574648318757e-15
5.028577641301172e-15
5.1789600378059275e-17
2.2846083024071236e-15
3.5125084684208294e-14
1.1508413771971096e-14
4.340650120272028e-16
3.0576138987430903e-15
2.450553360986649e-15
1.5500451978971175e-14
4.973365108703265e-15
8.465110596210458e-15
2.6313112930989e-14
9.14846580736583e-13
3.5583213454435075e-16
2.1148109345265016e-15
2.7512683149809626e-15
4.324938989504067e-15
1.0051159281067737e-14
1.5701670111263596e-15
6.390330354950198e-15
1.0652068761424031e-16
6.625301192554469e-17
8.272093539447599e-13
1.551554208154535e-14
1.676172708485933e-16
1.8887531644882374e-16
3.1936901644461143e-15
6.884297165702342e-15
9.96126088541054e-15
4.494450860502245e-13
4.426644139878064e-15
3.0179109640230013e-15
7.858196775336963e-18
2.7052035662562913e-17
4.634722055342497e-17
2.7411111656310415e-16
9.983512534718497e-16
3.349862708654414e-17
7.903561985012292e-11
2.2341898193100695e-15
4.839003771293163e-15
3.0992435777281776e-15
5.366285760167018e-16
6.217373715668333e-15
2.0620156775649925e-16
8.838027147148324e-16
5.092170020992232e-15
8.435242821351571e-15
1.1719147278724637e-13
3.401856049622147e-17
1.9723170918765435e-16
3.4112173893039024e-17
1.0747542277303115e-16
7.972607770526783e-15
6.525274590505675e-17
4.898947905453288e-15
6.90760130365895e-14
5.366300737904689e-16
4.295808677546064e-15
4.558825960503097e-9
1.6944749914291166e-13
3.3261933118259735e-15
2.3753418400731738e-14
1.0010531506026375e-16
2.698615896037078e-15
6.863909347731308e-15
1.133106142843549e-16
9.034668220529216e-15
2.220644852184683e-17
5.433566984818075e-12
6.087293453627973e-15
1.8628761165072626e-15
8.479109798381204e-16
1.1655024148684592e-16
1.94699375183344e-15
1.552130653737045e-15
1.439172039936128e-15
4.38468444307127e-15
1.5983192785602518e-15
3.309507732381573e-17
1.1382745761349712e-16
2.1709244026732467e-17
6.751025735821077e-14
1.2826699058022114e-14
8.929156851090457e-15
8.238895101771404e-15
4.156706130504196e-16
9.238378863070538e-16
3.3735523114825747e-15
3.9361384429427665e-17
2.8643421159151587e-15
3.4784166069072022e-15
7.002284075597634e-16
1.503949787138987e-15
3.0001354947498804e-16
2.850361911006904e-15
1.1944679761347216e-15
4.361149567356096e-16
1.0411395637941544e-14
2.5011172438436957e-14
3.8673544647295495e-16
1.5605769737720533e-16
9.116661760855349e-17
2.7359418558343094e-16
7.302383524679607e-16
1.0757008886674994e-14
1.6084644077444096e-16
1.4577424841744796e-15
6.330273500193871e-16
2.1219716856700483e-15
9.689110867865571e-17
3.07538662215248e-17
5.1568139272368146e-23
1.6771214638053163e-17
3.1202831627835405e-16
1.2293444869154217e-16
2.847918234428023e-17
4.280363898645952e-15
2.1118011206618732e-13
6.3394943759119106e-15
7.575307561628558e-17
1.7452462333871943e-16
7.324538091047903e-14
8.638141627834784e-16
2.1052698119285762e-14
5.354930840276955e-15
1.2397972433572332e-14
3.134462873785932e-15
1.3369260960751133e-14
6.8475718627524815e-15
7.244791283759155e-17
8.845537846364945e-15
7.944939713951724e-17
2.1652392734528028e-13
4.747235524956131e-17
8.564363294292806e-15
3.137171884690933e-15
1.3575925924068718e-16
5.593134870546616e-16
8.287368218089874e-17
6.029295136026506e-13
2.2637991769241268e-17
2.5648019579372916e-12
4.206430807706554e-10
1.1402073234550849e-16
2.4235667348138365e-12
7.107400539321592e-17
3.3221718785003977e-15
1.1333441819564877e-20
4.454877715783697e-13
4.700153559697803e-15
1.2106206154080432e-16
2.771086472093035e-16
1.0783962661372668e-16
8.365264657892369e-14
5.540454451648229e-15
2.3305811563988566e-12
1.061271951837296e-16
