2.843375280965187e-28
1.2269298039419054e-25
3.4132913165570356e-28
3.4923417394592086e-28
1.295401722904111e-28
9.046823971432102e-28
1.828168473589017e-21
5.860053643796157e-29
1.207645034719066e-28
1.4277096740999232e-27
1.8985238677694045e-27
1.529554886303e-28
1.8557520632697068e-30
1.1334548246109575e-26
2.313052248911369e-21
2.2802193028599482e-26
6.598657955669645e-14
3.6246711289242513e-28
1.2202827155680384e-24
8.07135131939092e-25
6.044770339961943e-30
1.9264032506944232e-21
6.88699955270605e-27
8.101412832375165e-13
2.0079344362631672e-27
6.060657535780901e-28
1.215467256065084e-27
5.244707129547454e-28
2.3470374453715643e-26
1.9037308026282257e-26
3.151577601954645e-29
1.3814980484857169e-21
1.2687552044939232e-30
3.18922648906133e-22
1.622681349000145e-12
2.4014710364149045e-16
8.48267142318711e-27
2.9463705566127956e-27
1.095977033000676e-27
9.468995467072778e-27
3.811466364802537e-12
1.2609196373191702e-27
1.0341405383844888e-55
4.953206777041675e-20
1.979227859724957e-20
2.9739304480347336e-28
3.3259785730931024e-25
1.9073747129694155e-29
2.520842961778598e-27
2.176104640543e-25
5.304830227896744e-29
5.593991033095851e-29
1.3158058498064432e-22
1.5109547940146408e-27
1.6982552321822138e-29
2.5279728242242143e-16
3.341908002989063e-28
5.328399459495235e-29
2.642415031743413e-28
3.1508037553997295e-11
5.057022176560647e-28
1.0662368870831862e-21
5.57146706933939e-27
4.103235570734516e-16
1.0128779401356412e-23
6.801823134869714e-32
6.933935809209744e-29
2.2842288567258337e-28
4.19063118470451e-28
2.5190606173557814e-28
1.383874529966737e-28
1.925756993773958e-26
1.0565240125929145e-28
3.707204729790355e-27
6.776796071123002e-29
6.252981865439983e-30
8.795712337773755e-28
2.6798386804723345e-24
2.788388709282938e-28
1.4895591583108805e-28
1.0274619755609361e-26
1.7084486305872505e-19
5.548479846383869e-26
7.852361805597553e-26
1.0101287514678425e-21
1.0494964555244446e-28
1.6997193136768357e-22
1.5029370832507068e-27
6.7563650915939045e-28
1.7299844231672076e-28
7.538689349338397e-23
3.1359571218127384e-29
4.957756612603146e-27
1.237622026611656e-25
2.5795581166553587e-25
3.723993007150245e-28
2.277382549326875e-24
1.5973627022373146e-26
5.703894872772215e-28
4.679566171317006e-27
4.828004840235821e-29
2.953389494556045e-27
4.448355951146747e-31
1.034950631300942e-28
1.354395391620584e-27
6.005134625175307e-24
1.2609961261788646e-28
1.6408914266958269e-28
1.1088649461548414e-14
2.791922535607673e-28
1.936263505636283e-28
2.9512388151154044e-28
9.225844861104417e-29
2.462240002899607e-26
7.218241784920732e-28
1.0426322128978262e-27
2.198118082764052e-26
3.792609017184492e-28
1.0719972589702918e-27
2.7609403367444997e-24
4.420601914196564e-26
7.090948674818918e-16
1.186755846967545e-28
2.8947959176929636e-27
2.0065861430202637e-26
2.3560421555272197e-27
1.0015625927217028e-27
5.64715585701216e-28
9.936716048276117e-29
1.4357464185181652e-26
4.363270060001414e-29
8.836486662692925e-16
6.589664791679457e-28
2.459737241286517e-28
9.964505917368535e-21
8.381071917242245e-25
3.5346378454193956e-29
3.8354792095781254e-28
3.1520070636929893e-27
1.8122916457848727e-28
5.0370735583266805e-28
2.7341541732820903e-25
1.1558341093960788e-27
1.45118181949721e-19
9.399860963121282e-28
3.4709617898603577e-26
5.7621191665519e-29
2.9295562718207584e-26
1.832908257265393e-21
9.267484174472965e-29
8.806553167327401e-28
1.6071166698067674e-27
2.642617610377157e-19
7.561256036988568e-22
9.567665042711989e-26
4.447997035278297e-18
2.4223808505200322e-27
4.036093486127477e-21
1.4805138474823055e-27
1.0982550126062391e-18
1.2532034499209465e-19
7.702002549830861e-20
2.8564735063286305e-28
9.404030604631464e-26
1.1421954565367298e-28
4.383410644962276e-27
4.450404458121753e-26
3.875691195895113e-28
2.707631439278434e-28
3.698268952263531e-27
1.192275608078216e-28
5.402608789644748e-27
5.274730540434298e-29
4.3047228036206936e-17
6.2891613949666735e-28
4.232139352810827e-26
4.7895703780838536e-29
9.976229920626852e-28
6.73613221806743e-27
5.010301577035537e-27
2.854990519646555e-15
2.0574252446187468e-25
2.3027240117920054e-26
6.88257400113625e-29
2.0920651410296122e-27
8.889022039991329e-21
4.505887614182037e-27
1.3545089557916244e-28
3.5073273650307355e-29
8.9501671366856e-28
5.0220236662576674e-27
4.988661623583919e-28
9.60315360100275e-22
9.46666060194445e-27
9.573545060725496e-26
1.0454311180259434e-11
3.6295758997859827e-28
1.0270831381641858e-28
1.35230639423981e-28
2.0816997247509932e-27
9.031674653644879e-28
5.430859674654446e-25
4.445721989444956e-28
7.058331750187056e-26
7.208385618641924e-28
9.394276025823199e-28
9.144630180546016e-29
8.36472912688342e-27
5.543771874553822e-29
1.2141395283117232e-26
1.2094772143667917e-20
4.077788141332517e-29
3.7729694409033466e-22
5.881926771066308e-28
2.432547980591318e-27
8.789078617218027e-27
2.320376967209912e-28
3.3553540959895734e-23
1.2766356681524923e-25
5.5581414977566e-21
2.9077811099454174e-29
9.334243184486089e-24
3.874041418825857e-19
4.846231318002399e-28
8.30492133859805e-24
3.0611923976369743e-27
1.7564391611688817e-25
1.0417628129865036e-28
3.6856556059878977e-20
1.196773226269506e-27
3.553260446145754e-25
3.960004310477781e-28
8.971853627061277e-29
7.316241788639527e-29
9.047205283183787e-14
5.561127711199075e-29
1.5748698660281152e-24
2.6047975524619172e-28
7.246536690319252e-31
4.18726798223685e-28
7.740413782516948e-27
1.23628202019339e-28
1.1589677088644865e-14
3.364700001723085e-26
9.778896019461099e-28
5.43904088248082e-29
5.2900129763087045e-21
3.990092519205615e-27
2.421641509967917e-28
3.0188309213930365e-20
3.600756648313332e-25
2.5366785376448228e-27
6.13479032953355e-29
4.317111198504781e-29
1.0707127073554358e-27
2.7421101983703627e-28
1.089983872859511e-28
4.249024058448735e-29
1.9113034038548876e-26
5.156620000762521e-26
7.010626699554074e-27
9.257001127497512e-27
2.7793536808087245e-27
9.051427329631807e-31
1.1874160889418109e-27
2.3181923213573354e-31
1.1103825954700365e-20
5.774218023639405e-28
4.711176932661401e-28
2.940556073233695e-28
1.882167528884298e-17
6.457595668171442e-30
1.436834508976992e-28
1.2654028373304583e-24
2.2384937511715255e-27
4.3127271153770877e-29
1.637410267586647e-28
2.748636322219684e-25
1.7719654861240608e-26
8.333512200325494e-29
7.573740482952782e-29
8.134448739836944e-28
4.642771926580208e-25
1.322815622874177e-26
9.045976457620335e-26
6.160373739649607e-28
1.0076390564042713e-28
3.804030700002069e-17
6.951172429518079e-20
3.1946645751644714e-21
6.645873294572843e-29
5.2397459074066175e-27
5.1730530902858293e-20
4.710343503660375e-29
1.4139633498140925e-28
2.9789651618257424e-29
9.779082211942164e-29
4.32218157182467e-19
1.2564928586392124e-18
6.774951128747612e-25
3.161994804134932e-28
6.016132525698852e-27
9.818907914811487e-21
4.3195030126780826e-29
1.2346930273574306e-28
2.6612683539560035e-27
1.455140348000102e-26
2.0182730224761536e-28
7.836456922772562e-29
3.139266444834614e-28
1.909538619680741e-21
9.640617294240091e-14
1.3939914388571225e-28
4.096066789080986e-27
1.7203649486612424e-27
4.383811558252887e-24
4.42027115024882e-21
1.3474967853551082e-26
8.524380586834034e-29
2.1339264595766092e-29
3.0667030681143745e-27
1.069078616712825e-26
1.5178096900285622e-29
1.510334447582881e-26
1.86637070750954e-24
5.885134864819749e-29
1.40101498754412e-26
5.380667357862179e-29
6.23920496402905e-21
1.0603565421175648e-20
4.7056274001311745e-17
4.222275286005506e-24
3.818346195208811e-22
6.807570275062816e-27
3.082997612658539e-26
2.8289677398226056e-29
1.2542831255842389e-20
4.723838371735279e-21
1.0504982273771862e-21
1.9402829010322544e-28
2.6721107574703982e-28
2.3255996651045717e-25
9.56626721568537e-28
2.601050325616487e-26
8.47378171794656e-26
8.307757258071715e-26
4.183626685937069e-25
5.219069707476095e-28
1.3124845116406915e-24
1.7297368096605116e-25
9.601791328401461e-27
3.723801848583119e-17
6.576267083345062e-26
4.388586019212323e-59
1.2348593982014623e-28
2.042110443544082e-26
1.0051643955676677e-18
7.341209568207078e-12
9.726612245208084e-29
3.2507392071781037e-28
3.18328322160985e-28
1.8614817785103286e-25
6.991519738898398e-27
1.7658126818450587e-28
9.954357931308127e-22
3.8138199516711423e-28
1.1604155458131619e-24
1.1440154467977502e-21
5.238919296428694e-29
4.222591302397189e-21
1.0063097211741292e-26
1.4294700511461023e-28
7.124551750029013e-27
3.7272621999188176e-28
1.6891906589432244e-28
5.096780447494491e-29
3.683492363416959e-29
3.49529915045556e-28
2.440944858262125e-28
2.132549961201778e-27
4.3215255649541107e-20
3.538857240329733e-26
4.012541109262481e-18
3.1073981449703217e-30
7.397961231545581e-28
2.035004590004837e-21
5.9188227271216114e-30
5.639385286915599e-25
6.354310990323177e-26
1.1079202925039422e-27
2.9565359179687135e-24
2.3366940229503755e-27
1.1848488946843842e-22
1.602591810060986e-28
1.767189991230508e-21
3.978989511713944e-31
7.367872260270386e-22
3.1071452864394757e-26
1.549582977836137e-32
2.1758818326604e-28
2.0954572104358134e-28
5.018713534694739e-21
3.8989958025409044e-25
1.0935275398987402e-28
7.091101871194063e-20
8.805739859289702e-29
3.539300087396596e-29
9.330615788771343e-28
2.2018172704782868e-17
8.144500845192276e-29
1.4419637090759936e-27
3.853068286350257e-14
3.13378483012969e-28
2.0637023035934184e-27
1.9050975779255846e-26
1.2190928073164013e-28
4.0053812332509107e-29
1.3231470676945116e-26
3.425834930370803e-28
1.0131630373163757e-26
3.5246526981032816e-29
4.321700714413857e-28
1.2209046013686987e-20
6.364800300422555e-29
5.351412553859505e-28
7.064308196599166e-27
9.567892472443114e-29
1.703526097848081e-28
2.4543286834408934e-28
4.329257660910122e-27
3.501900997978547e-21
4.3933325642847936e-28
4.526869613778464e-29
1.1991663749121202e-25
1.117417684453003e-28
4.0446462913454156e-27
6.546110443194674e-28
4.085657185659279e-28
5.084207721525898e-26
1.4602898609784842e-11
7.200264837513464e-26
3.371247079952478e-28
6.634464925931509e-28
1.5625123718664633e-26
9.797438708366321e-21
1.555164098536614e-28
6.080202544027837e-28
5.707765553908407e-25
9.284602802364854e-26
2.3509671168836944e-29
1.820496686806831e-16
5.918953725719533e-29
4.098330492866424e-24
3.427414195188765e-26
1.049329755176004e-26
2.7187790858307e-16
5.651974624189557e-20
5.806571453341327e-21
1.5564233764424232e-28
4.407715022924454e-20
1.7782682531237653e-18
7.215420686215433e-27
3.7552458931162613e-22
1.3485991253463284e-18
1.5369384530863913e-29
5.444984235987594e-27
1.6022684468941533e-27
3.481425577580207e-28
2.725463100357305e-29
2.3144895347199427e-22
3.308826602685092e-28
6.190084871014383e-22
1.0364828881475858e-27
2.769554725169685e-28
6.292300381239123e-29
5.687673859095394e-28
2.2201917190296555e-27
5.5851870477503176e-31
9.55263512741629e-20
1.7108787238575904e-28
2.306605763205254e-28
4.1507646190649055e-26
1.4966952022275974e-24
1.0451721730228436e-31
5.7767825972841465e-18
1.1310199534658335e-25
1.0835720325989533e-27
3.6895731299359993e-28
2.477586582312092e-27
4.392788369729376e-23
7.836003665027857e-26
6.624483683752142e-29
7.968046890174673e-28
2.3887345296647555e-30
1.0942513446092831e-26
1.0317725947217508e-26
1.8230291405905742e-26
5.015486454261783e-15
3.92389543593828e-25
6.227343316430222e-28
4.489954860512975e-28
1.9476629941882458e-19
2.350337733502684e-28
1.6656436157775016e-28
3.569387486200935e-22
1.9760761293329104e-28
9.60381298741476e-27
6.166275847644018e-26
6.667148811579811e-26
3.539554934114582e-24
6.496294176465143e-21
1.323189111878628e-56
1.9288266317736334e-28
4.431310889928599e-19
7.858860810787542e-25
1.1764125222909115e-28
5.9700109976465635e-27
8.662488432297171e-29
2.6889957674510946e-25
2.7540817236213447e-53
1.2707497818413832e-24
4.6197215860360733e-29
1.1988455396501258e-26
4.116223041340478e-29
3.0102920277784743e-29
2.7328016356227847e-28
4.818742699916268e-24
1.2304240684510285e-25
3.911913893037584e-21
4.6639904030413504e-29
9.025500006105682e-29
2.506577822223783e-30
3.355221332109968e-28
1.0434174716603419e-21
2.5927299243117084e-31
3.0587989997805225e-28
1.5391962527213836e-27
1.1069790573535213e-28
1.0428333499528501e-27
3.102378125614126e-31
1.2298105589934163e-25
1.5737239024307416e-28
3.7652869759576024e-30
8.348738447349668e-21
4.6168978738371356e-27
1.867708114797593e-27
2.6920471980834718e-28
2.5995728568290387e-27
5.805641025005687e-29
9.118580871103002e-29
3.972528798385499e-22
3.4033698134100166e-28
1.0956215587509768e-14
3.8990213718685065e-13
7.222456970922896e-17
3.9028573995057922e-28
1.396068483648043e-28
8.471826939531731e-28
1.1076520786722061e-28
1.1315213704796556e-23
1.4705778049377473e-24
6.947617128586041e-29
7.87098941586839e-29
5.42023887160074e-25
2.6511068749663222e-30
1.8568645486752987e-28
9.255582022709322e-29
4.498967107412114e-27
4.817255759058942e-25
2.281619317612704e-28
3.240235978988438e-30
4.561747093044036e-28
4.549699124911452e-27
5.546442766148544e-21
3.7598998884906135e-29
1.9981877378915192e-19
1.5643350957851982e-25
1.7493910953152583e-31
1.9340595964668897e-28
3.2257631816615987e-29
2.4253391193673197e-16
1.0018181022812368e-25
1.2351009563637429e-27
6.092404385229758e-20
2.8154347419484244e-21
4.270007777309546e-16
5.258592163525034e-26
3.7082609093363384e-29
2.0672097060323585e-25
2.668040033903942e-27
1.438538158063023e-27
2.48033674663011e-27
2.5994218907395373e-28
3.55517373737085e-24
3.8003626633131625e-28
2.3607217226991488e-26
1.4985519426975322e-27
4.921424706762861e-27
1.4068883800065378e-13
1.411205935551113e-14
1.517292167669926e-19
6.928899128016908e-28
5.275296417225657e-29
4.1145284677421e-30
6.237502162113456e-28
3.0528016681892996e-31
1.716580878094747e-28
1.176916451441951e-28
7.1922408009519095e-28
3.5421063160071417e-20
1.096711385204478e-28
1.286636505349276e-27
2.6265996053345587e-28
2.2272142601604657e-27
3.0391563644345572e-24
3.7191618195754033e-28
1.0765615057007879e-20
3.3961053034772416e-28
1.5641804962632672e-22
4.19083024131257e-24
2.295856211271053e-27
3.793116468243173e-27
1.5299848097594279e-28
7.997310952377519e-26
2.7934586729949557e-27
1.9649865602890206e-28
3.482994697427375e-28
5.012032046270934e-29
4.899269011851148e-27
7.965678274582535e-26
1.4267789938893312e-20
1.6094170323264673e-28
4.740923269279285e-29
5.10746327306558e-22
5.061431760398496e-27
3.331294782028086e-21
2.161236624763093e-27
5.610005676719378e-28
4.865512078891461e-22
7.743144166295541e-28
2.387483091167385e-25
1.3092074145332163e-26
3.783217556448972e-28
1.4500617387810225e-28
1.2795382061434601e-28
2.537583104913089e-28
2.532539496302559e-25
1.2850225694089017e-27
2.4819413432775e-28
3.4995178607926362e-25
2.9495785405103927e-23
6.641995935920854e-28
6.24565908528496e-22
5.598064306733276e-28
1.3200549308092865e-19
4.936993284967795e-22
1.883040551040596e-27
1.0029167443434778e-26
1.5418725505243052e-26
3.14317603040402e-27
5.494127675480531e-30
6.372717524324078e-21
8.195594913966336e-28
5.977252539978759e-29
4.7516715684030826e-27
8.088078534474591e-29
6.226335370239706e-28
4.048139028285286e-28
9.409141676823204e-26
7.195295220561669e-28
1.7092860651134305e-26
2.5769412585471352e-23
3.112513070001359e-27
1.3351005407224228e-27
6.329954010327281e-29
1.8661292078727098e-27
1.976507686465437e-21
3.458610148369267e-21
2.613424614084834e-28
9.546852190439864e-29
2.4849083616282803e-16
3.3854960504387732e-21
3.997020637204835e-20
2.851476102141492e-21
1.0900741830804027e-20
1.2120281676252475e-27
2.1913211888445735e-28
1.5445525317112495e-26
3.916538915503783e-27
7.504986844981079e-26
8.090163561546935e-22
1.660268644365542e-24
1.6311853781924742e-21
5.449617433118389e-27
3.3059448692949033e-24
1.902680792870835e-27
8.920152710569048e-20
2.578638664749752e-28
2.9981455908958175e-28
1.631853347308903e-31
6.090818590439325e-26
1.7318315796152194e-25
1.734120491195601e-28
5.603161946038987e-29
2.981777078205703e-27
2.5855843889835655e-27
2.5596780828776147e-20
4.1113802105066417e-29
3.661686974291203e-26
5.82181037271874e-29
1.0679418101076973e-27
8.36792321488788e-30
6.994857886734319e-29
5.605038380585374e-21
2.5196630391789744e-28
8.902038287819251e-22
6.920136250883643e-28
9.206075197226261e-25
2.0121499545724062e-21
3.674989204233316e-28
1.5925748261209248e-28
1.248910261339656e-25
2.3956565966363496e-29
8.47515773145465e-29
1.3568254835008257e-26
6.419475414999534e-22
6.633332886789254e-22
3.849786612522793e-27
7.774664026266344e-20
4.568007514373619e-26
1.7401426091183865e-20
3.090795001406894e-28
7.72490340628385e-28
5.275253873922537e-27
1.592157925701185e-28
7.629487020979713e-19
1.4605213935314171e-21
1.1805779173221984e-19
1.4763826953742596e-27
8.370968687996283e-32
5.747247424908464e-27
4.1855918077442236e-13
1.7503374478550577e-21
3.062127374341139e-31
1.3107894812435916e-20
1.2944575120692392e-29
3.4720777584540114e-20
9.807508214752566e-26
7.611521924928836e-29
9.917765793465551e-27
1.2084491272348348e-28
1.7332553153352837e-25
4.4323679804123084e-29
2.1432409502498738e-24
7.04096706375506e-14
2.053439525137771e-27
5.705223437685597e-28
8.545603351244182e-29
2.0935129439162305e-29
2.4075479891267813e-21
1.304795216169786e-27
2.1277107788192996e-21
1.2907332341354843e-28
7.918160457171349e-26
2.5596033762792626e-29
3.637566539193815e-21
1.1941885691450303e-28
1.0165153277542775e-19
1.5516028236070993e-21
2.6397185372780406e-27
2.967497545953565e-29
3.6323147512051644e-21
8.250296345379398e-27
1.7374413323429405e-28
1.149440267245426e-29
7.907558935924599e-29
5.910564909786186e-18
7.105848256149562e-29
4.7405216887401785e-27
1.9953179615247392e-26
1.0767737057829673e-28
1.8443653176093826e-25
2.1131376051212012e-27
1.4208801317239573e-28
1.917316019928929e-27
1.5030777132074595e-20
1.1047371894775247e-20
1.051478112997373e-28
6.765845630743963e-27
1.6135668764837707e-26
8.922606402031517e-29
3.24199104350391e-26
2.836416904296585e-26
1.6787019775509165e-27
3.605525863236332e-28
6.144614833436173e-27
4.8245789193533185e-28
6.478987029927336e-28
5.13718089718154e-28
1.5776289677644912e-27
3.49929771347836e-21
1.6553058081301927e-23
1.7612003797538878e-26
2.758210281023586e-29
1.9082621822526037e-27
1.0496018044010734e-27
2.7219961131876407e-27
6.776008310696211e-19
2.0661026702319447e-28
3.0114372072351217e-28
1.9969458830770623e-22
6.523615133073987e-19
4.9092419313316805e-27
9.788848783577187e-27
4.314531755992057e-27
5.947925292515861e-28
2.1588981213225872e-28
5.151078488082965e-21
9.6502149292873e-20
1.0460717862408925e-27
1.2260365782020758e-26
9.066793238197698e-17
3.6612676722900736e-30
8.532994970066818e-27
4.978072273978732e-29
6.634009232949634e-20
5.553273066622805e-28
9.341192427823086e-29
3.8285434422643754e-26
5.141716018739957e-24
4.213300278902448e-26
1.999836059703942e-28
2.123517712137515e-27
5.730194167190801e-28
5.636623090193032e-26
3.051342914042819e-23
3.5523912490411007e-28
1.3319062896441995e-28
3.637891015540466e-26
5.814942069956284e-19
4.706422184616262e-28
5.146081583288955e-32
4.6311190689009585e-28
1.6467292131048766e-20
4.947675947092775e-29
2.787982833234372e-21
2.2737606933169996e-28
8.906480614213147e-22
3.779934798253947e-25
1.4150630839444967e-27
9.262053548595233e-12
5.27329268966175e-27
3.724069304860842e-28
2.4983312404345076e-15
2.4589974780287237e-22
1.2960026927426594e-14
3.0470766845013994e-27
2.0562067386467985e-27
1.0121323852812779e-27
6.014396146245869e-29
8.103283765559041e-23
8.748618172847969e-29
3.980915139894053e-27
9.008499532283068e-32
2.807928723059146e-20
1.1515291935967992e-21
1.5860419592703895e-28
5.3629835190537025e-28
4.978206393412261e-20
2.7972511315511914e-25
1.0354779566284904e-26
4.2568997945809095e-29
4.569195529323131e-21
4.0829608510952404e-26
1.3315531076289536e-27
1.0698701225502963e-28
3.1085557420852726e-28
6.153377133667449e-20
8.194549920245747e-28
2.541400136603822e-25
3.1392034404154307e-15
3.031787953899546e-15
7.220950991821114e-28
3.844769149411543e-28
2.9508988283283394e-27
1.8045996201924908e-28
2.1523762064365517e-21
2.0774430875117826e-28
1.6522733369058915e-26
2.236859568017405e-27
2.907599333241544e-28
7.456950065177648e-28
6.299355727674457e-27
9.154711552624159e-27
1.1262253237687e-28
1.2107959348479304e-27
8.087967309432894e-29
3.130427721525444e-27
4.434251814456353e-30
2.5288730575642073e-24
4.0832784274646766e-21
9.6737036318526e-25
3.0459238752063357e-28
1.2679795806042008e-13
2.6763442618973353e-27
4.265757130969142e-28
1.1806959858198632e-28
3.9923887679596978e-28
2.181026674009529e-28
3.5349840289252595e-25
5.337926518176994e-29
9.13631923308155e-28
9.106851137696551e-29
3.929936363149703e-27
4.987547869828163e-29
1.5210562064891172e-28
3.802317553965153e-21
9.919574461355758e-24
2.843460559377882e-21
9.527050222115439e-29
1.1861843038744626e-27
9.623214441469907e-22
2.641446592395631e-29
4.459195079767546e-28
1.4216024104340916e-26
1.020687116250316e-28
2.3864949349869603e-29
4.577966339555602e-28
1.1147660851438157e-19
2.9666926239456738e-28
1.0649336136328135e-14
2.0819820823214242e-28
4.41449447373037e-22
4.399992892113472e-20
1.0604732865293008e-28
8.041707873951616e-20
9.789456119215122e-24
1.5130095786331978e-20
3.3300370247843655e-20
2.0100556043894615e-20
2.273837348398092e-25
2.4973612344268124e-19
1.6674817808999168e-27
7.626993599907977e-26
2.4598066758269655e-29
3.8330313306646366e-25
3.592464767309496e-24
1.768054065829338e-31
5.567042589214002e-28
1.1451419237099484e-27
3.377787019474109e-29
1.9381842329315013e-21
1.1387041943646327e-28
4.800945156853604e-27
7.767884498092905e-29
2.183286815770594e-16
7.922197223086492e-29
3.469337071746333e-28
3.7409667963529676e-28
3.335336877179357e-20
8.390979100676923e-19
4.480883185182511e-31
5.6296282497892235e-19
1.7784156884167013e-26
1.383578742034067e-29
2.39879501919895e-27
1.4375180285671424e-27
2.958510979234183e-56
3.4417017949337685e-13
7.180087602413573e-28
5.070532874226794e-26
8.638149733549015e-16
2.3656847452159072e-27
2.1854130043717613e-26
1.4135171914249198e-27
3.643758373162645e-26
5.508437925058235e-21
5.43420167724095e-27
9.690374058125179e-25
5.0619236001108305e-51
7.967356733409043e-28
5.729586718029345e-29
2.468569649936141e-27
1.435427018676433e-54
1.0443089382050414e-20
2.0881497746431016e-28
1.0553615948357207e-28
5.809777689313006e-25
4.239907424125092e-29
2.4292687353169345e-19
1.6798701484792098e-14
5.166844749335026e-27
1.27034172404552e-50
2.0629083214484502e-21
1.7191600741961688e-23
5.671424243502761e-29
3.3043064355337464e-21
8.526423114500764e-26
1.0775429355565328e-26
2.9156680452523117e-26
