1.3588402275208073e-8
3.4939077181928798e-9
1.8499788695347053e-10
4.392710479082437e-10
6.3657746414629765e-9
6.130025138312526e-7
5.411117623305352e-10
9.122457709346081e-9
3.446592980514656e-8
2.457792783595003e-9
1.0124817453509379e-10
3.584175476427595e-10
5.315712754812034e-10
3.841168548044189e-11
4.70924974002733e-9
4.4072040834166613e-7
5.126910345044391e-10
3.7565636169094407e-11
9.821004106363882e-11
5.384169226268875e-8
2.1494832655838483e-9
1.901423864236856e-10
6.877351863681698e-9
7.294434457665226e-11
1.2385697896065802e-10
2.357069657400161e-10
1.151035786268587e-9
7.811305883464395e-10
6.890431088939482e-10
7.295787402649677e-9
7.546506116691601e-8
1.9235261349896278e-10
2.058720601966907e-9
3.912263922510985e-8
1.7709692861547453e-9
6.45268144201447e-9
2.2153611213099444e-9
3.9048498425241273e-10
9.257759678602758e-10
3.96239111390579e-9
1.6663040965511378e-10
5.966026842176331e-8
3.9339434332773495e-9
9.795025039462996e-9
5.315635756605622e-9
1.8011668191077792e-11
4.478458659642376e-9
5.252762089909462e-9
8.757522629952837e-10
2.501195961907432e-8
1.8175134023723614e-10
1.4523117317315998e-9
2.8223365996553413e-6
1.0901040490102776e-9
1.0533252392619266e-9
1.4499735401793934e-7
5.90990009557724e-11
1.77063720040877e-10
2.716453173330165e-10
2.7872295808633175e-9
4.750119354809607e-10
1.7313352090332824e-9
1.7235896578047985e-9
5.362610116256115e-10
3.175451717497924e-10
5.64041665674947e-9
1.9927404865101053e-9
9.447921181035397e-10
5.713974982119763e-9
2.0558352800059264e-8
3.271790045931204e-11
3.4330168699434166e-11
8.482612567636214e-10
3.229957338954392e-8
4.2095696471105955e-9
2.706500454833643e-10
3.2659652867269874e-10
1.1811959079452824e-10
1.476245405570511e-7
1.0501849206699682e-7
2.554513328909206e-9
5.972764707875083e-11
3.3952443808603725e-10
8.607593873764205e-9
1.678880886084925e-8
1.3389205774550817e-9
2.7539530605779875e-10
1.082880911509476e-9
1.229710154002101e-9
2.4642951687649466e-9
4.82013830654243e-11
1.320090157968327e-10
3.776443237960883e-11
3.7266814039513216e-11
2.1525533799789469e-7
7.67226409485054e-8
1.2648360665122406e-10
4.549308504637968e-11
1.1383092976268126e-11
6.945894639147304e-10
3.3196763068895e-8
1.424417740613981e-8
8.430110498824411e-6
5.6683637438438256e-8
1.5770648626530815e-8
2.480165321758178e-10
2.875857334187906e-9
4.360024730830514e-11
1.7609419997980214e-10
5.910604852004588e-9
2.2962807393576325e-11
2.5339116441696424e-10
3.9491027436903947e-8
6.757344814244074e-9
4.661221899499818e-10
3.2650548554783414e-9
3.756834978950933e-10
6.182008326387877e-10
1.6841555968298429e-9
4.251208836579833e-8
6.459737515477763e-11
2.376267087596971e-10
8.369857250941926e-8
2.146834096861471e-10
3.776532386097457e-11
2.0998031048891874e-7
1.9937497292246963e-10
4.664156782351655e-8
1.2515040089245715e-9
3.800859369790077e-10
3.2973865060339646e-9
1.6490242906496234e-9
4.34319398985873e-9
4.3727070272797364e-8
3.7751578045854606e-9
3.090472028938616e-11
3.238617704190005e-7
1.5974065832190084e-10
1.916981206755458e-9
1.1939284349851434e-10
1.9049770339722623e-10
3.1517461073445834e-9
1.335701788297923e-10
8.696598008181938e-7
1.6504329702764568e-8
2.7541481653448764e-7
1.6295726525787256e-9
1.8236866101709256e-11
1.182776264596113e-10
3.894373831864747e-9
6.600526609379556e-11
2.992331374518493e-8
1.1901655610027463e-9
5.0443196043810334e-11
2.589442152871214e-10
5.715081752044283e-10
1.0226706842713071e-6
3.6121623442778364e-10
2.9541031145467424e-10
2.972102419643676e-11
1.4980131238815597e-10
6.806932194165281e-11
7.2840487972702336e-9
3.066036708302949e-10
7.323771585718897e-10
2.5094533865248495e-9
2.8452756352861613e-7
1.7360010817859105e-10
2.6704464127937608e-8
7.45948564056552e-9
1.4101560814490444e-8
1.34930750112785e-10
1.807968418112722e-8
1.3199223170890777e-9
9.601577264242834e-10
8.223596951327356e-11
3.776849128509137e-8
2.8129381325667124e-8
3.2917516650750412e-9
4.746480309358565e-10
2.3963548394487096e-10
2.9103974517257755e-10
3.115007553243042e-11
4.4719405437259375e-10
7.929311732890127e-10
1.6804424529869314e-9
8.6696665824024e-8
6.072958543878474e-10
8.221514184278284e-10
5.608276886555611e-10
9.24011228938442e-12
4.156401705897514e-10
1.5824247866784177e-8
2.4061764746107716e-11
2.1381836934653073e-11
2.295098805759344e-11
1.0235881035300832e-10
1.93144202616342e-9
2.2418462964399815e-9
5.215710410226779e-10
5.517329594193177e-11
7.686174678719674e-11
2.6099838724835508e-8
3.9255422065040626e-10
4.6253235912968354e-10
4.772299695572826e-9
1.616718017211336e-10
3.388486043161981e-11
1.7478153899023346e-9
1.3614728082351017e-11
3.149223324359211e-10
2.303118292807167e-11
2.1811629247755686e-9
4.5166018228088974e-10
9.839504134430961e-10
1.8180074234272553e-8
2.167405202433312e-9
4.09365056341368e-10
2.463361752568976e-9
8.053076666920919e-10
2.358773278243584e-10
1.6166629894600917e-8
1.2396788255378438e-7
2.566885474804858e-10
3.578106819911328e-8
4.7200197137872383e-11
5.404564310416072e-10
1.6835032603314294e-10
1.164285571353123e-10
5.113576205236094e-10
2.012264136426775e-10
3.831389960957152e-10
4.310724709575815e-9
2.089303071836589e-10
2.6668935652581773e-10
2.2049240467238354e-8
1.7525915662968506e-6
5.309922250320544e-9
4.085743487463146e-9
3.7854828636336675e-9
2.1660317962217702e-9
1.705918118142817e-10
3.6651322743006116e-8
2.385204345605977e-10
3.742838677889966e-10
3.7686111920879234e-10
6.41681442657352e-10
8.467221640182348e-11
1.695217106591264e-10
4.398383050589928e-10
3.0884710196182005e-10
8.621614534322756e-10
4.8125636987587865e-11
5.0796956326550253e-8
9.72795825453465e-10
2.0253093017110387e-10
2.303959370560597e-9
1.288767140107272e-9
3.4614081265247753e-9
1.5756730464848106e-10
2.1521857510009213e-10
1.6766801789138976e-7
8.919151871013925e-10
1.924506460397208e-11
1.899085889981348e-11
3.7497566330104767e-6
6.508152070329367e-10
7.992691770316345e-10
1.8422959868295866e-9
2.75706461780423e-7
5.061022374640264e-9
2.0786400588924733e-10
2.716531384354812e-10
1.5745730842507857e-10
9.290714307060002e-10
1.4097008606782784e-10
8.8372944434937e-10
6.188744411955879e-10
6.740422310338495e-11
3.5352171605407655e-9
8.303574525132695e-11
2.0415489807510627e-7
9.991289422733257e-8
5.4034091654335425e-8
2.558350164988005e-8
5.7786338194618364e-11
3.23293096758348e-9
1.943733322707701e-11
4.742283645998377e-11
1.0241717585089751e-10
1.3871177108266118e-8
3.92963227615427e-10
1.3676177367838452e-9
6.55800526380902e-10
3.355768883212182e-10
1.0691497709399441e-8
1.7091306557752983e-8
1.837154110756834e-10
5.872001854554644e-11
1.5095398143862105e-9
1.5735597448386274e-10
1.5030255729064536e-9
4.246687944771783e-11
6.005375200456319e-11
8.981329868448236e-11
7.652267843146972e-11
8.158298627651179e-8
1.8852004741794502e-10
1.2625660181444736e-9
3.3753699324207734e-9
2.4438052377588157e-10
2.1172919650310531e-10
2.2809361612189537e-9
2.829869078947296e-10
4.9888198654791005e-11
1.2327162923912022e-8
5.625494596099726e-11
4.1304327412081636e-10
3.4019156044458664e-10
9.603600944390883e-11
8.001835338826538e-10
1.4974644047896536e-8
2.940390200748704e-11
2.3114443487174042e-11
2.0205738560558594e-8
9.208851388122135e-8
6.96208600223885e-9
8.74413297731236e-10
1.347921542563448e-9
1.997953741026435e-9
7.208235202367812e-9
3.3139645662189195e-10
3.754900416766577e-11
9.035785340574387e-11
5.634038307423053e-11
1.0698332288319783e-10
3.786689440884358e-11
5.367893438330977e-9
6.727304726020794e-9
1.2333238628626776e-8
2.9138140562718487e-10
5.496035424337531e-9
1.3821089385362263e-10
4.735013075526284e-10
3.238400208679063e-10
1.1297097446100789e-8
1.2719789307050217e-9
2.1727241969898108e-9
1.064453762604005e-10
8.189911364241519e-10
2.0386811301755337e-8
3.585470717203538e-11
5.132825271776728e-10
4.8039448753057935e-9
8.878190168285391e-10
5.127986593082682e-10
2.8918850505281242e-11
2.5608045640656136e-11
2.6185395597115064e-10
1.1992467014300555e-10
9.952230873553675e-9
1.6114799821443398e-8
1.6742980017726074e-8
2.788712320678562e-9
1.1493543661052013e-7
2.2544656591557206e-10
7.021194121958211e-9
1.0825397957237484e-8
3.743709066537175e-11
1.845333004179085e-10
1.0543020776809945e-9
1.1979193028643636e-10
8.341044509627694e-10
1.5330457275513427e-10
6.018924709855083e-11
4.48184236380993e-10
1.178330979487645e-10
7.380530170216227e-8
1.2552519214938512e-10
9.020260354828948e-10
5.649733982958115e-10
4.842998601685942e-9
1.0502233770254253e-9
2.5150106328146155e-10
3.0515093425869047e-9
4.715281798483936e-10
3.6715236435256376e-9
1.4070884028038652e-10
7.221513391619613e-9
4.36206611195526e-10
1.620478971224187e-9
1.9266371344168237e-10
1.7050696763002708e-10
1.1986353764392799e-8
1.4927629141748486e-9
2.6545628397957172e-9
6.944759896452076e-10
4.5544898667944935e-10
6.525418523014853e-8
1.0990268229964471e-8
4.343280157707349e-9
9.246404312750442e-9
9.412673089823686e-9
7.468931718472326e-10
8.090331874327678e-10
1.2145230234481343e-9
1.4619802290337559e-8
6.979348246417942e-8
6.071403757969915e-9
6.218634739992407e-10
6.7210882161598735e-9
2.251891501763817e-9
2.5032686302529233e-11
1.0729398485589673e-10
4.686773637700222e-10
9.915569120760433e-9
1.251546702175525e-10
2.4944127649607056e-8
1.3439396239855543e-8
2.0389689522183333e-10
5.19499782404029e-10
2.861667646617365e-10
2.2602203862417154e-9
6.390615299909537e-11
9.433011966958194e-9
4.7147308962529815e-7
2.2789012004735058e-11
2.8311720211839387e-10
3.884481773701396e-10
7.396451066478797e-10
1.1306946251877359e-9
3.610932274458575e-10
3.326397756913198e-8
2.798194477270493e-9
8.294689523277743e-10
3.68716126685007e-9
1.3050487584466528e-9
2.038777861995161e-9
7.635536387854563e-11
3.979958759669478e-11
2.573256548482254e-11
6.526771764719328e-10
5.471707039993701e-10
3.3381672403055865e-8
2.0288084038388953e-10
1.466033735381282e-10
1.8948047406851496e-10
3.393682848640829e-10
1.2237912214490325e-11
8.682641438670025e-10
2.506516186091283e-10
9.171885001031796e-10
7.703933569822971e-10
1.0968534528760833e-10
7.405553663087768e-10
3.5331686886283843e-9
3.139803509369679e-8
1.8281685388554951e-9
9.018874510285559e-11
6.100828469788848e-11
3.444854116046186e-10
7.225592088010412e-11
3.2861827090843435e-9
7.938178621963964e-11
1.8894363034037834e-10
3.6649185694258785e-10
1.6455771145918694e-9
4.0657633327971544e-10
2.2333562246053978e-8
1.7594918845898768e-7
7.26106914736667e-11
6.107474270704631e-9
1.093022356208368e-8
3.9485111234226386e-7
4.6074540611200127e-7
2.6944373249021925e-7
2.876127029342701e-10
3.644795753659576e-11
1.928318029217697e-9
3.6204051132633e-8
1.3969513059174993e-11
1.24550546148948e-10
5.447153052317974e-10
6.782282944462357e-11
2.6073179213850435e-10
7.920270971648607e-10
9.587101807658301e-11
4.02016182337139e-11
3.3446755801516985e-9
1.7475842970496472e-10
2.5715269471825963e-9
2.1636884409795156e-11
1.6096875381928513e-10
3.8974723593324034e-11
7.51420380864148e-9
3.1950024770895035e-9
7.03947109721801e-10
6.53517381608407e-11
4.740006272526486e-9
7.88447755814117e-10
5.801445215259638e-10
1.4609627656460826e-9
2.780631823549975e-10
8.061542249888294e-12
8.420978111547954e-9
1.7449362128450182e-10
1.0756289186668687e-8
3.9103717481475115e-10
5.332809042582525e-10
3.582467923010669e-11
7.906219899669165e-11
9.172937453683245e-11
4.300052951723163e-10
5.740316766877959e-10
1.2935877219216611e-8
1.0278625618807302e-9
2.557707940027974e-10
1.0661055769297296e-9
3.0440040347966085e-11
4.2322904677973855e-7
1.1689290443140038e-10
7.122110875828115e-11
1.6471070156165368e-8
0.00014019040103956058
4.947567376480426e-11
2.1677124041261935e-8
4.4348251088721975e-8
9.359057798383676e-9
3.030714321800325e-9
4.649163352868669e-11
7.494342611552327e-11
1.170091420334244e-10
1.1648148385058613e-10
2.7391937987853625e-9
1.079726247006164e-9
7.475478172385484e-8
1.20217971209521e-10
1.4391322980813826e-9
1.090108525404997e-6
3.269971399597804e-10
9.324406602999847e-10
4.2169520285515737e-10
2.004754527290348e-11
2.688550913946126e-11
4.4779382937613895e-11
3.2406530939191316e-10
6.345949569920721e-11
4.186023015764594e-11
1.0872290809269543e-7
1.9606605998115616e-10
7.656231654289724e-10
7.510626256265926e-8
1.446798941792828e-10
1.0472194763782262e-7
2.5226457562347857e-10
2.0478521416518387e-10
1.2743737836348595e-7
1.4869972424712756e-10
4.703120515363413e-10
5.243615340573681e-10
6.255935831377946e-8
3.7336211123561804e-11
1.186395244233299e-10
1.1070945968564525e-9
1.2643535208304543e-10
1.347367986895496e-10
9.839344830470563e-10
5.970995895579243e-10
1.4012939785582184e-10
4.588444249378019e-7
4.015845341755001e-11
2.3779866225520257e-9
1.0873556525461483e-9
7.3146846563914e-10
7.849845215743531e-11
4.716205754383448e-10
3.6130794442034206e-11
7.449279983883746e-9
9.31926154857899e-10
9.237782629525007e-10
6.178243923923921e-9
8.042831387488244e-10
4.157427981322867e-8
2.3367800450079776e-10
1.4478887953588895e-8
4.201003972134937e-8
9.367796663592704e-11
3.1497529999682806e-11
1.8560358109877693e-8
2.0137026287996618e-11
2.6883783077782726e-9
1.5198655558144486e-9
1.1470639714958795e-10
2.6480436310696654e-7
1.4324095248762386e-9
5.068055661881051e-10
1.2892375902158645e-10
1.1795516521144495e-9
6.967136629458892e-10
1.097929203132188e-9
4.578530730726477e-9
9.011186821421489e-10
3.407007484332995e-10
4.13540183570381e-10
5.59500430617992e-11
4.341167496579463e-9
2.776995987459948e-9
6.099595118907783e-11
2.5231600936667803e-6
1.049162554580679e-8
1.2044579413466033e-8
1.2446042713814288e-10
4.001605226244427e-11
4.5995901483547236e-9
2.0299922356257326e-10
1.2338933475340241e-8
8.762727783112585e-8
2.1329757717706232e-11
1.9229438041659086e-10
3.885449605230784e-8
7.720476031695586e-10
8.676898379675452e-10
5.50796472086516e-10
1.56845936520466e-8
5.246397789863793e-10
4.616476713257642e-9
1.3188696488584612e-10
4.846248438536638e-9
5.103048687951476e-9
1.7586849568230572e-10
1.347482619820506e-11
2.1771644997148416e-9
4.603377947335224e-6
1.808113618056856e-10
2.6321200691890846e-9
8.941636777571056e-11
1.1196196517146587e-10
8.820424672761238e-11
1.4239112387504484e-8
3.759013630256062e-7
8.977814301724776e-8
3.2781815235041452e-9
4.628384752450004e-9
3.490149380754697e-11
8.530084550696378e-10
3.249749385468735e-9
7.526563918991943e-10
4.775711582100232e-8
5.438855382986254e-8
3.356514965366965e-10
2.545023596386931e-10
1.8802877551743954e-7
1.5700034230986069e-9
2.1647837994210544e-11
8.027310294263419e-10
3.526432686929673e-10
2.1167490422257656e-10
6.546101157868256e-9
3.9595464064959285e-10
1.2828551249520557e-9
3.223986479918844e-9
1.5570048247747004e-9
9.769364657392698e-9
6.244815249315969e-10
1.370198487366723e-9
8.759179853051064e-11
3.2459276433759576e-10
7.584049372526996e-6
5.508091562431404e-9
2.996983381563638e-9
1.5849455185711453e-9
1.232602600377338e-10
2.808122439401389e-10
1.2880365429215348e-10
3.1018575007172626e-10
5.229691248493682e-10
3.407450804926471e-11
1.73466895008216e-9
1.9016080877777443e-11
2.4845671431969736e-9
5.78953372899717e-11
5.048952559607714e-10
5.692066366012662e-9
1.1455389000267219e-10
9.687787025781717e-10
6.855101681392905e-11
5.401789506655905e-10
4.522886837122928e-11
2.4965258456768563e-10
5.907665404589593e-11
1.7680008697767898e-11
3.456506599827989e-10
2.8441659892502233e-10
1.4693819173612822e-10
5.300540808609699e-11
5.259119161874567e-9
4.597910666267766e-9
8.055163871549256e-9
3.812559027747836e-10
1.0145827376894907e-10
2.477608440900398e-10
4.531600711635693e-11
7.658105703090018e-9
3.942325033526746e-11
3.6503814716276916e-11
4.3220317902701197e-10
3.4953866788318873e-9
2.7786374031791953e-11
7.351221954020442e-11
7.150911926986598e-11
1.0049677363490877e-8
3.825542267138351e-11
5.7604074913052816e-11
2.2780526052854687e-10
7.391151300950482e-9
3.3900242485539646e-9
7.988708835732187e-11
1.7735678369471158e-9
4.60695602258441e-11
1.4606831276474225e-9
3.709924897087384e-9
5.632812085328433e-9
3.3041200285177864e-10
1.5724193514427157e-10
6.430922026044078e-10
2.311168274695772e-9
1.1145306359297218e-10
1.2892754369152364e-10
1.0729602765186939e-8
4.3269769351576505e-10
9.735331557183265e-11
4.754558100089217e-11
7.790122712592102e-10
4.085762476166197e-10
2.0760648646178135e-10
2.867506637203889e-9
2.606790129561801e-11
1.0948736154966019e-9
2.94647802669707e-9
1.29689828084215e-8
3.865867192527825e-11
2.4517119871354566e-9
1.4836628985636065e-10
4.016189340099822e-10
1.1734011389249713e-10
2.201272100380926e-10
3.6438337265756754e-9
1.4038843564079958e-9
6.930059235507242e-9
2.2820339963941173e-10
1.707923723962747e-10
1.608349241463028e-10
3.0810291520805617e-9
6.740728368081404e-10
1.8240734909913455e-10
9.92786806750114e-10
8.608525262540908e-11
1.4873805528654166e-10
3.727753309310525e-9
2.4595639041855327e-11
8.266849962196096e-8
1.5276203930072295e-8
6.04056464370789e-11
5.971337033714318e-11
4.616460276395177e-9
6.415589360698334e-10
5.410911183973395e-9
2.086698871035863e-8
9.591036202414332e-11
2.284551973920527e-10
1.5433067670556503e-8
3.952790952204576e-9
7.63726586595712e-10
3.791851534663582e-10
4.779012081670284e-9
4.0412887954727235e-11
6.551381875945862e-11
1.4570136752460151e-9
1.0394420753925415e-10
3.945573787679216e-10
1.0860849091240835e-10
3.2007838014432355e-9
2.866926981951478e-9
2.9123836572497857e-8
7.183168381918795e-11
2.7637750982788204e-8
3.1652454183464164e-7
5.016022645952357e-11
4.486466685194673e-9
3.47409697093407e-11
3.7331726305535233e-10
4.3914063309717474e-10
1.0301132620742333e-9
7.577095672561661e-10
3.274520727126713e-7
2.466312167368068e-10
7.676377962911872e-10
2.7240313818423173e-10
2.3688650865370088e-11
2.205663395611699e-11
1.2375510445281627e-9
1.4144357362783677e-7
2.2875572089970015e-8
1.7455321657324824e-9
2.072814875699459e-10
8.113786485198366e-11
1.7788766415655203e-9
4.831212604659669e-9
6.769756334448693e-9
1.9885306454123533e-11
4.9903269854129566e-11
1.1715007121697224e-10
3.1944952555600105e-10
4.422108140095039e-11
3.3623165188198023e-10
2.375194886142172e-9
1.8479724788659179e-9
1.103347576370586e-9
4.900755088230566e-10
2.5480253035723715e-9
1.4705533013498133e-8
9.755507567840832e-9
1.4207053893328958e-10
2.2837134332125135e-11
3.2670096618294424e-11
1.086977973083277e-8
5.4237206491703305e-11
6.700155792717163e-10
4.993303684265509e-9
3.0512736413159794e-11
3.217158570840549e-9
4.793440857237521e-9
8.537933012979412e-11
1.272673593539087e-9
4.144829582770496e-11
1.1065932220442646e-10
6.253422749493311e-9
9.232877796113166e-11
8.013499675346432e-10
4.588763337162333e-7
1.1795886354474171e-9
1.9940507838711394e-11
1.0925190192762996e-8
4.531243622327422e-11
2.442142268873956e-11
1.0566669972009886e-9
2.4486281065297437e-11
3.534791863630845e-8
7.94590246907068e-10
1.9931657991329992e-10
9.085687914935385e-10
8.269263509164144e-11
1.7611226983881062e-7
3.863437382313038e-9
4.5392320245653064e-8
1.1922247871553277e-8
1.3342939666968572e-10
3.044890207055305e-11
5.891930139512802e-11
8.560551233387173e-10
8.694031745514787e-8
2.1401344287174166e-9
7.496918749694697e-10
9.571993851056326e-9
1.9681963522394398e-10
5.520987698306021e-8
7.974655473209974e-9
1.63325995099194e-10
2.492532444636025e-10
1.4377188094059132e-9
5.233750949925909e-9
1.2277786222943328e-9
8.832883481897093e-11
6.599628251175349e-10
6.166246477908257e-9
1.6489157786583607e-10
3.6476718599744524e-10
1.0776807774410323e-9
7.95415977891039e-11
5.386783592094248e-9
2.533909857984735e-11
6.954123573799313e-8
1.248776326022326e-9
4.951195461628368e-10
6.298775505527028e-8
8.12760045909464e-11
3.596913044226329e-8
1.0828886613534219e-8
3.7137172540610525e-9
4.3796514109122406e-10
5.3989013175424475e-11
2.7379249502047917e-10
4.26306842048983e-10
5.684095376564343e-10
1.219684662525323e-10
7.354822029514074e-10
8.85368755870452e-11
5.737826306610337e-10
3.860526989216162e-9
5.684209470331409e-8
3.244374641420395e-9
7.159304956099257e-9
4.263787054727855e-11
5.2399529464876746e-8
6.008098659305154e-11
1.0754064020730819e-8
2.135535350228874e-11
3.84310632489204e-8
2.4050924726227953e-11
3.5419446355490604e-10
2.3865269895163062e-11
5.429015084536671e-11
6.520080935086977e-10
8.791582326112305e-10
1.1752143487351313e-10
7.335057859500675e-9
3.5654511593889535e-9
2.0281937867500378e-10
2.0469069271579655e-9
1.365092171501715e-5
2.0303725026128553e-11
1.0426945453134683e-10
6.870979566757373e-8
1.6296970605000849e-9
2.6275204347897117e-6
9.165863709548892e-8
1.721051367669638e-10
6.401443551798672e-10
3.090543615369999e-8
2.7029042557588365e-7
4.359376105541971e-9
6.230239644294796e-9
4.900239183655903e-11
1.7037652612569706e-9
1.1214422186600166e-10
3.732279637208269e-10
2.86735218190618e-9
1.0347495639225027e-10
4.293458949903251e-9
1.4225368527498846e-9
1.0203494092060451e-10
4.5977605569216927e-10
9.311155136671323e-11
2.0403833296638194e-11
2.1024235210082078e-10
9.784926895988797e-11
3.3046935364436016e-9
1.246381878903977e-9
1.6606085193859217e-10
2.6755285641785113e-10
1.7986916001032324e-9
1.3615926926204858e-10
1.485436292009048e-10
1.0236918279455132e-9
1.1230320077516144e-7
3.383022436348537e-10
8.231700331292486e-11
6.266664903068271e-9
1.7651610393502515e-9
3.8915209204682844e-11
3.620789027414889e-9
3.8116193116206784e-11
2.0354818409635245e-10
5.464309115983918e-11
4.5575586149854945e-10
7.507199699883198e-10
7.977528253263387e-10
2.146699992208919e-9
2.1029484902636962e-9
6.874633204388362e-10
7.123908532599116e-11
3.886791201706391e-8
1.1184703212945672e-9
1.3601424610711387e-8
6.850034075174279e-9
3.2157634971567147e-11
2.500734541791206e-10
1.62548237610354e-10
4.308798518631965e-10
2.086905084394945e-9
2.192893859923905e-9
8.90915296888628e-8
2.5987284167584274e-9
4.107620959861427e-9
3.5148089819513933e-9
3.6767884147699114e-11
1.4556762205326821e-10
7.364424675419291e-11
8.094730874699547e-10
2.05712138637681e-10
1.865267503321582e-9
3.5433922652051726e-11
7.005947753872419e-11
1.5572046878365473e-9
5.256335341170231e-10
1.206976346086564e-8
1.200735802690111e-9
1.3591211592134912e-9
4.2452753271996815e-9
2.0424820404511855e-7
