0.002633550973577127
0.010142259193128183
0.013059832336612093
0.006136855793030522
0.004810720254034099
0.05671378817330075
0.004442828207866529
0.007982408892754188
0.00641893613175191
0.04928442255419368
0.006805961181469782
0.0058187490196783915
0.006962475165309789
0.008259011781151628
0.003507114561339474
0.00553797908274668
0.00903959094916607
0.0048991506548787525
0.003009991751733742
0.005198470015521306
0.021899610660017242
0.0030277756871933976
0.011959691792050637
0.0025850390865266963
0.020911136905067636
0.0027992849800400413
0.0038402685937345606
0.006719976968420663
0.004998711312876164
0.015204244009054964
0.002986360140510761
0.0071029811513252696
0.021099185944076126
0.017347504352875354
0.004356589409461906
0.0025853126694019442
0.0019470571561700342
0.010099297616507647
0.012612073943599767
0.010842052596355505
0.0020767714009095857
0.006623329358696325
0.0052605587596844736
0.006551017054922889
0.0032039100122415263
0.0021073626311400614
0.06062165757897522
0.047322267368837476
0.009691553873338775
0.004045860243352407
0.004941600447058584
0.002568246342788484
0.002684265331723005
0.007206919018551926
0.0027537612096804505
0.004919379693024784
0.0036502555198695123
0.008430570014089103
0.011929626758116218
0.004863081176880451
0.003114326772121269
0.0031333039553828146
0.005535065387620884
0.002387520968577953
0.05800296142681513
0.004692427973877867
0.0044029674216582385
0.00770293204284859
0.005508724526348524
0.008535268980812095
0.0037352336963633603
0.0034226009905137947
0.0012601201231549502
0.0072502473682211094
0.014938921911000973
0.002899805858852795
0.014415388439141459
0.0033989759432305313
0.01436099112271933
0.007705821050949875
0.0072834694505597986
0.004445644367137003
0.005703095634291365
0.01266749168941838
0.006981657699239498
0.005793524651473477
0.010235424182358864
0.0037644101540351715
0.02400600356088179
0.002628211346740462
0.004696458084974472
0.003598052181439145
0.00374114127002727
0.008350387617286698
0.03310823124746256
0.020937727056561176
0.0026377149372366977
0.0016017539254939487
0.007555777585150615
0.0055262845841305835
0.0018120897833901924
0.002641263416701399
0.005073227791338574
0.01611947898490056
0.013254456060567979
0.001606399059833926
0.001691576985993532
0.004778778654225284
0.004340972800284867
0.002521353888220439
0.007625217060236053
0.017492051985119272
0.0014259979750744342
0.010969219072133213
0.03264870060708029
0.018917814700923775
0.0037280356117082515
0.0022900090790809392
0.03488537285233
0.002635063981468503
0.005230472975938277
0.002441987968774744
0.005953527321216213
0.003989226699647852
0.0788584519391421
0.003657983332634246
0.0016449794446162483
0.008805954023550151
0.002718095064271574
0.00270277581972535
0.006239530483349333
0.0015338955559778752
0.002765169835254277
0.00901824622053672
0.021910357148864894
0.03436558231228431
0.005196371058500859
0.031279238302856754
0.02042548254698591
0.004121526162541788
0.007102705232282342
0.012660182496533038
0.004473081027122191
0.0768208853537581
0.004368283243601987
0.004758035928324203
0.011699098097631441
0.006695573097424441
0.004401255285194512
0.0023225274519489505
0.006375565645842204
0.012855591403776888
0.0441041500631398
0.010079793759324678
0.008844624986745512
0.002484069468492821
0.010986982579921704
0.01810514285552888
0.06201375654802997
0.021344894771702306
0.004342537906066641
0.002780153207810162
0.002438369015206559
0.006301858045013952
0.0068140739698480494
0.0018702756159349287
0.00461956783332507
0.006464379104228527
0.022112585669250454
0.006118460828738761
0.007167740558691806
0.007784654079002807
0.0029110717497661167
0.0025244665089612824
0.0040071412280204294
0.004118034937115583
0.005417947025459698
0.010302124683091782
0.015750012378114974
0.007953318012076637
0.0059167154307693814
0.0015759242743272988
0.011648115128675996
0.002367131177936555
0.007470793490348454
0.014831050681569717
0.003686306781216993
0.017893297690758578
0.002577052023301133
0.0020642445466494868
0.008509465163662622
0.013584170543434554
0.0019832668360113097
0.004913368193097483
0.0018200560550327442
0.002486740129282959
0.007990485205804792
0.009563391412318038
0.004824661071173483
0.0021535869459548243
0.00643479154668348
0.0012911624044920182
0.015857221410945983
0.01611101862195214
0.02380154046334341
0.014013687842208446
0.0015155850351450922
0.08338616492719095
0.007089475561113344
0.006509386108007131
0.006279663611022243
0.020534078341298497
0.0073158414937258285
0.029402559477273316
0.0010478794681616555
0.060801520208931155
0.00425516967179902
0.0018638273951617796
0.005016570517246337
0.011462322375617624
0.01834434318673301
0.029806738433298965
0.004231908004376089
0.00785841924438015
0.009300013618566638
0.010533695937762447
0.01591664612864589
0.00454183573074519
0.027254381168792946
0.011100414717989055
0.0014992565860786553
0.007527078478122711
0.0011234025285757404
0.0019203954313680713
0.009474215980243473
0.005271507275146585
0.007423040112808789
0.048380908625874484
0.004061234572203085
0.007723850514839059
0.005455768645543913
0.0028274189496979305
0.0039218725543987325
0.0034907798375439945
0.008719874941335574
0.0011274495690003264
0.02221726630004625
0.02252679487053188
0.005080042517459602
0.0022327694218480377
0.0018698601438224248
0.002860133187058993
0.003989245070970329
0.0057404649634501806
0.013804308291868763
0.004062601362610309
0.0030090323988197208
0.008209773893441848
0.003522006228769875
0.0032561637217485176
0.011307383302075107
0.0030681459431392507
0.012633014580986065
0.002355947133254005
0.006023911306894757
0.005591460305719631
0.015188017949883184
0.003922489605704494
0.03555890683808666
0.0057288363138373955
0.00733996828984644
0.0049344971775249265
0.01062723454962351
0.005817178102172366
0.0019162723507631083
0.004600304769084683
0.0045894277606101045
0.009038997037118296
0.003072541741631775
0.0028604012396720693
0.0019046657525257301
0.013675170926863569
0.005692389648242091
0.03585234348297541
0.005648272681060347
0.019792009330598898
0.029841537319536246
0.0024485995237060153
0.0041101036858852595
0.004144514627019835
0.008827626429149556
0.004454226184467702
0.0021879128029418955
0.005740868590558809
0.009062518382860676
0.011320210730293972
0.006079142097645162
0.004546578642109037
0.004623638136230162
0.0061143526886954964
0.007320828853815134
0.02611508599359435
0.0024021116659075407
0.0024569685317656796
0.006976699418347655
0.0012565492221196816
0.0041981262293204
0.009883534375524495
0.0017963138406384025
0.005882008282904351
0.0035845078818295406
0.006015561967608795
0.002127046905693449
0.001326503041211094
0.0026901624046142603
0.0015442632142974534
0.0073695959335254085
0.006814820425362993
0.00628019322399728
0.012715928724206776
0.0020175174255406365
0.0034623274635628316
0.001924071688296856
0.003186471983601813
0.025372298783275928
0.0013954842419199756
0.005770342340707419
0.013077385488846332
0.015156073985449353
0.008754910811166975
0.002040957237544865
0.0038760424480654954
0.003740228168171211
0.004858985377060611
0.013192099574753572
0.0031563477300413844
0.0016103513487740152
0.003942088384473609
0.01044719263742339
0.006725670466535277
0.002160612232795198
0.002053389874221944
0.0033967122252316147
0.004832998917204024
0.0019914369147014978
0.01078063003936249
0.003307415721617345
0.02892195000519511
0.019707307554584736
0.003806442466918911
0.06808645453714453
0.0058015405838322985
0.001629436144505606
0.03215702479844735
0.003298269946510621
0.00394558363765175
0.021200447481260463
0.04423485164095305
0.0030898523338903053
0.0012337247399742378
0.02954858970455917
0.00605240038957341
0.018967051375725318
0.005892569739416519
0.00837194290521793
0.004908573893984589
0.005024317318330975
0.0025725996547685793
0.04418411360174311
0.0026767441863518033
0.018884475777461985
0.011368393721101074
0.0061482234277629045
0.003128742083474081
0.002907681789368382
0.013521985419522048
0.002304822234607023
0.0034644454677759673
0.015874114675473776
0.004474269842986037
0.0037486322363963053
0.008885382274674036
0.015590578089772954
0.016459950253745616
0.00440419608756473
0.002497329522233383
0.0020447272138925943
0.004299324709451391
0.002411030571474462
0.0014309193022462533
0.007496666805346858
0.005668027091928131
0.0010192337777740724
0.016937668916665937
0.004425985858898745
0.03074088495591935
0.009713930691282898
0.033603920464206495
0.0029227263862672847
0.002032934766541006
0.006861112362474202
0.002149431083885567
0.003216097811675688
0.020971448056547288
0.004105710414324103
0.0036270578340082448
0.30030437338510196
0.019889392627607225
0.007893000063156875
0.03863604130237463
0.006611369861586617
0.02263973835782685
0.006674540247731402
0.0075741046087695555
0.11624099829554924
0.002304462737117889
0.006009939470901701
0.24929263267093352
0.0022447429924194345
0.03065884581284648
0.013477786111282822
0.0076119054128740956
0.0021611079917865815
0.00942621270429576
0.02635158035422192
0.08690291792719985
0.0014855532363715245
0.012163722014114156
0.008260573127682228
0.005485201683243744
0.004720158675801848
0.00503813609316915
0.003972273489283074
0.0011541081241027988
0.005368510920352062
0.017204373009373997
0.0065502626166989274
0.001405866541960246
0.00504713011060665
0.0033478259322778764
0.01234141325265186
0.003981340862450802
0.0028766404286019193
0.013567298430906127
0.007511518780558062
0.003967079381848839
0.0018011395893622372
0.0030768210267073373
0.009796162272213612
0.006370054456126092
0.0026337565775831134
0.04331471433308461
0.0019806147992118403
0.003333133839142947
0.006582193703456268
0.008221806566298446
0.0033046676719760614
0.0015881534496514334
0.022870768828579954
0.002457214694840918
0.0015408155967800974
0.0028669582070915594
0.01314657709408055
0.007862118645364173
0.010670899760084165
0.013279489305376053
0.005446560461449984
0.0060593090465889815
0.029243714787472678
0.0015953212585411174
0.004220634111821433
0.0021138951656786745
0.03910193449735018
0.016027922700016295
0.0020400116981714126
0.018328746252130382
0.003176375084943505
0.00401456452879907
0.006437661428002222
0.005873968669578635
0.00286101674524081
0.008425227888838094
0.023946227158916047
0.003036245147702569
0.007105899004638981
0.005743140278789458
0.024548035086031636
0.013913519942248456
0.0053897012046233705
0.0015434997190656677
0.006994905863904546
0.016382485428368912
0.005144376619594209
0.005764292628896314
0.004519048408037001
0.026683269350488422
0.004035830845851964
0.010723871249382896
0.008795995043139422
0.004590264324226729
0.0074676234452863794
0.0038782938796670667
0.0016583127476562443
0.002819569064382849
0.0014546162177044711
0.009474586512983503
0.05920112391168037
0.01977979578228434
0.040440784899548665
0.0023240429736236046
0.004571206389085379
0.004043481371939424
0.010715345192749477
0.0012072483214699318
0.004075865887488015
0.029045675013009236
0.004984565298702021
0.011184471242592444
0.013700010588225285
0.007496863462377513
0.012845862703489582
0.01416342319093406
0.002442588009231773
0.0034564534753026436
0.005537276634284324
0.0015022293216034436
0.018560469892860088
0.003397114773560841
0.0031211602299154356
0.023087798210855846
0.006085766006592735
0.010122393583909388
0.002794282762508536
0.003766626025244317
0.034268817939503
0.03381547827263007
0.009278482185349957
0.02873478539311031
0.0029919324596403038
0.006817593021266645
0.002410142434999464
0.008827310550813023
0.00496991725882956
0.00326485620374982
0.0016087887137252322
0.01934418750713933
0.004952855678079838
0.018245392648893223
0.0039999376871578856
0.011109369737525434
0.005545460043760858
0.004226838554245409
0.001360037889133867
0.006456186314627452
0.0133885012302657
0.010429480158171633
0.014757208742141635
0.0028260650286344776
0.014561669844661106
0.010822909891402213
0.009011092501334667
0.002333220046624516
0.02512781994711606
0.00799862914666946
0.0033665503343712133
0.025538141724116354
0.005013975384754851
0.004520388672938641
0.025191137981162993
0.017939088636843625
0.0022181372317571432
0.00601561213490656
0.01506851854619381
0.002986466297279807
0.0020004155109461194
0.0031724112254112257
0.0034711896633178394
0.002617585853031077
0.0014030812345295085
0.007669704341948447
0.011423093727302871
0.0035270019686390796
0.014181740931425614
0.006589534950415119
0.025171063752882337
0.003146528953472086
0.0801033216424118
0.007289039987622616
0.007851840022129871
0.006667404470582684
0.0050351086175689464
0.005872621435093238
0.001693525967766763
0.00849508893253687
0.01045823511474773
0.011901827328864672
0.01012843713310223
0.007471878275772073
0.0027465015802791925
0.010010587156898459
0.005774474566253982
0.0029807273899787093
0.011555054486738218
0.002239238084881837
0.0035036487772776947
0.03672245548691095
0.015472257240206682
0.010893512660132098
0.004655398367543882
0.004923513259222008
0.04705533446838749
0.0043873723074476885
0.0024407483876688926
0.01739066116650212
0.032500598180849195
0.014200870485747244
0.015759176715938183
0.0037314734254287117
0.023628617124030697
0.008405740857997336
0.0038300005545898784
0.004141863750607911
0.001382678555161969
0.017972535562853803
0.000931398239579559
0.0052079181709231
0.003779096658763531
0.04374797165479054
0.010014765753762145
0.0012900075024751144
0.0029606977905752827
0.025756778510532673
0.0054185265805169
0.0030641618300882223
0.006842330594374208
0.017553009364623687
0.014029617674385155
0.012680623158781186
0.013921134780393054
0.0021270144818644394
0.0009110172934036478
0.005871434083612571
0.004007645496315125
0.004325280052464876
0.0015073588009078243
0.002414664161181331
0.004853772150561733
0.005393706534167612
0.09083944761477272
0.0009622040951156482
0.009890356238109554
0.0022131820671129716
0.024289937958978436
0.005728397308611195
0.008978259206643484
0.006811379799128639
0.06169257450530873
0.007250409155890729
0.014857345162581527
0.003248745190528884
0.015082361142110185
0.010041525550508341
0.0021061031720340136
0.007622377489723548
0.004262100970450317
0.004904071740199118
0.0019308348428506293
0.006111422905902093
0.0073234355806049275
0.0016262797526621516
0.016111873005941836
0.010074510089817365
0.03047128223301385
0.005567820131072373
0.0222852992160427
0.01523060314907653
0.017672684162736395
0.013543764059983336
0.00794650536583859
0.005666980370885563
0.0069187143939286305
0.0029930693542665173
0.003807134189032404
0.0030102493217800935
0.004208399650212371
0.02277007270629577
0.02574952141571902
0.004466335909693366
0.0033223715821119374
0.0029639381004784113
0.001675774063525244
0.0008823137321271252
0.01040569919181736
0.0037488647839983226
0.0015606746202513255
0.004908370440539603
0.006549844515826378
0.010877928546818934
0.002043674795769211
0.008943224161982533
0.006231948461753141
0.004847890534291717
0.0036597206238852616
0.004078000245523935
0.006961951089165512
0.00386654462170988
0.0023848389351409684
0.004831255293219907
0.018218995573530065
0.004738168920746413
0.00429031086340128
0.013068203014452094
0.005618982471513246
0.003911251587780714
0.0026819696119663636
0.006772382315803988
0.01628268044030985
0.019311468479837605
0.00228393195423465
0.0016160308773475569
0.005957096185008831
0.020959856390176626
0.01021631656347182
0.005142257065917503
0.007488269716471038
0.006849323780730877
0.0028130127119577954
0.0027893597166428214
0.005585570843788268
0.009106082426405586
0.025987316967022774
0.008857912779988018
0.0036316971576095384
0.001329943937430661
0.011416300272492462
0.0036149891356888307
0.02074186520159875
0.0016350843441266137
0.030180847182206375
0.005027794161507
0.0027096310697183475
0.0024987271598010813
0.003562961136372055
0.02923034932137731
0.0011613350389092485
0.003329334411241982
0.004285122349099028
0.005810111643121839
0.003135995230890367
0.005521173996765395
0.010511692285943184
0.017611647446076434
0.002235143068032124
0.008508313310460862
0.0016287816266476022
0.00823932737929958
0.0030706257045042865
0.009060722734372325
0.004213139124268033
0.0051248328235251025
0.002817438012520704
0.0036900802204397334
0.004571314616711174
0.0030507929601868247
0.024378851100641558
0.0012835881525103427
0.00450443895023123
0.00660187943710798
0.0016446989637866804
0.007199338808696523
0.010960555822852502
0.01507624043177079
0.010503272551341187
0.025100087889600803
0.011531558812005209
0.003363338158548761
0.008834307198155592
0.004521163113990167
0.022315436986687188
0.013643165451435386
0.0023069314441642773
0.0016936670463416972
0.040075677042063114
0.004944610764293665
0.002899505458925553
0.0034392981355037687
0.003513334776094046
0.003227360093322412
0.004907588667278157
0.019073649625377154
0.003934178636366782
0.0032319045417260736
0.005836033363414477
0.005929106074968546
0.01475661823417722
0.01913096586456414
0.012143795127407141
0.023385878695726194
0.029127904351312833
0.0016403427320525478
0.012253939304633414
0.011777096868079607
0.006786839081626484
0.04607652274064385
0.014511640310914458
0.011097792172482036
0.015362947732961622
0.011100030262029617
0.0686868053855244
0.03036435643153612
0.010837826365924137
0.016109932873603898
0.043631328281492174
0.01111562715383749
0.006275659723082882
0.0034463012330813833
0.002881639161849764
0.002438741116976613
0.013394987980872923
0.004756803856640303
0.007501422748380213
0.005485241277209896
0.0015400887108408766
0.01067887186265106
0.007688252420488955
0.015403998783168378
0.004874702912827086
0.001591074209396381
0.022800481059783426
0.001999777485236903
0.01141654582882002
0.0007697880741952546
0.0031313043835808703
0.005055222347976436
0.0038859566973108326
0.24598333326356525
0.007559861805174232
0.015467166871543437
0.008675976781074271
0.02753117399844422
0.046080194177264916
0.0038260928547215857
0.01859834494308343
0.006722114998787558
0.0636224490769469
0.015666961863558652
0.008513147205474957
0.0015455058654730734
0.011186849394095004
0.0023862424446572735
0.008037845690647886
0.0011215369368565557
0.020393420554512817
0.0013385498224369266
0.004845058207253399
0.016290208412825732
0.014672502841372904
0.0032160540689680794
0.0034321380114903455
0.17488827914337385
0.0027633581564904994
0.006975392714372657
0.001186691981047783
0.002924565458316997
0.016865486174396628
0.0585191834758258
0.013530819365088067
0.02038377635240033
0.005597889883287799
0.0034305084779919022
0.006570791150310099
0.08833974200129913
0.05509307830845259
0.022351233061216693
0.022104080948949875
0.00963780256566234
0.016928057955707797
0.010604291195488596
0.025511329223776455
0.04568584790120007
0.01213758257581254
0.005063791358817472
0.012092758031346322
0.010386517191154913
0.04086979363137474
0.013597985480895053
0.005701195595866108
0.013294487548143899
0.010540432317872044
0.004694763319581198
0.02054050378738281
0.022687844720313082
0.005266637644478965
0.004911147154278492
0.005625956167190507
0.0013297763050870211
0.08355491609692327
0.007487685763900531
0.001071517430735841
0.02012961578055794
0.004573191217851707
0.0016358394626584368
0.004312308162598198
0.006640019858969462
0.02731959413569037
0.01448915225669437
0.004477747016701764
0.026644671219015835
0.006479702307245988
0.010044865404620093
0.0025686948340263626
0.01397208994245324
0.006737705931061253
0.006482519525259093
0.005605824570505003
0.006074092343555842
0.0029202160552287567
0.0031665581560588484
0.01589025289343044
0.004767401417845838
0.0017527918547881947
0.0018489758987902528
0.01572541904224474
0.021311775727150716
0.014471784776119339
0.002759296645505021
0.003971563120478465
0.0020551754358552926
0.0026174031340402038
0.002509167618592725
0.005429610557684363
0.00317494580020748
0.0031209719628779355
0.0034484911811768952
0.016713755070784587
0.011777836107640256
0.0055983822289045766
0.008655929578293947
0.004225634742727272
0.009673632900966156
0.0030853950633750035
0.0019339751720534014
0.018053262618580104
0.005769962738409344
0.012965173756717359
0.005167160155787726
0.0052360674386485685
0.0026185265096835266
0.003667635551231496
0.011135272747918508
0.003978553366042714
0.004790548694259003
0.0030243105104541088
0.003123277409673862
0.00986786065062807
0.0024450489939933148
0.0048015498463109705
0.004187703437817711
0.008908777633350958
0.02441746557509768
0.009361717947395508
0.00561741040440693
0.001718258447529742
0.010812694569813125
0.007804348016071996
0.00820568787254294
0.010097231551661716
0.005273596820607099
0.004723969274242613
0.0041501108298815925
0.008745885827046827
0.0021546936818451472
0.006872629210848323
0.005349773776250242
0.02132006920681663
0.01168350993369576
0.014286171386667977
0.012665587866678147
0.006903740500949981
0.011745449694312148
0.055767718572652496
0.015229951663241204
0.01577777855278404
0.0014577134166963756
0.01606377181458004
0.02150667726322168
0.0478795734513918
0.009825097293208827
0.0061122794963574135
0.004922459950503769
0.0037500091554013674
0.0010482819506334186
0.0073337183165611535
0.002249607271585805
0.021500205615242296
0.029571715487623832
0.0034617146839276075
0.012173619279371536
0.0026021950355889956
0.004001225443057941
