1.2635029128237922e-20
1.3535950888175305e-20
2.3651971100790683e-15
5.776546936185771e-21
4.473238145792613e-20
2.8556486521272314e-14
4.003656441341581e-20
4.0817494944299225e-19
1.450935724761636e-20
4.042562231546682e-17
3.161328362453785e-21
3.057983294578945e-19
9.34307598224766e-17
4.5336733875891166e-18
1.8721409376453447e-18
2.2828890399282188e-21
8.096020440379435e-52
7.6156830039435e-20
2.5234359543346228e-20
9.469724618630675e-19
1.2607559156320633e-19
1.2795872632023491e-18
1.8543031710077864e-21
3.899329904026811e-21
7.829134966438403e-20
2.0785845680490123e-12
4.6402393097492607e-11
2.936166965858453e-17
3.607667980068945e-49
4.040913284840528e-19
2.2125702231462418e-16
3.704078949534439e-18
1.5756454769971173e-18
1.4163478849771849e-21
1.9813158012193664e-20
5.821452344659976e-21
2.8188668771754885e-20
1.8139798888063262e-11
1.2050497247307059e-20
2.3732634433652836e-18
3.006421401958795e-20
1.7729287960044637e-19
7.78918613665213e-20
1.3346944025665488e-47
2.4196545501049183e-20
1.2249222684707233e-19
1.230188212348233e-19
1.4748514212082304e-20
1.9361892945350638e-21
2.6456100317100684e-21
1.0339601091586106e-19
1.503970618063117e-20
5.622201640710839e-20
7.267520748258105e-20
2.386031816736254e-21
2.614210714066255e-17
6.4565264614227914e-21
3.693766622847267e-21
3.5461309190036076e-20
9.192247812980443e-21
2.919068329234646e-20
1.0160210471198045e-18
8.51857564184929e-21
8.659683623071463e-20
3.967825725027866e-18
4.302383149729427e-18
1.5942391956845514e-21
3.365380362560727e-21
4.663454910343643e-20
1.2882768448983017e-19
1.32032611230536e-15
8.776353149661944e-21
7.202512799488312e-19
6.642567638908532e-19
8.04396747267771e-20
2.4503911323611203e-21
6.195079815151878e-20
9.181496597381225e-21
1.4177242306974597e-20
9.55670817651165e-21
8.834558612710061e-18
2.8080599111778024e-20
6.279568435498867e-11
1.884651162011972e-21
1.0044981359888925e-20
1.57840505327459e-17
1.5343037874079128e-20
5.087317174552486e-20
7.18604371342735e-21
3.616521452513002e-19
1.3457319038476809e-18
3.96047249698522e-21
8.610382616108197e-21
3.308736048175255e-21
6.920903804883753e-17
4.7887512535571124e-21
1.424217021948155e-20
2.17271428647334e-19
1.4859155480179426e-19
4.525536913002244e-21
7.923061238342954e-21
6.105666899989724e-19
2.647792267841515e-20
5.180447664670433e-19
1.1239212056431238e-19
2.100434005459345e-18
1.818553776669076e-18
5.444698281762662e-20
2.1161897060795358e-20
8.318672573624328e-21
8.529545647320277e-20
8.500836394799296e-21
1.1256647373716342e-20
7.500843628454719e-19
3.131042310008178e-21
4.033082992163549e-21
9.952795036971734e-21
6.985556472511216e-20
1.812109371150666e-21
1.2768775373424533e-13
3.544058138890529e-20
1.3715723761666195e-19
2.5277874163936985e-20
8.95955403914548e-21
8.593564835814149e-20
3.002555939965142e-20
8.683686170680658e-20
2.6067876950814703e-11
1.3387297711416844e-14
1.0374453077093736e-20
1.8359391658725796e-20
1.1961091883159797e-20
6.319123719450332e-21
3.3869657755456584e-18
4.252490872670354e-21
4.745102162229406e-49
2.1487248553900478e-20
3.9785221848780746e-17
2.2013266944077286e-17
4.291497071778098e-21
3.161310578312946e-19
3.784835152112437e-21
9.447288550294691e-20
4.804766421511481e-18
4.112056843898454e-15
4.2845072880893075e-19
1.1883648468055425e-20
3.864845398502499e-15
4.004216280898878e-17
1.6372084655828715e-21
5.096536915505678e-17
4.757318912555651e-17
1.4617735826714955e-20
8.976352877998753e-21
8.199256191104037e-21
3.524081262275071e-21
2.674620162211529e-19
1.748129289653291e-19
2.4506777371466703e-21
6.16539318649881e-20
3.3003051491364255e-20
7.715001611604089e-15
2.1901199915638506e-21
9.938105960577289e-21
3.858712959037383e-21
3.3913308524887383e-19
4.1166595649679825e-21
6.9276887458491736e-18
1.335479519808125e-19
5.2643817368714977e-17
6.427521367097393e-21
5.538147788367704e-10
9.817588869882203e-21
3.787873526835599e-19
1.2810086179910395e-20
3.5742918246306687e-12
1.942167180994305e-20
1.55150861942847e-11
4.813580857701059e-21
1.0816507047030392e-18
9.409165911254122e-21
4.275230937126447e-20
1.3319357461190283e-21
1.708079049038596e-21
5.931334321454269e-21
7.293255118213423e-18
1.0607338559050274e-12
5.862491099381044e-19
1.1481643837393644e-18
9.585635011547096e-21
1.4871932868938337e-20
4.4560251680541284e-21
8.069577855716956e-15
4.452785044631225e-15
1.8454759958502513e-20
9.114993504327571e-21
3.027382767069461e-18
1.4496579148185002e-19
9.661531611149689e-21
1.0007530991451083e-19
2.3060403627323453e-51
1.804147623790201e-18
2.6185485575171513e-13
3.775603251016346e-21
1.2810299927327233e-20
1.5698405291368511e-19
2.1776791547631254e-20
9.950030858860172e-21
1.2297801171187304e-19
9.794512794286686e-18
7.715899317607773e-20
8.2291007025861135e-19
3.7432748062161675e-18
6.378860774005861e-19
1.3396670888761208e-20
2.6130927836307257e-20
2.7183825960496063e-18
2.6409186921213862e-17
8.891650704017299e-21
1.102465526637816e-14
1.7543365463761787e-13
6.198628501106541e-21
3.069290192005114e-20
1.2877492083534722e-19
1.4254758551307272e-20
2.5473821838767307e-20
3.476236945865828e-21
6.471382829660341e-21
2.3632898339017603e-17
2.2597794608826457e-20
6.642504182452529e-20
4.529340840914603e-21
1.17664932387614e-20
3.1933793552612776e-19
3.471987416943654e-18
9.812183910717947e-20
3.4392498341000244e-17
6.746130054315728e-21
1.0587581003149204e-19
1.1250604134731871e-19
3.643986496394939e-20
6.973287471369307e-20
5.9130203530713e-20
1.171411995516842e-19
4.0868179070053365e-18
5.852155505043534e-21
3.882936700554234e-9
1.0394304044363441e-20
8.707679678470502e-21
2.4865035612354998e-20
3.8738850335224057e-19
1.1814003432631067e-18
6.94215121093603e-21
1.0649603877730682e-51
2.4226767213635984e-21
1.4013086595244496e-20
5.756952258705507e-19
5.510912823865186e-20
2.3268859121816708e-21
6.700525303029946e-21
3.628539480976184e-19
5.280910167532756e-21
4.182146466380308e-19
7.016620146423498e-19
1.3836642770264616e-19
1.620112302705168e-52
2.6953998604609455e-21
1.3041321738944278e-20
1.8105881245362234e-18
1.5193114523458582e-18
1.5200117707713308e-19
6.957060733710757e-20
1.3182712399422844e-20
3.657811581389833e-20
3.9146678647127025e-14
7.290035603431731e-18
1.8687877109366783e-17
1.6978721021821459e-18
2.5399731270894685e-19
1.2985612666750603e-18
4.379437955884836e-21
1.4097052611961116e-18
7.575219527284935e-20
1.88698211057963e-20
1.4722125379012847e-19
2.60057425751432e-20
2.309042958858161e-19
8.053149872414039e-19
8.200943318136714e-21
9.17975025682506e-17
5.598170537161425e-20
3.005169036184821e-20
2.6820074307725014e-21
1.3299567845547582e-20
1.1478378843199278e-18
7.042696440472283e-20
3.3233353149117002e-21
1.055864920221687e-17
1.1198711689748734e-20
1.6186301733806767e-19
3.9310338903462155e-20
4.139791359378752e-19
3.17090163446976e-21
1.204367953376943e-19
1.9164369315151794e-21
3.218392045408567e-20
8.706002720485229e-20
2.263371568002382e-19
1.13849088636503e-20
1.0715631655030176e-19
3.233790933849561e-18
7.17549548140379e-21
2.5819976510477096e-17
9.616321895588251e-21
5.0919701839364836e-18
1.62958322330778e-53
6.250409593407875e-21
3.5000660007353297e-19
8.615192174405874e-20
2.8611945612040658e-9
1.2446268598967157e-15
5.655250886090581e-20
2.0288489142418382e-20
5.1358337740483783e-20
9.435865170840237e-20
9.820989140292232e-21
1.18833592368833e-16
6.3061398667350365e-21
8.73591392986551e-21
5.684728116635082e-18
1.620112302705168e-52
4.842508294479747e-20
6.506078381129767e-19
5.764171025962222e-21
1.200890961425225e-19
3.0763813077783733e-21
1.047555361385226e-19
2.604737067988922e-20
1.4671094002758842e-19
5.623447887537042e-20
3.984201693212187e-21
1.1535757608721682e-19
6.0787187575235535e-21
4.249593368060035e-21
3.065991123468005e-21
9.236189845304347e-21
4.112996172776791e-21
1.5386135034818108e-19
5.473848553181809e-17
2.921927059851612e-13
4.233455438303423e-21
1.0442686239558814e-18
6.403876801389447e-20
1.339514869782484e-20
1.1677513138574052e-19
1.951084998250365e-21
4.8150654292557115e-21
2.534845503669728e-21
3.091775531372816e-72
7.426609407474413e-21
1.2721239438518842e-19
7.242090457046636e-20
5.098208464570357e-18
2.6708259245117954e-20
3.759497359607239e-20
9.049159989699859e-19
2.9730475536318386e-20
1.6715258045138974e-19
4.816880961468865e-19
2.1434688911375942e-20
3.1637386121738787e-20
1.7100832266463513e-20
1.5585241782851184e-19
1.0305553582231936e-20
1.9835950205937692e-20
7.516810156646257e-21
7.939061871814876e-21
5.3650571335911256e-20
8.184526833857491e-21
3.031783474302989e-21
1.8403216073830043e-20
9.217570667827918e-21
1.9603896414308116e-20
6.809234569815e-21
7.41870558876185e-19
3.863462602825589e-21
3.907563239421686e-21
1.0240414375130264e-15
1.59482360970109e-20
1.3839244081947279e-18
6.423061656641616e-21
7.187855400566385e-19
5.16755752033176e-21
4.657513745717086e-20
2.766800704112922e-20
7.892696298158035e-19
4.6412042314100036e-21
5.643199081552259e-21
7.401355928440976e-20
6.434987905284431e-20
1.355029842822351e-18
5.075846197285446e-19
1.7855030546731947e-19
1.1993457310881067e-19
1.284319832989392e-18
3.1215168126147948e-21
1.2315801477743724e-20
1.76156108079909e-18
1.2735231371698611e-16
8.167086939718661e-19
2.205848588857499e-19
3.9259329418114e-9
2.1306722928251673e-10
3.279469992736613e-21
5.780956197305343e-20
2.0458378237995153e-20
1.9192167279790212e-20
1.9700873500276694e-21
2.931791156493386e-19
1.106596724926612e-20
7.110415430307112e-21
5.1941182194472495e-14
1.6048862662868406e-19
5.437324911081095e-19
6.969919116861403e-19
8.2212053599883e-21
5.134359222111338e-21
6.6562009698495954e-21
3.01100618660462e-14
1.4963025964926025e-18
2.592001301636325e-14
1.0644422282580163e-20
5.432127734055292e-18
2.8668965067117417e-15
2.67826296913077e-18
2.0389221069113582e-54
1.901655004676708e-20
1.3581937514890402e-21
8.757423702761497e-21
1.579412816122243e-19
9.17772784739665e-51
8.603556038797859e-21
7.011427150474332e-18
9.129120873754687e-20
2.639178954574685e-21
7.242720060352934e-19
8.117344938787316e-20
1.1273526327867227e-19
8.805743449376796e-20
2.282944474201317e-20
6.242541582070144e-20
6.071429772190644e-20
1.1813824741853737e-13
1.5833651694548724e-19
2.9875784133553545e-20
1.950379218777721e-19
2.073100633580251e-21
1.7084955467215658e-21
1.4746178768031046e-19
2.437212728297482e-19
3.024386690834102e-21
2.0175185072977375e-14
4.624179648846021e-20
1.0028979879664662e-17
2.7398672034782225e-21
2.0389221069113582e-54
2.796153882517297e-20
3.004421511506308e-20
1.1267080628406392e-18
3.107561310344512e-15
3.1772303240900573e-20
2.803831672750181e-21
3.017246476012859e-13
1.054526629879055e-20
3.1736175855156283e-21
2.9213636989273434e-21
7.224278461028082e-21
8.026482643002526e-19
1.1623611220288083e-19
2.2368412982076434e-19
4.783448509211948e-19
8.4759926344789e-21
7.573565598350653e-19
1.8159613916573954e-20
1.0361858430328468e-20
9.822369621273631e-21
2.9031584677826626e-19
4.000110992079651e-18
6.615449922341639e-15
4.567674185406146e-20
1.531892880954015e-17
1.9652214284136257e-17
6.570168146942669e-21
2.5210045953475353e-18
5.440399845182225e-20
2.7351714309485703e-21
2.097853203559628e-20
2.2800879617853113e-20
3.3523888477455982e-21
2.750674536484543e-20
2.979854802629243e-21
6.607033258366584e-19
8.188117126087189e-20
9.684552864871177e-20
2.618004254580096e-20
4.88520764454737e-17
2.7064176386955936e-20
2.337019460237189e-21
2.4511221283885455e-20
4.8308590984965805e-20
5.896642983418818e-20
7.054729188117368e-21
3.132002240680052e-18
4.7914352821750294e-20
1.4884243689283745e-21
1.134550670423069e-19
9.662694882519066e-20
1.6790331648155481e-19
1.8373675003696936e-50
2.5769742501048847e-18
2.6575774156589124e-20
1.2453756929994788e-19
5.445786936346303e-20
3.734713730870433e-20
2.0762475048247517e-20
1.750781293979184e-20
1.5243505075956975e-19
1.5278524776846196e-11
4.1733905339208746e-18
9.242323173600374e-19
2.9219538226374344e-21
1.468987778398193e-19
1.4139320762039703e-20
9.532377707893272e-17
6.4822714825236465e-21
1.3296253022732593e-20
1.687701077980848e-19
2.64243481056257e-20
4.242396749679262e-20
1.047639406342862e-20
3.237188109317058e-20
2.1368901393965074e-21
7.316063337058434e-19
4.518854947285004e-19
5.948640053288058e-21
1.6201651768283398e-21
3.745627474268068e-20
1.1098643089790232e-17
6.875343918720064e-21
7.57622653420301e-18
7.151405860099918e-20
1.196061156033551e-20
2.3177579001417964e-18
5.083883176948178e-20
3.2905154231069343e-20
1.649326094941331e-20
7.59645353900849e-21
2.8253412180089506e-21
5.034308889568541e-21
5.110395263564147e-20
1.1115574943146786e-19
3.352567014145073e-19
8.141050582762489e-21
1.6337838292799622e-19
5.231838169664145e-19
4.7713519938551686e-21
3.351819305605577e-19
1.140319791982598e-19
1.595913590184902e-20
8.759489347546514e-20
1.4136145919559952e-20
8.222536910796281e-21
1.8183280605417627e-20
3.3438143720296083e-19
5.937035654112825e-50
7.77038269614643e-21
4.142582817576967e-21
4.929451134196526e-20
2.9919963842154555e-21
4.845872462707159e-17
6.089727220257487e-18
4.592517864619425e-20
3.038033263107667e-20
3.091775531372816e-72
1.0761238248660236e-20
1.7038276344437084e-20
3.4179430553316227e-19
4.6504793069690294e-14
2.1461828755211306e-17
1.0592283494052349e-19
5.3487063736811275e-18
8.12689207929391e-21
2.6918512093019135e-18
9.204201429233232e-20
3.530036172885629e-20
8.734084655422422e-21
2.591537831207166e-19
4.127316642150942e-20
1.3281094089226258e-20
4.821623148306296e-16
1.7034871682724698e-20
7.068587143932274e-18
3.678594600599061e-20
5.588196089414554e-20
2.990199093963429e-21
1.1296640657949842e-20
5.7234430632977396e-18
3.9697474767188247e-19
2.1763717807421053e-18
1.091446554514266e-19
1.260565354353019e-19
8.111824483732046e-20
5.1163612099346407e-20
1.2551585426062361e-19
8.611985052307173e-14
1.2926505430271222e-20
4.490293180064084e-20
1.5899571250798116e-20
4.2277374958058696e-20
1.0714015322072962e-17
4.5730409946253814e-21
1.7046471517158562e-21
1.374653254324477e-19
3.506717623376921e-18
2.8401290583810595e-21
1.432548739469132e-19
5.356875324217991e-19
4.250552511899922e-20
9.665423555683522e-20
3.285902477860235e-20
6.4563415374957846e-21
1.0488054896730045e-19
2.170583491471708e-19
1.084857512052183e-20
5.721765733141323e-21
1.368828070358702e-19
2.5650334120544133e-20
1.6537098040274095e-21
5.592873793427343e-19
2.896213421284389e-20
4.018831437076412e-20
6.433726905845747e-21
5.649682427717635e-20
2.2288857536817092e-21
3.6088665395875105e-19
1.3154582819316622e-19
6.520563507430644e-20
1.4125064338299878e-20
1.2456571436645872e-17
7.69526172177884e-21
4.1740606584851677e-19
8.119694200183801e-19
3.3176313398024026e-20
1.984292471576905e-21
4.537022942675413e-19
6.04799291090992e-16
2.8501268177201855e-20
1.4230178277791797e-18
5.708857267749617e-20
1.4541322011485976e-21
3.9839000498773624e-20
5.1520404384373046e-20
4.467274473406584e-20
3.656671380484083e-21
2.786313891767029e-21
9.238018514028779e-20
1.6459633425273503e-20
1.944141319316175e-21
3.622814255962379e-21
1.552622084645426e-20
4.303123764620096e-19
2.848594328126646e-21
1.7403337502565194e-20
2.1595662776123614e-20
9.216634336023359e-21
1.4441514337355175e-19
1.6637230753073526e-21
3.566573111857644e-21
1.275233659384243e-20
3.7754376033055512e-19
2.111716359022789e-20
8.681319599406047e-14
5.287172842128749e-21
1.1898313554284953e-12
1.6660856598022835e-18
9.244791682385377e-17
5.139885329686513e-21
7.877318709948475e-21
1.1129401667870405e-19
3.098317992099564e-21
6.263706510023086e-20
5.573942198268794e-20
9.188103974799662e-20
2.2237417455839932e-20
6.88860828469884e-20
3.2614633593754653e-21
9.655015597405453e-21
2.9485084636494827e-19
1.2635067263257042e-20
1.3388233977841084e-19
3.884416892250629e-19
1.2397936727424086e-12
3.396564648080606e-16
9.075020964962144e-21
9.098591305858947e-21
3.7474925484345194e-21
7.729827907401987e-20
1.49648223387902e-21
5.593135322497562e-21
2.8302923363387166e-18
2.2520507083003395e-18
2.6448759923080766e-20
1.2291056198651298e-20
1.0115170092489181e-19
8.86834194378765e-18
1.869886838580199e-17
1.3020384820454471e-20
1.0906042114982831e-20
1.0087008416666498e-19
4.39698060463214e-21
3.881258176580786e-21
7.090299900482654e-21
1.211984111973545e-19
1.1667293018982322e-19
8.717215591705786e-21
3.0395296884206036e-20
5.00317642712977e-21
3.076451177758333e-54
5.853766650675893e-21
4.070435235383426e-18
7.678087737752078e-21
1.4676468513695466e-20
1.5530248127789874e-20
1.0398181642960464e-18
3.116688013103784e-20
7.21280114185951e-21
1.0393189089809106e-20
8.269417599175004e-20
2.0389221069113582e-54
9.015240868587683e-21
1.1416129431353977e-13
1.5119422684659188e-18
2.033636516191913e-20
8.69933180401534e-19
1.3913304431165975e-18
1.448820339361905e-21
8.873646100333776e-18
4.0367770595117015e-21
7.998648244838813e-20
6.557177575246223e-15
9.937397923921496e-21
2.664559034631119e-19
4.2584959601637657e-20
4.592504191623286e-20
2.5268628906711345e-14
9.046498587006522e-21
8.033130869446927e-21
2.866342585431605e-21
4.207267103768934e-21
6.661917017688783e-19
1.3432062208572964e-53
1.249130528836164e-19
9.095707982838108e-20
1.779958315564034e-17
1.1037365193778839e-20
9.482838128936664e-21
9.283459418963763e-21
4.279037851181138e-19
4.939496683855902e-21
1.3704986151187076e-19
2.980039894156184e-21
3.499201602853722e-21
8.773661828368145e-21
1.9064899955926134e-18
3.355095795694273e-20
8.98114737689417e-19
2.8423222211392216e-21
1.499604094274639e-21
1.7637023755193972e-17
1.1718637473480284e-19
4.1468353430423643e-19
1.618656041481968e-21
5.931028829500361e-19
4.595660345725254e-19
4.614006921963714e-19
1.1995863071789499e-20
4.795330106660879e-13
4.792960089356183e-19
5.883362866438503e-19
3.0013190353388553e-19
1.3506018369875303e-20
1.6697415780494057e-19
4.2362900775214704e-21
4.530463255290558e-17
6.459704459484557e-20
2.8833839192075696e-48
3.0961224479735314e-15
6.3267054330348064e-21
1.2265828770045225e-20
3.0145146092361375e-19
1.4542153532321327e-19
6.076538127868473e-20
1.4515223811045724e-17
7.568862848990174e-21
2.577841599784433e-20
2.120598587994102e-16
4.705013156414282e-20
6.9983940519471355e-19
7.372898640838792e-21
4.81720866940087e-19
2.0193418744558573e-18
1.7860903992326868e-21
9.962750484894937e-21
5.115312590405756e-21
1.0890461903920947e-20
3.1693305360675105e-21
4.185476046952078e-20
1.9245442593786507e-20
5.450839678665717e-19
1.3852386381622597e-19
2.0841932219803698e-19
2.6331745157522058e-17
2.982050076134094e-21
4.892068807308077e-19
6.097514184365453e-21
4.430531639239426e-20
8.114784320556587e-18
1.604594620506143e-19
4.071501025122486e-21
4.802746845510004e-21
6.82104213956685e-20
1.5498540451282864e-21
8.730990654870213e-21
4.180828404019076e-21
2.936863056198285e-21
6.136523746269797e-20
9.203964715031885e-12
3.240210177122175e-14
4.655879901374964e-21
4.347992300576985e-20
2.5487446115903022e-20
1.0325221283953086e-20
1.7345542292930715e-20
7.124694389374699e-19
2.456076127308576e-15
2.0482949675661054e-20
9.683154151138278e-21
8.62763961700088e-21
2.911886252139734e-21
2.8899569685642822e-21
2.6327602295941238e-48
3.1688446090922534e-20
6.613280717802249e-16
2.771136822859226e-21
4.5866469791441135e-20
1.0699903775606855e-20
7.023750443753177e-20
9.704821376477586e-21
3.042000789465721e-21
1.6704819011502588e-20
1.3433476031337659e-18
2.742653311090058e-18
5.030630920294747e-21
8.464533950624014e-21
1.552566805493425e-19
1.310874501027387e-19
3.61383933594867e-21
4.3505031897179537e-20
3.595121257105199e-20
1.87848743225437e-21
4.596597757360696e-21
4.3066919480883815e-19
6.571325151814843e-18
1.8597151758745923e-19
4.453454321305843e-21
2.5311383114139522e-19
3.8528666459875906e-21
1.049867134508977e-19
1.0035598508729816e-20
2.050115628830511e-20
5.899053581818872e-20
1.0921419603577734e-19
3.635379887824104e-21
9.667565303205982e-20
2.246695873721924e-19
7.57965160657692e-21
4.307201018485908e-21
5.711431170128213e-21
3.4302771354137405e-19
2.6782186740242223e-21
3.86189318127976e-21
2.2910757654489504e-20
6.058706896797512e-19
6.1270294771784214e-21
1.9211355596041353e-21
6.493558034057704e-21
3.946905640557462e-21
4.364734412565682e-20
1.4660578232916695e-21
2.5103917775948163e-21
6.978826753646584e-21
2.911100350953089e-21
2.4810671112138983e-18
8.520493865051942e-21
3.7581747672380636e-21
3.5391166360451085e-18
5.485119427014985e-20
7.375864076692907e-21
3.775760821683963e-21
2.757390203920921e-21
6.8088548418334506e-18
2.272493946655293e-19
1.1485568959477517e-18
8.969479897477482e-19
5.161355859031206e-20
4.108552162607549e-20
7.53966819612215e-20
8.301752240175385e-21
3.146690966493047e-19
1.8337382116825526e-20
4.533495795411074e-19
1.6087035224998804e-20
1.879370339391727e-20
1.2813900110461112e-20
7.699855463311978e-21
8.396002019786299e-19
3.1531903503561756e-20
1.5439907804537531e-18
1.896086626619362e-18
2.1116500650929146e-21
8.564224792925858e-21
1.5295532463030001e-19
8.158102340568003e-21
4.953160516457915e-19
2.6809093316902367e-19
2.4249170447652365e-20
9.383801968237392e-21
3.2264747625898962e-21
2.243073435776457e-19
1.7143263026306492e-21
5.902160764623427e-19
2.2605156572945325e-20
5.576827554309401e-20
4.7470578099197616e-20
2.6463356375631587e-21
6.142171452359101e-21
1.0054422006521552e-19
3.655998390403333e-14
5.290854316638e-21
6.01835407061297e-19
4.340695475617029e-12
1.9118969441798096e-52
1.89126558465356e-18
1.2334284947496048e-20
1.6812819335720202e-18
1.1507792129121936e-14
1.191044234157849e-19
8.404173471674205e-20
3.1757238434736124e-16
1.5350083348160636e-18
2.084982487739635e-21
2.895439100648124e-21
5.926787007566524e-20
2.787781834048015e-20
3.7267136935809975e-20
1.0634977430328004e-19
1.4948524831612254e-18
5.695510069931782e-17
1.5895759133076747e-20
1.281508170143726e-19
1.297149227299821e-18
1.991569340981464e-20
1.4239945841895423e-21
1.947328879394591e-19
2.3847530676104124e-20
4.730354232651756e-19
6.9009942474969164e-18
2.7124589190880295e-19
1.526017636712509e-20
5.4120032973322954e-20
6.430909036679317e-20
3.068597107702831e-20
1.3229466626978503e-19
8.93971165573945e-20
7.654433209411149e-20
1.8819405934635077e-21
2.0810015976081687e-21
4.029081377257341e-19
2.891280445224652e-20
1.9284980179547318e-20
5.370634656688396e-18
4.407795425469309e-21
7.636126999976432e-18
4.66394938739451e-19
1.5182414069547533e-20
1.852782431679498e-21
1.270948314007756e-15
4.73196949613294e-21
8.063999313745546e-20
1.9742054589946016e-19
