3.499077767109363e-5
1.9871562719242713e-5
5.455073886656335e-6
2.592665160558291e-5
2.6244488626777384e-5
0.0012184121784498047
2.277458166282403e-5
2.6701961354607127e-5
6.607562463070585e-5
3.5184981222459384e-5
1.835424356329632e-5
7.956814080217018e-5
4.173865937492227e-5
8.253246591872605e-6
0.00013806236271325065
1.0590451075190473e-5
1.1419765087830543e-5
5.309737613055502e-6
2.8597305729135965e-5
1.660461317310931e-5
3.8915824457146456e-5
3.819036606944398e-5
2.452136127847021e-5
1.5322388596641952e-5
1.3381717211474033e-5
4.850220834761367e-5
1.7445774197285466e-5
2.6866528586043842e-5
2.6661527383931262e-5
9.906094936469364e-6
9.987851640731687e-6
9.35683070998216e-6
4.2930678989617695e-5
1.8414635767428446e-5
3.985134549642117e-5
3.007040067103885e-5
2.7191323137025985e-5
1.2713265961453961e-5
6.803545185180273e-6
1.1163211111883937e-5
0.00010434052177426428
7.022550072036147e-5
1.210415287146017e-5
4.762310891760389e-5
1.0391249048450007e-5
1.456596210300478e-5
2.1001759565244727e-5
1.3077565123539084e-5
5.878187486792103e-5
8.56187277250998e-6
5.802427645940517e-6
1.2996501021528089e-5
6.4020018319971884e-6
2.3651784529916096e-5
5.3456364320121784e-5
8.47058589164047e-6
7.162484658024655e-6
2.2418982668616493e-5
1.6024338136746187e-5
1.2901929904266244e-5
2.6346636721702528e-5
3.0087067822301088e-5
3.523839565147304e-5
2.7590675722057947e-5
0.0002084196778888307
2.4019012257512132e-5
1.400135913005216e-5
1.7299756682675938e-5
2.11101740005948e-5
2.049407375969918e-5
3.118392450098922e-5
0.000507704117844303
1.5197997239908837e-5
1.352472445796731e-5
8.32613414378911e-5
2.778551284393432e-5
0.00010664107780536958
2.2568386987115053e-5
9.938521780759321e-6
2.0422525173286886e-5
1.161292263178959e-5
1.4920794343309741e-5
2.9313910828770512e-5
4.967048869332836e-5
4.9142115825874036e-5
1.855384617159467e-5
2.3922779550472526e-5
8.388849536106552e-6
4.586667039440168e-5
5.962269890149162e-6
9.17339603330187e-6
8.615696792098983e-6
2.8460905788107316e-5
3.2069919524388856e-5
2.510610286275057e-5
4.7543658586149966e-5
4.5730674232524904e-5
0.0001394441882917992
1.5490842196221178e-5
6.299855456853475e-5
4.0617301092047495e-5
9.829948268508808e-5
3.185973919882039e-5
4.0036320844963323e-5
1.3042770659971348e-5
1.7368118666170352e-5
3.668285055501145e-5
2.8673216218522597e-5
1.9607248549778714e-5
2.582102617053383e-5
3.934885997871199e-5
0.0004509901070650107
6.57045775716153e-5
2.436120100039222e-5
2.282893841423131e-5
1.1161430916863199e-5
1.1623337300111968e-5
1.3276020916595385e-5
3.37533641963947e-6
1.3461011126360465e-5
8.383029362170162e-5
1.5303359109107213e-5
2.8905491840750207e-5
5.2762240320230066e-5
3.806417045454166e-5
1.3300363822637385e-5
7.301206006008483e-5
1.0014050014909106e-5
1.1243108436471706e-5
1.9324728405929323e-5
1.7831385201476892e-5
3.3201809441662944e-5
2.8085376078535633e-5
4.733283574821759e-5
2.4328369283763746e-5
1.698010224287458e-5
3.84078061957633e-5
3.4582179837600285e-5
1.4816738324032654e-5
3.9489313271710535e-5
3.563886410263156e-5
2.5165779244625827e-5
1.0556761223555285e-5
2.401045070156639e-5
4.017719922288487e-5
2.591618826076563e-5
2.1301981170201372e-5
3.216289209849051e-5
3.852363152824194e-5
2.1977142390650777e-5
1.38829188428424e-5
6.0225692393525056e-5
5.362527153141944e-5
1.0215966617426817e-5
6.7710303361243e-5
3.473058789320567e-5
4.7371978390890465e-5
3.350098122877118e-5
1.5935805086427082e-5
8.61816058639074e-6
1.5371737640421498e-5
1.40839623893014e-5
7.697484217076142e-6
4.634027835241431e-5
4.1324226095029424e-5
9.324376485588365e-6
1.6377884343419236e-5
1.8554894661868005e-5
2.8526499227568967e-5
8.284810006722197e-6
1.2439442204642973e-5
2.023424917554944e-5
0.00019374741121501487
0.0002837839867384515
4.5809483170728655e-5
6.803183597425232e-5
2.6735206164664727e-5
2.378122800054496e-5
1.1377764326678244e-5
3.65003605356534e-5
2.080243589850029e-5
0.00028664731358547373
1.3057767982183912e-5
9.852737212813897e-6
1.3978918528836471e-5
9.88878446198145e-6
2.3684982569307346e-5
1.1722965449352222e-5
5.170018247466509e-5
3.267096014027768e-5
1.7480019266946415e-5
1.3546152649894145e-5
3.373957369704707e-5
4.9253137298386606e-5
1.0255827733600582e-5
0.0006382832869937676
1.0871256521648508e-5
3.723824176573899e-5
0.0004014606293595907
1.136372141818265e-5
4.0608881528764856e-5
8.473217237995344e-6
5.628113084164181e-5
1.1042768929365623e-5
0.0002580451434320705
0.000114934392926812
1.1732824002098022e-5
3.7943566466369315e-5
2.1266922369827956e-5
1.1382857320345755e-5
4.867409546378456e-5
1.860654498607629e-5
3.208952025194104e-5
8.987201873562965e-5
2.5526187803279048e-5
1.1321932732136853e-5
9.785535804421383e-6
4.030188369340376e-5
9.256528205543988e-6
3.710860656336419e-5
6.264263952456148e-5
4.058936025911943e-5
1.8147437205921105e-5
2.7127208302398052e-5
1.146759821873195e-5
1.4117482139721496e-5
1.3117987326921195e-5
6.93014932964962e-5
5.3783608000894934e-5
0.00013789221136183507
1.2923944875803008e-5
2.153501274441633e-5
1.789337843525246e-5
2.4146849799546364e-5
3.515574061336599e-5
4.971370823468842e-5
5.16876033704348e-5
6.133674351145384e-5
1.4045599129039053e-5
9.78581064269088e-6
1.8632567746107327e-5
2.3889689448360037e-5
2.279368194656113e-5
2.0483807600231302e-5
1.8666637763751028e-5
0.00010265437345960383
2.5288837802962394e-5
2.793501359283981e-5
3.078754934377595e-5
9.691679139878787e-6
3.1747601876445404e-5
7.902491525936448e-6
5.384315655172361e-5
1.1415590212371178e-5
4.6278125102803333e-5
2.193209248656085e-5
1.812661488063667e-5
1.446406211187337e-5
3.0715640499666833e-5
2.6319360673157254e-5
1.0888271018831143e-5
0.0004223467260220925
2.3675447471281114e-5
2.1503199764209695e-5
1.3936466539898994e-5
1.7815773080593402e-5
0.00010547327206219411
1.2893568966563381e-5
0.0003679684570451778
1.803850102847776e-5
4.2650401607986186e-5
6.622165576770034e-5
1.612015970195687e-5
1.999088185427887e-5
1.1464286007580931e-5
2.499379718924194e-5
2.4796709956479047e-5
0.00010892123347896012
0.0003061840826817718
1.7137301650798956e-5
2.8295701182241412e-5
1.2808537144101811e-5
6.805779825781408e-6
1.346043235158713e-5
8.566062919605111e-6
5.706612328811187e-5
0.000225599094523303
2.148243095733058e-5
0.00042998876883599207
6.361803676306473e-5
1.1894372489583838e-5
4.375950093429182e-5
1.997433874173754e-5
1.6424793579146834e-5
3.5758179538832917e-5
1.1325912366262563e-5
4.468548090714011e-5
2.297799083065089e-5
0.00012101749760039514
1.0501215048844815e-5
9.381849788135969e-5
5.275062255068865e-6
5.774349424215751e-5
5.181133226864283e-5
2.8550135119295838e-5
5.6197334155795764e-5
0.00010261337488950015
0.004010225522320298
4.0539518657498364e-5
2.2570025457579173e-5
2.890178750426663e-5
2.425553231274144e-5
6.663460181716045e-5
1.1187836354097162e-5
0.0001206275096618889
1.831343358749219e-5
1.5254172323882999e-5
0.00046362588977629735
6.985982445456118e-6
1.210152090252841e-5
1.8436004893260646e-5
7.35166130841714e-5
0.00011527115709596074
3.687420865960035e-5
1.748473491638231e-5
6.192580609004872e-5
4.920907493472728e-5
5.4463954136660966e-5
2.1008566284688883e-5
2.1788990725679398e-5
2.6869234979068484e-5
4.248926002809742e-6
0.00011177190980155809
2.8720306031794124e-5
1.3477936253369866e-5
7.995265191439166e-5
7.03095809301759e-5
0.00012796658612183529
2.9533449672490575e-5
1.3965116820073283e-5
1.0081188606140189e-5
4.5119142220120534e-5
1.1446727732115251e-5
3.7017765203563783e-5
5.923620432927994e-6
1.2069597514697633e-5
1.7891369765423113e-5
8.318648919695854e-5
1.6872987371100374e-5
1.3864280093464374e-5
0.00010221977746948333
9.956008345493399e-6
3.441441296717826e-5
1.5257698391349626e-5
4.746940722854939e-5
2.9062639902829337e-5
0.00026641292839658796
8.732685074062147e-5
1.4202914407767372e-5
2.0860782280706288e-5
2.312999347780968e-5
2.5317428114862834e-5
5.4528356116197136e-5
2.1363614688352673e-5
2.8192919246609903e-5
2.2011424448322877e-5
3.831218793938958e-5
1.119654841326245e-5
0.00014269435468567792
5.072320057197044e-5
3.639318842961955e-5
1.152760232709625e-5
3.189950072560293e-6
6.35297835176004e-6
6.063617002074046e-6
1.291968199437844e-5
7.494228171587626e-6
5.032758591407863e-5
8.73543650584496e-6
3.523989608133164e-5
4.3927956788473524e-5
2.308940322377516e-5
0.00039672262305582824
0.0006972602365064283
6.579439731777535e-5
1.6659920828899684e-5
6.710060610717802e-5
2.0574643627042603e-5
3.244474527032893e-5
2.62334383588879e-5
0.0003114923673383772
0.00011951432541761299
2.3432507161900653e-5
3.1149751836013656e-5
9.292396388935371e-6
2.6298778591927396e-5
8.36547572705639e-6
0.00021313205004603868
0.00020312750182165633
3.2483771848549885e-5
9.845904385548125e-6
2.2946915121015716e-5
5.0541002561854716e-5
3.310741157536457e-5
2.827935590191575e-5
2.1584237076705224e-5
2.509156736759883e-5
1.4614981684186157e-5
2.6280588319869498e-5
2.104740513452919e-5
4.5838923559309735e-5
1.2871194606855778e-5
1.704696968338554e-5
5.4393437340841885e-5
4.591261392310211e-5
4.846534518752912e-5
1.8290343788810197e-5
4.028698810180243e-6
9.338373869044961e-5
2.3018913208080447e-5
2.0856740372751728e-5
2.250224575792681e-5
3.788678878952472e-5
2.0490773376340553e-5
8.08291305562391e-5
1.1169281315863988e-5
5.19245252466341e-5
3.0223906438892954e-5
4.221189558274051e-5
0.0001422344430945317
8.364571439774051e-5
4.317892523228857e-5
3.3590650661400574e-5
1.78195934466883e-5
3.400215170012108e-5
1.1065994661572106e-5
8.414719031232202e-5
1.2394465477935515e-5
3.1260812836560466e-5
0.0002900203093347256
2.1038113895055863e-5
3.377941287687973e-5
4.414676562711181e-5
6.596460111676664e-5
0.0003202582188469487
0.00016238333178667606
5.6806837556292386e-5
7.046939296103565e-5
1.881962019374427e-5
6.799331485949354e-6
4.998747664932083e-5
1.9689810998561883e-5
0.00010187538476766986
3.495396687671103e-6
3.347954348092672e-5
1.151791534762175e-5
9.012082032636261e-5
2.7142094304178943e-5
2.103352719600406e-5
8.426478535288794e-6
4.4133853786301904e-5
4.9237487493946296e-5
6.738070992686317e-5
0.0005312068713847573
2.1594405169775806e-5
0.00010582262595232962
9.531908620677758e-5
3.605798838692618e-5
2.429126645835966e-5
1.4365023628930517e-5
0.0004449794147978302
3.420954188762283e-5
2.803766326215531e-5
2.4399871158585714e-5
1.6281710933716806e-5
6.72602039508539e-5
1.0070151293554892e-5
4.140705125050174e-6
1.408810026509481e-5
1.9072596567595975e-5
3.606022671620954e-5
2.6785991778909654e-5
6.914875076051548e-5
2.9154210893653593e-5
8.912979650878303e-6
5.187910522308456e-6
4.6478419058407364e-5
9.320407050221809e-5
4.6506395797336595e-5
0.00010262383060587956
0.00012769961348079925
1.368017540518899e-5
1.2356272592119351e-5
7.57751410690024e-5
1.7534224746050334e-5
3.644632492353393e-5
1.9827014431271047e-5
9.959969584859999e-5
7.583793862166459e-5
2.4890448881931297e-5
6.416652261784482e-6
6.209625461332697e-6
0.0006961324839683696
6.328820796997018e-5
1.6397525408372726e-5
4.020897483792206e-5
7.252046306850549e-6
0.00011858371872560854
8.616589049288903e-5
5.0280220952254736e-5
0.00013544052830293473
6.832690293855672e-6
3.5166958071014404e-5
3.730019804443549e-5
0.00010852442622472711
2.4216670561795455e-5
3.929223817730031e-5
6.141454465020623e-5
2.151868852839221e-5
3.862248697936275e-5
2.399833433311701e-5
3.49216836589625e-5
6.973624286505143e-5
6.243585830596323e-5
1.939639153548889e-5
5.402244920611654e-5
3.292392992064392e-5
7.220876651121378e-5
3.59432889701531e-5
1.4323800374444306e-5
8.995137753669552e-5
2.4672654821755308e-5
9.130500810582342e-5
6.331471133645717e-5
1.6987560243198657e-5
3.943560929531898e-5
0.00010567215477378225
2.1543429313803905e-5
2.0988528945351196e-5
1.663283601433581e-5
1.4950546403752494e-5
6.32639579776449e-5
2.046223451585471e-5
5.7701602583475924e-5
2.1955941225067032e-5
2.0721347643625482e-5
1.4589198906358068e-5
4.674486760427921e-5
7.375393524354526e-5
6.791686429612265e-5
3.118636172592068e-5
1.5110667460472639e-5
6.872673704459648e-5
3.8021512175107814e-5
2.4736447079218524e-5
6.553134851340922e-5
2.5352142881684695e-5
1.9334913578794668e-5
0.00019080288355492845
3.2588325679559534e-5
3.9982952627167286e-5
1.3754233144815673e-5
3.073724903878606e-5
2.983167848308077e-5
9.538928638355047e-6
5.226006619760046e-5
2.4854047126793956e-5
8.690359560384323e-6
0.00011261257635345205
2.8935333065081777e-5
0.0001031048149597604
1.2963913199787386e-5
1.97198177236529e-5
3.0031504370071313e-5
6.156112859949714e-6
6.968504994133947e-6
1.4837304436820575e-5
2.307459673688139e-5
2.5384677141881042e-5
1.6847981351912757e-5
3.331075227486389e-6
1.1165759923188474e-5
0.0001802019363952988
8.052594981529853e-5
5.1270163138548566e-6
4.735051333634478e-5
2.6897483615531838e-5
8.147155270237814e-6
1.8443600175833683e-5
2.5254898557296575e-5
8.797657481305376e-5
1.2980563768616193e-5
0.0003746154620586169
0.00015445204261600436
6.87083534364608e-5
0.00010812428536396664
4.8080547241887426e-5
4.949852674003454e-5
2.25546494128183e-5
3.955361320723244e-5
4.201767006612435e-5
2.0189495454767975e-5
3.0315237307248847e-5
6.9106699436335464e-6
1.5940997672666916e-5
0.0001401076431733378
4.705447658214804e-5
4.600825122944513e-6
1.4785545826309438e-5
0.00015834534304802022
1.0717028306258075e-5
8.986341187516367e-5
2.9406724168972255e-5
1.3702729301853888e-5
1.1287482182133589e-5
0.0013614222089717647
3.684449706014869e-5
8.611546368566446e-6
3.361982308630883e-5
9.465567802938559e-5
1.715148793824845e-5
0.00015749907314047227
1.230671876082024e-5
1.2712444432509996e-5
2.7634231186721222e-5
4.7641520797213094e-5
6.482660959144581e-5
4.196203027987852e-6
3.922058858506732e-5
0.00014592225082144891
6.758379350899666e-6
9.761392164595498e-5
1.5134034370506161e-5
4.365187704323553e-5
3.42789446976347e-5
5.866377079507994e-5
4.095003652402887e-5
1.4442929997683582e-5
7.55716402649109e-5
3.410431288551455e-5
2.8827558318335897e-5
0.0003634176511841942
0.00010840477736473824
1.1140445069549568e-5
1.1960188533110172e-5
2.9354496907711627e-5
1.2582422998700426e-5
1.7307400247742117e-5
1.1410914207965221e-5
6.051222536410553e-6
5.098210385939492e-5
1.1071872333660505e-5
9.494274626718782e-5
1.598000467397493e-5
5.749619882834945e-5
9.84327200680913e-5
0.00011068737341744431
2.5394571843710633e-5
1.4377345514994513e-5
1.5157187668989409e-5
4.35480443724731e-5
8.040155183499472e-5
6.015568228359435e-5
4.748134703197717e-5
1.9656551730697634e-5
6.3991862364651245e-6
3.656941225692126e-6
0.00028247705089865714
7.38983827912459e-5
1.0256848393975211e-5
5.7414123408209325e-6
3.0237422361374406e-5
1.7801070537319585e-5
6.220337301839585e-5
3.868545287644544e-5
6.447860864940349e-5
7.566807649421699e-5
0.00014454116103578547
1.2740257187231518e-5
2.0603396571437936e-5
0.00017895472798480676
2.183408964974634e-5
0.00010074032220483124
5.558523625001738e-6
1.872941367365996e-5
6.519444810753315e-6
1.3302780927815817e-5
1.8052916632506192e-5
9.972040379710063e-5
0.0067318960043545
6.900981349843249e-5
6.075203950150969e-5
1.7484805532298123e-5
9.01242368470379e-5
6.338394293395098e-6
0.00013212384068118308
0.00012563589747820015
2.748982280362341e-5
0.00012912746160497873
1.677509062181854e-5
1.3083513722541926e-5
1.9248583519697906e-5
6.070580026539483e-5
1.8575072433814078e-5
3.416004418460824e-5
4.2897170475009414e-5
4.012099090202254e-5
2.1046596106152912e-5
6.588819862692353e-5
7.467287144621224e-5
0.00018967909513008504
1.8519948791200106e-5
2.5750016309662174e-5
7.674528050013388e-6
1.0920562804961555e-5
5.645803853685557e-5
6.159972043764977e-5
1.9562568598726974e-5
1.611373362916045e-5
2.066069805103673e-5
1.406000242796544e-5
4.517340504590115e-5
4.0230449848007836e-5
3.730666631908375e-5
8.656660606357894e-6
1.0423528214652978e-5
2.7545656442738022e-5
1.7385645013323196e-5
3.940037316911075e-5
8.69215894225294e-5
1.9591249935614373e-5
4.036587056555004e-5
0.00010601144644430288
4.1962741932604975e-5
6.293040831378348e-5
1.2244353993052222e-5
3.481287902793508e-5
8.351369168393289e-6
2.5476586881066224e-5
0.00013855791462432756
0.0001127344221241242
5.4141383955308935e-5
8.436260412878146e-6
8.455293803295674e-5
4.664822793578045e-5
6.500278080924694e-5
1.0631221620626472e-5
7.9199525557903e-5
2.9169773456217677e-5
3.0240058209755658e-5
5.418373318443637e-5
2.916369959321157e-5
3.661190725111864e-5
1.592756377621048e-5
9.041779595020501e-5
4.753264265829035e-5
9.990117929879549e-5
3.9543686709035235e-5
6.021350060384105e-5
3.388180445939569e-5
1.5647019478232166e-5
2.201077952790778e-5
9.410744242392093e-5
1.5343355490919388e-5
3.9123621541529505e-5
1.057644197843509e-5
3.4033850123412486e-5
1.3171803601922503e-5
2.4517721471346176e-5
4.9553867458954756e-5
3.228899181039265e-5
2.5088259064318037e-5
5.405172042732716e-5
1.0173265693461246e-5
4.437948970362274e-5
2.9148912123832186e-5
0.00010096439757970549
2.8021411236716207e-5
0.00011993710388782946
1.2323216002101704e-5
3.354940579617174e-5
2.748217613345113e-5
4.260412666473923e-5
3.932222326711254e-5
5.612964257815737e-5
1.2843694396593102e-5
9.121630119597001e-5
0.00011111963798325388
9.879550276517947e-6
4.236409789399089e-5
6.846674587665538e-5
2.0889389130383758e-5
0.00010193756619502306
3.2336596036701565e-5
7.742641597271833e-6
3.174901551123317e-5
3.517180626555892e-5
3.332305817048244e-5
2.556300055048451e-5
0.00025280699777651983
3.410234505143855e-5
6.580578609964054e-5
7.939342693768263e-5
5.8676079561036326e-5
2.6709563652006218e-5
2.971274359234214e-5
5.6375678876014935e-5
7.553754375068676e-5
0.00010882585515972166
5.382563667611352e-5
0.00010608131406012903
7.612427227121114e-5
1.1121493141108826e-5
1.1382842312191317e-5
5.103780944165029e-6
4.626737757610626e-5
1.3918635514586654e-5
3.640757752286275e-5
6.23805607448623e-5
1.9558184682528505e-5
0.00013406058721661347
5.118042951219175e-5
2.486207845569572e-5
0.0001455778741349787
2.4729916785243973e-5
6.638044787620006e-5
0.0005083675873900244
7.090781211178536e-6
1.0913725044987299e-5
1.4142219993910046e-5
0.0001585062638917696
6.673427751293341e-5
5.4938837950574295e-6
1.8491803952766298e-5
2.4450899075025026e-5
3.6740812384702915e-5
0.00019547613287616657
1.7187341836040966e-5
1.9925262719302913e-5
1.1110824178132666e-5
2.2576000833098126e-5
2.33960143576088e-5
0.00012945062905414433
2.712632248297974e-5
2.195473228752403e-5
2.23924445738023e-5
1.5257711432414983e-5
3.978158718465968e-5
1.3949517680030099e-5
8.895047163546147e-6
0.0002073698714430947
9.338100075049248e-6
1.42646738105524e-5
2.0870857407675002e-5
7.177743283161385e-5
4.627301816010258e-5
2.8974851484817477e-5
2.414933417149269e-5
5.6048440197005e-5
4.667272433285929e-5
2.3124986248123833e-5
1.3495107028838397e-5
0.00011814232100344782
5.680577926467861e-5
4.555989386984205e-5
3.4694741448925494e-5
0.00018036298906851607
1.6925063683924685e-5
3.0228845533696392e-5
8.005363125312943e-6
1.3557809554324448e-5
3.770313896324947e-5
4.160809028574727e-6
0.0002592424237196376
1.3246106536758051e-5
1.1760616948381542e-5
5.815497699721691e-6
1.9082315084951153e-5
3.8331655129964054e-5
2.8871121980382638e-5
2.1294631537286062e-5
1.9175407444508124e-5
1.2103422738418761e-5
5.267025813987615e-6
1.834876387818834e-5
1.4691064038601454e-5
2.2203904594228504e-5
4.468432028298557e-5
1.1317911116363976e-5
1.2596050311197595e-5
2.2840369296312312e-5
5.492503640349398e-5
7.802056297861198e-6
0.00032293369768037763
0.00011187769050487463
2.9333367783297102e-5
2.690303695811338e-5
3.9076443005132195e-5
0.00018912675711688055
1.1290449037099857e-5
3.64626545096626e-5
2.9671767769322007e-5
4.755755264733571e-5
4.2664224536996205e-5
2.625075607394076e-5
2.9894791830627955e-5
7.024988942155438e-5
2.2468559514751742e-5
4.726124799991518e-5
2.7473441203686168e-5
2.3137289078122475e-5
2.557541068129423e-5
3.709678226496002e-5
0.00023196959252761264
4.7886852275246425e-5
0.00017080273025047674
2.5734800724983404e-5
4.203054065318085e-5
1.614616334008905e-5
7.537222898761564e-6
7.003906699365666e-5
2.8129692271784068e-5
2.392031318779914e-5
1.83818079154464e-5
9.077790790843566e-5
2.0541144501439225e-5
2.618917147905685e-5
5.354538716687396e-5
0.00011014381695723909
1.703437171343321e-5
2.3621236182636873e-5
6.349385796999875e-5
4.681758527382196e-5
2.63972613185119e-5
2.8083222551235113e-5
4.9452920295008345e-5
7.812325013524098e-5
9.198778466385501e-5
4.614143005194873e-6
7.870636611287701e-5
0.00017468989811931623
7.119419076898851e-6
3.490733038035498e-5
2.2503060409138596e-5
4.4507030787828625e-5
8.223575930694864e-5
2.2654287836403533e-5
0.00012808464511915652
1.04526565202449e-5
0.0001023287074795378
2.9145817993502912e-5
9.476513456770738e-6
3.8943916233850376e-5
5.942811914109022e-5
8.350940943847384e-6
0.00014784678635294682
6.261420390734786e-5
2.391199956678345e-5
4.292056162245156e-5
1.0698040880987297e-5
3.4869285197737044e-5
6.49065830972153e-5
1.9356728062487844e-5
0.000156454937438661
1.0463923535920263e-5
2.688527037621943e-5
8.038623750922302e-6
4.1738424590563554e-5
0.00011266530068546948
3.844690900580498e-5
1.5990838708727927e-5
8.229542135224973e-5
5.219003872765108e-5
3.3941968450623636e-5
8.63209801709801e-6
2.0942582972692344e-5
8.803944529342733e-6
1.2466620111201277e-5
5.260462304420883e-5
3.457880085815429e-5
8.149934871152406e-6
3.337635825799788e-5
3.112101005676573e-5
9.555519245741627e-5
2.8810993381339772e-5
3.147118489403807e-5
1.3952056856772333e-5
8.215930406773589e-5
3.4285831176196556e-5
0.00014042006278618954
9.179710447234557e-6
5.966357625555238e-5
7.297859100485952e-5
2.7151304788988683e-5
7.781184523513156e-5
2.1150206970905674e-5
1.9583985403731844e-5
5.8898160934683454e-6
5.111074111948063e-5
3.799536590406917e-5
