2.589734527255722e-18
6.48448511229741e-18
2.9968489075519596e-18
1.1234443942196816e-18
2.5909911859630255e-17
2.0234911871613283e-18
3.135049305328786e-17
1.1147416978912176e-15
2.559663404741257e-16
2.064348307463712e-17
1.0285319361528096e-18
1.687142504809286e-18
4.534482319580485e-17
1.9769185885906067e-19
4.652271245789795e-18
5.091143395951777e-19
2.0142729802223564e-18
1.9427948084563507e-18
7.636381953026554e-19
5.5984098074492625e-19
2.062166441327498e-17
1.1533798248813783e-18
1.1781941138563866e-16
1.1913376997188124e-16
5.710942615943914e-16
1.0347253959682752e-17
1.0084023825439192e-15
9.750419615670503e-18
4.924978544456307e-19
2.1209523852214054e-17
1.2474956018932764e-18
2.1678252223804632e-17
4.417038795057524e-18
1.48423352208353e-19
3.038838311716384e-18
1.0264030235930661e-17
2.6439477071653263e-18
3.873507917623791e-18
3.8290022114760404e-19
8.034780338427448e-19
1.7621214799292203e-17
3.3652028191517744e-17
2.335890235734131e-18
6.789940226506099e-19
5.658324913425821e-19
2.9944101235968987e-18
4.2720040253327944e-17
6.229357875120256e-17
1.43799152398814e-19
1.8328653034463922e-18
1.5595244044517917e-19
1.7032331887138277e-18
2.6570248275270155e-19
4.369946765831298e-18
7.479963436586431e-19
1.431249724993442e-16
5.363256683160586e-18
6.4632640260596895e-18
7.290326180312914e-17
1.816236808658208e-18
3.77205512138804e-18
2.268430062364205e-19
6.144708835409963e-18
5.983260750134375e-17
3.605540706448829e-18
4.736355966390748e-17
3.0168319196701224e-19
4.499270769859309e-19
9.184731841689892e-19
1.762000972694242e-16
1.807676095760097e-18
2.615222545970913e-19
5.17273080071101e-15
5.963047158963198e-19
1.0383881612660478e-18
8.183177960497161e-18
2.707112145147055e-18
6.0972002252609835e-18
7.463571661844139e-19
5.815906489316044e-19
5.166050623808765e-18
5.115629455410709e-19
1.9252251854249858e-16
2.3526988075913714e-19
1.8592276884120946e-17
1.5211470406445855e-18
8.984867366612174e-17
1.6760284013177458e-18
8.84973712866322e-17
1.120574699326386e-15
9.154511115631568e-18
1.6624865697344342e-16
3.2740871377201817e-19
2.936490578630932e-17
7.918583328163507e-18
4.061715045002725e-17
6.690644749080858e-19
3.5523924294333514e-19
8.654342657264357e-19
5.597299469933262e-17
6.908254972735073e-18
2.368670009431227e-16
4.4901895008088276e-15
1.460255950410913e-17
1.923996940388851e-19
7.029532217637198e-18
1.8311773656943398e-16
6.220680134696644e-19
1.4596081419019992e-19
1.3892211113748475e-19
1.5923839339686558e-18
1.534958294998895e-15
7.574614773309445e-19
1.2282802510039187e-15
3.0364267487666563e-18
2.9456179159758015e-18
3.64955593386229e-19
7.171012800925742e-18
1.3562709814869497e-14
2.2539345759841448e-17
9.151075337174851e-17
1.2234553406651935e-14
7.937432052356406e-16
3.8649016080673794e-19
7.939588179575038e-18
2.306764816744557e-18
7.069455708787614e-18
6.538281893958514e-19
5.077952999384564e-19
2.6484400743198337e-18
2.0840011517320402e-19
7.707343152859229e-19
1.3736883395764312e-18
1.4202215165402876e-13
1.4648268208902855e-18
6.427679500183247e-19
9.291330749364464e-17
6.994943088928295e-19
1.237913914838107e-18
2.4540630811688934e-19
4.035652014185196e-16
8.390138537410474e-18
5.395531855914196e-19
5.485795101635409e-19
3.4763302006860535e-17
1.6634322307813748e-18
6.819844578696385e-19
3.3567003050838947e-18
2.0744982033465027e-18
1.6437466837403912e-18
9.200729540344759e-18
1.681732478274775e-18
2.215138210319184e-19
2.1261940476994633e-17
5.911891449713264e-19
8.848447305766638e-20
3.004326129491646e-18
1.2131182697974797e-15
5.524166253790294e-19
5.591080340603893e-19
2.2300229908985834e-19
1.973729210768307e-19
1.373304429010991e-8
5.59537201564192e-17
1.9524147017773446e-19
3.248390295935639e-17
1.2537341374732857e-18
8.345099671521689e-19
5.9288351322803615e-18
7.214627246170907e-18
5.672021656370266e-18
3.0123494384563773e-18
7.048530523941219e-18
1.3086310384203089e-18
2.984271959518376e-18
7.273898330180117e-19
2.8294865008668876e-19
4.195567963309404e-16
5.774494453661006e-19
2.771630428678376e-19
2.3787403677955915e-19
9.709650831683828e-18
9.101530414701804e-17
7.948754440357235e-18
3.570413557787749e-17
4.703025573941498e-19
3.652821444525135e-15
1.3073889240051768e-14
1.637256057745315e-18
3.8229487679602874e-19
5.886296430281371e-18
6.064009256608557e-17
2.5242857981937153e-18
2.0148180261688704e-15
3.915564537245835e-17
1.2825679097936119e-18
4.7763232652332465e-18
4.376302086175039e-15
5.982705024578215e-18
9.457994947041956e-19
1.2539312350723114e-18
1.0004552896496292e-14
3.227692043657014e-17
1.3199288940983616e-18
5.2818096418262514e-17
9.756397202508509e-18
1.194258919298597e-17
8.912045035778454e-19
1.0234999806522662e-17
9.59154139269572e-16
5.527644164564089e-18
1.0069705629856031e-18
1.1068948790950465e-18
5.950552578854823e-19
5.131197766079633e-18
2.1120179694361028e-14
6.052991633077922e-19
1.125127242738636e-18
4.698764897856862e-18
1.1785970814549447e-15
3.969375667995358e-18
1.1781058141826222e-17
1.9173470309641074e-19
4.444138248048394e-18
2.9160813104579712e-19
4.7741674116132756e-18
2.4135896469626582e-18
4.0844420473931014e-19
2.472270655679359e-19
2.700413068584536e-16
1.0815236204542089e-18
1.0409800204875374e-17
1.779712474065185e-18
1.9850082081267266e-18
8.342328795848844e-16
5.39135891540502e-17
2.801933831101244e-18
9.214517999931407e-16
1.9563488814490003e-14
4.1386012010037127e-16
4.22004585665968e-19
4.973141507917635e-19
1.7450261243339466e-19
5.72761168733987e-16
4.4082419538454614e-18
1.4671887110687736e-16
8.456950479076947e-17
6.458663638866323e-18
1.6804952320492768e-18
5.664429110691917e-18
1.0848621243824836e-17
2.299080117124863e-17
2.8497814550409706e-17
5.461637333901403e-19
2.87933103952889e-16
1.4183945755537406e-19
4.784685988372363e-17
4.890757130773492e-17
1.2918331348910587e-17
4.393617627314941e-18
1.4450199903595168e-18
2.4176614590773773e-18
4.0472544950803055e-19
2.1718318214463245e-17
1.4157100207711556e-18
3.119326961774858e-17
8.056573901913842e-17
1.91060322592895e-18
2.132092638015589e-18
7.409303101210487e-19
1.4018886913198087e-15
3.647009007283362e-18
7.785078421330363e-18
1.8036965698909558e-18
5.799049078211707e-18
9.281734319192218e-18
1.753791293696684e-19
4.202939993136663e-15
2.276460906366288e-17
1.4001899898695393e-19
3.635368186780771e-17
1.9165701380825235e-19
5.744650347896333e-17
3.1560063578513986e-18
1.5000998396264427e-18
9.203132506327394e-19
2.6809029698858555e-16
2.8488024118191e-15
3.884663242017489e-14
8.960642939825969e-19
9.516914966037358e-19
5.484042228998521e-19
5.1346061410553303e-17
1.0968241388928077e-18
3.717643090081529e-16
3.1699008020001097e-19
3.6636225845782393e-19
2.987880275085224e-19
3.554102413560173e-17
7.635324408556276e-19
2.9903296460678205e-17
5.900626095128091e-18
1.2570310341820375e-19
2.1169207142232315e-19
4.522212875689674e-18
1.634722998749601e-19
1.0353929091697369e-18
2.9702747531467672e-18
5.889585846896414e-19
1.4464943529275163e-16
1.782048124852567e-18
5.055483444261022e-19
9.498246830189567e-15
1.2371053437560636e-18
1.9031393955167443e-18
9.281235740199589e-19
2.4381854223117393e-18
1.1561894915271614e-18
1.0134879091110733e-19
1.4529107604448219e-18
4.383408708675634e-19
8.970651279514655e-18
1.0072107287827205e-18
2.988456185104102e-17
2.422742155277122e-18
6.614219976787262e-18
1.3570164238365585e-17
6.7658854502583705e-19
5.022517531787914e-17
2.1362135324407602e-19
1.3368790490225477e-18
2.1366850442779925e-16
1.2035698093329427e-19
1.0293542352546554e-18
3.659229759339186e-18
2.813291669215658e-17
1.599346269111632e-17
3.7369276758390705e-15
1.4537895070279869e-18
3.033929305205706e-17
1.9031571206286377e-19
3.1211914548122444e-19
8.532831277924132e-19
5.950727281246851e-17
1.2260991818641451e-18
2.2180310276372594e-19
1.2226956851536596e-17
1.7255486973087102e-18
5.954545902215014e-19
1.7691395194103406e-19
2.1272146244387349e-19
6.236830940838277e-19
1.0713330162431894e-18
3.138306928001943e-18
8.76827888599327e-19
1.52540406000645e-15
1.0074054279202728e-17
1.0285580354589137e-17
4.181375533531006e-17
4.167545043611214e-19
7.186654064737414e-20
9.306112761509101e-18
7.207350997752948e-16
2.0523107562590223e-18
4.368758857934227e-15
7.201602962026935e-16
4.785296611493336e-19
5.717549976165375e-19
8.399529974862996e-17
1.9243356164316224e-18
2.2189004737924854e-19
5.1704059753700415e-18
4.0554097152061317e-19
5.9713550997794504e-15
2.3049784983907957e-17
2.8778625536102596e-18
8.946374505710522e-17
4.703761207218176e-19
5.036245046252868e-16
4.445998335643493e-17
1.0066596248804982e-18
9.993061398984992e-18
1.6890082341879257e-18
3.5134983289779683e-16
1.2354263172849115e-15
6.11101613117661e-17
9.10402337907228e-19
2.7212678753238036e-16
2.0232716396144799e-19
3.576196817429056e-19
5.683496244909622e-19
2.026253265403651e-19
2.1243536391888838e-19
8.48925697317709e-19
1.9334873552642738e-19
1.8515842800059262e-19
1.0595194358129199e-17
3.7021664395971574e-18
1.246332708606373e-17
5.714299689935398e-19
4.2335039684092214e-17
7.660715508995174e-19
1.6326684197878763e-19
6.273834516330889e-19
3.7828474070439226e-17
4.137971232557838e-18
3.753437463342151e-18
5.167969931555646e-19
1.1645382288247877e-17
1.0319352412219907e-18
1.2083071480743573e-18
4.87692119746465e-17
1.831324239691543e-18
5.687941947157135e-20
1.4847669773458043e-19
1.252283094177984e-16
6.96943486950978e-17
3.726675153545182e-17
5.967763270607423e-18
7.320887741121882e-19
1.1013526009295152e-17
3.462796067715949e-18
2.895166850853867e-19
1.0855758472150138e-17
3.355864772221898e-17
6.509645877358864e-18
7.581316163589337e-18
5.729390507359177e-18
3.907816201959165e-17
2.5473379654703677e-17
4.2850167447199866e-17
3.3311125583405407e-18
1.1179932143073984e-18
1.1620286822514701e-17
3.854956550226559e-18
1.471372425602029e-17
4.911557595735283e-19
5.87852382047103e-17
6.7838723813954255e-18
1.130003815953176e-17
1.1734993943622303e-17
2.1954833232610522e-17
7.502721954333047e-18
2.31951481618318e-16
1.7459167797384088e-19
5.973741958027191e-17
5.788530436195955e-17
8.278269368176539e-19
3.027554369573386e-19
3.023587748989425e-18
5.053774874490977e-19
2.1810159961554393e-19
9.401205067050424e-19
4.439279548779915e-19
5.645367868341677e-18
1.1947836481598725e-18
1.1424726853227843e-17
2.9914550837827495e-17
5.669951801861304e-17
9.573711232833331e-17
9.714856903446961e-19
3.5197999499821437e-17
2.1012054107186457e-15
2.1280706012205753e-19
7.540921095881018e-19
1.2886652525368975e-16
1.3166735702737362e-18
3.546730173303725e-19
3.0280447977692275e-19
1.232082732223786e-18
2.5815254025822283e-18
2.4867782221044255e-19
7.93640001579005e-19
1.3214004060399146e-16
2.103095814146504e-17
1.324177633104551e-19
1.5574390934672898e-19
4.862657992193254e-18
5.02692551118069e-18
4.138868161384661e-17
2.717360541609529e-18
4.200349324718828e-18
1.209136935379848e-17
1.3991670715878362e-17
2.8076944249406846e-18
5.590655104275867e-19
4.722444144162097e-18
1.4551777017160647e-18
1.4010351787736014e-19
9.505889849967718e-18
6.349183824110562e-19
2.6870994282274003e-18
1.2341907989455243e-16
2.2212117658796266e-18
2.892563078759357e-19
8.18679628520618e-18
5.186767255955995e-13
1.7490826171640842e-17
3.2318096507992844e-19
1.122479699995719e-16
9.513282686144563e-17
9.661446850442063e-16
2.5876898642139287e-17
1.4503521804139555e-19
3.699422472916042e-18
2.2259648622947456e-19
3.772001645666288e-18
3.41698631190019e-19
3.7747904199401934e-17
1.7399107388830825e-18
7.739943192708796e-19
3.3420139302795196e-15
1.0769846689168433e-18
1.0722410561148572e-18
1.4001274760950903e-16
2.3420673212078746e-14
5.178041236340006e-18
7.051449012231811e-19
2.1993759204650996e-17
3.8317655150876903e-16
1.1142908969739223e-18
6.978001888727772e-18
1.359217367399346e-18
1.337992076591265e-18
1.585211139613351e-17
9.7768472126664e-19
7.564628945255776e-18
7.04826269163046e-19
8.117138812726542e-18
9.148398619065192e-19
4.314478509705328e-17
1.1451847674611515e-18
7.250863550960595e-18
4.014940477302414e-18
4.095719890081863e-19
5.083465853328217e-18
3.9813683590233236e-17
2.4792162100661616e-18
2.314652786208035e-19
1.3301103662409978e-18
3.0798289312352396e-18
3.950583816740787e-18
9.715882400991426e-19
2.9548881768198093e-18
5.0716583538986724e-18
5.628761175717349e-18
9.373733978833924e-18
5.0017045840698674e-17
1.2625121289451306e-18
6.7527471970883064e-18
5.50001200021147e-19
2.126141712206078e-18
1.3414592371126901e-16
3.7688963360824313e-19
5.242255659572472e-19
2.0731614878427492e-18
5.370539849385967e-19
4.176586869317525e-18
2.208778524097481e-19
1.54118349274386e-17
1.1315321289696939e-18
1.2466035342339594e-18
1.908936458914957e-13
1.1176647208300741e-18
2.650175707183556e-18
1.0165609079076662e-17
1.5943654790299991e-18
1.1248299357859513e-18
4.0110356433373406e-19
2.8188961998686032e-18
2.2065458694780638e-17
4.488952992500769e-17
2.371934510147349e-17
6.772600297788196e-19
3.3272951236887906e-18
1.127196173871325e-18
1.1955942023216237e-18
6.419039368930618e-17
1.0928021841678859e-17
2.6169492100827632e-18
3.875198861670107e-19
5.266509657851016e-18
3.0180068454080036e-17
2.8836331422999714e-15
7.611094209011226e-18
7.52037945944795e-17
2.3220534591299506e-18
1.9777700147890254e-18
1.7006479580283251e-18
2.775584082060439e-17
4.096664073495525e-19
1.1886641420596036e-18
2.3506557712354164e-19
3.9100715561637497e-19
1.4947803443238793e-17
6.008305161124653e-17
1.9527862592347265e-18
1.2576263079769936e-19
3.672005144662073e-19
3.4301871050042723e-18
3.0859695972174275e-18
3.6255012591879997e-19
7.137688368093028e-19
7.919550202756075e-18
9.83766050952327e-19
1.9576412849599918e-19
5.629426241115467e-19
1.6045773138359664e-16
3.8010363592548654e-17
2.5707466387300843e-18
7.427633250631942e-18
2.4153451201450035e-19
1.6675082516005807e-18
1.3074668665000465e-15
1.431551945410419e-18
1.547903883808065e-17
4.428475957788765e-17
4.432985051833606e-18
3.5419681733578835e-17
3.704931689400429e-17
2.486958797273294e-18
2.6358552000995022e-19
2.8067551620010724e-16
6.182678328888474e-17
2.6310090016975176e-17
2.509325577139899e-15
1.421726049197167e-17
1.7196982976114927e-17
3.714676360247002e-18
9.337254433066489e-16
7.730220474321076e-19
5.848114147334711e-18
1.2626447440931673e-18
2.4972360339272545e-17
2.5173647133175435e-18
1.0168828695921303e-17
1.4419756225075304e-17
2.685741642489473e-17
2.2356724596777e-19
1.8259783874963266e-16
1.9006462463147495e-18
6.858145928342653e-18
5.866396463794441e-18
1.2739664008764172e-18
2.477639444397659e-18
1.7304544464742315e-19
1.290084059667623e-19
1.1346204190010681e-17
2.1381531770028548e-18
8.460788415888677e-18
3.017608360099148e-18
1.5596665832476012e-18
4.823564549453372e-16
9.579815924335145e-18
6.179232659397674e-18
1.4640719109389878e-16
5.072525788961076e-15
1.7643021651904834e-19
1.696109859324036e-17
3.302955368566948e-14
4.398255822655479e-18
1.8009763414897855e-19
2.5601946743970146e-19
2.3019189666503184e-19
1.980681991809161e-18
2.048510161352839e-19
3.43029676705534e-19
8.210944111544782e-17
1.3818237480228212e-18
6.915925145721165e-20
1.3093053201321014e-18
1.908650080058367e-19
1.2449266008196082e-18
2.96488569766665e-14
6.805258015627388e-19
4.279030616950448e-17
1.3337748055721215e-15
6.573018521674258e-16
2.287673510605368e-18
1.645161979352051e-15
1.2253112526028591e-18
1.022882544290423e-17
1.3021004147098776e-19
9.279765026943925e-17
3.1586735564384566e-19
3.1733261648549047e-18
2.151278560668575e-11
6.652348584979044e-18
3.759650042972105e-18
9.092667098479555e-19
9.331809556885956e-19
1.0370387985862894e-19
2.5381664617455323e-18
1.0782321739526865e-16
2.6147363355340845e-18
2.463171015505996e-19
1.240555386247585e-18
3.516683419822786e-18
5.561071571327105e-19
1.6460475375571782e-16
1.4333639476183084e-18
2.542528034277913e-18
3.4478210674187485e-18
2.8142110523289572e-18
6.567548401640109e-19
1.50323380435893e-17
2.9986057103774334e-14
1.7637830186320553e-18
1.4827402976442424e-19
5.031663409530462e-14
1.1202888103410578e-16
2.0226772204948837e-19
1.840268480751343e-18
3.7153720537637134e-18
6.210673050987465e-16
2.735121606055311e-18
2.36189699417686e-18
5.611529401188046e-18
1.8124790841257294e-19
6.664934479440238e-15
7.936898263295916e-18
1.863425336583934e-16
5.858561874077385e-19
4.491926176214815e-14
8.458738116385598e-16
2.2244654758073508e-18
2.7535420903194758e-17
1.8011618471472842e-19
5.617000282072637e-19
3.1759216504164742e-15
1.9827357327045197e-17
1.5715102720311693e-17
4.7473977933297886e-20
2.757895980569652e-18
9.12847855028619e-18
1.1338342520140993e-17
1.199671180773271e-17
1.1560505502800032e-17
2.9243624686994455e-18
2.4735723762439603e-18
9.76752126023547e-16
1.5973156677297032e-15
2.604888704898177e-19
2.313971217871519e-17
1.1568059789972077e-19
2.741834486979169e-19
1.9211774406841156e-17
1.058638899211744e-15
1.4088836928486954e-18
2.5132072780674363e-17
2.278220471734563e-16
6.111061484443909e-17
8.433076848314742e-15
2.4579694621229613e-18
7.33213351512139e-18
9.642351410756365e-17
4.648295650830876e-19
3.254034481936927e-19
7.54857407264262e-18
8.530873103217258e-19
4.509435043896939e-19
3.5717587245389215e-17
3.9857000500121554e-18
2.1500934883318904e-19
3.9711760208371365e-17
3.1929734041853952e-18
1.2062254864779916e-15
4.955049981262904e-17
1.6516875497928551e-9
1.3002512755645961e-18
1.7264115674895934e-15
6.440144663884681e-18
2.831319522744905e-19
4.331663998814707e-17
2.0697474126887427e-19
3.7613811768462357e-17
2.8575485513387084e-17
2.533314578859441e-17
1.4217865071499185e-18
3.9232106949109546e-19
1.7167372228984107e-18
2.8346001415893085e-17
3.860269490923563e-19
8.890393769788033e-18
2.112986506339288e-18
6.787389532932968e-19
6.86744266585467e-17
2.775660320395999e-17
2.559594045851942e-19
4.752502735723453e-17
4.043570670052782e-18
5.642860729496507e-14
2.4071457218346373e-19
3.143574473358665e-18
2.8742179709262345e-18
9.73766540428092e-15
7.621684124240693e-18
6.306227831387775e-19
2.7650935303342364e-18
2.6819314348355632e-17
4.1611385271281475e-19
7.368820171000052e-18
8.601968027692768e-19
4.36777158320041e-19
3.230567785439783e-17
4.426047724393746e-19
1.5698406724536028e-18
1.9728433930191314e-12
6.033484032330885e-16
6.39683791509846e-17
3.425930522681661e-18
2.556499316463667e-17
3.459046421226938e-17
1.152572686904563e-16
1.9429637389620762e-19
3.0885398144307227e-17
3.0980714628140173e-18
2.314137789888374e-18
7.871879606267576e-18
2.1879396421076758e-18
2.1464238480876293e-19
1.147134022439802e-18
5.9330575991455e-19
1.2652353132529753e-18
3.7673378291963726e-19
1.753761776684494e-19
8.164559894236056e-17
1.685215106403026e-13
5.927925671165631e-19
4.588580524957949e-18
7.268187164404943e-19
4.168588488018598e-19
4.655700489890298e-19
1.960120334365525e-14
5.860475449731343e-17
4.6255621981818556e-17
2.1192164452216905e-17
2.0010607121032727e-17
1.257540259872174e-17
1.0494565845099272e-17
1.265049381568756e-18
2.066262135053117e-18
1.1370940932786845e-18
4.655751820078996e-18
4.795083544200265e-19
2.6984351340049084e-19
3.396562477753703e-18
3.8557528509939654e-17
2.0158222661318621e-19
1.4891812255055639e-18
7.514175414665522e-15
1.2945810946260926e-18
2.598352157923872e-19
1.5251314217112398e-18
4.447183466644816e-14
3.4073232258979806e-15
2.2498509807696356e-19
9.427296553670463e-17
2.3006691514872826e-19
5.796901205020067e-19
1.256879680580712e-19
1.8306356757524515e-17
9.300329793796103e-18
1.2910822254569838e-16
3.3340669469119127e-18
5.751768949274504e-18
2.4480042429201854e-19
1.9436419513845418e-19
2.1017913956851804e-17
2.1780375060582246e-18
8.694947701393194e-18
8.162901790652871e-19
2.584154355200768e-17
8.201505516480538e-17
1.5079448108199496e-18
1.1017798623103904e-16
5.737583202773257e-19
2.749791598680759e-19
6.0370754962581666e-18
6.033533559618539e-18
3.0435534997283145e-19
4.6662865185651165e-17
8.849597461021098e-18
4.488872658915041e-19
6.487863087597163e-20
7.322999951875217e-17
8.941267260870344e-15
4.135581784340796e-15
9.876177017499988e-19
2.767520325810079e-15
2.3446439145056674e-18
1.4450761086105522e-19
7.248398167121975e-19
1.5752683224597225e-19
2.1632552119111823e-17
4.741266118609863e-19
9.47099472863612e-18
7.043143827083103e-18
5.183504492424981e-18
1.595701876249285e-18
5.205553362282902e-19
4.1373778319803645e-19
1.312003527255322e-17
1.154298627938923e-17
1.1862241457835423e-19
2.682157975636314e-19
5.772987012881889e-17
3.7473762181224595e-17
6.240688429756211e-18
2.785751638828394e-19
1.9725769712587904e-19
1.3066191710536855e-15
8.639340350946058e-17
3.723906038216682e-19
5.287178720835472e-19
9.062169865399773e-18
1.5856486177250057e-18
1.9340570594048734e-17
1.6428366239093399e-19
1.0058397529904671e-19
2.8724697956960118e-18
5.649624618981086e-19
2.9810383763232534e-18
3.425051133612033e-17
7.425853534794428e-19
2.977356468184271e-19
4.623415286023092e-19
1.0291600766600831e-17
4.826709489307163e-19
2.9311132657221828e-16
2.543314822200451e-18
1.5134061273207629e-15
6.599646405745604e-19
3.2689911616329394e-15
7.791873549550397e-18
4.567385093063393e-19
1.7210580728732603e-18
3.822695739081408e-17
2.2466340157050975e-19
3.1681164220684396e-15
1.1006605937057487e-18
7.110760754647448e-19
2.432744787900341e-19
9.399774011649933e-19
2.5349696641466634e-19
4.088678129611122e-19
6.454128790783342e-19
7.554373341382772e-19
3.7769831737219054e-19
2.1189121380765632e-18
5.809910294150098e-19
4.901722179047694e-19
4.291782531436073e-18
1.6620172792554205e-19
4.901140567322573e-16
5.705411919209982e-16
1.9319308016623916e-17
1.262066008349314e-19
8.664819932767043e-18
3.3284017593486055e-19
2.735865831525326e-19
1.3333980842664113e-16
1.7625392593683886e-18
3.923308601750326e-18
2.3796785626542403e-18
1.662351649548834e-19
1.0676056799354413e-17
1.1669767489151797e-18
5.411760471137928e-19
3.5730570361031644e-19
7.434418986548149e-17
4.305418874075717e-17
1.3404144221564198e-18
2.334628286205369e-18
2.6642995255293625e-14
1.090146869443704e-18
1.3610413138154848e-19
2.547630264694406e-17
1.064162714698826e-18
3.4967026111963275e-18
6.977017873518113e-18
4.839829634939298e-15
2.028277541131727e-17
1.715243217814882e-17
1.983391443425065e-18
1.7796073389566336e-17
2.363623329723684e-19
1.2829701735991615e-17
5.86224743273806e-18
2.5491227634719014e-18
2.2999044924850165e-18
2.337330675140274e-19
2.9338072148031e-18
4.434589648467687e-15
1.0503903325769883e-18
3.2193058258417045e-15
2.147620340600581e-18
5.1368520648983274e-18
2.2960340557458902e-14
1.748272641636254e-18
