0.037159209571687654
0.027272420875799386
0.05505385421324196
0.015940852431490557
0.12197895463293025
0.00974690933093387
0.017521859949630705
0.057098486756030326
0.21864379611814647
0.06830734056995866
0.03980896489954251
0.016827444819291663
0.15615749469594198
0.10335887773160081
0.005922725812049867
0.030554737906051267
0.01482568527865213
0.04052636613640958
0.026639756829542425
0.13007715655677202
0.06689170963087242
0.03708910789635378
0.017182570669097185
0.008267937475374418
0.032841275865483195
0.04776304432283262
0.07178121516297076
0.04448019514633558
0.004711167871163206
0.0055107987421710415
0.007952599604425223
0.015631296474469238
0.0034170386094611177
0.0068204644520216675
0.26138592846953823
0.026520660355991554
0.010674155674768584
0.047308936519290995
0.022888261123059195
0.04613221692535761
0.025818999259098085
0.026393791157637646
0.03577106190631349
0.0169396716608224
0.0033496909968716315
0.4896889404007896
0.1046851591407491
0.04952102879254436
0.058865678487778156
0.017923890858022387
0.02555867763014906
0.028648140586571932
0.05946486287727884
0.04449676757433411
0.048558534484931366
0.016374508263951433
0.033280796709241244
0.018569379203655614
0.012174954617732952
0.1750111336589909
0.047049189413345356
0.03285058694678135
0.011700353525455781
0.015064842172171185
1.0
0.014858503704434468
0.021959241360693323
0.042026314406927716
0.014109317388274032
0.03600803413261547
0.003866723252924565
0.0058537879618396375
0.002316892719574449
0.016323770331336685
0.01683102657052054
0.06180501643469742
0.07170364027158696
0.1561992704211091
0.004757793324233436
0.08858530918433202
0.05274981004550163
0.05181828484948002
0.04960052781183798
0.012024621082645523
0.7125517739245618
0.021154495285841016
0.1296096039549312
0.062133251500766803
0.03204395786823253
0.01144761914640257
0.055628164826289565
0.019132056941406038
0.26668526826274386
0.18411179729380261
0.08946846893607427
0.02216615292304357
0.018221766268859532
0.02109545028872344
0.0593721640539358
0.06345311649978796
0.048203857618049066
0.03626711349365323
0.09049554881297103
0.4600896502627339
0.024209680584660085
0.0855308712086359
0.36572990351432877
0.011568324756296452
0.08508387276510535
0.055090886320773726
0.029183399188379783
0.11157781929829834
0.017467982799927905
0.09844974400609736
0.05678879430300067
0.022093418596581343
0.004853676358624777
0.020514135479926983
0.08210300520890569
0.005552890802259746
0.012365419617916434
0.08832040431347692
0.03160679232698133
0.027231948666007078
0.18746813885709798
0.0485106691256886
0.0024185650985486897
0.01990222612860916
0.23031625993998847
0.11419039327705593
0.09556496077233681
0.06993539596291898
0.03490627625624626
0.028367354485378925
0.025945541131236774
0.08703419205728465
0.044807415775022695
0.01291646685969306
0.055887693880605015
0.0035723564013844782
0.1112889908215684
0.06256317681178387
0.08541928067404735
0.020824923738861943
0.03377340241077454
0.01732511604890384
0.05699982777702074
0.1367101727497695
0.060702249505420434
0.033161469978727584
0.007252145210243487
0.1318961940040527
0.003107101941560705
0.01845570527124554
0.01906940883728252
0.18888177539565873
0.006040265409260112
0.14653825326062514
0.005797009060856365
0.011106822434512227
0.07417841656301179
0.013508770581700493
0.012253651693371352
0.015776532487077898
0.010958692914087501
0.018934893017895537
0.020514038804449897
0.017844654794123435
0.043236178358884776
0.05390204699607466
0.008023932560870145
0.0036150023091534563
0.09158435535569082
0.06667005249660014
0.1878165758407413
0.023975147597794445
0.1933561035603325
0.00817788542895549
0.08791493375482264
0.038386552996245125
0.007859413864201246
0.06321215855893235
0.024134703182309033
0.027160251489175266
0.1423554708585013
0.02632854671625452
0.06563364927234161
0.09353799671004842
0.03087183923100543
0.009385155193642006
0.033546233161444575
0.012607328580619657
0.01928390543037347
0.029847581183640916
0.07265083844028081
0.00662329340141755
0.010256157682692188
0.060159619248502286
0.11429936334861308
0.01261334621177843
0.024087279558837955
0.05297480044106728
0.06874314821389135
0.025312605160260574
0.004729574388011761
0.046553556877613464
0.021852697449413098
0.06171573306519327
0.011606625628321052
0.12923439328358288
1.2050869089409073
0.0522804406501372
0.010849331667735785
0.028938415650252902
0.0053703636371687955
0.07321721993291538
0.017557530016311437
0.36637179828413147
0.011943724160384007
0.10762779620195753
0.04912647119367103
0.03939857638079106
0.004748192190993059
0.0038313805289366806
0.020578368414431888
0.017107940121200985
0.011392298857317556
0.007473829118913825
0.03754920411507193
0.056899737981081694
0.008248055161670952
0.023716802701106078
0.031945176030155224
0.023947581611157488
0.033051567967479115
0.03870201710001657
0.03784214360046011
0.040948411164651796
0.039716041248522245
0.008772441657034665
0.013216265092738164
0.007980738942887979
0.049450769271034326
0.13911707279901697
0.021684329980597345
0.0458946699582847
0.025639668036325655
0.08915153423082445
0.037364199349320316
0.07587031549103747
0.024043593717575463
0.015594748464804657
0.05844305831837882
0.003471339900338697
0.28170987017275906
0.07902001319654324
0.009704825795187007
0.09644631214268187
0.03008360633025558
0.021638117394244004
0.034933640133703224
0.010602951924049878
0.05781693091920904
0.08861631557875801
0.018313256258807538
0.002610261558181344
0.010155577892741512
0.07702213582044748
0.01765364660473607
0.18241709340427525
0.15561425866917952
0.018679900388583113
0.028664474544527377
0.07296923046986313
0.20560021364641468
0.013311649591712767
0.10862102163747556
0.0616880993885491
0.01837425584872852
0.037424476802544085
0.012543468702157615
0.03182831736114394
0.00501929323220306
0.04400400380982145
0.009080266597767598
0.008101442364859842
0.002108549396086923
0.01895981846814344
0.01063387710071886
0.023013127429786433
0.002578292286815001
0.009893655147083142
0.1115495275842984
0.043302566246843435
0.017293249405727976
0.036642474128600874
0.023646592299836584
0.08050204564885903
0.02407238781617988
0.02531263490090131
0.07511979407240678
0.0019890959810556215
0.08575260136545482
0.0024452434479456183
0.017160938347034582
0.0047991365115491996
0.06284465894513357
0.003612762603204405
0.006150330862905181
0.008298197673279202
0.194986865200271
0.07229739363627326
0.051150022715383645
0.0034078383515150066
0.011036888165746286
0.016095648212818153
0.07519383500542573
0.003409986485920831
0.09950737199048464
0.004807273615480149
0.01785709585255378
0.039200702725991986
0.023440707281713172
0.012868143812050512
0.09162574601817637
0.011220292599262343
0.02659459828259903
0.029506238793707704
0.20315349244375783
0.023586025331690557
0.012498465584616933
0.14010657567050427
0.04212561296368003
0.035482881180768616
0.003929987306081548
0.027333888984793803
0.06961176974719906
0.009608862912188943
0.5766236526198047
0.12284777524242821
0.10118319914730034
0.04035720297452529
0.38537783476365206
0.12297057187087952
0.023567260113095026
0.09672942268737972
0.4663492865699475
0.1019570595275389
0.05878047413602099
0.0031406371904949873
0.010149575214737241
0.012590338386255751
0.2938982696993668
0.10031428263181806
0.10055958706119598
0.0036753749647162304
0.11504750714030904
0.05590037169105514
0.005944744286852051
0.038593591058536825
0.01606178721878819
0.05942826731863573
0.09908705754420429
0.025782972275715244
0.0069503441401901345
0.04139792694041522
0.005755369950505283
0.6153415659758201
0.05371550435806073
0.02471322264615804
0.016169424227668754
0.021699344400976706
0.10928174801443744
0.005440945462935981
0.07412812862292815
0.11124833080095209
0.026075706249923204
0.07629022437996678
0.02233413908086585
0.0024296491605918496
0.03323121068880844
0.007145936008994732
0.03327607939257247
0.033620178608472044
0.005922444692449871
0.0031908364369179413
0.05109071116762448
0.07046882063028295
0.02117455533530059
0.004016464010338661
0.05556688775811527
0.008616755988101054
0.10752280638540436
0.012091641743499498
0.006599960878603019
0.06999256127676191
0.04254824445867491
0.0560591330168553
0.09128794275540555
0.006356431573108301
0.005191210930263931
0.022940839962422955
0.019620810990788582
0.22763862711713054
0.010816092434027293
0.005000938744515328
0.0362175702123316
0.020597490615409733
0.014987688139536158
0.03233624111559553
0.061381564680698955
0.05036972020350568
0.036872743161312053
0.049486975053664395
0.005755860452951706
0.023990443068980766
0.025283382795585993
0.005880724783239515
0.2575572518978432
0.006574456837337637
0.021010644304029148
0.0655315578650584
0.041440082357392244
0.025789358841659345
0.04403646656707743
0.04142787690984803
0.04504996077272258
0.008714977303376904
0.0023757469336427163
0.012029973535862529
0.013146967677092525
0.07582158904137389
0.016983007373326503
0.03333820195652819
0.012251246614682304
0.1776993332056869
0.0447253497740352
0.19977664593223388
0.016483224923279076
0.010892357193908946
0.06594716926892502
0.0025259695277096077
0.0027116264003935273
0.04895655111588409
0.2570280713726545
0.010686510966628043
0.03537429262020631
0.011420314663005747
0.02274565024372674
0.03943379349178163
0.028865303608521835
0.01257547346456765
0.02507220580477739
0.019906823815012034
0.03293472682004744
0.011056492116136657
0.00740016943841262
0.20652714768895522
0.001811245619344479
0.001450422498745423
0.015442322313084181
0.04617039320864185
0.0036306079953531446
0.011317791656288424
0.0030709505364509672
0.012104268207129641
0.018047747996540246
0.053322235040218074
0.08969485217315508
0.021814662546027375
0.00847644710961255
0.13088889796486433
0.0215475350508929
0.02645827447263758
0.008120973318970348
0.4301936174674758
0.07870278525989136
0.01037713210844081
0.10325794876114303
0.023625187143432362
0.03402567872237339
0.01874159880882364
0.0036720314916972485
0.3476300669329441
0.0375511835071989
0.009046888398020958
0.0012119106165728677
0.001956784736293752
0.018106809595383667
0.008946163087194408
0.01611180796293821
0.007370381557749041
0.02448859529745901
0.005875383045914132
0.001516127298590708
0.09844411279848651
0.07215514345805313
0.13414900755285744
0.02168180084619433
0.010714022083872492
0.10951809778376975
0.0033283515451824294
0.11114269284865677
0.020708031141498072
0.007718184054608852
0.13909985660761356
0.020891800269794206
0.015738288135927665
0.012766489684577853
0.1105143032784181
0.023504525548935104
0.009618455771902809
0.0032098367718936672
0.011903203960672551
0.027405056400916946
0.009704052383905867
0.08226820775060593
0.019173757225145662
0.014278450389499635
0.006173110776973567
0.009029449078363007
0.027676475645525955
0.2505321108452118
0.03460725703122028
0.01049958539645048
0.00585750249628914
0.015348114802857134
0.035946729424418254
0.004052517159401273
0.0023072728641511447
0.02917308816824842
0.2762199518846393
0.07204462265487271
0.008910606644834564
0.04581398422140826
0.06379153133203004
0.01156160511777426
0.03953671208230024
0.06000950219283064
0.2748003297911242
0.04571097880630999
0.033087775918543894
0.22423534063162165
0.041815570958092324
0.0028167147052656403
0.0966225368657139
0.008599460574300673
0.0022400146096751465
0.01227020513286153
0.012417394741039658
0.02009597286683639
0.0745210386314143
0.18093904249954434
0.16823846058639755
0.0068026354573665635
0.002636819044212359
0.004672523319337374
0.023156670149202314
0.006808313983754606
0.0016265104230201435
0.03761030683267218
0.015462580200179698
0.02967495430376574
0.013324433535303465
0.0672763516795173
0.024809868300587394
0.040794685100408755
0.052321353741481884
0.061798145119780434
0.1007602746380122
0.007248481184420215
0.0041285024300845175
0.007005912762693248
0.0875520176617502
0.026268895946694452
0.023851134373151582
0.055183385027218666
0.06412050770948323
0.0040277296757294
0.0015062565580667101
0.017450643365035944
0.002614634685564328
0.003949444605935486
0.0004721589259591175
0.01261527051572916
0.13819377868370142
0.024383354342809554
0.004036975196556495
0.004141621755384596
0.15484021799801323
0.12462573101049192
0.09342490745126583
0.005714350328093471
0.026701767830973364
0.003046335728263313
0.0050739471796018756
0.03057910570565382
0.1409986705420665
0.025900305879946482
0.37087302513345066
0.010146300643051812
0.10559037825605873
0.0020420331177326634
0.03362514490721627
0.015377982459845087
0.22091771308199595
0.10693656287822396
0.003749746399447596
0.00511307513417403
0.01142326968792399
0.03316895424403139
0.01760528252211357
0.014347002427321643
0.039391376227266156
0.016112142989434
0.4000431757428771
0.06614906084954501
0.01713475561082543
0.2166783285740497
0.05760709684973093
0.2025966288470906
0.11970012062263721
0.011139631752679437
0.030274406315433447
0.02041199529790208
0.012141012478948505
0.029659768654125767
0.05042816300665528
0.006811965638197716
0.021910386315840233
0.04375572153048994
0.053497733141618216
0.04004288857958416
0.03540837825983629
0.0921487713858308
0.008400895570469318
0.008709384615301359
0.05096730417197747
0.02356447849939439
0.39222090710201973
0.0475891163426415
0.014101487801007001
0.030658443331499828
0.009745247504600109
0.04721907323895382
0.001967851479454885
0.009022887531568975
0.06952632280283744
0.0255980219994686
0.01214734346280355
0.033540293238419096
0.02532053655332389
0.02297644061829285
0.25175898628921467
0.039791866831709356
0.02657454402855035
0.20367944316486397
0.04151361948505897
0.018996694080416036
0.4789960740081477
0.004266336427961388
0.0060579694176242736
0.018368830470958677
0.003070411265214729
0.016985611057201137
0.13737258897133467
0.03636164074409238
0.002912611366945712
0.0009471581000416785
0.011057547557014036
0.004419715286361373
0.005092432742783302
0.005563302300010817
0.012964193373241728
0.02388427083671526
0.17631958687395838
0.005390261500097318
0.01869574079465119
0.13802907870808456
0.10423027120067538
0.0025841187699703993
0.005861410049049824
0.004209314120237221
0.047654166098419395
0.002439368936989886
0.029171308956300553
0.006698463077067727
0.13859977969744625
0.009718968599342008
0.004559705268604463
0.0046470304838818945
0.013445172013103765
0.053536304077121205
0.01580692322857611
0.004742551559854301
0.46122000592042717
0.009567496417933932
0.015034859264846349
0.015965751949194175
0.07005475579048365
0.05401074107458819
0.003532699782027643
0.004844166444603438
0.0182183880295281
0.030480301163377018
0.0060032170875987355
0.009727884286659966
0.005160274449093046
0.012807846272769615
0.017615166479010035
0.2612145121087967
0.007010224792651219
0.020069864002752173
0.035922663218259716
0.019436145117423045
0.01458996122051043
0.049139214721381094
0.08303844487400279
0.019207289561160558
0.05711561358434893
0.0021054435866426314
0.01425437471830465
0.02684192800972356
0.007634677677834458
0.0008472653139369332
0.0027718253441819307
0.1308962606542058
0.005268656945208921
0.015518244770390911
0.0017189451659794784
0.05355862919146188
0.009723346245706642
0.22842024393120336
0.3184278807788291
0.0012742743353944036
0.017937168052437447
0.025524550067814226
0.13083323979303302
0.011660203444602916
0.04620304902195979
0.004467011000734289
0.18484905762627188
0.01103867425946287
0.008824747479767497
0.032280463311960286
0.006118972963435072
0.151881699713056
0.024577809951635526
0.05296281938552174
0.024830113660779484
0.15544502828481566
0.0040176344488016364
0.03502356672198061
0.0021721664285399866
0.040919817028309304
0.3245484581724227
0.006471947205289473
0.10227506172834663
0.3924045430075135
0.00650245349358212
0.06223321791175394
0.0572592139420354
0.14245186809402227
0.07469980486260792
0.03705912273212002
0.14714489541039033
0.6009488854157395
0.25527763694769634
0.11332470025554985
0.006947644792750781
0.036419253733437705
0.004335919325141315
0.005085806402689804
0.0030477854137054812
0.018061037417461488
0.011225819395815649
0.18927498090686626
0.012798816929316635
0.006270797444424933
0.05725159449632681
0.05854099938274534
0.0047521428102465626
0.005855090846815237
0.012790892900339875
0.005263760967697165
0.015363740436727402
0.03970650367027925
0.04876740715802197
0.12081389943273024
0.018712006346141744
0.3680448083426163
0.0034420295067008116
0.0020172272066360047
0.0018028872220485475
0.006098013145542428
0.0044949862231888444
0.008540560148685289
0.003544772893391951
0.05642041631159305
0.005346343214006671
0.028532028727479463
0.15700202976036925
0.2880916685081831
0.06881883689302647
0.01158652356598651
0.0390155704985016
0.04501890129202759
0.0066604597700367
0.0029345533198634715
0.004705306646822505
0.19801461545039417
0.29007925564679643
0.009425181533990266
0.007383976359288945
0.0720013744854245
0.05315283034681579
0.08872656915929468
0.08027243990839036
0.014079908339432831
0.006501963125163396
0.017829103754279527
0.003501495587107474
0.01994218961201354
0.015909168984050683
0.0017910770362258475
0.02095932666258624
0.027305101615118375
0.36707668387377695
0.017613647960234333
0.1347330388460955
0.0036590721810880735
0.19374068125565141
0.013149116603271638
0.025097955518808536
0.004831634556497626
0.10195127807578391
0.002423055650283621
0.01085765576864213
0.009444022020011072
0.008387491947582731
0.18017753861218275
0.01559955972941204
0.013742172871166889
0.12426855042025094
0.09875844961901038
0.05571324624901512
0.025761735744729255
0.004547395437879229
0.05506374925915101
0.034819035800863596
0.06658331152054119
0.00869014202839
0.003169382833366769
0.020992884661745214
0.018044974054077807
0.03161667231275795
0.006352947257985301
0.0031639016197326808
0.005485813747081125
0.2706142986259805
0.0017045704613464835
0.017964038821403856
0.14027311137662724
0.0034771524489910907
0.014386010595485952
0.0009441314650435358
0.0038430810362915383
0.013550750048611478
0.0018554472213186863
0.005344302307689385
0.01750429206020657
0.0010307490740827819
0.056582214411857304
0.12554947509538045
0.031233691962042683
0.01880179530041211
0.2785536501991716
0.02769448368088726
0.07538777418082392
0.15220975796979205
0.06148603581252361
0.06074740803944176
0.015289400417665685
0.03306137199774567
0.02027080709944078
0.18809043286949195
0.020641199287883848
0.019166556564030084
0.007386059703271493
0.043417891174739494
0.036975046839746915
0.16809310410425946
0.015055099686557627
0.02570779644292536
0.05061424364791344
0.017389574591939492
0.0041896196082387965
0.006780013987738615
0.004414890361038571
0.007334230408516506
0.007251141226731388
0.025366263144811545
0.00633116657295313
0.018852062389623368
0.004937679396013436
0.0027708380230599965
0.013090955064063473
0.026558407608466186
0.024581045766170626
0.003263524373161628
0.02105054439354266
0.015564091203196581
0.004313561847670102
0.06918576188643491
0.07864259939572933
0.08508272396420055
0.07862990297366904
0.025130847894318926
0.030449739246932266
0.04707917003319588
0.012308473207059778
0.015219091334694472
0.010233984012639218
0.0009376171712780309
0.0069091943621094375
0.05136966851699742
0.025857581174828437
0.13138102216173483
0.07340108127970218
0.024370699410896972
0.04130919903727629
0.002058110192787031
0.008621557267504925
0.029663483406242
0.020219708140076835
0.008993302257542742
0.04781536466803779
0.0734297357577467
0.035397799642176285
0.018066797682871415
0.19253522669810927
0.09025081297493645
0.0049650754571863255
0.09638725183592618
0.0108906316237867
0.17416229866380167
0.2525370540717293
0.1093872621070162
0.024142269810378935
0.0042575677566066
0.013295959316634758
0.04348701493038928
0.014338479998782086
0.005863081040003264
0.0217814311962743
0.0396243027304211
0.010585441908613916
0.004040728640907078
0.04805736021465338
0.002910292248323547
0.15019834605632795
0.23639867281786514
0.055669628856328195
0.001987014425256808
1.0
0.009031965608988331
0.002618038733372011
0.006530613324354521
0.19188116634874489
0.002329546274283959
0.0026835831271151776
0.1280004139531705
0.1383273529454723
0.005829837205279155
0.007845529736170111
0.00874249713961482
0.3555613564167668
0.15730752194345413
0.009199912089034708
0.0043513057540979705
0.0887908494622464
0.013681816696525986
0.012881766225820353
0.020921846782417246
0.007485794567309082
0.010919516911947159
0.10495417055921383
0.03378381152364154
0.00928087595020452
0.010247430787258292
0.003487729389893755
0.017560427542837112
0.15903261506569633
0.0390034533545675
0.06482929096162439
0.13086900376311691
0.04805440516061073
0.026896175188797698
0.0642725661818113
0.1703630290198786
