5.191682300743067e-6
7.906927654808267e-6
6.276411332378217e-6
3.633371452137552e-6
5.323226272046937e-6
9.895936678968066e-6
8.041683275360762e-7
5.002000551616617e-6
7.831194301256789e-6
8.755500706088904e-6
0.0001405193492053303
4.089826745651749e-7
7.845508717935167e-7
5.631921945512208e-6
2.99407566936984e-5
1.0421961389028522e-5
7.405156157655596e-6
3.6334536573246008e-6
4.368675438300119e-6
1.2623562075905927e-6
1.4007045537368197e-6
3.638538004153673e-6
8.104621039611197e-6
1.0636306243789344e-6
5.6275825404010005e-6
5.86691151557761e-7
2.3541267756100148e-6
8.322980646806514e-5
1.609153117406711e-6
1.6152252547942513e-5
4.711068933788855e-6
4.081378499503025e-6
9.288062775810741e-7
2.4160280670986804e-7
3.99082015879031e-6
5.570891548624221e-6
8.956931142149219e-6
3.05350510183442e-6
3.4558605076085773e-6
3.6855607937020195e-5
1.1696198888404912e-6
5.095882234714151e-6
2.5720605669056254e-5
6.24541881450727e-6
7.110970897939246e-6
4.080871232329509e-6
1.4771760236031734e-6
1.3311881708837958e-6
5.565942156130666e-6
1.1139715814350012e-5
1.1741695863189956e-5
4.3764197256171686e-5
4.6708216075569355e-6
3.244943317845249e-6
6.182253622365886e-6
1.092727461077213e-5
4.4309897563876236e-6
6.7871675861824974e-6
1.550852082619733e-6
4.230706436926315e-6
5.907378851402637e-6
3.066875443337607e-6
1.7288249550685003e-6
2.4516296651830943e-7
4.1755445314183026e-5
4.523582430111624e-6
1.8954920021067212e-6
2.094057635764719e-6
3.4485368394685422e-6
1.0562047419219448e-6
2.3189867218969344e-6
2.0183441085476547e-5
1.423222658402721e-5
8.282330818591081e-7
1.1835801698440926e-5
1.2401195265126748e-6
5.326496864176253e-6
2.2112632790943333e-5
8.112868675295122e-5
5.055663095989227e-6
3.0668775058733094e-5
9.583864673071099e-6
1.0906671011643187e-5
2.056065617741733e-5
7.522622612270917e-6
8.150909269506414e-6
7.486709279834755e-6
5.400242308907684e-6
2.2600423075768093e-6
1.222608927118357e-5
3.672506588800839e-6
1.5147613162246462e-5
4.9076564601455445e-6
0.00010577050227802485
4.720407215791707e-6
3.614349233670633e-6
1.0914010310927275e-5
4.2579135442341425e-5
7.653522378830835e-7
1.2058875588994764e-5
2.8708996668063025e-5
3.462083760256745e-6
1.4434754244458247e-5
1.031969805803151e-6
2.38744202261096e-6
8.231593027495128e-5
6.621923862545611e-7
1.1997172074294265e-5
1.9918003493767747e-6
7.95711999699248e-6
6.134607824450861e-6
1.6367592136330692e-5
1.5240509740266159e-5
2.7485086529361013e-5
6.588836875642427e-6
7.204892985594013e-5
1.4388077845330749e-5
3.996658192129737e-5
4.122720348576418e-6
8.056975838426944e-6
5.603013341430598e-6
7.146439594974149e-6
4.322239871309981e-6
2.299598981691522e-6
8.595695639395879e-6
6.172434905062686e-6
2.531919181255155e-6
1.4605194798437838e-5
9.506306815870762e-6
2.7051760932292134e-5
6.85425669252986e-6
2.5237212149134507e-6
6.867014979840033e-6
3.351351076652072e-5
4.353865306921195e-6
2.4023597467207693e-5
7.075262118738371e-6
2.8583847204645278e-6
8.354550647756427e-7
1.7413081796457246e-6
4.388208982974388e-5
4.496708092224379e-7
6.82354589253246e-6
2.1132271042057295e-5
4.905353200264162e-6
2.642612533661939e-6
2.5481859196735384e-5
1.1661771007842529e-5
6.541481905807014e-6
1.0611908775993816e-5
1.2957391866088347e-5
6.200581038591431e-6
5.490458864682839e-5
3.662873794497851e-6
1.0896545822741482e-5
5.998406232204782e-6
4.3233263789908015e-7
4.467048326800735e-6
7.743162731058738e-6
4.270180210829368e-5
1.8134047658846932e-6
1.8903622490115035e-5
1.786795331203885e-6
1.6145739575437362e-5
2.708929723717275e-5
5.593231983594247e-6
6.437098682000594e-6
3.3020742796569735e-5
1.025858087316104e-5
5.160095831223463e-6
8.310463241791763e-6
1.8675945267882639e-6
6.968020179901324e-7
7.054168681969449e-6
1.6445042768816655e-6
2.5695670280609205e-6
6.225748303297163e-6
1.203672197680594e-6
1.5227117458693798e-5
2.986303385144413e-6
2.935676119014015e-6
1.4825954352349475e-6
5.239568582365543e-5
1.1516159028631848e-5
8.906896308386659e-7
4.013840686495244e-6
2.1091270448268024e-5
2.2163451827263334e-6
1.5312031211418807e-5
5.282338462137194e-5
6.286696017050495e-6
3.0489594256655807e-6
5.09611926360455e-6
3.3740678622487075e-5
5.9215208867082175e-6
2.793964756457081e-6
4.714878059720894e-6
1.3848154207325794e-7
3.018824126923142e-6
7.1221072291137e-6
2.6340315390272887e-5
5.470408284760405e-6
2.8057381359075344e-6
5.487424446498299e-6
2.4090023450635034e-5
7.458449253124169e-6
2.1934170668841384e-6
1.6153575086766988e-5
1.1543719191484669e-6
7.117159170744164e-6
3.58616017194194e-5
1.3671111231670362e-5
9.968610998174977e-7
3.67806070211084e-7
3.0725133119827085e-6
1.7084281596755352e-6
1.0569055038294365e-5
6.875277323261558e-6
9.13858386357825e-6
8.202437737502899e-6
2.556516466748665e-6
5.485215499151411e-6
2.9046005491413964e-6
6.501531539860147e-6
5.308552359259432e-6
2.174231560412733e-5
1.1142182245702034e-5
3.967270934791541e-6
4.9887805083678414e-6
1.6501703284313723e-6
9.286573460251906e-7
4.9059235558666205e-6
5.345262428517314e-6
3.853730269913528e-6
4.36799090565049e-5
4.3399141967410335e-6
1.568677331082621e-6
2.2246899612797428e-7
5.458479462809436e-6
2.86101161661064e-6
8.092897490278718e-7
4.0945388509185534e-7
4.70152030904908e-5
3.40724852549402e-6
3.523788160256023e-6
1.081551051851608e-6
2.737252446428699e-5
6.281425856152499e-7
1.5378853929097413e-5
5.742227365774836e-7
1.8048653760364773e-7
3.5788273112199253e-6
6.425288602889372e-7
3.55886321591112e-6
9.711674204542035e-5
6.64594246915434e-7
5.419206337257297e-6
5.221299157166941e-6
6.1270335175191595e-6
7.2764187172858714e-6
7.927952111659885e-5
9.657091102297915e-6
1.914687220442987e-5
2.552653053679512e-7
7.622558674071049e-8
6.41682666625442e-6
2.3884591666153796e-6
3.1657093626099763e-6
6.149358305817614e-6
8.873911076860796e-6
2.502928836989016e-7
1.1415943766204422e-6
4.394129606651595e-6
4.0273388497642916e-6
4.069009658322949e-6
2.5636001630143997e-6
2.941775028578861e-5
5.769300857064534e-7
5.629041098200536e-6
2.9870629871229268e-6
7.0758591871583e-5
2.3000819007929797e-6
1.7900604333587269e-6
2.4368955500251125e-6
5.370892483721092e-6
1.7526930380611146e-5
2.6462603161379287e-5
1.4967084070801523e-6
5.963354920597362e-9
4.118279760522864e-5
7.821908535332219e-7
2.224348475728139e-5
1.0142323952420965e-5
2.2879435513729696e-5
6.964874897869895e-6
4.433189669331993e-6
2.9873233472016805e-6
5.643586938723736e-5
6.437408150386152e-6
5.890542659502371e-7
3.4245658361240683e-6
8.66517668741346e-7
3.9754498275372916e-7
4.7819924386657366e-6
8.429726533273396e-6
2.416307529661148e-5
4.927928153012729e-6
6.818716246818092e-6
6.220980681529454e-7
2.164301128816327e-6
4.374612203996506e-6
6.276747242459772e-7
1.422417642900825e-5
9.11083189499514e-6
7.659359329789926e-6
3.5714419521969715e-6
7.75881216951317e-7
3.4527590504217086e-6
5.852455992665514e-6
1.3488747702605317e-5
1.3511766966775815e-5
9.932184264843866e-6
3.694856533938854e-6
1.0290788501895988e-5
7.270756241709537e-7
3.5387451584537354e-5
8.435634752612566e-7
1.1290558835607994e-6
3.390096226245806e-6
8.55972783446651e-6
7.815099185039647e-8
6.793517493975837e-6
5.691083101825557e-6
5.1347076228578445e-6
2.8428904672520642e-5
1.1855701219435268e-6
8.202111893389882e-6
5.582797165681699e-6
8.690785952418765e-7
8.380235976251415e-7
9.701864709834456e-6
4.068522881755981e-7
9.592110218560868e-7
2.833837433311563e-6
2.0072769130008926e-5
3.225372420565463e-7
5.059710103578642e-6
9.24072693686259e-6
3.474765490073271e-6
6.2123743397716404e-6
2.7199842470631382e-5
1.3426602347928326e-5
7.632884809340758e-6
5.690227640713131e-7
3.753022508587258e-6
3.1424289890708973e-6
8.31355120235958e-6
3.530967708255242e-6
4.532571141212891e-6
3.6532455511758925e-6
6.6508260292770105e-6
2.3785726683110817e-6
4.143356657733213e-6
2.3168560926636674e-5
4.832712839520968e-6
7.514495661818782e-6
1.0771734868155703e-6
2.3500235257996267e-6
3.083607218008132e-5
9.090912985408873e-6
1.409412040197616e-6
9.23940911547787e-7
2.1064946301868747e-5
4.146318567963647e-6
1.3058240069143967e-6
8.858566831740449e-6
8.480654219942494e-6
5.764026130331757e-6
4.486318830592725e-6
1.8807146228734938e-6
1.9797835028197625e-6
2.2305763450951506e-5
2.6644553930071667e-6
4.382487707696288e-6
8.232523993129868e-6
5.002451499394858e-6
5.014724346767401e-6
5.268307577920922e-6
3.052199961453142e-5
4.225249335584854e-6
1.6251640946327286e-6
3.344886597172435e-6
1.405774047592145e-6
1.1099277940335497e-6
8.356294411985113e-6
1.0889184615388834e-5
7.253085420313678e-6
2.6508915848916627e-5
2.127522867030235e-6
2.6293527857757847e-6
4.67532496833269e-6
3.535971000893093e-6
5.505302454551271e-6
2.747452628803877e-5
1.0746496166935557e-5
3.0829535913377287e-5
1.606985415045637e-5
3.025542413097617e-6
9.648347744044462e-6
6.120450023296451e-6
5.480914314847283e-6
1.4726661664594257e-5
7.654282792645185e-7
2.374663214561789e-6
6.015431880939478e-7
7.965457317495089e-6
4.57953320252041e-6
0.000101426411302175
1.1694620152198649e-5
5.580275908371896e-6
4.3636212563408336e-7
1.6085085542261353e-7
4.244593254719667e-6
6.239869189795803e-5
4.607707674677319e-6
2.6846728220217892e-5
5.3316753704824805e-5
5.493854418043143e-6
9.648712927365907e-6
3.3863037628020334e-6
1.0005227219962938e-5
4.25836094363179e-6
4.88431257453091e-7
9.393173405382306e-6
4.6871881103001213e-7
6.369170051640762e-9
3.465136550592531e-6
2.994358089303451e-7
1.0810093309999062e-5
6.195551427117442e-6
5.389153745529104e-6
4.183833714019778e-6
1.3263308382080592e-6
1.1753690333940804e-6
5.536103232404364e-6
2.3100153461291762e-6
6.290856281037666e-6
9.42603298771313e-6
4.710448266529369e-6
1.6490502302374804e-5
1.3195955607364772e-5
4.8493062363316825e-6
1.7321893321029948e-5
3.269730864175391e-6
1.1493822003729035e-6
4.978325691578625e-6
6.528094723946642e-6
2.641719961895574e-5
2.5152734612351262e-6
1.2823965743236024e-5
4.606015573350074e-6
4.565436297562773e-7
1.9564677378337896e-6
3.275831505763355e-6
1.1725552566048216e-5
6.984004860057538e-7
4.5180807049900116e-6
9.580016884786498e-6
1.7283129004438203e-7
2.17226363917602e-6
2.503441341659298e-6
6.896990550624569e-6
1.102691235874007e-6
1.1117035159092504e-5
8.856728562139358e-6
4.4468677528371155e-6
4.097051350606918e-6
2.6936221928596156e-6
4.833426002338069e-6
7.155340274556312e-6
2.374506322742382e-5
7.784779398217988e-6
2.7601510806575035e-7
4.3389678032065546e-6
1.9371455680108892e-7
1.8601476129523576e-6
8.458574753522232e-7
1.0486156432120417e-6
4.992139899933963e-7
4.837867134454183e-7
1.986485823151287e-6
3.089124916750243e-6
2.333137681483136e-5
3.7716364282465675e-6
7.708061474813973e-6
3.0042398279086834e-7
8.957729663084405e-6
6.3263184312257296e-6
4.546525848460523e-6
2.169698175510882e-5
4.233616481674367e-6
5.390281225811769e-5
1.650346405898324e-5
6.314398059058897e-7
1.2434271444793038e-7
5.7459963917217075e-6
3.623577423093806e-6
4.2444729253760535e-6
5.9415347862765465e-6
3.517153573031776e-6
2.2779835599670107e-6
1.1507020910736348e-6
2.8424542107795774e-6
9.92520314961641e-6
1.6885538345200217e-6
5.839359481220897e-6
3.812887496474537e-6
6.259360216113555e-6
1.0826962802047092e-7
6.417546850900614e-6
8.843822315193391e-5
2.474512882478447e-7
5.36906552601494e-6
1.0576763843163987e-6
7.217643471128584e-7
4.881879808488791e-6
3.3078796744278413e-6
1.3693268808998599e-5
4.050354041714005e-6
1.0726290692316876e-5
1.8122895995648842e-7
6.795609334038686e-6
4.347406897801867e-6
6.3862916864129945e-6
4.237797182680537e-6
4.824618807204041e-6
4.50900429784506e-7
4.7429358067774335e-6
4.910548446650494e-7
1.142703738472999e-5
2.5911883500031364e-5
3.4964960264988305e-6
7.229813174272373e-6
1.0366505818732472e-5
3.470207892564191e-6
4.864661265658114e-6
1.1057184252913714e-6
9.048597942826696e-7
7.432423772168431e-6
3.845720633274717e-6
1.4150201575298669e-5
3.871199419745347e-6
1.303727950228795e-6
9.801267877731178e-6
2.906674314816636e-6
2.9773608079884784e-6
5.843372108931475e-7
1.5200647761893455e-7
1.431849451871384e-6
1.1399963315895328e-5
1.2527404891521546e-5
1.615148824998088e-6
5.71293392917748e-6
1.8951656666993018e-5
2.5274381064242353e-6
5.092769822120829e-6
3.3120902322844063e-6
2.3111809568764736e-6
7.844554326208987e-6
3.41066002410209e-6
3.5309311300678956e-6
2.642823689226022e-6
2.1120848361956368e-6
3.677941316345093e-5
3.651902477262822e-6
1.5031699718916482e-6
1.106905845422475e-5
9.562506244549066e-6
3.9139942406633004e-7
1.6455625214084675e-7
0.0002077790976195137
1.3306920235563506e-5
2.4481631148939115e-6
1.0419187366352232e-5
6.815432471732758e-6
2.981875604507598e-6
1.9493482666795525e-7
1.4628402485037545e-5
1.9553772397123586e-6
3.911391614682051e-6
2.4893745057861935e-6
1.484384740653595e-5
3.996484469554901e-5
2.5345576189821305e-6
2.028868416452931e-5
4.158856544185602e-6
1.919083622900792e-5
1.3846994261093405e-5
2.2807665723609655e-5
1.5500925505885834e-6
5.245091994317914e-7
2.9740750760280536e-6
3.7907616964945035e-6
3.165093527061475e-6
1.1956243801010766e-5
1.3071588841677577e-5
2.4244373774207344e-6
4.674428650423135e-5
5.483152739181771e-6
1.978858837123513e-6
1.3455523022511949e-6
2.5277726781604466e-6
9.91694566912405e-6
3.499575671279602e-7
1.3726389595005668e-5
2.685714949667759e-6
4.6329504866593445e-6
6.338916937405823e-6
1.0548837631687046e-5
7.654250000570394e-6
3.474449998828139e-5
9.051199293376914e-5
4.432410439030659e-6
4.498909202123762e-6
3.0802793987295527e-8
4.50602536348819e-6
3.6462269360131068e-6
3.470256776741742e-6
6.638201825409074e-6
1.0141058293712414e-5
7.15304733233367e-6
3.956268969936035e-6
1.5626954917567847e-6
3.457563149637126e-5
2.227371430409508e-6
4.125909497363094e-6
4.214195310377212e-6
3.072585522090432e-6
3.801509483427384e-7
2.7152840546487748e-6
1.8944402996781687e-6
1.6445404098682895e-6
2.555101794369948e-6
1.1418813982773015e-5
2.2268262256686632e-6
7.042697724607311e-6
6.576592832110789e-6
1.051119534375618e-5
2.531338854736919e-6
2.4272908405708056e-7
2.0773941563110593e-7
5.730262553399837e-6
1.0595265379789557e-5
2.815282900964478e-5
3.5393218496363196e-6
6.94135295726095e-5
3.2508114973895474e-6
3.117786103773946e-6
1.0315331142823224e-5
3.4182228263760394e-7
7.362704632630592e-6
5.107540349665086e-5
4.438879254721704e-6
3.2710481047449863e-6
1.83756343864465e-5
6.697048607555562e-7
7.062052259665855e-7
9.722867320094045e-6
4.787574492923034e-6
1.1341838275270264e-5
3.6553175418500763e-6
2.1480964552571704e-6
1.1760937654991544e-5
5.297308485427214e-7
4.304102469211337e-6
9.077357835638936e-6
7.590782897299145e-6
1.1544375367114638e-5
2.8966300198663687e-6
9.894256349823215e-5
3.6369837732011953e-6
5.968425106686872e-6
5.9613866263650735e-6
1.3751629545913329e-5
5.818846975049102e-5
1.784141693988163e-5
3.388393366757699e-5
2.083362928504707e-5
5.687228912273844e-6
3.157353930201847e-6
4.954388641107221e-6
1.6138363617038172e-5
4.188732447312678e-6
6.541975898323983e-6
9.458157984784433e-6
2.8584455141422424e-6
5.895498290969208e-6
3.641705869299885e-6
3.472184621099325e-5
2.8522803602683787e-6
1.1153148100893542e-6
7.775220223507195e-6
3.3925726624592245e-6
2.481815670781787e-7
6.6893195568882545e-6
8.958833500330265e-6
1.5854862212328297e-6
5.619450044660444e-6
3.1253623201891144e-6
1.1331334549004189e-5
4.370507859868087e-6
6.553751519132868e-6
5.343202998546674e-7
1.5317044666150668e-6
6.672339637287334e-6
1.1434508079861575e-5
9.78062911625202e-6
1.0880894362328631e-5
4.232140218965825e-7
2.0622742845894524e-6
2.0677321759935693e-6
1.4118281969052046e-5
1.2584965508972948e-7
6.191905581227933e-6
2.0524264963020193e-6
1.2864841489047655e-5
1.473451414727431e-5
9.856713788021631e-6
2.3347253106637945e-5
5.574118081751022e-5
3.1685914981036275e-7
7.2425302747085854e-6
1.3796780534669034e-6
2.112436335773352e-5
1.537333233387257e-6
1.066578337332529e-5
8.01780029378614e-6
3.987459042294072e-6
4.133106184350296e-6
8.817500711199632e-5
5.271049209681006e-5
5.433241768927555e-6
2.8334720962445804e-6
4.810428220936471e-6
6.462729463191884e-6
8.997121561180322e-8
2.318490837724724e-5
1.5426631115537094e-5
3.612285915210094e-7
3.325518729977469e-7
2.006480806091821e-6
6.688957206711287e-6
0.0002888800359970434
7.131630721402855e-6
7.105411115794527e-6
2.1062253123029856e-6
5.163267501880792e-6
6.77890040748366e-5
8.045600122606413e-6
9.96675981940651e-7
2.2443122471367874e-5
0.0001487741021980013
1.7275740127895429e-6
8.569159314296923e-7
6.741199409540175e-6
2.5892630268667896e-5
1.2905461487004409e-5
1.0349830448494272e-5
3.2170284752077737e-6
5.501220547002099e-6
5.884022548432282e-6
2.9241757920295538e-5
6.9320649659964936e-6
9.603088988572371e-6
7.270369343736298e-6
6.399045577141681e-6
3.714635613534974e-5
8.183741757687641e-7
6.967967941640224e-6
5.977964867244775e-5
0.00016969435507403644
5.258231559545837e-6
4.6546616197434394e-6
4.863118767955044e-6
3.292265637854574e-6
2.475388277777129e-6
2.7399953921660035e-6
2.4028477939262205e-6
8.52551240729359e-6
9.477008502739136e-6
1.6256974283905973e-6
8.687126338281316e-5
3.1660186013521246e-6
5.281809143728896e-6
2.1676833635251074e-5
1.9313289409734228e-5
2.6469646035161004e-6
2.9684504986073165e-6
3.6842585286077576e-5
2.410279170443631e-6
2.935040895134823e-6
4.930584841305545e-6
3.52146272637011e-5
2.7832711623795016e-6
4.284927729451509e-6
0.0003720626806253167
2.4510834402711583e-6
2.2536418665179873e-6
9.254774421364068e-6
4.666722654245466e-6
7.677990937694222e-6
0.00011768118718046651
5.311481870307711e-6
5.058498687093689e-6
2.622864314059692e-6
1.471184803655821e-6
1.414333799131699e-5
0.0005288935271132918
3.538988434586886e-6
1.9333813346369377e-5
5.565930975356187e-6
6.304664108961432e-5
4.760638690251202e-6
6.082863185408182e-6
5.070451055884327e-6
3.1712739611799957e-6
4.562255693980128e-6
1.3716260907607011e-6
8.15090167482137e-6
3.2361857973311726e-6
1.1243444367855914e-5
6.811457241698339e-6
2.269991648751728e-7
3.234578204949785e-5
4.881106475444583e-6
4.0444864675349014e-6
2.1132012088839197e-5
1.3764656785851939e-5
3.2290988517948836e-6
6.249189204575639e-6
4.2867023291915497e-5
2.61397455692826e-6
1.3166728409621735e-5
1.652703671644855e-6
1.857824641369172e-5
5.414528140808799e-6
3.3384486853718906e-6
5.894663972470426e-6
2.923204870423518e-6
8.912082099601901e-6
8.434420703896757e-6
1.3967597409853543e-6
1.1135049398461362e-6
0.0001771786229644062
5.745115749528461e-6
8.654007242910856e-5
5.001578710808412e-5
4.097225049859725e-9
3.781715767817737e-6
3.8064077838759926e-6
5.02661557769996e-6
7.067559015587762e-6
6.344546513278826e-6
6.842892493237428e-6
1.4351993717652925e-5
1.2642322118869518e-5
2.652502848995565e-6
3.463927227093034e-5
4.0707452708382254e-6
4.6434157543452825e-6
4.7014938554412304e-5
3.2997365989252187e-6
3.534810604422362e-6
5.271489655214598e-6
7.336309497958532e-9
1.005925209236999e-5
3.639588361873358e-6
1.6853569303551891e-6
3.5828559513955864e-6
2.7019095179282346e-6
1.9850219892219597e-7
3.5886487329814063e-6
1.215400606865357e-5
2.2498309925878597e-7
2.2121807393525705e-5
9.754726912045925e-7
5.321321932903839e-6
1.1565733510266929e-5
3.77526803344678e-6
2.295741907034754e-5
6.9174896233642e-6
1.0886403848281553e-5
1.548449714606923e-5
1.4006350043334224e-5
6.708513101534817e-5
8.46573556765511e-7
5.558600801797562e-5
8.99910930859412e-5
3.686468766370485e-6
7.148859123903837e-6
3.828009360502382e-6
8.392767070343484e-6
1.3513855176270714e-5
1.1860514822639089e-5
5.4142446084540755e-6
8.914660056379997e-6
4.168267030975518e-6
5.576535553226647e-6
5.513889778484633e-6
2.8844516037712124e-6
5.395567424011807e-6
4.7975929620811425e-6
1.4942556708388498e-5
4.910906325801664e-6
1.976393361786618e-6
1.8997283164737042e-6
7.617851127473553e-6
2.295745508100167e-6
5.05637574071442e-6
1.6246512281884634e-5
7.984896137785772e-6
1.5363062547753237e-5
1.3429108696290863e-6
5.228438749032146e-6
3.519094045429958e-6
5.9727305981894965e-5
2.118233568474503e-5
6.350564792522654e-6
3.183001991391181e-6
2.803258303820674e-7
0.0009273161061133175
1.0567644656059986e-5
9.240951841111323e-7
1.403017929990495e-5
2.8069536771016e-6
4.346436223276472e-7
3.692684719006269e-6
4.5938464472577925e-5
5.497300694232605e-7
8.329424098176015e-5
2.86717780865935e-6
5.557782740536671e-6
4.080791454179012e-7
9.554712755437408e-6
1.3120613675227598e-6
8.251645097225991e-6
4.306969310540854e-6
1.816425162701048e-5
5.01827022341975e-6
3.554240818541987e-6
2.4833730779248527e-6
3.939679722759174e-6
2.504029634062733e-5
7.582109000374563e-7
3.456905210029543e-7
3.3360126102804474e-5
2.4412660725951213e-7
2.2249607800985086e-5
2.9081015498806777e-6
2.237088071156741e-5
6.345993273803623e-7
9.739966850305468e-7
6.563148714825522e-6
5.837642373178805e-6
7.32013960219094e-6
2.9953437314638364e-6
5.363402053678354e-6
7.872094197482708e-6
3.3290951055850448e-6
6.947868849435147e-7
9.625406988497374e-8
3.8286612841446334e-6
2.3139346157077608e-5
6.614493604147816e-6
1.0984994647824917e-5
7.251346968629434e-6
1.4573993436989273e-7
2.607850885969988e-6
6.17080080026675e-7
2.356734016000249e-6
7.773427479642862e-6
1.0283841512047422e-5
6.754720202639929e-6
6.122998709414731e-7
3.64037483344148e-7
1.0902740811333383e-5
1.542452485500451e-5
3.200837758992861e-6
3.7216139828797684e-6
6.602544267595781e-6
2.994006450631158e-6
3.3260486823427017e-6
3.887939519109755e-5
1.972441643642334e-6
6.570972458934695e-6
7.720759634468266e-6
1.0935630847511333e-6
1.611377509298818e-5
0.0008456406643214731
2.3072233544029478e-5
