4.2828285638413164e-24
7.297011222129493e-20
2.7569030330982037e-13
6.76680098335507e-25
6.253742472863951e-16
2.706657840069464e-18
3.2183514751044977e-24
7.271788230817036e-24
1.786539642637898e-24
6.949745952714004e-25
8.423729761540966e-25
4.360261685000428e-24
3.438228815150617e-25
3.886536593769823e-24
4.210788919397536e-24
5.933179572899096e-22
7.8428627142342165e-25
7.604681469232219e-16
1.0898513870525753e-22
6.048384995043587e-24
1.5586293577412055e-24
5.866501944082035e-25
7.068914323662962e-19
4.484063926537537e-16
5.476427688120856e-24
8.046346392278819e-20
5.430434193888305e-23
1.6374717599308513e-15
1.36903926510639e-22
1.6083919872816066e-24
3.7783694889012896e-25
1.639291282223458e-16
9.79704395794803e-25
1.8626019123428042e-22
5.467800373363619e-19
3.986627449122256e-24
3.7511473812801934e-25
3.95500332269132e-24
4.269465832403636e-24
7.298968833216352e-25
6.591421583334657e-23
9.450750162642747e-16
2.380434341115723e-24
5.215828303487382e-24
2.0905437823871968e-22
1.10191830134309e-24
1.5315215662837077e-23
2.4682432292225238e-21
2.371293896746092e-18
5.3603933067550825e-25
1.8542152922903907e-23
9.080756679771941e-24
2.5652922800341997e-24
9.357953313373724e-25
6.266316264254115e-23
3.123820190198035e-23
9.456336196335488e-14
2.0031577652189026e-19
2.2934778998923584e-24
2.4976400041436126e-22
2.908722220383976e-20
4.969506339478141e-24
1.2278240129338794e-24
5.464022783579305e-22
2.7512533230862523e-24
3.359466926903719e-24
4.9796540679695926e-24
8.343076679675647e-20
1.3700020960177455e-21
1.7824731171190585e-16
2.2239357866195765e-22
7.821285030627037e-24
3.543397490659257e-24
1.1605745643194901e-22
2.8883033681575354e-24
1.2051236154934886e-24
5.461600346513618e-23
2.1725201540805875e-24
1.6852807322616643e-24
1.6591334151250662e-24
2.4360386957776043e-24
1.3560025663697286e-23
2.0573108095699415e-25
1.3483493020338065e-14
4.0047109925106106e-24
8.411498716272503e-23
2.7218626860174953e-13
5.669564798409489e-14
7.122537406840988e-25
9.633000810843417e-24
6.496500524746835e-25
1.8194092583108095e-16
1.590063632482018e-23
1.848958277892653e-24
3.890250078863096e-24
9.785088224706045e-23
5.877579919563171e-24
7.297339070290305e-23
2.721452150672409e-16
7.096785021047136e-24
1.6168676781107559e-24
1.0219448553374987e-23
2.8477053625436776e-23
8.424992208297673e-23
1.7636652583271485e-22
1.305441341269242e-24
1.3649672846311991e-24
1.7427806388318858e-23
1.40291158841466e-19
1.390319711444994e-20
7.133669610953675e-23
8.56098006326247e-23
1.338600781011064e-16
4.8359973441169086e-23
2.043361573477228e-24
3.237901007068591e-21
1.645218580263076e-24
8.850035227212023e-24
5.616820550494502e-22
2.7156423684216204e-23
7.987234320300424e-24
1.4850566006992033e-23
8.51526530787001e-25
9.130413824949946e-25
4.3068863160687255e-24
8.998220440746131e-17
2.4442351801802177e-21
4.00581475364976e-24
3.062415589881533e-15
6.408660379060289e-19
9.947736346149125e-16
1.3377618788957588e-22
3.8666229147848407e-25
6.293658567357689e-20
8.37475849482847e-19
7.119769867580567e-25
5.5077920749517415e-24
1.6913829123045109e-9
1.434183536718428e-15
5.165157101627946e-15
2.1100139860845058e-21
4.3058905102110605e-24
4.038026768137923e-24
2.1007493976530038e-14
5.690617509552889e-24
2.531844772930211e-23
7.102023186659575e-24
1.1612360899514417e-24
2.795957279703136e-12
8.603575749647473e-24
3.8905408998241585e-23
1.8664091189637457e-25
2.0542192687783697e-22
3.253966534128656e-18
1.3354182061398241e-19
2.821923224510753e-19
1.0904245496119743e-23
1.0122110857867537e-23
2.0503523733074865e-15
5.1181765341239755e-21
2.24055734668451e-21
4.0509880356033604e-23
2.8594136965135536e-14
4.2423303888253455e-25
7.666578790623892e-24
1.8119570266734982e-24
2.2052134259883548e-20
4.365769853616371e-16
1.5825442909720169e-24
2.1478416820707303e-23
3.936642154966657e-23
1.4176111015736503e-22
4.636333907579401e-25
1.0555354657217964e-20
1.924052642045181e-24
1.010600029776119e-24
7.453919088687257e-24
8.292326590952335e-22
9.052174344252205e-24
1.8499491220177505e-24
1.6659538132090786e-24
2.8832214334762933e-18
1.1983169753861847e-24
8.194278118505229e-22
1.9661673000917113e-24
1.607836735222936e-24
1.0215780853648981e-23
2.967015599027481e-24
1.913701432190552e-13
1.9912696846967396e-21
3.1624727209662647e-24
4.1333938234677705e-21
4.350763022048721e-18
9.266157344494144e-24
4.2141236726881336e-24
1.50617335015816e-23
3.210659614149177e-19
4.197924917695941e-25
4.108045109164608e-24
3.6045138389127055e-19
9.912856240688389e-24
1.6848907660869852e-23
3.5461201123755903e-25
9.966175832962845e-25
1.6423875157095897e-23
1.4750807828847558e-14
6.3569618285513195e-25
7.840702902397406e-20
7.5650503497809e-21
8.75906878304225e-20
1.6908712747479713e-24
2.1976608152922633e-22
3.1042386061447106e-24
1.838618420668862e-23
1.4573246502752067e-23
8.757629502120471e-25
1.0371385602443023e-24
2.795445741309193e-22
1.453582707776857e-21
4.392182358249007e-24
4.474206489604196e-18
1.194201110846538e-14
4.228724202788627e-24
1.0044122363002444e-24
5.0138995701558565e-23
4.586408055931881e-23
1.4904504048582864e-24
2.6322034340208772e-24
1.682507253422462e-24
8.39499624006803e-25
1.1991368719277088e-23
2.6357822631177178e-22
1.4579399336274215e-23
2.218921575210742e-24
1.0168311747641746e-24
1.1144892898268405e-24
3.1421151838013376e-24
3.159820452706416e-23
5.484234042822599e-25
4.8312423943262764e-18
7.363684118675252e-24
9.550059479524765e-23
2.5117828665075515e-24
4.8132222460090603e-23
1.0941245216416308e-22
3.630117387193494e-20
5.2830234194948313e-23
1.118324711500025e-22
3.12470044679783e-22
1.43502614077317e-24
3.7351945668979183e-22
9.974049284603165e-24
1.8272582238488326e-24
1.6523949446529528e-24
1.1961559116871823e-22
2.2651033988898597e-25
4.5996110525331185e-23
2.5645807104892764e-23
1.9107921800716808e-20
1.6699528350472596e-23
4.023475711874384e-22
5.346555266694543e-22
7.559950880130776e-25
4.303957194823181e-24
5.563115076671083e-24
6.987697130786064e-23
5.611652368651201e-25
1.2340753369213931e-24
7.482509379418946e-21
1.3720048203016703e-23
3.498184213492849e-24
4.6933622430085635e-24
7.925923400865091e-23
2.1685598644076162e-15
3.733016837614527e-25
2.4464232194869823e-24
1.0172258250105675e-18
7.222486072649312e-24
5.641209471051526e-25
2.93475884612632e-22
1.448240504536546e-14
6.712310406067982e-17
5.2120233610315724e-21
4.649209257165943e-24
1.3747231077647917e-24
3.947513230004414e-25
2.243268107182197e-24
4.695557841646875e-24
2.877037730369001e-25
2.028024872547043e-22
1.430984778898863e-24
5.632539483421276e-24
9.159600424726441e-24
1.3637875346159e-14
4.034520886347584e-24
5.126388943454423e-25
3.137686227366805e-20
3.252466186455966e-23
2.8965565020392805e-24
3.031093700155086e-25
6.981073174223838e-22
9.079068411158773e-25
2.57079850415986e-15
1.6142218424883894e-21
1.6441080316300866e-15
9.23645941812114e-25
3.914059779629449e-24
3.719898776943651e-10
4.7607024109468695e-15
2.9542107963077265e-25
2.187040971404394e-24
5.375728801650041e-25
5.252829439481679e-23
3.4256495076472667e-23
7.78880774329379e-24
1.731704624616378e-23
5.6449150877866585e-22
1.0946246364946025e-22
2.1651342411489862e-17
2.9420555341196373e-22
8.391382673704617e-25
2.553846871307481e-23
1.867682246500851e-23
2.7300520455995216e-17
1.3606066054936416e-15
6.523344676389221e-24
4.301571238408536e-24
7.392293313714664e-24
4.4083739653156904e-23
7.207563280148962e-18
3.081521785260726e-20
1.3423808782535906e-24
3.6904975037801245e-23
1.634411943983516e-22
1.4737250961516004e-24
2.521687967534159e-16
5.6098342777588464e-18
2.3574536683539894e-23
1.7636070374688808e-16
9.10971573262653e-21
4.931362821173584e-23
7.562897202730349e-19
2.0450467361672797e-22
5.455022140707216e-24
2.8382166089672926e-23
7.50673469443925e-6
8.052290050412757e-24
2.547483193619444e-23
9.834967970368578e-24
5.319274213170022e-22
1.215950661214891e-24
2.0525324223669006e-22
2.1897233599392674e-22
1.6483244967504418e-15
1.7720236320784801e-15
9.37295165735848e-24
1.7801760591609482e-15
2.032194877006555e-24
7.5353180191372995e-22
1.5937330592876703e-23
1.403166317969514e-20
8.765545217570323e-24
2.16302687745077e-23
3.808587936620675e-24
3.295899679467717e-22
2.4971864841835178e-23
8.103026208755098e-22
7.003105522446827e-25
1.6840979754284028e-24
2.5628572263575605e-25
1.916295820076995e-23
4.0420882994702327e-22
4.664055946333982e-25
5.4058139755104074e-24
6.09061912212241e-13
5.3329327242425394e-24
2.4633083895579232e-24
3.1192719053173867e-23
2.677355475466704e-15
1.459529986375248e-16
2.816703134667361e-22
1.0280477058193254e-21
5.5215494496610525e-21
1.343473694702513e-18
6.215215357763929e-20
1.7582942618014922e-24
1.4510488911298266e-19
3.808386337702178e-23
2.7331421437291662e-22
4.0807543333713973e-25
3.3609477170171065e-24
3.381427303772734e-17
9.362919330643447e-22
4.638749033658715e-16
1.8996924144037464e-24
9.00900092476865e-24
1.0033446912465863e-16
1.0535351726679357e-17
5.484696923675523e-22
2.6102631889921017e-22
8.755865213000983e-15
1.1478759912290502e-19
1.690607612175708e-14
5.285153040428499e-25
5.532888952002389e-23
6.396397416678489e-15
8.059490829492223e-14
9.87397932157847e-23
4.628481412905123e-25
2.7522510578679652e-18
7.797552938050618e-24
4.787835500422219e-24
2.2091951295978847e-14
1.790096617578723e-24
9.760322864856457e-21
4.837376333158538e-15
2.803950022912417e-25
9.61494474721387e-25
2.4020316785200197e-25
1.241003005556401e-18
1.6002868687006573e-24
4.2735125327080215e-24
5.80276792373436e-20
1.602931955101768e-14
4.815606957863521e-23
5.306667922127347e-24
1.5454828891479567e-24
3.647585486253777e-23
4.633164283511066e-24
1.4360503410559407e-21
8.525401963924273e-22
4.828424377210541e-21
1.1570449904640515e-21
1.5158140320685688e-22
4.5122360812272956e-21
1.9944607456450612e-24
8.479562104601472e-16
4.572923393351686e-24
3.615399827653218e-16
9.675550630236473e-25
1.0817279213199013e-16
1.6360473839123528e-21
1.735248088802138e-23
1.0834036914964729e-22
1.496160389571723e-14
1.0800524007564328e-24
4.292746104085529e-23
1.8836495136523247e-24
6.940160475700978e-22
4.491529245369226e-24
1.2861652792336835e-21
5.250063562817978e-22
4.3463996639868245e-24
9.286815334945878e-25
7.502835347673868e-25
2.2887068279599684e-21
9.834236614144002e-25
6.88015322966091e-23
3.562060333536112e-21
2.0848089079569716e-24
5.238914601556557e-24
9.955194730203024e-24
1.3323284326425834e-23
2.572126230244434e-25
1.7432432748622227e-24
4.516999244688995e-19
2.379264511084839e-22
7.385348590293309e-25
3.561312277422655e-13
3.5946707028069847e-20
1.7844324607081605e-24
1.6898962299384563e-24
1.8600232558620764e-22
1.3834142699407217e-24
4.5346515366481736e-24
1.1488350717092077e-24
4.3333714209250306e-24
3.437990448660722e-23
1.9666017180022573e-20
2.5692934595786557e-24
5.233649289259162e-20
4.83552239941259e-18
7.904790578049242e-25
2.7977734287485695e-23
6.412224674526948e-17
3.715826238568932e-21
4.960603086273444e-22
3.025052477728375e-15
1.3603983278824e-23
2.9250393296504866e-24
9.767838006953131e-25
2.160296333819728e-21
5.019733768855182e-25
4.086825458081109e-24
2.543999350753845e-18
1.0506230300641193e-24
1.8755405613808885e-22
2.5002954438364866e-15
7.439214469981619e-24
1.1259808640468641e-21
4.640799671714824e-25
2.268078345356064e-25
1.551934666200057e-23
4.379768545543818e-24
5.705811405091827e-15
3.975258114398973e-24
2.7472316502229296e-19
9.023383732056926e-16
4.5971096846710405e-22
5.782487896466136e-18
3.0923574186993416e-15
7.318797365618776e-23
4.184539776067622e-14
7.268301649867261e-25
4.6352100264668315e-15
1.4415344321926093e-17
2.499932480368652e-23
1.831481764664997e-23
2.033501654566701e-24
8.39636874998963e-20
1.3163469625014476e-23
2.0403039552594468e-23
4.534061955287844e-16
1.6394265084790755e-23
2.727025283591428e-24
1.7537129807158366e-24
3.069803682857849e-14
3.7662385042138265e-24
6.220521632107716e-19
1.6277239869577655e-22
3.4101031890115895e-17
4.2893870322767056e-24
1.0535712463964219e-24
1.0708124465516194e-14
1.6162187281466405e-16
5.115165705504322e-24
3.0074278886736415e-25
4.398984946526793e-22
7.500576235078601e-23
4.732759414328149e-20
4.2920183963125586e-21
3.699164662654741e-23
3.4939763608128004e-15
5.405854079062914e-25
1.6506463475993687e-24
5.935192825089516e-24
5.372412163920573e-24
5.6284017149183816e-24
8.490557047622477e-23
1.84097625430476e-22
2.895577433762044e-11
4.265172307158694e-24
3.384471030231549e-24
1.493486548175243e-15
2.0304423935659849e-23
1.9637023069282604e-25
7.123385788462711e-23
4.638619514118978e-24
4.413987680523368e-24
3.27394790231329e-16
1.1243441242440295e-20
1.994689325391102e-25
1.290893766503981e-24
4.948337737295425e-23
4.669385518110911e-24
7.177227075390939e-18
1.2834131031145915e-17
3.8390564808589124e-22
2.6799915555522697e-25
2.2946293442765106e-19
1.5687307281492562e-22
4.8136256084737345e-23
3.8822012917520565e-22
1.7729005019917795e-23
5.199072545396523e-22
1.5141356439452567e-22
3.5601021102086956e-25
3.665342198335973e-21
4.461029665047246e-23
8.152759451612888e-25
4.2545053476654827e-17
7.121167557377922e-16
6.0101281141282916e-24
1.3458770365372476e-23
3.932943808804257e-19
7.98408366129054e-24
3.16779587530598e-25
1.0456380101309467e-22
1.0992923560435623e-23
6.2090737105243746e-18
2.523379562065674e-22
2.0632020458745356e-24
4.0979964027874335e-19
4.26079349195666e-21
4.5666363940422675e-25
2.3104696806266358e-24
8.829436645956034e-25
1.564472283197086e-24
8.32727187214424e-24
5.766437007264457e-20
1.8192833716936022e-18
2.225081333165567e-24
3.3565836333988035e-25
8.746285211806483e-19
4.719121263836561e-22
1.0581700541681437e-22
9.05409352704481e-24
6.651956667706904e-22
3.1844871450640928e-25
1.1503829120332486e-15
1.0329574885834956e-22
5.406892231531235e-24
1.9343884671710134e-23
1.3904777159643173e-15
5.719830853254665e-16
7.863367592360277e-25
8.019660340504744e-23
2.0167534439109435e-17
5.1424050017687224e-20
6.994368288159311e-19
4.23910082551771e-25
5.621189093713217e-25
2.137462446859693e-24
3.043526872776686e-21
2.4056825692548245e-22
6.780067454700707e-25
4.449411493962659e-21
3.980060985382578e-20
1.2657317477789761e-23
5.062032385499903e-25
2.4563389728580182e-24
1.434274062503649e-17
6.791592619411033e-17
4.152441840189506e-25
5.7973229254717634e-24
1.3283143482294808e-17
2.050927682745645e-15
8.198906561217083e-25
2.5423832876328355e-16
1.3630347750963897e-23
4.2080585292152644e-24
8.605859603999024e-20
6.98006656804458e-25
3.669659034436099e-14
4.808910495486057e-23
1.7780083107216493e-17
2.7659070937093223e-21
2.1355632876939134e-23
6.416808473562234e-20
1.1148272908187225e-24
1.443131670619591e-20
9.929305122410628e-17
7.246565180562366e-23
2.604911477907037e-24
3.677688727027425e-22
4.2489921713440814e-16
4.3929422478840066e-24
6.8626828348391e-25
1.0159294739528826e-15
2.796431823198497e-15
1.4498212562778544e-24
1.591161782531584e-21
3.161728908044643e-21
1.144960054394175e-24
2.913304355448042e-23
1.113413001068316e-23
4.259487324193585e-22
8.765437676827977e-25
3.3853559403367254e-24
4.7217298369541846e-23
7.00752018950171e-24
2.261314582279071e-24
5.860436098683463e-23
1.5650120563248012e-22
6.79176695040691e-23
1.9443153700475942e-22
5.751571068937376e-22
2.224661964412671e-24
3.1233350272269684e-23
1.773530729521611e-24
3.373012731133364e-25
2.1950654554335418e-15
5.456483332250478e-15
6.987854779377894e-24
2.4009840048276098e-24
4.032445192850696e-15
5.711539848256013e-14
4.36224201379763e-24
5.947788760946799e-19
1.7570070442713786e-13
1.4996234470430354e-24
3.7076058994971734e-24
6.18899484446546e-22
1.1514693039121178e-22
7.965016750152438e-18
4.2770343696333755e-13
1.531789314334671e-14
3.0107718458155396e-23
2.568711489935809e-24
3.2061689798962516e-24
3.5688784804983616e-23
1.87347224538567e-24
3.148327067840519e-18
3.3199439930685814e-16
4.172278708453592e-24
2.291873888804592e-24
8.555097074326729e-17
1.7160631298427238e-15
2.6043059793469623e-24
6.677661939579122e-25
5.051532250661077e-22
1.0867146082711196e-16
4.844942722573794e-23
2.712220092590904e-24
6.6966539914175586e-18
1.860532277809173e-14
2.967513595679908e-25
3.466512618500622e-21
1.889802996468665e-24
9.138996880662166e-23
4.3825850349569495e-23
1.45026409976154e-22
8.450263191385179e-25
1.5299174313596444e-21
2.95993846435283e-16
2.39729346070552e-18
2.5522758796633113e-24
2.0476948684951118e-18
7.639788426187851e-25
1.3581709487080979e-24
3.131470573494819e-22
5.235379329535259e-15
1.6620657771293399e-15
2.9530127805623237e-25
7.846094500103277e-15
2.8698628619682476e-23
3.942079477080183e-23
2.750620261335911e-23
2.8390903634394486e-24
1.0650972760537831e-23
9.377277802344904e-25
6.357514024864291e-25
6.166043698926787e-16
1.1469453667557929e-22
1.3510422623253532e-12
3.562371565203491e-24
5.9495448433936774e-21
1.7603792579389835e-19
1.986390612278138e-21
8.484083456671627e-17
3.735900647996886e-25
8.400167259382851e-14
2.4319060988354217e-18
4.994145017840483e-25
1.9840572483434828e-18
8.77137900713945e-24
3.920068606500729e-19
2.591577415134286e-24
1.104025304368571e-23
1.395415272636355e-24
1.5001546578096567e-22
9.070389238865381e-24
2.0939821899868648e-20
6.132457563852941e-23
1.3895656474531993e-24
1.100728399695936e-24
4.931008946558608e-21
1.1777337975813536e-24
5.5436054713767676e-24
2.9689191430007217e-22
4.86535650669085e-25
2.521977041480071e-24
5.989446608826549e-23
1.3043627665432215e-22
8.768023221441374e-24
6.641838145156263e-25
1.295991652913347e-24
1.3551051908296457e-15
1.349821739390569e-25
2.788924812774733e-23
1.1896021175213167e-24
2.352381932937085e-18
5.312312301356501e-24
4.819774086817717e-14
1.553106058732974e-23
5.369208802187158e-16
2.707449235680923e-19
2.3758048723639934e-22
3.6836643243764256e-24
2.580705882388881e-24
2.134890705972277e-22
6.2168406253957496e-24
2.4836236777573056e-23
7.632612731234428e-24
6.5974348620926796e-24
4.691782804809283e-25
3.1912144947288536e-23
1.0218708880186354e-21
6.943043488738992e-24
1.1338363561933653e-19
1.029898073197836e-18
8.386656386360187e-24
2.23382073771455e-22
3.730176906156136e-23
1.4275766049433248e-24
2.052379557440634e-21
6.22690089823905e-23
3.517738050670696e-20
2.500561652924655e-13
3.4405613909145557e-25
3.88561118408541e-24
6.075865862036148e-25
1.4534044479706395e-14
3.6950979691305263e-25
2.059916628735796e-24
4.5446041441368675e-25
2.372098183098754e-23
8.370003346118226e-23
7.130002374013775e-14
1.8394110656788795e-20
7.578566263131746e-21
1.9569593076598327e-16
5.903855241738565e-24
2.084658552870942e-24
7.17986940771246e-24
3.8914356996046174e-22
1.330133838667417e-24
1.070461647374658e-19
3.409356691863595e-24
6.460766996632121e-19
5.395468986467933e-14
1.408026076226585e-24
8.816904916248604e-25
9.94800009014692e-21
2.208326019412817e-24
6.104217643578911e-24
6.375945482764588e-23
1.679868581279467e-23
1.8949518703809946e-16
3.578189849944543e-24
1.2128424116359765e-21
1.0731883400653867e-23
6.986834071464552e-25
1.0905105342445747e-23
7.14153662541343e-25
1.6188096604534744e-20
1.0299348301542822e-17
2.1839296161463534e-13
1.0836329542067367e-23
2.3604449767712682e-14
2.578625941239739e-24
2.11575215569941e-20
1.8144485945169204e-23
3.4041472236672613e-23
1.4617564439296934e-25
6.259737932885521e-22
2.3457622671127384e-23
3.3843575098608657e-13
6.889270369860889e-24
4.631803101158333e-16
7.03986005187062e-24
5.549007795432012e-17
4.63020520507932e-25
7.076079490219958e-13
6.486410153589989e-25
3.001220321949717e-13
9.152497538632151e-19
2.0108036307229282e-21
6.484301249679744e-25
1.0647828203696573e-22
5.8288931419510995e-19
7.366895661717774e-25
1.7468084037445895e-20
6.872264313035872e-25
1.853331523701629e-15
2.382155090588804e-21
2.921360504519677e-23
4.01511461074018e-20
5.71871096656011e-17
1.2913625539203738e-24
4.3140225321357175e-24
2.1486385855871303e-24
4.125312434776341e-20
2.2337642979973264e-24
4.582120959485621e-25
3.426644748698473e-20
3.70470143339624e-24
3.421966018254761e-25
8.303897023842489e-25
5.994983502364584e-19
1.4705776772888148e-23
3.344484554707774e-23
7.200105458008678e-16
1.3529680301577092e-20
1.9891668703825035e-23
1.9906152401220002e-23
2.6405567932350518e-20
5.97185663958761e-13
2.471808492062385e-24
6.8878351228440775e-25
7.219502543794319e-23
2.4141861052222503e-24
3.7995002692495467e-22
5.534217320528435e-24
3.6263746840568905e-22
1.7217223821791496e-24
1.3203151628960206e-24
2.1568535453238994e-24
2.0177682782875177e-19
1.552904642847936e-23
1.9033045806998488e-13
5.375134204871313e-15
6.686494356693827e-16
1.0571857396785592e-23
9.592006892055899e-17
1.4908276317701517e-23
7.947719232286344e-24
1.1217736016975534e-23
3.2956125059824258e-25
6.491441781078421e-18
6.663790380980993e-16
1.0110100104775375e-18
1.7317949656832632e-23
1.5572291660526264e-19
2.4877497800011495e-23
5.218765669851702e-20
9.621728933548409e-24
3.772302993306285e-24
4.937802153608517e-15
7.926178482909566e-25
1.7417670594170566e-19
1.9257147420836187e-17
4.69443028030261e-24
9.946477505797728e-14
1.2923349200659579e-23
1.1827532041296213e-22
2.092377512249815e-22
4.631073580777001e-24
6.484411004025987e-25
2.3012764531504903e-24
6.074418619084996e-18
1.0232244555439696e-24
3.8751431431509903e-25
1.891104614498826e-17
7.266727498290225e-24
1.275958225298002e-12
4.8565351191771707e-23
1.1037731686447887e-24
2.126794514375704e-24
2.373338052220801e-24
2.5804647584486666e-23
8.30442168455919e-19
2.5034355083642227e-15
5.1478477167350555e-25
3.31314954649131e-24
2.3086037089293293e-22
3.865577126356163e-25
7.589052206763507e-25
1.1459630111128773e-15
1.081647934104879e-23
9.489331868021067e-24
3.362762728151146e-20
1.5215138570010835e-25
1.8431295175169293e-24
1.45895160796268e-13
5.065108983817538e-17
1.8624552439447915e-24
4.4622569421288046e-24
6.394997520172481e-16
3.635830773930815e-24
6.756341350626969e-25
5.980740765552353e-25
1.3354454549832997e-24
1.460016612928832e-15
3.631258116682538e-12
1.6529761909392258e-24
2.3352964592251903e-18
6.415197770535354e-23
8.453150974771382e-23
9.051402520164714e-22
2.4423545436979927e-22
1.2264749483597864e-24
5.30584068673493e-25
7.293302574847746e-22
7.06917252590735e-25
1.3521224579526482e-17
1.1057246663194993e-15
1.4196101855067503e-13
6.289219069818906e-18
4.598115183292215e-20
4.811237736341159e-24
2.132133722423774e-24
4.620940026316229e-24
1.2420913839736481e-24
1.2613221652836731e-21
2.1603861232442183e-24
5.195230736186807e-24
5.8323842457187536e-15
2.8871378789168645e-24
1.2886101201059556e-24
