1.9412865776210444
2.4893171309772977
0.5682489354940036
0.3075332409981486
15.69069146048497
1.7198783898551033
0.10230637928883973
0.47253697439600245
0.059337231280366554
0.6415654564257578
0.6284674290972048
0.0454175192712609
0.363108838969392
1.08185478486908
2.0831895695162186
1.1101526865387579
0.3770288846646978
0.6396263619098022
0.15561110708350595
0.37799253603880606
0.8873295796508327
0.8967576690009519
0.18955002943142144
0.15818525991526178
0.3580621739634205
0.150261762867745
0.46653123348550385
1.4175430683033656
3.274614544766152
0.10891452963145327
0.40708648190340024
0.40892299532682885
0.850646546080175
0.11582124002088509
0.11841250514839861
0.055769487013166856
0.032615697173310504
0.3001580344124689
1.2549392928216738
0.011913257430743328
0.2801624014980059
2.293713582967591
1.2354636251847482
0.08957737004934457
0.09328433936136672
0.0033031873284295773
10.826405055371882
0.6616632920117101
0.11280861999413559
1.520839135145078
0.4232966201000665
0.7499460267707008
0.12401800506147545
1.8120247913954721
0.19781422093560158
0.16373055886701784
3.6274496164091556
0.014492805384611314
0.18533463460696553
0.04359583169885238
0.24682357696297957
0.004232238951757659
0.888695014899806
0.030367729088364638
0.3130378087595593
0.6085442870945676
0.211847677953436
0.26695901183994203
0.014263861350183735
0.10854922089989504
1.0342629677970852
6.982706084632257
0.6318188721892187
0.056804439213694984
0.18596162156114054
0.01056377164087528
0.46505115874779646
0.10495393285625243
0.6041931119200948
0.1411318832887067
0.8928355729516169
0.05109283764420103
0.6227297842213418
0.05755483077853716
0.4123471134088234
0.34905753495338765
0.030088232648703098
0.8025149773227558
0.42999974453266354
0.9768461714572354
0.4133074047128803
3.49581435162474
1.155450223117116
0.003565669586955684
1.2355235179706971
0.5761167426128677
0.34148576748108295
0.0834689248686307
8.672095238241429
0.6449914309719837
7.400358125761551
2.881452976604822
12.505101787059537
0.034896722290976935
0.02310911892920204
0.07058520049616122
0.02945127392837998
0.01751716799788235
0.3435151897091228
2.3221400615614542
0.04426278983402104
1.116728004879232
0.08922609493491421
0.5502839079994295
0.5278543031190416
0.11535552392038549
0.006861773034501902
0.18183077042400386
0.054995512447685836
0.4252406956727159
0.008055507618987755
0.01270136547734571
0.28203641662015044
0.038533964383593855
0.16234029076686687
0.8941031208788801
2.815747191565028
3.9325264773543354
0.5749871040477353
0.17096301724780505
0.7038516358744001
0.1648427686679278
2.244342790599427
0.01704381582766952
0.251494745195609
0.1592976095673497
0.0015080426470040302
0.04026383665289079
0.0396357418149994
0.031147085110544096
0.11944799845136966
0.01338113668645902
0.4757040532311168
0.3862180863392443
1.5589843364632596
2.249489117758119
2.5972414496175453
0.0940982896216194
0.6316278832360134
0.42093783392854073
0.13663572557558476
0.19258003006346094
0.11838786897783375
0.22981136834849267
0.7027751454502661
4.802061130875748e-5
0.020956511255286095
0.03456820199940045
0.9319983634205956
0.04025605182612483
0.006296543296981965
0.00961172582240157
0.7119065727136626
0.1475886783535227
6.8799835676218155
0.1024106091786448
1.3274183655156089
1.9136163885506519
1.829419126309604
0.00035163748718613786
0.02544230045239941
0.10414728877873644
1.782267643052761
7.886850332116892
0.008834435063931698
3.771344290811054
0.4939687363304228
0.15022767080662688
0.013723431154331705
0.9035093881129098
0.01911490764190479
0.06221945809744693
1.2532093321018067
1.9083155993060028
0.0004539770291522205
0.06694244769013727
0.003054234650287221
0.3405772147588615
1.6860414983371605
0.09053728050419092
3.1581624215965203
0.09646459547017741
6.067985704525703
0.30316924705149
2.717590307042708
0.03929787744996724
0.14487109755945635
0.5517284212242707
0.05824654201907322
0.041723973569504295
0.003120611872253728
1.7624468314789405
2.831270782879242
0.2096402668639161
0.007242846832584873
0.059009279163777004
0.03103081521963657
0.01576815136087563
6.185086171665415
0.00016481290911715668
0.07873375280000067
0.8153810734287389
0.08973868042543172
2.441914644316995
0.00955831816646839
1.9034255746523616
0.19403076528936192
0.0033717980686478674
0.008739992340393838
0.0995714683318031
0.00823564129565349
0.015371323914769783
0.06727323895140162
0.33950867758039466
1.016798518063607
0.8297075933989976
0.07421658846954181
1.510534764882346
1.0046990786677978
0.21834756251310017
0.01475759322840212
0.24311001248105607
0.005860318390727625
0.47812726301099984
2.60109705423098
1.7518376643288274
2.4402032012384383
0.030439835274419312
9.846817370110877e-6
30.366705366143794
0.07210928876097665
0.029120440015262743
0.16435920045164773
0.027635569319509994
0.754730152915785
1.1793243087922316
0.0007023694017844224
0.16202550685356984
0.28900549995310426
0.0005784623547949923
0.04455075014903921
0.20349504242655625
0.0004070683708534684
4.739932505648613
4.680901442933745
0.0007546973672394201
7.073222185745739e-5
0.07813386902644238
0.004378555469892843
1.896405925587688
0.001055758406402319
0.15461458993549523
0.003438943977531648
0.10419036950082684
0.027291661703637744
0.13488689881209215
0.16904644867773683
0.00446427048562941
6.214239024839273e-5
0.040366922096422266
0.013755594985090935
0.0989080427600857
0.1922485527950175
0.05168494759745494
0.0029139194791760513
0.0023814808125742918
0.0013432275343336494
0.00019270709714313354
0.29700053759101297
0.23594557926200715
0.31473036828325973
0.0750158701425974
0.4335915159604085
0.20049174372701697
0.027527773662825352
0.693154201658583
0.001717504445636567
7.555349819666309
0.12965883083578275
0.010218034455347769
0.013130177546986302
0.14872938327654012
1.1317418542132094
0.24743508058665906
0.04864035237112969
4.198307721086759
8.688058252981588
7.0978211954339026
0.19495422651640518
0.0037449980584156072
0.05704885891190489
0.018611107643829925
1.1478601016425498e-5
0.010422005340142301
0.004748053084014669
0.0023535920666354587
0.0724548938001806
0.0002996432392888895
0.0029043496585745778
0.0203514117415913
0.00985085587703967
5.5194962197695835e-5
0.13717031414559777
0.08392757881789539
0.13659613814954788
0.40273111168771764
2.947153219736063e-5
0.02486513677951426
0.9733648873661493
0.5766088660765211
0.08407490292305951
0.03813530378845192
1.0605204718005
1.147863874899633
0.05630746147021216
0.037155581659401506
0.49697059780598607
0.32587313239441845
0.003740473487427829
6.419293488044666
12.677528152632576
0.01970113767820498
14.662816933513998
0.006914616532582397
1.5590158636645481
5.295743882944977
0.10051943007064545
10.02587507534794
0.8346855705589274
0.003659106054050104
0.04440096608366047
0.002473807352278505
20.157172552849115
0.009950115824717406
0.12804112037174994
0.017687508826178058
0.011558899427373358
0.4064529709688774
0.5717449956512426
2.3956420707137336
0.0023891172645647395
0.002332203618502217
0.0014485361680798372
0.6250213887671976
0.15760093791361335
0.5817024735264478
17.39409037238434
0.01020828628198471
5.045246633011878
3.12515378145798
0.0015717402982759377
0.0037417160544310447
1.6859639258785808e-5
0.46369275280160305
0.008079172828928343
0.0035825604889824763
0.08994126670807924
2.2061300491919833
0.01886718627255066
0.0418592451562972
2.764420851544643
8.49520288186621
3.250629018007753
0.03972804445208846
0.013902947120703528
0.44226701328056195
0.07019954602775431
3.141153266629079
0.0008095131415259886
4.8839355292421e-5
0.14497108474600992
0.0006221747436143619
0.06731910468711326
0.012409794253537667
3.016131853942645
0.0003092646618340512
0.0003653883731358719
0.061844138467793706
0.10512117456214985
0.32922552437198527
0.7260724761368488
7.5888729389681115
0.014279418068221996
0.00023459315675746167
0.09558207362210204
0.10392527630029347
7.583127563774866
0.022001810442506164
0.06596437931135686
4.742326065240254e-5
0.032749012677314865
0.040202907753940406
0.057605195443118394
0.7761732158797994
0.4080664452954003
0.008432195288545757
0.017655937551385458
0.19250115870294804
2.254805305216299
0.005374238286249252
0.0164732224626745
8.418880195172172e-5
0.13268403235155707
0.003920766168662508
0.0015165404454850746
3.2944368470718747e-6
0.15738298920530486
0.02999478803010219
0.0001472785008822486
0.0051661355909868615
0.5714184894962797
0.014587704286267341
0.0073057007071075
0.6338188115629024
0.6387857327652846
0.27992732070334136
0.0010536290040602245
0.05686178339383455
0.0004231137865000467
0.019943705895476557
0.021831588007788342
0.04502383103465578
1.4025273774470735
0.00044699098797202984
0.0018948070982807434
0.10987316915140818
0.0012750640714532901
0.0022312051487424077
0.12597740871249657
0.27396401689207606
1.9696386713598442
0.1649731680166365
0.7270130801373588
5.450311296950724
0.06116550120023723
0.0024341200846069804
1.2072782132916345e-5
0.0003720889597679174
4.027479457178323
0.043193649791221055
1.3418901199301778
1.0187341506833516
0.017989796610856215
0.0004813124275215901
0.5636956975666941
0.0002360264667247002
0.07317662428398342
0.07101860838008678
0.19916620264543655
0.04101591134700814
0.0004254345214196074
3.9130602655872653
0.004502276349316925
0.14551321800625636
0.0014089157779233145
0.0018819959882235714
0.05838626481625177
4.3014533913286946e-5
0.0027687453642850257
0.06186814364197318
0.0010732930173429907
0.00010242619220382391
0.00013316149093300345
8.266364568205315
8.138412990533453
0.009931431472335162
0.9734479143741044
3.017262271572518e-5
0.14082323483642997
0.006382410664118714
0.9404298550819189
0.002885226095027265
0.00014060976516818338
0.0022689346266197476
0.025225000206478117
0.012406487078252523
0.009375797580326159
0.013063111940750194
0.02642434831891437
0.1748317944675215
0.18261831762302244
0.021152329266805055
0.3576088950024404
0.007129653541160189
0.0002122195228170722
0.05988662920976689
0.08876857432272818
0.020546209078315586
0.560461468209975
0.0003144347249616499
0.007457200427785725
0.358927097845361
0.0176593347418495
1.7841681291959677e-5
0.010527922167803584
0.38241232381025
5.254691130334202
0.3369211950459326
0.01931079205595642
0.020910537567147794
0.009483112941470665
0.008112003099819092
0.00014670641470618343
0.03092828356733969
0.0006023280409408263
0.0004081494697051256
0.006971093543977497
0.3346539983148791
2.0524966116871806
0.00024269200690875512
0.07011324691244351
0.051648139154092686
0.0226353378360495
0.06245457626317909
0.04011432543559415
0.29436817044600505
0.06438660280794548
7.010647967129485e-5
0.006459052900109906
0.33163622513811275
0.02868785253625303
1.1847366458556146
2.188946264673981e-5
0.014000904754129379
3.1780738637289123
0.06365641606795028
0.038257549577061546
0.21585694045151876
0.001119833233050702
0.016459964902487897
0.02007815535516626
0.07146546871620117
0.001252384379721082
8.627101495464073
0.07941768987486764
5.638352515151403e-5
0.005189717610296283
0.00029132053490037933
0.46401001974413
1.700841469032744e-5
0.05699669746432504
5.3059669892123064e-5
0.03499600486499329
0.11073674707099905
0.017493720708002945
0.07312070011706583
0.03987625075971743
0.11434266675272321
0.018444853986357868
7.237203632970233e-5
0.00045716153397573693
2.0348115389092523
0.20382105325963923
0.01603615999095777
0.0072463625898230724
1.0
0.1247258390347639
0.05052390192873151
0.05443375258949773
1.2194334705029626
0.042407866960408214
0.3329287081701047
0.032555396564467945
0.07720896207862164
0.0033179183022356883
0.0026235989098217045
0.22370631311800224
0.003446997078151522
0.2018852715208073
0.1118366208765646
0.009552179504933185
0.24785360367078513
0.0008976601206410994
0.5506240715916032
0.04678548851572215
0.37152292820847926
5.065275866179515
0.7780319137843107
0.065289425013304
0.00025234649757407046
8.753942480515933e-5
0.003702500921433571
1.9782340147116804e-6
0.06514812872831231
0.005170083114463609
0.01522167737666466
0.21041811625441031
0.0034159581467506227
0.5208771310571074
0.037249230056583975
0.036721387190359174
0.011263171696774583
0.03560315858558171
0.8650808510811545
0.008055350552401115
8.566989762583928e-6
0.33982985064233723
0.054491189998394175
0.7730927720046383
2.0538321515869113
0.0007991441938535526
0.005519743387610155
0.0900597412806107
0.37010483578792236
0.01185776787669902
0.025334526171498537
2.0266643953125887
0.08116047357262837
0.23625463601794439
0.0015805567097288756
10.247571557856723
0.010226445260326223
0.027768643409654438
0.0002167807441398251
0.0012825082197523516
0.01227767057197682
0.8134121114209715
1.5701530723191919
0.01180721951813464
0.006164229393542772
0.0001442288001934668
0.012189567778419253
0.018696297074478622
3.718450565962107e-5
0.015510356530162498
0.1347368844490896
1.2417689023902898
0.0001140400839830333
0.17829314045921454
1.934820886157394
0.008757186091055257
0.23873950387528964
0.0003603522347580217
0.02221052292454602
0.26480692881055495
0.030245610734960716
0.001169594147219397
1.2890821530315713
3.127530228716989
0.1513933431860694
0.04830606690149109
0.03004974111225182
0.003572985320846461
0.07703038055126635
0.02150873892398683
0.00037046987415131433
14.031968848949829
0.002745954980327253
0.009586786747645947
0.815373950493962
3.161172461136098
0.002676822570644043
0.630581663471186
2.1630300578555624e-5
0.03049603067824764
0.014428194600896917
0.001081940569650491
0.016763171073090898
0.34520654923670646
0.013204039385994992
1.0587272061935482
0.0009488008583156241
1.8141466048637275e-6
0.19948951823557806
0.037890718313252705
0.08643010389279464
0.02743709331252763
2.7222452027031035e-5
0.00019138342362153726
0.3985173037532411
1.154397621153749
8.84980959882592e-5
0.00402358387242031
0.3320313375150372
0.002803738093603016
0.427649350190521
0.07345933130709531
0.010167785521412346
5.6224574935544736
0.009670453561743512
0.02008561555454519
0.0010413746753555803
0.055452466999155035
1.8239409283300856
1.9604456425894912
0.0004751241077606191
0.1024065532812498
0.10055534891095631
1.0264308010783094
0.2778253130497337
0.4037184253099587
0.0015091672577644758
0.09853086598337037
0.02102224669673217
0.020411997825271488
1.4761069388378218
10.201748082913227
0.1255928749738728
0.04731150050412187
0.017148330415802118
4.83674169109237
1.4511884471126582
3.6083460502799465
0.10015202944778694
0.005823320040855303
0.044403886623801306
0.0012506356604179982
1.159118180120351
0.2927889680005641
0.0017666161145627685
0.05518563145398444
0.019218875401327738
0.05140339275065987
0.17995486297177665
1.0548324579265052
0.03165697387498619
0.013867194226374538
0.001833510016196752
0.07730938319106641
0.0002972736201464771
1.6559040461956046e-5
0.001523108925304078
0.00013848401381315765
0.053656127483667264
5.619481095673293
0.12030439825221044
0.0034715785093930454
4.788699988529605e-5
1.4586618807570677
0.18182456323478316
0.0055660022787039605
1.1193493887892867
0.013464045579338215
0.024453871126126573
2.018555310351093
0.006040516951631149
1.4033644690459418e-5
0.15768149512708685
0.0005131925616703954
0.06384033210473704
0.03204506594613465
0.19711044977406728
0.004640947806440955
1.0
0.33470287295604456
0.0011729753546786098
0.3698358880581317
0.003818206697929133
0.027938209309597953
0.6149321924785932
0.0498954319023529
0.005070355704666352
0.014072630917301418
0.7744519383007922
0.005371194333857579
0.00044449147254015483
1.250451428602771
0.19298935126344965
0.0019498930946095286
12.905433918047564
0.0065763582801584945
0.373398366896051
0.3207416460831104
0.5728943587335616
2.3738089478386497
0.0013137503516213742
0.43805617294160476
2.29470848785428
0.059807834599521444
0.05938369260717195
0.011185832791766777
4.6296925595532095
0.003028181669223682
0.003602949846456063
18.039735989107403
0.00017075228314340483
0.003474408107255566
0.05895839842902203
0.0023875130100288015
0.007145454266936865
0.00032316437638433946
0.7166153983476002
0.19291482396924262
0.9227214558977517
0.10141537392381901
0.253500108735732
0.02814524303294493
0.01285767278309823
0.6288243715067505
0.0004200866759715985
0.008070452239298326
0.1798010971357914
0.001114467351498265
0.10902114342417814
0.035159718759309934
0.034485845553064935
0.020758503382408783
0.17105386807590459
0.0027944347726834716
0.6368478559053256
6.190479166521226
0.1423029261797768
3.462839552954152e-5
0.011001205104834067
0.011045018584373971
0.0018178665002984294
0.001327450377721463
6.713533640771766
0.06368496823781004
0.0008585123499162133
0.0008425064986303009
0.0014473988320313903
2.152974883820457e-5
0.01316411426886537
0.0010613913555335497
0.014929933617401551
0.00018936271517684127
0.13342309055896254
1.5014201648111245
0.013846376602754396
8.391893553089322
0.0025193265467654863
0.0014606768148666543
0.0008697308017744287
0.00010945215828239123
6.357490821523443e-5
3.081798158539472e-5
0.001868069016131325
0.040104756408097894
0.0035021310644537287
1.7357435068738472
0.023910861668380065
0.6739976369763911
12.503160268299695
1.2679239403683502
4.0769783390643735
1.0
0.004813117129451229
0.2681225600040244
0.1543203834547049
0.0008564227071975086
0.022137625464434145
0.02213401112026446
0.00010641510161989504
0.001929743261368154
0.06666230307107246
0.010884620073891018
0.012787674935200487
0.04904406873372604
0.09070999267104415
0.0001905946555398847
0.0033589952405601773
6.317071173772387
0.0012004702336254277
0.005355341541610721
7.426111257463859e-5
0.00013128101338903214
0.15456916449451624
8.871944386806707e-6
0.055108358600061004
1.1352113999703755
0.012422391107808807
0.0074599003401757714
0.005743469850325278
0.004429256615432705
0.09978907162550761
0.002634679235045602
0.0016577356613720433
0.021416925487417856
0.3216888318907158
0.019065319805909423
24.213015802685547
0.0050432584236693315
0.017364608965410828
0.03919697598933039
3.933421986076656
1.5444944906456753e-5
0.0007128855841967307
3.810934210620154e-5
0.7507816622986953
0.015108946259304208
0.05199742251260692
3.437958855766843e-5
0.00042338995645970737
0.001695357954733486
0.26095337487439835
1.7886567246811151
0.0025944103873945922
0.004262649973295345
0.01292703673458017
0.002519658156221264
0.06516211796969945
2.32264180307062
0.13081585547856722
0.0014126957759649746
0.00019171401713774272
0.001724447845825913
0.005051850536661181
2.0449099019313745e-5
0.061984650490410007
0.0540288380085648
5.142833870567072
0.08308688893996839
0.39911388417167143
0.00013517897791515224
0.0002459932503974757
0.020140749766641885
0.052644041941712585
0.0008526633240861455
18.31549968991648
0.04748781216474353
6.237656809427208e-5
0.17407593721177772
0.06283750298714791
0.06465735992349649
0.2134889518135215
0.006163704293062507
7.980170818539093
0.42672723501770493
0.00034957025542289795
0.006120259635836915
0.13680540569302435
0.04961308147839921
3.36103188720253
6.413962354265604
1.6062461044185654e-5
0.0002072551952369604
0.13468075622444506
4.549472645804225e-5
0.029134143169047548
0.0004951888375793153
0.0015629833550909918
0.0025956770684227113
0.011275602929657815
0.004533650895601231
0.00012026378501497578
0.04226731908908637
0.0019853092900589016
0.007935397159193041
5.324971768577174
0.0025151276563830055
0.0065562178803070525
8.213500862637593e-5
0.002480876995998965
0.2136377066660505
0.0021067252394891497
0.0379002774640499
0.7543338090997659
0.008506019816017476
0.004189406030980637
0.0012888941329896836
0.0009071811811987225
0.0032900638211410082
0.0014782535918147273
0.00024712699763430125
5.589963037372432
0.0004970620777677172
0.0005095084641575454
0.17240000940599015
0.00021499103731728624
0.11471784744911263
1.5780282599384772
0.000715396585712837
0.0013762493398108795
0.3716575804599872
0.0205601579846492
0.02784836844481589
0.07743512797869753
0.13695372527962013
0.00015907900140180132
3.0517567279618504e-6
0.00384489680459506
0.00016231676628527725
0.05503330186693057
15.614801022152617
1.940554222112936e-5
0.0026344519774212853
0.03742071186803662
0.010990417744362185
0.007464383490984226
0.02670139774278911
3.204507608743726
1.2651027548802579e-5
2.436153714384627
0.030712142649629896
0.01045530867712653
0.015953960101140877
0.00022945283064180566
0.04332154661997805
0.06284976230937371
