0.2507791439540532
0.024300546837028262
0.07815987427569505
0.021158687212396533
4.319597859725224e-18
0.16282214072948822
0.021726297348271674
0.011607408571392605
0.034789707418425485
0.022753682452942604
0.05938218897753763
0.021203083787108872
0.24749476609832785
0.16286402061106
0.05415611825688427
4.4128161483105045e-17
0.03832436919028114
0.4101594229167924
0.1171411506685638
0.11427109663087852
0.15295618191915683
0.4212264538833771
0.05253468829020706
0.03844132409907862
0.054854481109674696
0.2675308690372534
0.6914284884448684
5.3458488041392475e-18
1.0
1.0
9.294072149747168e-23
0.048404652481310345
0.018832750200355082
0.44382096124571124
0.041099512622262156
0.05206683175002135
0.04282928886643035
0.9435629752192353
0.06083011039485564
0.07460636416020391
0.09426215051425746
0.12662427668051282
0.23056567852047197
0.6297849787632793
0.04926534226258537
0.04281543737579378
0.1849816978699603
2.6274406565201985e-18
0.005061353892336727
0.03285209951195861
0.011919372193795373
0.07775927354832764
0.13562097043486465
0.008761901347359732
0.12666319132900325
0.46440582265171415
0.049865094310953394
0.027089389577817608
0.05485736922146059
0.05691734886717564
2.1227865214134584e-17
0.005387802930899235
0.0364086939237082
0.15223793862147667
1.9791245923049027e-16
0.07996903267975225
0.017586361326441476
3.703126755295362e-15
0.0061201110897288686
0.01242328148306148
0.03612460932713438
0.07980638730199194
0.7753017324797267
0.2293115374728116
0.06063970826736752
0.0064952416764240545
0.020644818593388306
0.3559705898638177
0.08332224403832267
0.6790152791601173
0.13017806225202072
0.0052542787287165925
0.04924846045436684
0.7023318354086429
0.11601894937353621
0.008260594991689404
0.11077875470842358
1.6022222731565694
0.025670318690610535
0.00040819344097101914
0.07954425440115664
0.4400772516419697
3.2056831036979346e-28
0.2951201714687608
0.09769703942255768
0.04366419022202575
0.3874673423209943
0.031794509783976486
0.5297278105186861
0.11550028455853982
0.38465677512670704
0.05423548186766307
0.15264213362915494
0.03776480491084034
0.07708310652778656
0.17933106914767832
0.35065566517295105
0.052434189267739253
0.3544127541812578
0.061811570256942734
0.13681065318574304
0.0483883813971207
3.581227616753727e-15
0.010411698192334588
2.9397538951550797e-5
0.11591888244704274
0.014889666895764844
0.14757787423213684
0.30702377355656063
4.076222048043383e-5
0.009530922980245955
2.2964267077720693
0.1795614171716573
0.07630716213831497
0.1705833573885228
0.05957030804487127
1.0584253098080023
0.05809376308263717
0.055030050434889975
4.57360646753271e-9
0.0008931817939203751
0.09448258558335468
0.2027583527093986
0.023648910269789738
0.21627618282249894
0.031921256519628065
0.003065841552856108
0.002104168068059522
0.07205586060623974
0.0010342749225545579
0.5609460813422991
0.1519242054435565
0.05437769877437961
0.06143479194258958
0.14791912082018308
0.14925812927142995
0.03782507003564946
0.0949381064894766
0.07054932541764428
6.196875293943038e-6
0.11534590859836634
0.07575981809459885
1.5032378045883448
0.011115176233233723
1.671450696429861e-6
0.007932727435115
0.11980462866903926
0.14108429627914706
0.47593942849302323
2.0661413997431465e-9
0.033773879916898904
0.8181874032796935
0.029630428322853116
0.3781264267051517
0.07497320088911576
0.0003247648358574218
0.3421207496845087
0.2572099898025243
0.15394443864196053
0.29150081560421254
0.0038822563417387664
0.04064460391486023
0.25047264700022526
0.13859675883538022
0.9769873554481794
0.06343373570742929
0.05624007391367909
0.012821694587110643
0.0012853348152898668
0.011586248040228278
0.23890567205785804
23.008127441950077
0.0004785922029315629
0.20174535846802066
1.492150187362851e-20
0.004010434937011007
0.7132969285262389
1.6296366751694167
0.05113486700795256
0.7866129548253538
0.11136131271406922
1.8524078996072848
0.14007074447505935
0.05111253487390809
0.048884589066506265
0.015453019677305122
0.0030188375644380045
0.004621484997924046
0.11344865686048825
1.0
1.3181848776443115
6.8930413368806555e-18
0.058049375490042854
0.016821067046535874
0.0005608987618469559
1.521443111392243e-14
0.0005929694984127835
0.005059909450558352
0.182119744897454
0.07526567453697292
0.2518118932200062
0.029802806443134475
0.7563546844309383
0.006895866212879741
0.6410639387986785
0.4864679848251435
0.03605863322923475
3.8414121056591526e-8
0.1399299386638276
0.0007511522058629634
0.0718085041218696
1.4076971918484018
0.17898172694178538
1.0
0.9732489618240074
0.004643948410534393
0.015238272691127918
0.013506978606379843
0.13784303172381548
0.003419327720144879
2.508115621849538e-17
0.008717663361196068
0.23637053291822882
1.0125992570191546e-17
0.02133425505013082
0.0015058410998997872
4.5939941717855916e-20
0.09066678751673836
1.0
0.29834275724264936
0.04633983632557912
0.2024303759148888
0.027982829657427696
0.0044569822435266485
8.985399426269327e-10
0.008305153409203776
0.06458391082662246
0.04456399538887106
0.11698341412340764
0.011512828918415194
0.7472126920845115
0.39737503962900245
0.024192917792002014
0.36958646097036424
0.08350289361018802
0.0617543221760073
0.5767560060414132
0.012792097934157259
0.14100693513897267
0.008926611322540851
0.01891699730035206
5.115986352753774e-16
0.0024326022934831053
0.16877071206951696
0.1860097063640499
0.9843035590833757
0.021969971265248127
0.011695152034523678
2.8318557813125187e-7
0.07365913594795362
1.2782768708594734
0.00608749978713916
0.348223142693167
0.9024577671083642
0.021477154721269306
0.1962742627920771
1.7193635131653564
2.9595386858398788e-8
0.003971556941546515
1.1236759898609953e-15
0.9064873130949356
0.14701807624106009
0.07423973055676868
1.7546191272792596e-13
2.4389470391257287e-12
0.10458917121996934
0.05062071525302179
0.13646480596436839
0.007020133058956224
33.1574635084393
0.037024449945938114
0.02565382436077602
0.008129247742722022
0.0628987139865276
8.90905743035477e-5
0.05535351859722719
0.27034323330771337
0.11663740982910131
0.24025255285733244
0.1764917950803562
0.14934678545457708
0.37698090306741555
0.5619919569101378
0.12800272998180173
1.0
0.004782504929208494
1.3432105798713023
3.2222298494592527e-7
0.0013358736804124512
0.12465878152836944
0.0013814716089334772
0.07234117941462395
3.643783021412843e-7
1.704533200729531e-10
0.009268552276844725
0.018450751840194853
0.7685346012665623
0.0007998581346179005
0.012206703093891895
0.005990200733282591
0.0680363897237571
0.05871234239226929
0.311558932795105
0.000558263205356595
0.18491080703426993
0.05428537950818947
2.388604771236492e-20
0.0026343563057356994
0.025582381752883063
0.01822492550358379
3.436496523594634e-10
1.2416637780947394e-6
0.043564701735976256
0.014179110943083264
8.546429568548329e-20
0.021634013681315248
0.025281627909166143
0.04189183066748012
0.14983825886792834
0.0015723212164498524
0.02855251128659915
1.376022304323204e-10
6.0650630478124356e-5
0.00948039736229388
3.41780846095344
0.298397188491356
0.021211557728636497
0.04043470449834564
0.01951456642435044
0.005029154314754255
1.2175065603407214
0.045564389756972024
0.29463855266306854
0.03310215822182172
0.34555470584069214
0.1184787997436211
0.40815832419806775
0.19423030104500763
0.017704111220737707
0.6233769796326534
1.7736848325697712
1.0153063589348337
0.2373280293955361
0.003428156793345738
0.051538206997605626
0.005534062703769526
0.020783935909127256
0.00034466102974960313
0.014957448552217591
1.570814890619461
3.734588138876015e-7
1.12908986705699
0.008766110369485259
0.3131544229610058
0.0033350454805946743
0.670755519590682
0.05732926615992279
0.0859836627708701
0.5855637726146682
0.7702598886808284
5.728967246418314
0.29154970691511506
1.7489711404668734e-7
0.05156285875449526
1.0
0.009050545963838625
0.05329512745414087
0.01460024825878787
5.809190946450696e-10
0.011655601295160682
2.2600882862309865e-7
0.5801765915962456
0.06006545124828691
0.006212628470291741
1.2345394467882394e-15
0.027742238280572835
0.8074946955667922
0.00047374941287026725
0.002132532523685754
0.003999516512281852
3.494023888303073
0.38657974499628595
0.025232815564889367
0.037819047212025475
0.23612931068819254
1.0
0.1723035603485748
0.05694311061025853
0.01850799974597013
0.3669044576156345
0.0166601578921188
0.023933526364147237
0.09229411016627018
0.06442922161064031
0.3171273773540979
0.0642005479732439
0.0022840439146089232
0.5034552746181634
6.978602239242254e-8
0.014629481252983622
0.03542674761930561
1.880833164542623
0.005415273720545887
0.020148602660839995
0.28706031829787226
0.04823379885618645
0.1295386735297001
0.499262430597181
0.0242340913366337
1.2608216938925192
1.5791002448891083e-7
3.081969064081072e-8
0.007162580190357988
1.0
0.08101982085269843
9.298522447936733e-8
0.08676431267091299
6.5873800269010514e-12
0.06062434646124841
0.06436719603886726
2.8738771103539493
0.016980175480705493
28.58289245470121
0.01788361093802711
0.27168017041118897
0.7387530088129145
0.8602650801653902
0.05035305833695853
2.8391255739747385
5.516865275953084e-5
5.133723056489517e-7
0.1257950896480576
0.028222150346275704
1.846695936718002
0.18752156254877383
0.17402029244349232
0.022871926507602627
0.18170847206465965
0.287495333291739
4.9602511237479104e-8
0.011069139478604035
0.012456816976760656
0.24433029441465068
0.5618403118874963
5.008256590456536e-5
0.5896117259153189
0.5615084685103937
0.04393878976093633
0.03039587615104121
0.341689178312378
9.171916079440356e-10
0.06054722736828761
0.04033029604086243
8.701916943529611e-24
0.00026879679008409604
0.051347450105263745
0.0015888313812435233
1.8267093411090582
0.03171186846333439
0.3026997336214187
1.8297442576961075e-8
0.11277855085308656
0.0026744444418732613
0.0323777353201932
6.050762774231498
0.9459941066609532
1.5526833339681446e-20
0.023872809980401397
8.441089143912149e-6
0.015890604457175283
1.0718135400719404e-22
0.00023199165293463002
0.07542568275548099
0.01139443302691061
0.20343246864590867
0.08184363180842329
2.709452250000858e-19
0.0983544632804957
2.1904914726890263
0.4001711531238309
0.0010708134533272315
0.37649494902098424
1.3434493177014886
8.423225997806014e-7
0.008873937685103675
0.0024237372574284284
0.8554418797312084
0.3644994458741425
0.011310660867847511
0.016249273488578225
0.0033006984652536892
0.35099099369195247
8.882415122230773e-14
0.01282655760448948
2.8901171553097245e-13
2.439478149431929e-13
5.306186282806454
0.072311319311713
0.01787625000456268
0.002444724334779779
2.4454886629227465e-13
2.2297466153624876e-11
8.819802126134364e-10
25.362934375284922
0.00830014890965332
2.7423731373455826
7.124714613101514e-13
0.448412439358417
6.5807381031953495e-9
0.002342920226501093
0.05965390679373889
4.445003379565623e-5
5.643290683039041
0.06634856316067514
0.5284841208528226
0.04701787929761362
0.07109100327202036
2.9714936290670795
0.041862695842432976
0.013993244862015869
0.2028409227208231
3.8610739695022938
0.12733655646982125
1.042659564099275
5.1359688167039504e-6
8.113887469490266e-6
1.3255794233994769
0.17026428964057744
0.23171443861372265
0.02300413556490161
3.906252872949744e-8
0.16856770696774048
1.0
0.1172776308616915
6.647763898012161e-11
0.07286020277696677
3.318831264848652
0.019318837067746324
0.007666997249889478
3.904324773708254e-11
0.12455501766810928
2.0530592443416913e-8
1.046327300364192
0.005182700575068713
7.869837354656551e-10
0.174350764574639
1.193876665117887e-13
0.018135995681889474
0.7725305905198727
0.01346818168519366
0.18752912897778232
1.3612247151632092e-7
0.0002207916457843185
0.004434705347250213
0.19856795957663198
0.023355678848522188
0.4920168116801615
0.0013219833709553458
1.4896580547315692e-13
1.2243041317220583e-5
0.19030777616762393
1.0938272862447802
0.49448911149247976
0.0005336273171289997
1.981969837068974e-8
0.06439109540858283
3.0228918078968774
3.4788528271439875e-6
0.016486859768642066
1.453925319992886e-9
6.184828755664516e-21
3.1192824013605713e-6
0.002556041467889859
0.5115992605025678
0.029702746665783535
1.2951998855727554e-6
8.997375026478668e-8
8.038781042247505e-9
4.109228720531059e-10
2.448283194451376e-10
0.01790885647745306
0.23337017403412036
0.0015380220768574913
0.15266186981333008
0.008932014443374072
0.025115716114093783
0.10570592741227017
1.100423834588438
0.020500178461350937
0.05387203000706558
0.14240209370923868
0.002386982063491965
0.002764345145922411
0.013615060969482853
1.6648514461174145e-7
0.0037391719646668866
1.4401516750407903e-11
0.062170655959756384
0.24847598830450782
0.029440996780563625
2.7162971113770282e-9
4.5890245890405425e-5
0.0028231060198778903
0.059262886578256756
0.1995080999773457
4.9905962475413967e-14
0.23798328506004068
2.5891759289471983
0.07098603357400175
0.001755467378940949
0.01105642690925871
0.006897993947150631
0.05239048313894329
0.4467348119158386
2.4673684925662624e-17
1.9806913720713312e-5
0.7516843917992994
0.513335998296542
0.020937943241767357
0.04551087063704091
0.9096082847180703
0.14968652214456854
1.6927401603737477
0.012648549895434331
4.200723275438833e-11
0.025649605524076486
1.0
1.0
2.8726979438357454e-9
0.013500071081753677
0.06385969564050546
1.0
0.19334064435518422
0.0006380921993714051
0.006766525522082652
4.982154375563649
6.627127346330556e-8
3.723006599448284e-11
0.11479541686150159
1.0
1.4131439098923397
0.18415069813137963
4.5531186427220186e-14
1.754791803761605e-13
0.0014054019693353944
1.1049205349562934
0.04278616618085573
0.052070047287236625
2.3047811771721632e-7
0.007156664283103707
0.4143940934418814
0.21193574974315424
1.9222012863548917e-8
0.02296532740823879
38.732278971558735
0.0015867411082918037
8.021639778239645e-6
0.026818998403438394
0.3103569754367731
0.0015757514996368107
0.01143876828726411
6.602407472776755e-21
0.17845858425508038
0.10496842259240162
0.19166798644331665
0.9784771332468195
0.0407877740282124
0.08565675469544357
2.275533628661052e-7
0.002189840892820068
0.007588740526857076
5.991094094216272e-5
0.002601075429623901
0.24731962406479885
1.0
0.08404281955379544
2.712083104731931
0.21942640821084236
0.8526803831396108
0.0160904877530169
8.213449489437791e-7
0.2088430829615732
0.009980461959533029
5.128916468337359e-21
0.0025185416964886302
2.709055758388042e-5
7.594145669906895e-12
0.19010380263016405
1.0327410561779502e-14
0.004584699784160857
0.04075510528049956
1.156243621578655
0.0218358367133874
6.690040049572458e-9
1.6024380587968185e-8
0.02017425071733568
0.2151661524743616
0.14691434450970609
41.56088472951006
9.600630021975995e-14
0.17449466262036273
3.4644572599383217e-9
1.2128710663667452e-9
7.886965750587747e-11
1.1279499669412016e-9
4.571610726486464e-6
3.0323529179316666e-11
6.555115245860936e-8
0.047575522596587996
0.05769499833845825
4.802669263053446e-13
2.4282542694657055e-10
1.0731173047518174
0.8127012216180315
1.0332451427711671e-6
0.8064985511265789
0.010634828569295323
0.007089743882100705
2.502711444877001e-8
1.619017851822184e-9
0.5579090534923659
0.8991971165857054
0.3429223826075623
0.04405203688393509
0.1469929920730071
1.4710859313533888e-16
0.10810533977047798
1.4084448544570196e-6
9.978104093737276e-14
0.035877941873827736
0.0992029367964161
0.1790528348074403
0.35482265113176864
0.0520901587241242
0.6616247788572811
5.225875241094758e-10
0.3651914106696531
0.00011893536826019965
0.001063742218136112
3.3731214866794156e-5
0.05927651604407626
0.0003424801681634313
0.11736463699302034
5.72803686780743e-7
3.2489431683664106e-6
5.590795845034369e-13
0.008025035227841178
3.2472282095491694
0.11357928499193728
0.5148696425301225
0.0013948273940101667
0.00045394188879270455
9.553534856832724e-11
0.10911084759501921
3.2704978362630267e-12
0.021068102696206046
1.8025956792298286e-12
0.02554548329843466
0.44769014051550104
2.2891370814107828e-5
2.487438922007719e-9
1.0985298122821032e-11
0.08214788896177558
1.0
2.873967869367625e-9
3.8140604151504956e-7
0.4569127355280945
2.6394729407858176e-11
7.552214486619696e-8
0.08405769145591374
8.773794809252741e-6
5.543842476434136e-19
0.2943474890407372
1.0193694293505422e-10
0.003739485323148877
0.24814235630787598
3.6754725867662796e-7
3.91899320633677e-6
6.9089247127875974e-12
0.005655032227500452
5.361557438770762e-12
1.0948559865324195e-14
0.7979671442607162
0.20662492995570111
3.9994451240288804e-5
4.768425572997852
2.8286425413006095
1.3062170968603556e-6
9.181915532899749e-10
0.1040155405495397
0.0055934269975574874
3.5342401947135806e-14
5.732668677534373e-7
0.0008474549986732053
0.22592963269025174
1.8202537723929157
4.154577388643892e-8
3.652742416903177e-11
0.10703989529788353
1.8385194450599471
0.09622853174850604
1.6486636300369593e-9
7.070158323298618e-14
0.14175724962409356
0.005599140321343555
5.5674695963957225e-12
67.48771661544005
0.004387381614812621
3.823400734870655e-21
3.639495327885518e-5
0.7207279413963755
1.0798571995822516e-9
0.008250823825244238
9.348828183092611e-13
6.596406663581661e-6
8.04210345334476e-6
8.297161761084603e-8
0.03574775693567452
2.2568982369616237e-16
3.3625334901019504e-8
7.182361274638185e-6
0.04309347592453997
1.4834725789837184
1.0797293557517816e-7
8.25528223466922e-9
7.999028303226403e-9
1.8789052976705271e-16
0.5231538797000611
0.018040211585822506
2.2252516533161182e-7
2.3477952996389392e-9
0.0004804153813360088
2.268576464316122e-14
0.00011570593620632788
3.376756461664261e-7
0.00022085709555562995
2.7134841988652065e-8
0.0006240734297465622
2.3647505399016898e-8
4.2487366012992037e-10
0.05951499867215442
0.07825311814387703
8.372853123369126e-6
0.02215081954859225
0.00016176375369469424
1.5827354076675382
4.5805849871302e-6
0.09435314081946355
2.0444702867401183
1.8275702643081165e-6
4.743071029209448
0.06192602411725461
0.03400818055670088
1.0
0.4903625359190799
3.1539633882897586
6.174901964820705e-9
1.5076013384235302e-13
0.3089751568164462
0.26170055968924166
2.0320964533558446e-13
0.8225547156339215
0.06260852687307158
0.0020466217630834096
1.7110433033640067e-8
1.4548203036609943e-9
1.0244051184261622e-10
2.8804212040591735e-6
1.5095969144243212e-12
3.8272834207167636e-9
0.35988465461405356
1.2167934460815586
2.1526066661255384e-10
0.14268227075954804
4.033424764745225e-8
7.987593272577276e-7
0.09130004381060602
8.083698192046816e-5
2.2990162412095746e-13
1.8580160531418326e-8
8.306206010539817e-8
1.635158822629622
7.819029640370676e-7
1.2778138778195756e-6
9.171488977269289e-12
4.696862300004399e-7
2.2417630297476673e-7
5.143333290324553e-16
0.1769492390880005
8.876397532562981e-11
0.28680021532551064
7.476047608226955e-14
9.235920553895862e-5
3.6380884444659274e-6
0.08904252002123911
3.2067562221144486e-8
2.9823267527070564e-6
1.2939962987063412e-14
8.864994893051805e-14
2.1227237987292552e-8
7.348191783084919e-10
1.2432717999497173e-9
8.624946545277501e-11
2.972003948564286e-7
1.2657344762875764e-13
0.00011152855370855261
1.0180397627069675e-10
0.40760589933915026
0.5645314723236141
1.5971261877139365e-5
2.7792113581945066e-10
1.18837445405113
7.779492816705096e-7
9.769075668554834e-6
2.4427043592705223e-18
5.573371033309871e-11
0.11902573739317761
4.3089552236831734e-14
0.062347375127186654
0.015703361252182586
0.0035572439514873007
7.07499207469048e-12
0.19696828495540497
0.049298675091700744
1.7643698256864013e-10
8.642515253941237e-13
0.8176877054859311
2.794964239108063
6.040546165418106e-10
2.207181414872959
1.0865477464762429e-6
0.7843574038258535
4.971108036380039e-10
2.7792562582843783e-9
3.575563782171955e-10
7.093112093021319e-9
1.0
9.418971735149063e-12
7.1845477531107744e-6
3.515446255035825e-9
0.06536795838039292
2.3151875107635005e-11
0.02746328370337744
4.117541975229542e-6
3.864648865465767e-9
4.228723387086133e-21
0.11994780079074298
3.1455306397587455e-11
0.7610964482562531
4.593129390029506e-13
1.64532093594727
1.0977475844237205e-8
0.00038441814405453385
1.6853393445043666e-9
8.574431498680454e-7
1.169748657721437
8.11196962071027
5.1198647586188434e-8
2.465783618845891e-10
1.9379054758246999
0.48095889801319214
2.5129300897066533e-9
0.820704276337421
2.1987338982175078
2.0364462835234574e-10
0.7446403412658321
1.9181995175465645e-8
0.32554925108267296
5.435317674490398e-10
0.06980746021515036
3.179308942721442
1.6116487587763764
0.021723264364765845
2.9009646996364356e-8
1.9520821978091915e-9
0.4933989065758096
0.23892476296905488
0.046241069317032354
3.544569990975512e-15
3.750535347802115e-11
