1.4403562256451557e-6
3.3359842904665313e-7
6.310942789948396e-7
2.5205760008752568e-6
1.732831885684998e-6
3.069077186017036e-7
6.389708519426371e-7
3.8559444655292485e-8
1.5390337332959149e-6
2.8819817652366355e-6
3.139707751092645e-6
7.279862380234393e-7
2.389829177832726e-7
1.1218450294753693e-6
5.697023925805327e-7
1.4160640341596565e-6
7.323189261517376e-7
1.2916627742747083e-7
1.0807570684291679e-6
4.3975911640721314e-7
9.4437422978657e-6
6.444667814292327e-7
1.4154490613022127e-6
8.87556151073295e-6
1.4409033746052733e-7
0.00010593496246028827
1.6932113136727834e-5
8.403885089184465e-6
5.466546998884645e-6
1.0090878823270628e-6
1.7070385050084849e-6
1.0773853683640723e-6
2.1393869823487614e-6
1.9060031708937137e-6
6.662535475298829e-7
1.8735808647030466e-6
6.720554440598698e-7
2.790560172894251e-7
1.0790265717388443e-6
3.300702633888718e-7
3.1780533014753426e-6
5.021555183115947e-7
1.014172228963239e-6
3.878267124368898e-6
1.1411394437422e-7
1.4372945621932077e-6
4.927531812938838e-7
4.5423949173075475e-6
3.385529466004115e-6
1.7871858535204002e-6
1.1502956665096847e-6
8.891987905436822e-7
1.902285378780192e-6
1.4931902148422212e-7
9.484393990244051e-7
9.073266405564061e-7
3.7174286097132033e-7
3.413726152959627e-6
5.477981409698146e-6
1.250244534865189e-6
9.750845193949652e-6
2.1746684034634146e-6
1.1620222160889016e-6
2.996277543982695e-7
1.6324279039214805e-6
3.445716021289498e-6
4.973074616396507e-7
3.50571928089087e-6
2.9522717336116136e-6
1.037484447843577e-6
1.5053272262760742e-6
1.0228582825093076e-7
3.363673417808098e-6
1.010722375936445e-5
8.979967052132507e-7
1.8389945330761868e-7
7.642388735190071e-7
8.256360113273367e-7
2.340722528590602e-7
1.8400196316305556e-6
1.705398219496038e-7
4.2164309792141475e-6
1.0539407354548608e-6
5.046199559318507e-6
1.111050078119626e-6
5.847861558594131e-7
1.0586638377370029e-5
1.8969853651766843e-6
5.134184623775092e-8
2.0912798038655884e-6
1.4541378976069964e-5
4.0250590812722285e-8
4.1895356411534713e-7
1.6083031339555355e-6
4.11408964730325e-7
8.548862393063788e-7
4.768314056497902e-8
3.0675721095135095e-7
1.2247354770929345e-6
2.113603806856262e-8
2.5524180468383724e-6
1.4098304225827316e-6
6.305861753721023e-7
3.3692515821211087e-7
9.052698262083165e-8
4.600491465618973e-8
2.1251283814825955e-6
5.5748213445418485e-8
1.0795618261299952e-6
2.079308101575172e-6
1.419862823506304e-6
1.2206961130781114e-7
8.607678211517255e-6
1.595970982012466e-6
5.009259782171537e-7
3.4567665598928994e-6
6.884930809391802e-8
7.370619756852991e-7
5.941783427233679e-7
3.473111435597631e-5
4.295921753344036e-6
4.363180622702576e-6
9.132967285831426e-7
2.2194700769893065e-6
1.5390295972588827e-7
1.5434592612011712e-6
1.993318955582009e-6
7.687569704351657e-7
1.5296837381387687e-7
9.773755436110172e-7
1.136144663453738e-6
6.341358462964926e-6
2.7319707110595185e-6
1.710455927795367e-6
9.2958136411136e-7
1.9178754533766896e-6
4.295891973253057e-7
4.761370165744904e-7
1.6279292954851618e-6
6.072797880711343e-6
1.2710592747931319e-6
1.9207938228140085e-6
5.494099191454318e-7
1.4031342535651186e-6
5.1869089058238825e-6
7.164203361483145e-7
8.495636464820717e-7
2.624204319694641e-7
2.86828109966634e-7
1.4903460599009037e-6
9.563621474028875e-7
1.4601809298999183e-6
2.323078138035426e-6
5.736283381529571e-7
4.687707542393183e-6
3.975404924449769e-6
1.8665694088304765e-6
3.816018880604338e-6
6.383498974761611e-7
2.27663066460338e-6
2.3357259794770892e-7
4.135826508542013e-7
5.628374407542503e-7
9.263761027779425e-7
7.885254500730975e-8
1.242613394289392e-6
4.628216971727129e-6
2.0248478392220817e-8
3.4466251052147567e-8
2.0889481924776033e-6
1.0788295478267288e-6
5.7848696251722294e-6
1.3219810143834345e-5
7.272177795886696e-5
1.918575800728271e-6
9.592292613551296e-7
7.790688810237714e-7
2.0706253977311964e-6
6.32429879699097e-6
1.4395578690669149e-6
1.6724660230851088e-6
7.111736149930258e-7
2.5720107175907203e-6
6.779739744644753e-7
1.936084672164531e-6
1.2538597277169846e-7
1.2245349451253117e-6
8.471551798616303e-6
9.657636454271774e-8
1.66316192867257e-6
3.204889970051961e-6
2.3786373532207772e-7
1.0547001190089774e-6
1.3165549278103193e-6
1.3035595914872388e-8
1.7469679193472384e-7
5.410718230808251e-7
1.314307033276655e-6
1.7903749013735542e-6
2.209691531667107e-6
2.923008900417238e-8
1.8359467790157837e-6
4.3124788982180637e-7
1.7252766696174372e-6
4.2936046643579865e-8
2.8032158244977105e-6
1.403287090090916e-6
4.908763111138633e-7
9.019160591572939e-5
4.7048628242393626e-8
1.3444328168114606e-6
3.540841110555532e-8
2.919232713476675e-6
2.305029177834049e-7
1.166095746542511e-6
1.910713749408899e-6
1.125500320878195e-6
2.823418192426037e-6
1.4372551568770968e-6
8.970081848552175e-8
1.4710338366772796e-7
6.375421235558848e-7
4.6336005551738065e-6
3.744147458256477e-6
6.1035558060150826e-6
2.892510243247975e-6
1.816396727642656e-6
2.456675811333294e-7
1.4620592071803935e-6
6.184790900456135e-7
2.385313824647059e-5
4.274056637309619e-6
1.7407176292620165e-6
2.9567003782545778e-6
3.7728773716857817e-6
9.73635720428066e-7
2.667551147497132e-6
2.1951970106036644e-6
1.3759649106343437e-7
1.5057593635190338e-7
1.626301637905694e-6
8.436420013229233e-8
3.056990753356675e-6
1.6448640559786806e-6
1.0821645665588058e-6
9.205796005116001e-6
1.955406242563256e-6
5.716284349182055e-6
3.514384841709633e-6
1.3662232837655663e-5
8.706098529292832e-7
1.4111595087939698e-5
2.803864240686812e-5
8.391303313589673e-7
1.5375442778148191e-6
7.114242537587076e-7
4.180527212971569e-6
6.140741255379185e-6
7.97046791722004e-6
1.2905316132322693e-6
4.10498383787497e-8
3.0927055011676384e-6
2.7814819147384494e-7
3.516741336722438e-6
4.020375029170586e-6
1.7698847709363272e-6
3.6653063604433984e-8
1.8967389702222718e-5
7.569772676207897e-6
1.2958017578307674e-5
3.654972259070522e-6
2.380329442942006e-7
4.3298053106987495e-7
4.9471595427523125e-6
1.88779157301783e-7
2.638433348124414e-7
1.1938870650647867e-6
8.93775779916507e-7
8.685979262455238e-6
7.360398212456407e-6
3.3863650416584047e-7
1.2152350553083092e-6
1.1292338059344e-5
7.028919985415243e-8
1.1507954695547223e-6
1.101699090823867e-6
1.4764192468361728e-6
1.9381729969306895e-6
3.7772746523632194e-6
1.6685616644471956e-6
8.07849430103062e-7
2.329760660122315e-6
1.2230346616663066e-6
6.019566984859106e-8
5.655750081365295e-7
4.292773599467995e-8
3.811817788103086e-7
9.736076883326045e-7
2.2669893472621678e-7
6.409312257989508e-7
2.821459959822719e-6
4.5157583483213704e-8
9.849833287014413e-7
1.0071670856877549e-5
2.0182802131193337e-6
1.0790551108903955e-6
7.0618819569034245e-6
1.6668758281837935e-5
1.0146214155432449e-6
2.033304756404602e-6
3.0068127012620732e-6
4.197101008803875e-6
1.6166546255957174e-7
1.2293324347698117e-6
1.821309102550122e-6
2.463251382595686e-6
4.81921661603524e-6
1.743480705746757e-7
2.2273773498922192e-5
1.8348953613536202e-6
3.77183608994987e-6
6.929006248056571e-7
4.273915350842462e-8
1.6984278291266278e-6
3.54371992414273e-6
7.639776896328671e-7
1.226052450578537e-6
4.927122754656051e-7
4.225585339980312e-6
1.0754736986691906e-5
7.889576225863517e-7
4.543753094158095e-7
3.1769450448690346e-6
1.7460704585103773e-6
5.765279942626909e-6
1.414599264184151e-5
5.3581488399451346e-8
4.324437356534581e-7
8.169140014321642e-6
2.0827352156107454e-6
3.8582573489739196e-7
9.533945658739967e-7
3.8181568717807535e-8
9.98664151954494e-6
2.31964723162128e-5
3.717341688061189e-7
3.6948253183595205e-6
1.695522096647427e-7
1.9347237394829023e-7
2.4975720073003086e-6
3.136567365260752e-7
5.87061595617015e-7
5.497351271066564e-7
2.058859239741067e-6
1.5143057166790143e-6
3.4703872772102846e-6
1.8169841582948025e-8
3.54597665999373e-7
6.60132710679189e-7
4.1545461828557875e-7
7.093851412693593e-7
9.051418992350986e-6
2.5258118760860504e-6
9.011541194131656e-7
4.608824647760096e-6
2.51624376291947e-7
5.206516919229358e-7
6.687412246522767e-7
4.595831391730485e-7
2.2672871496200948e-6
1.9630461267210847e-7
1.8107111013648766e-6
7.927775308976586e-7
2.829847354366721e-6
4.259447046496681e-8
1.3419386742082258e-6
1.4610780949715502e-6
2.0779478197866183e-6
9.133843205694334e-8
7.421014327794072e-7
5.274013346930571e-7
5.810958203102946e-6
3.0969700245135627e-6
1.3028119501542699e-6
1.4953540734186144e-8
8.642577709394954e-8
1.1578632106153323e-6
1.9192413311269244e-6
1.6964506820946464e-6
5.499936521462247e-7
1.4133219384862158e-6
1.0619906692356269e-6
4.590962101926015e-5
2.9307206204370354e-5
2.97767167117142e-7
3.4992039666534348e-6
9.657088925276702e-7
2.83175783688084e-6
4.016786894015969e-8
8.035281733571946e-8
1.762534578809067e-6
3.011462470408057e-7
2.5657674308922576e-6
9.336315726331838e-7
1.7489659969915565e-6
2.1091610445232675e-7
1.1437577882776732e-6
8.176126840076687e-8
1.0374800464256947e-6
3.828184253274114e-6
1.928057464066454e-6
2.9820595760939166e-6
5.5956016940578475e-5
0.00029297236051126457
1.3257433564004903e-6
1.591228961058177e-6
2.5735508323665214e-5
1.1532833015164992e-7
2.9123429806278184e-6
1.4734219304302608e-6
1.0916788477260524e-6
1.836715366084247e-6
1.1041727812550307e-5
6.054094344983874e-6
2.7523838524650215e-6
1.4939200638209518e-6
8.273340183796599e-5
5.506869939162931e-6
5.305232606411749e-7
5.242180353113625e-7
1.2023364446904837e-6
8.215191987521203e-6
1.306463498866968e-6
5.599668608731527e-7
1.063649111682386e-6
1.230659781776988e-6
7.631481829885588e-7
9.54457751987341e-7
4.575731807665695e-6
5.111050510819068e-7
1.2843582832134877e-5
7.798228891459093e-5
3.128795425270018e-6
1.216205755411886e-7
1.149789045828593e-6
7.116542199544288e-8
4.082366220025691e-7
1.4422022353256923e-7
1.5918886532669738e-6
1.893635245855665e-6
2.0099746865977385e-6
1.0343452586779029e-5
9.393306382599427e-7
1.0984450734879577e-6
1.6807098056020091e-6
1.133335921355704e-6
3.180070428219482e-7
2.993762888315064e-6
4.1398519257701765e-6
1.2490764669969398e-6
1.8872128703644635e-6
3.342505939299116e-6
2.4720939084618116e-7
5.450099929137188e-7
1.3400718441403123e-6
2.5767676405717104e-6
5.4036227916424665e-6
2.8627632669318712e-6
3.0876152328056694e-7
3.504283678733159e-6
2.372790903915306e-6
1.897842574810816e-6
4.813320790408767e-8
6.986925042423914e-6
1.2857015755489026e-7
7.580422448544331e-6
3.4462190023254573e-7
6.583129796617848e-5
4.2993280480768265e-7
4.284458222714987e-6
4.146963322326334e-8
1.6712442015379124e-6
1.9161741817118808e-7
7.179982927096407e-7
2.879541747489193e-6
1.5253766774763462e-6
1.4745592887080882e-6
1.5533818964201106e-6
3.5987240279320462e-6
1.3558961739987586e-7
5.271687167624315e-7
7.086168579725427e-6
7.657319060537367e-7
6.025291967163114e-7
3.0339419478207433e-6
1.5667778370411842e-6
1.006620068455719e-6
2.179521663848147e-6
7.09533037550021e-8
6.610407918562219e-7
1.1722569016389987e-6
1.4461985154708284e-6
3.7690086221542605e-7
4.94353575767172e-7
1.602835186468454e-6
8.275638532335684e-7
5.702750142355343e-6
1.919771559569425e-6
1.5924711810303578e-6
1.2416202645211295e-7
2.438468276511364e-6
3.636059435081433e-6
3.372940045617057e-7
8.219747101741081e-7
3.371122192104265e-7
2.39404508810754e-7
2.310386215356676e-6
3.8726721565070665e-6
1.2838549712832179e-6
1.559086099280022e-6
3.371801850467623e-6
4.2406195243337857e-7
2.5933894385661984e-6
3.1272045953289437e-6
3.4959105657214916e-6
4.262399713935113e-8
2.4093836821041126e-5
3.461505653472245e-8
1.3717163404999158e-5
1.0139512863278112e-5
1.8676817187180187e-6
3.25682362582046e-7
4.119409547258058e-6
1.908283024668089e-5
1.108584420840556e-6
1.2920984805657522e-6
1.2570756035814472e-6
5.315740308086465e-6
9.947959339373768e-7
2.387719026101304e-6
1.3064680186725538e-6
7.520607182935472e-6
1.7412260787243302e-6
6.968200151073637e-8
3.5594485548238237e-6
1.921887599150581e-7
4.261937153021675e-7
0.00022356948747897829
9.521253660721581e-7
2.3080232444450957e-6
1.8995092808679667e-6
5.366227065984215e-6
7.916465159422753e-8
4.9509326904275965e-8
1.6534919065163384e-6
1.0228273711315515e-6
5.877206185625159e-7
8.693393827660432e-7
1.641467169326213e-6
2.3820852634838241e-7
5.6206533386722026e-8
1.3859030834013236e-6
3.07680305072331e-6
4.793220188088418e-7
2.947474682945363e-6
8.954519006157523e-7
3.288235809708205e-5
1.7811768315809394e-5
5.972319523131574e-6
1.3822845562177131e-5
1.585738421928279e-6
3.981440257238168e-7
1.307228021464651e-6
4.272118943313091e-6
6.755015246095487e-8
3.940250503393999e-8
6.497981420299984e-7
9.53700529766711e-8
1.4725544229356723e-6
3.014646485550181e-6
9.225717449808869e-7
6.157600602706353e-8
6.890294472866181e-6
1.914382217549631e-7
6.309999659042389e-7
1.1896391869433437e-5
8.750596850280911e-7
1.1891603383551398e-6
1.1259361702801477e-6
1.4848318118353812e-6
2.2900901228520053e-6
2.931309917568343e-6
1.9587598448279538e-7
6.117031775555691e-7
1.0886591156209762e-6
4.4919869284295355e-8
8.945016634517763e-6
1.4541276224128305e-6
4.304484771298896e-8
1.4086834370007253e-7
2.293993046004629e-7
2.6017810318916257e-7
1.017619643331051e-6
2.444116550861152e-8
6.478044848592992e-7
4.301171179154684e-6
1.3216629256763836e-6
2.4877573658071173e-6
6.584444919658805e-6
9.070414717899172e-6
1.470088365385359e-6
8.220565875775514e-7
2.204482652263491e-6
4.6003399754260945e-6
1.7322910801478195e-6
2.4116037339653438e-6
2.272383335095802e-5
3.6092909329366456e-7
1.3719445518216047e-6
6.772174972233019e-7
2.5673666412096163e-6
5.271296663774191e-6
2.39241054571351e-7
1.1851625688499302e-5
6.401550913825101e-7
1.3483160138697493e-6
3.843487494665917e-6
4.688794686181291e-8
3.7063984695164975e-6
1.179683199689841e-6
5.96027890802431e-6
1.9688434778792115e-8
6.6587419852181834e-6
1.2081250737617299e-6
1.3196101399867378e-6
5.597926907225019e-8
2.3613823499067193e-6
3.0271853063663517e-7
5.08229939387818e-6
1.7294268067020505e-6
3.4620519490311792e-6
1.8687994378754865e-6
2.1910896912769842e-5
3.4701923855837396e-6
9.923768952590142e-7
2.970204828506844e-6
9.506558301871168e-7
1.1674733137099378e-7
2.8470542122082076e-6
3.0006459569309934e-6
1.0383379982028265e-6
7.910168051061166e-7
7.242986757426294e-7
2.404515212997476e-6
2.9597127490712367e-7
5.055515724282284e-7
1.6393238818204614e-6
1.2884551206011084e-6
2.6607796637326386e-6
1.1051822243080006e-5
1.162046591658201e-5
1.1823527314491041e-6
9.933806433891003e-7
4.061639686674104e-7
1.4850042046328011e-6
1.603927515703517e-7
1.9180001576394284e-7
3.2541945645102686e-6
1.1488627769676634e-5
3.4924935133407466e-6
1.3094140542823039e-6
1.6125264168900647e-6
4.4543908439368176e-7
5.762796336960169e-7
1.4682707203338522e-6
1.425062124578294e-7
1.3366444478349883e-5
1.809767637481861e-7
7.73851964077701e-7
3.271922401156101e-6
8.0246699250787e-6
1.071472467800303e-6
1.0438722693403389e-7
1.4870574496935157e-8
2.373982486694114e-6
1.5244676405415206e-6
8.08446230502364e-5
5.330433659196915e-5
5.334934215523946e-6
7.156300480186114e-7
1.552985704539676e-5
9.09229602357653e-7
0.00017810697019455504
3.2538982245149026e-6
8.218706095993025e-6
3.447940329738631e-5
1.5077374608394866e-6
1.961521136964945e-6
9.5306024399948e-6
1.097349127916389e-6
4.4649636582199484e-7
1.664499680738162e-7
1.2417492103871846e-6
1.3583628249693952e-5
1.3020120942622646e-7
4.312667713876424e-6
4.09230982363745e-6
2.320354332686971e-6
4.1970432897763247e-7
2.277052811731729e-6
6.299488918796661e-7
3.429659323594478e-7
3.931164460066564e-8
1.0795660396022018e-6
2.7216727593419e-6
3.1740369801232864e-6
4.71481500927855e-6
1.453560933411758e-6
1.0485506706685004e-6
1.7073896233431166e-6
1.1409719639444682e-6
1.7189084138275964e-6
1.275046900395888e-7
2.5264237683416057e-6
8.347172006837078e-6
1.6181261337444568e-7
2.6997217271940364e-5
7.328188200438027e-6
3.0656008750152774e-7
5.967141760739358e-6
3.886765577546689e-5
4.721957465551646e-6
1.3317036299528778e-6
3.209218044203414e-6
3.7002862134549954e-6
3.4645036307573507e-6
4.0723993178339594e-7
2.213982240175755e-6
2.8535614769531392e-8
5.5991503892203235e-6
5.417438810762587e-7
8.910117096967108e-7
9.979527184359364e-8
4.1728517749889185e-7
2.0414597619229456e-7
7.470349355602326e-7
2.404266867368984e-6
3.584340090615422e-6
1.5220011822745169e-6
7.689758092477108e-8
3.0292232107423573e-7
1.5554039724670892e-7
3.5415764634498172e-6
2.8696763954959533e-6
2.0246180908407275e-6
3.176922892976876e-8
1.2922058469731184e-6
1.8125757965814675e-6
1.1803703135501072e-6
1.2115357102827279e-6
6.874846171112259e-8
4.150313119322814e-8
1.5817830167641322e-6
7.319767976752858e-7
2.7474990269061283e-6
7.218806842583525e-7
1.533494721307806e-6
3.998789021480346e-7
1.0010738576670069e-6
7.667295812978871e-7
2.0148351871969153e-6
2.9871904891107494e-7
2.5050321649707604e-7
1.7212780568976438e-6
8.507604631385325e-7
4.369247304281599e-6
2.8230312536342893e-6
1.203283815958567e-6
1.1523877048211285e-7
1.5544604996861078e-6
9.880761660983262e-7
2.3818928307864553e-6
1.3395149680032532e-6
6.449963666021959e-6
2.966914431164453e-6
5.323908664374854e-6
1.1443460341059398e-6
8.609000715402674e-6
6.825517238169112e-7
1.6960550522167184e-6
2.4804649703903873e-6
4.5509466752791336e-7
5.068395013286863e-5
1.5784382435116232e-5
2.0245737171098468e-7
3.879246085155207e-6
9.586117439214347e-6
3.761311079465156e-6
9.666311021098972e-7
1.886845366735364e-6
2.05502879442545e-6
2.0950046087683445e-6
3.6614610984457396e-5
7.580516523572853e-7
3.212385272751563e-5
1.4933747437529812e-8
4.448834251783562e-6
3.335987114662107e-6
3.0800852365510442e-6
8.587098680555365e-6
1.0198189982769366e-6
1.989276671267756e-6
7.409719383718484e-8
9.744382775017414e-7
1.6922567385957982e-6
1.4038407747950426e-6
2.3082566515845515e-7
1.9142996086377013e-6
2.78070700774862e-6
7.338265520874631e-7
7.79723544233079e-7
3.633600461617748e-7
8.307097099366388e-7
5.120644675756804e-7
6.203129393692797e-6
1.0070121175227982e-5
8.060703081681651e-8
1.2543214886909926e-7
1.9098249622041837e-6
1.3342994885861717e-6
4.598195475801427e-7
2.0512258575576412e-6
1.9434473722987043e-6
6.908646936139682e-7
7.313787048898254e-7
8.774369039812478e-6
9.679412576484338e-6
3.543949038706158e-6
3.0290226074781745e-5
1.421219745120094e-6
1.0501646168337291e-6
2.3127006675613722e-6
3.923830655593191e-5
4.7607049143696e-6
6.824007917495137e-6
1.5488132529178758e-5
2.711610555366974e-7
3.9935133598761165e-6
4.618258137633731e-7
9.192088010066868e-8
6.368533874583884e-6
3.133652213568702e-7
6.087629538520328e-7
9.227063080252613e-6
5.575479853541077e-7
3.3979411255796324e-6
4.478031300579963e-7
6.389627844916647e-8
4.486701763498153e-7
7.264647584708652e-7
1.553091636940897e-6
3.5361922883866804e-6
1.2832054007330716e-6
5.191720908271371e-8
2.236730766620658e-5
9.600946564904287e-7
1.6661901523634672e-6
1.6902217728954709e-6
3.6726672055769395e-6
1.616632881307252e-6
6.547757001322908e-6
1.1355160261855081e-6
1.879302288164221e-7
1.9290928335389476e-6
9.469493623006921e-6
8.455577342365025e-6
3.016121638052972e-7
4.4671758409575294e-7
1.2445106972890664e-6
1.48498516435646e-6
1.3782933212147894e-5
3.278285539932659e-7
4.0663097595697704e-8
2.0818616499124465e-5
3.3892204300083836e-5
1.6796142170161654e-6
2.1377202564299324e-6
8.534537310571223e-7
5.872362486508922e-6
1.1335045908647602e-6
1.4216042498524545e-6
6.997371810053162e-7
1.2197174872304041e-6
9.788278946650803e-7
1.2001986494048407e-6
1.0665308221589613e-6
5.380998852276367e-6
4.320535466105428e-6
7.421468355077348e-7
2.35219212380005e-6
1.2638954544527786e-6
1.569898429259791e-5
1.6968194878324226e-5
6.898943374620469e-7
1.8512072828792014e-8
1.0339084253596543e-7
6.4866589353609215e-6
2.6916651238110735e-7
3.91530658690619e-7
1.3554955894864673e-6
1.899140583248129e-7
3.990672389146714e-7
1.7797787058741984e-6
3.9518397370052397e-7
8.05981442164252e-6
9.75190416516059e-7
1.9573035485096054e-7
1.2287646762997487e-7
1.2494364295228745e-6
4.415152354424647e-7
3.358622400765564e-7
3.0573018271439337e-6
2.1947867720313042e-6
2.484850969657363e-6
1.462763324622961e-5
4.6365163077384447e-7
2.3314614086485437e-6
1.562665175764902e-6
1.618729936426565e-7
3.3456033355295338e-6
1.8067778942834906e-6
1.9539737736867255e-6
1.1243266143378933e-7
7.864698783757386e-7
1.7308524460484e-7
1.556776007035949e-6
4.626607876173367e-6
9.719243108201524e-7
3.371254494420663e-7
2.9201985130049832e-5
3.055103696731724e-6
3.0731697160109914e-6
8.15325332108967e-6
1.7634834367943363e-5
1.892864333392104e-5
1.9610306908564084e-5
8.392302735735687e-8
7.669881675088043e-7
1.3921333136081454e-5
3.4045512272651525e-7
2.3587845556610425e-6
2.4280348838068043e-6
1.2719243587850057e-5
9.377509331510604e-7
1.0942229713272707e-6
1.372312523172881e-6
1.4720835139048644e-6
1.4829056345705562e-5
1.6370616142013489e-6
8.384183029714901e-7
7.201217572678125e-7
2.165248464865917e-7
1.0036616881319246e-7
5.3696355155376436e-6
2.3960203112557884e-7
5.343223647023395e-6
4.266271099114876e-6
2.125442761138353e-6
1.23432662533617e-6
9.428490063458549e-7
2.5230197913804364e-7
2.5278637309791298e-6
2.4595187095869294e-6
3.1279321986873616e-6
1.8113883054167385e-6
1.313395164351153e-6
7.1313479143562525e-6
3.065221480992338e-5
3.074897323103285e-7
1.751284367920757e-6
1.2882606478105449e-5
8.577233893692562e-6
8.262470225127351e-6
1.5830413519508331e-6
4.063800159685638e-6
1.3781556764289341e-5
6.250385920191199e-6
8.6226812422436e-7
1.724881017025233e-7
2.2250745439580965e-6
4.980469333485918e-7
2.7522491348407435e-6
1.095046956826841e-7
1.2137812201783926e-5
1.6866088569837257e-6
1.5481592735398358e-5
1.2845368829850653e-6
4.3058491709541316e-7
1.105730131361259e-6
4.6499021904766e-6
