0.15211697749669967
10.676652532071817
9.384758233929642
24.539929219035493
1.2240861247145068e-20
16.324413393550362
1.446629287537564
2.5570313369289583e-17
268.83057288512475
22.90522599409526
1.0
0.09859598661865188
2.7595856661695306
0.0005932110898744036
4.427157223883369e-16
1.0297774090191563
0.002319227321109905
1.0
0.04115437761000751
1.0
0.007343841636622599
0.004479730525030933
0.16773412589566492
17.54035291212614
0.042223507776482525
8.68243593219927e-17
1.3856898775896889
7.126124840082815e-14
1.0322766146617997e-6
28.110257883407165
6.854879164935573e-11
4.774472161642598
0.001889474786568341
7.9290814656299
3.8157443167256124
0.14925243500861382
0.00025976670710865123
4.4880021011084397e-5
2.6248714847786144e-10
3.7195750532124006
0.24370046793797973
0.2304648857336818
10.825358151314159
1.653154889353939e-10
0.0023598378253543812
1.4404783110983395e-5
1.0
3.8979338246491355e-17
1.6472001870144872e-10
0.8576684624337001
0.00014778607130111007
1.9797536705723273
0.007339469109088086
1.5150757229832173e-11
2.8029946937569172
2.6332891242100894e-5
4.867557699223574e-12
8.187964451150732e-9
1.7764777815937445e-14
1.6189962331652582e-11
0.005553592087036777
2.215012263116905e-15
2.9362058017766184e-6
0.340975764324499
0.5208768514265524
0.007145505463360495
1.4044464825102114e-10
2.8174773479464706e-6
8.175235779065106
1.1433251130224107e-7
2.760745743206657e-10
0.053908888919412326
6.479476057793298e-5
4.1276246611054456e-8
1.1539695332140308e-6
0.0001992319584989008
1.7778574976350516
37.16536380617315
7.8437441597109e-10
0.17764294363151578
0.07458847775509538
1.6941336433111003
8.408053202412978e-15
30.86140119435011
0.24642998109198738
0.01298938946893243
8.20516339303683e-10
0.02148356779115046
8.004517777332464e-8
7.647420708156828
7.45860913025723
3.0339365246788303e-7
5.1134630764260385e-5
1.0
2.7794548170278266e-8
0.5029593327255849
0.004538926870992165
0.00025437487587894227
5.295858870801592e-7
1.0408607299905925e-9
1.9357953639163345e-24
1.0889155489629644e-5
2.9635447983168002e-6
0.0009364852957250764
1.708134440156421e-7
1.3639139776583658
1.5175475617212062e-5
2.0641176174126294e-13
3.194941423632413e-7
2.2655547607953355e-12
1.0
8.059623978322394e-7
0.007437600495296814
8.735609513023016e-7
3.7287052627923677e-10
6.195966790496364e-5
0.00010105936938465933
0.0002607226625487703
6.901759246017379e-6
3.585937512733278e-5
0.034976132927369875
1.1504227560735667e-5
0.00014364607355291074
5.828997680798646e-15
9.018186891833368
0.08095755699647368
1.1519131154668369e-10
1.0
0.005898339445481065
2.29109041529035e-9
0.774956449653176
1.0
2.507830059442457e-7
1.7015721545832467
2.084232281797127e-11
2.6788633876612378e-11
4.614680999763007e-8
3.634223106353677e-11
1.9685076443634082
3.562247981577161e-5
0.004264584218063378
7.389868481410834e-8
0.0009621014539754345
0.0048961788171258055
0.0006335079576192721
1.2015422087968023e-7
0.19334290527042716
8.132373118289591e-9
2.4957112338843237e-12
0.5063876682709972
0.008877742983576839
1.5925228961792042
0.0029296761134043094
1.5669928893656067
0.015719745260406516
0.9642271239063588
0.0016419274361259976
0.04035570720361977
6.1148307843639e-8
1.2183242363487354e-14
0.002059984929826934
0.0015421349755286326
1.0640524072580423e-7
0.011967023312104471
5.768011354919966e-6
0.17329688967192003
8.524953392468177e-5
1.662971974356553e-13
0.00012574291636765814
0.24143355507288128
8.862553893306217e-5
0.0014830314198686083
1.896304347580971e-5
8.483787571577112e-6
0.002027840846600067
8.062974909466388e-10
0.005154586941002243
0.2147075045907825
1.366840584333837e-12
3.2830853437186713e-6
1.0095458892436142e-9
0.17966392087015118
0.0006279294245085517
3.4055962580009937e-7
0.0011771497797825143
8.342536741397506e-8
3.5426136526968267e-9
1.7754939973697202e-7
6.029261242550673e-6
1.1872232650106043
1.4773643110961032e-7
0.005108411588445366
0.7229603353303414
2.3547210155055628e-8
146.32881143558004
0.003240826386987466
0.00012791178637109837
4.853920394004178
1.866504514748817e-10
0.2220670885371302
54.66719761043932
0.09194625396934789
9.107462960147481e-5
0.023408824050008346
8.794429150045413e-14
0.06870157094122337
1.5512484811427447e-5
0.002497333128935271
0.9174451734829283
2.4470757966131444e-6
0.009654952905168343
0.025554240961659126
8.666069018829898e-5
0.0002665044591359807
5.414653878297176e-7
0.026049498380793852
0.0007481871316976651
0.003599889512769557
16.69703309165614
4.942710484065741e-18
0.002569976958796015
1.41691752972194e-8
1.8137330234219489
1.177822308752065e-9
5.320854849697628e-9
4.6807621108342106e-7
0.0826274798747313
0.612494015347889
2.693494371465637
1.0
1.2762049515772352e-8
1.3709114243097638e-5
0.0003291584912367199
0.002293445738311588
0.013269057409042913
0.02559044785706383
0.0004179306447539261
0.001746803681421567
0.04712049861932525
6.022699119114358e-6
1.0
6.048892560705914e-7
1.0
0.0009532884673788321
5.62161979210857e-14
3.3698452791791236
1.2829744664764113e-6
0.0018801875718293447
0.00022901878423740553
0.31624869105047126
0.002170400837974323
5.550836282009078e-8
0.0022872260662436155
0.011378405067372501
0.07238533856178478
3.606765283643691e-5
3.3020670734391535e-6
3.493787307416646e-5
1.3899555432230642e-10
1.3261941980499774
3.44969990312364
0.08861788513451432
1.272539051810692e-12
0.0005467735485322485
0.005513119520449203
0.002650696819241718
43.03386117368359
0.06337034272291567
0.000833994558253126
8.183387316223996e-11
1.0
0.018809397099892232
0.6285173957608822
0.009645685349791282
0.0011581406537946443
8.683490090563538e-10
2.4353814657445564e-6
0.0012271835882035733
5.961742579596171e-10
0.00028687103491496725
0.35623317301087354
7.189236872101672e-8
1.0
0.00021195097822125782
1.9376618866905886e-6
0.026168449234378978
5.756568610826491e-5
0.002067368955800568
1.9186616433571029
2.8127882228816e-6
3.725676840178512e-11
2.9474716867717824e-11
0.005492519850741178
0.08474802837830768
0.22519361938395235
8.123585175228725e-10
1.0
1.080160012887466e-9
0.00011319767660245067
7.624587005803912e-6
1.3228368437280653e-6
0.0003374734039119911
1.0
23.81309072601315
0.00019604663673633864
3.602343015484136e-5
2.1034224564841715e-7
0.026166402105541716
0.3944777821233515
0.4698859006140456
5.277024309619204e-13
0.0038152571584276736
0.00013106362414093544
1.955370393969148e-8
5.3257202417455344e-5
0.07849828545375087
0.0012739189767390594
5.047106266959803e-7
1.320279187204763e-6
1.4036105429785124
0.0052047146545880114
3.170352187831439e-5
0.2726578815438014
0.0004759686237290152
4.519882617221827e-8
0.004618256178357629
9.518835810605286e-26
1.9891717987116175e-5
0.005092600262308217
0.026500027246736994
4.5302758653257235e-5
0.08935545088688618
1.4556982920469121e-6
3.757902493253416e-8
1.349994116551956e-6
0.0006044636240732079
3.6919496421368663e-9
0.5892603395823638
0.029480069775481545
1.4764666311722356e-7
2.366108276663447e-6
0.00440284698531817
6.879090789735748e-5
2.3113369173382522e-7
1.89043797225572e-10
0.004090532041459725
0.006730579286833712
4.0944967794374466e-5
2.2018853263913714e-7
2.0897677664860157e-9
0.0021159109968305486
0.0009143460226179607
6.700671788441162
0.5333402814127237
0.00784350054928984
0.15043176197437344
1.6784509029418187e-18
0.3496666447089118
9.97848216235736
0.04573351646307271
0.00034271413155327374
0.43611786442271266
5.46463519442038e-9
0.02232515268559798
133.16147569705572
0.05183823335917619
0.005178854978377936
0.7326423141920759
0.0006542998402920616
0.0014180459820013738
0.04069329505260969
0.007385517372407225
0.4192933214794174
0.013261302427379593
1.2568296294265845e-10
0.00013616667572254238
0.6861784522790099
2.001148211650777e-5
2.8077311792717943
0.07926593347965015
2.3181862957388098e-5
2.710666582523001e-7
1.5268962189759862e-12
1.1461324226269567e-7
1.0
7.907040795425009e-9
7.001039492518393e-5
2.6176178620823797e-7
0.006935636662394733
0.0037428779318659593
0.004756026165753521
0.501694099865628
0.00036756821760016594
0.0004581045500028905
0.01171172538915932
0.004986579449896108
7.545628102219776e-6
0.03165571258980915
0.0028774878446890463
0.008268437697437401
0.004904871976326197
0.24181603648587666
0.0010566426730866118
1.0
0.2561983332789613
2.5194745277286828e-18
0.0006131887748432762
1.0375819179499219e-10
1.6893613629839583
0.06214539887379183
6.413661025175858e-8
1.9702225305212443e-8
1.5978959747180728e-5
0.0015463483150325124
0.007419169187352061
0.005477889474822489
1.0
0.00027035438082370687
0.00023728189834610285
1.6791003736315425e-5
0.16387494636741157
0.10605984838648531
0.17528413884005853
1.0917644198952903e-8
0.03044687684921628
0.16416564402651954
5.286192698898948e-5
0.0009034575724391313
0.0007779274826818057
0.0013455421305409822
0.0001373799639211705
0.00034526788842961407
0.002905041383486504
0.000265890449671606
1.7158455018814156e-5
9.837410667950488e-6
1.1696269334175218
9.98138108410035e-6
0.036594441657730695
0.09729401308866796
0.0008438295297974694
1.0122826896107149
8.14195355315329e-6
1.0
0.001521138126066252
0.0008441651382393097
2.349335599772368e-5
0.0028424414374365312
4.0349121278516124e-7
1.4749678658444397e-10
3.735705075104774e-8
6.61808023554448e-10
2.6239871647105394e-7
5.52098335815247e-6
0.0027706415479733823
0.001642869744641958
0.10146479095345205
0.0342980703636267
0.02474849158123382
5.226810532409132e-11
0.00032172560523593144
0.0009296679115192262
8.802231366708023e-7
0.03286101341584932
1.8434994952415062
8.211411595321565e-6
3.8794988717547775e-14
1.5676204924180668e-8
1.0
0.005745984986870958
0.0013100730622480807
2.589127295665848e-5
2.945470794310031e-6
0.003925496983502507
4.486072260535431e-5
1.4333680467229778e-6
0.0009212109987624874
0.00016221801373486237
0.0004323487572537404
3.781713369736058e-6
4.306797498635342e-5
0.0007122132321949187
1.052764672011425e-8
6.493079239590759e-9
1.7375226553150224e-6
2.1696815224728974e-9
0.0006363287606719705
0.8776973114830543
0.0008272586911555158
0.0014167660183075207
0.002593195391045654
4.62650112747438e-6
3.5773141891771423e-6
0.00011996557386356568
2.4491102206017477e-10
0.0015155788800974483
5.164795132380541e-9
2.5978786634878567e-12
4.683841070228487e-11
8.135584288339822e-7
7.890385543392739e-8
4.0415461398551126e-5
2.501027705437695e-5
0.004401060735724683
0.03238613317584723
1.2308100641959229e-7
0.0002677088842028171
0.9244235127943823
0.00040164037483912847
0.005353624158246693
0.01890501922127662
1.5858337425941558e-5
2.836926226430681e-6
1.1134892278618661e-7
0.1685963396197784
2.432705732281101e-5
2.5495404224815147e-7
1.0636021886373016e-6
2.2928815218688483e-7
9.65030918493225e-12
642.6688823556091
0.003021538881013898
1.6330590011931577e-6
0.00011998912578876305
2.0695984657528246e-10
0.0007865333406993027
0.0006327574556812437
5.642972645569809e-7
3.758012320731242e-6
46.71042793932429
4.519573608544789e-6
0.005530033696248335
4.1232613838881474e-8
0.00017220649174876828
5.399851498381225e-8
0.4499921533156621
0.006230518745473129
1.0
0.1507819435940147
0.0018980160625139434
0.007332448838221862
4.128097306715807e-5
0.0006009183119538894
7.960936690146056e-5
2.0615127053551418e-5
0.11649057864023761
1.5568089910577624e-5
0.00021273527938369256
0.0007821369908799396
0.0003092370108826431
6.9948023684226005e-6
4.489237409353593e-6
0.08558931382282152
0.006082937569417167
0.005193531892480907
7.11995216053743e-5
0.008131881492481263
0.002227001323840276
0.005088088578194072
6.303751170780951e-7
3.391690167597938e-8
2.6512182554575117e-8
7.831350000131608e-6
0.03501722881874925
4.14476536283642e-10
0.0004217050861429776
1.9779484934756466e-5
2.8120929621690305e-19
1.0252319951819456e-5
1.3531279937661804
0.0005408280424422437
1.483753733555947e-9
1.5369611851753953e-5
6.662610288310954e-5
1.2058745634241408e-5
0.00019011104661824816
0.0006420786062304615
2.2407224219050896e-5
7.372337693493624e-5
2.2403429311347424e-8
0.00018685124129619473
1.357316703932362e-13
0.0017184043269655206
6.007156658224041e-7
1.602217976948164e-21
0.16852996552263064
0.00016392445127478772
5.812184599932903e-5
1.635778396732332e-6
0.0009981314786023385
0.0007153172139505742
4.6975661719314675e-5
0.0027562889408382207
1.738837412222852e-5
1.1002115436708717e-7
2.1723133221659106e-19
0.0022513864765188784
0.001207909352540087
0.041111846364674125
4.3318982013115846e-7
0.006029158407658587
4.27945936750568e-5
7.26392071850098
0.0006242347373659744
0.0032889430612277515
0.006682347548692108
0.00011069706281322783
0.04001285682494042
1.823613784931511e-7
2.383657957073524e-5
0.0010883373878470078
0.00011467035203249902
1.1160292132916892e-8
2.499395241122195e-7
0.01335712257770676
6.146812294397777e-6
3.8761733247254436e-7
0.00019433506446738888
0.001068418564444921
1.0756796107445266e-6
1.2332386446311927e-13
8.694319637630004e-5
0.016281354138854072
2.1247023544330118e-7
3.6679087040808267
0.0032217813036259225
5.753959570719682e-9
6.701328743601733e-6
3.143940022225834e-6
0.0001820697304952379
3.6923750780145293e-5
0.001123142702258933
5.661651148451556e-6
5.365161856310303e-6
5.433269016172096e-5
1.1262984895943984e-6
0.13467730206584563
0.00020635698401879582
27.528890166922963
1.2203301350906896e-10
4.216688857379179e-7
0.007847472552620966
0.0026623717701181903
2.3009496486694832e-14
1.498585066680549e-6
0.005650997686437137
3.632346234414213e-5
1.0
3.216720195715514e-5
0.0001337268770350442
0.00025333905468365907
1.0
2.8857111450952204e-11
0.0005295136844366926
0.001139268092363109
0.03584906932339292
6.421532137518583e-5
1.3301125165026525e-6
0.033121414265394444
0.0006342081137240829
0.0035882785602667435
5.043958046490965e-7
9.822968256853815e-5
6.134618505696728e-14
0.018572985487093543
2.5915368583646147e-5
8.566339175957168e-8
0.00024817836578544186
1.518271958782682e-5
2.8807266506847864e-5
8.248718195185712e-6
0.017379725709790024
1.6178769764702984e-6
0.00039602407851156035
2.2965964829845817e-7
1.080242323240758e-9
5.476164663427773e-5
5.741770492994201e-9
1.343045579196264e-5
3.4306955464026335e-6
0.00018334129125477516
5.5778896349244614e-11
3.1118562332306726e-5
0.00011158750205393288
1.7544026186746605e-6
2.2757984258206274e-7
6.145418627248691e-5
1.976204235361964e-7
2.4455040310664573e-9
1.8297297970365986e-9
7.783729199321777e-8
9.016787158241861e-6
0.04495058856098438
1.714662447873235e-15
8.644084517877864e-8
4.3273378481822246e-8
2.1194906598392023e-8
0.00014311285060692605
2.589789969557441e-6
9.334309956741472e-8
0.0001819817874348309
1.2899007187137817e-5
0.00029504257474238316
2.5307744367843013e-6
0.003056716131767397
4.818402121350018e-18
4.3298528712043115e-12
1.3419069424131312e-6
0.004395888381469673
0.00011711525742049164
0.0006285546083747554
4.609497907939175e-9
2.1276404916873696e-5
0.004843635617319498
1.5217258036318527e-9
9.326564055986979e-8
6.816877038145091
1.0
9.693829731040702e-7
6.510098677459662e-6
3.356911529029089e-5
4.634236822583631e-6
5.959775137139854
0.007241374304222632
0.00012717096170871076
0.00017745234967338677
7.102010162480184e-6
8.973804733782883e-6
2.0028654359406554e-11
2.9156595013088632e-5
4.234114478176578e-5
2.1476633466059377e-6
5.979695872179001e-7
5.255628998852872
3.1490676651679314e-10
1.9243818314260817e-5
1.2075169313741368e-6
0.009060944039364253
0.0003991846332315869
2.5208700177997213e-7
3.335947318323504e-13
0.005764553038018189
3.244187115897494e-11
1.343380302772163e-5
1.3874316448835435e-8
2.5952974745805672e-5
8.598872001319086e-12
3.143024276723037e-10
1.334774350281088e-9
2.5087132755433892e-8
4.7161854008698746e-8
0.001834954634772834
1.1021481886511564e-8
1.3624339679536409e-6
0.6326867885799256
0.9252562860432282
1.0861278127311526e-7
4.6331348813908425e-8
3.3717111729383235e-5
8.105502696478558e-6
1.9532842984266127e-5
1.8623528910667006e-9
2.380976457485826e-10
7.930263433816373e-7
0.001100695259078076
6.942025021494052e-5
1.4262050121668355
6.335702701395975e-5
6.252360988355222e-10
2.2325261850656504
2.8089550396580033e-6
5.488976967152e-8
7.301232952081539e-10
0.0003365632779960213
7.540251937884115e-9
1.4957870199198356e-6
0.002385985789700983
3.3134368455256555e-9
0.00025327115391666767
1.074290978141523e-7
3.690026614693843e-5
7.707901514807771e-7
4.928094560579716e-13
3.0214473481776383e-6
6.5241724722077985e-18
3.4194944399134884e-11
7.604044572485249e-6
1.9084963167138277e-13
0.00013678358774116652
1.0395710993672826e-7
6.622939811103248e-15
7.396599519258642e-8
3.050373097956426e-12
1.2436039783861035e-6
1.2881992330271436e-5
2.489979399572897e-10
1.6399216900632553e-9
5.796236400651183e-8
6.470708608910273e-6
1.1482184862608658e-5
3.420016723696661e-8
1.955412818131182e-5
2.970580372204269e-10
3.543194070530407e-5
2.8435418741496834
2.238644045277308e-6
1.0169513661000426e-5
1.0714058337984905e-11
0.3565073830079157
5.308449763834924e-8
4.175671728638482e-5
2.605197899771152e-8
2.1567913216921966e-6
4.233681834298862e-6
2.1188624629717233e-11
2.592660396293595e-10
7.605517854117773e-9
0.10445013150965676
2.9107179913223968e-5
2.372183413100843e-7
0.0011464705659485193
1.6286822905367462e-10
240.21183400699678
1.875331804543297e-7
6.365880170307463e-25
5.4483492387451144e-15
0.0004479293728939869
2.2357594099655644e-10
5.471232286840857e-8
108.98623499697737
3.258039077857638e-8
0.0005507496484633709
5.339993330369988e-6
9.840848329439715e-7
7.20016280130152e-8
1.1271206039401683e-8
1757.58860855302
0.0006734768925541069
1.4322009448108963e-10
8.141571763022622e-8
0.03335865106341055
1.7086889358402652e-7
5.143019327164113e-7
3.674015856912601e-9
3.3551073311168854e-12
0.16102546135599122
0.00024803660761472626
3.326995260025049e-7
1.160935000715844e-11
0.005141410402214084
2.5720570562917925e-8
1.436178490363791e-10
0.13565675347723197
2.1168024120857614e-11
2.586075525028689e-10
0.00011867913003262291
4.31965128743664e-5
2.1922648064335145e-5
7.709924413898911e-7
1.6318294320619663e-11
4.75167559902899e-10
1.820020095519584e-5
5.097365404078217e-9
1.0
2.2165018794406697e-5
0.06953382304871558
4.525975525594272e-5
1.2403897409104093e-10
9.074230321341318e-12
327.0699574226397
0.035636403578320416
1.5030352651824826e-9
5.156451453393417e-6
3.626371269313578e-11
7.499237869445605e-7
8.359849752477473e-6
1.4927226562611027e-15
1.5188123687865232e-6
3.5096309750050496e-7
5.777356679786395e-12
3.027638236501228e-7
2.43074797387972e-15
3.2197912776966525e-6
1.4687454322554416e-9
2.0380531958425214e-6
2.674994492415259e-5
0.00022846393661763714
0.17459148161643015
1.0163706372810596e-9
2.2122372613077455e-15
0.00014067399751845102
8.14031331781062e-6
0.007730607980686826
5.90014199600451e-7
0.0004584000888713376
1.1511222132635713e-5
4.4229066731339514e-9
1.0884134953630964e-7
7.215363462210304e-7
4.7323237579723443e-8
1.62452967810968e-5
7.831525240883991e-10
6.813326433895255e-5
4.761950815975611e-6
1.4939867696076905e-12
2.728827655745265e-11
1.0
2.9970068848878203e-7
5.394551689873816e-11
1.7926158987569374e-13
2.144803039808813e-9
0.002953596501973264
2.2246193148602863e-8
4.951822266726986e-8
8.701459569350867e-6
4.0246028125900475e-9
4.490182764436586e-10
9.411620829292239e-17
0.0049833716178331764
5.825994946078523e-5
3.645553103844833e-8
1.011633764824208e-8
6.485660022864963e-10
7.628283425377907e-7
1.9603512240106385e-20
7.838543029720227e-6
3.4183437424887342e-15
0.022043271688871744
4.379687714584974e-11
4.9911836514021174e-8
6.030196104176351e-7
1.0638388536317407e-7
1.0
4.086200000401661e-9
2.7543583837807402e-5
0.008167375746058109
7.955579755274793e-8
7.85159002371251e-15
2.3841583840991967e-6
2.9642165000787215e-5
6.129891265018829e-5
2.7934504923977995e-7
1.3963446171340722e-6
4.6981049776215135e-12
88.58329420783768
5.7096031118177275e-12
7.022681135529954e-6
0.00039407592761796565
3.5170551795112446e-7
4.3983359228990676e-7
8.140288397748744e-10
18.041238204518006
0.6323344245433365
7.357489544998579e-16
3.0325829234913176e-10
8.457870332632357e-9
1.95712739080325e-12
1.800599132950129e-10
2.1729765221565068e-12
1.007642643616676e-14
6.230987687241989e-11
4.868588727846968e-5
2.2256614947838385e-11
2.157221468981872e-9
0.0002654303122876829
7.916255065233002e-6
7.513061906851336e-19
3.526111891699661e-10
1.754186633709015e-7
4.737918162496187e-8
0.17488795668094828
6.437317374312118e-8
5.805273670350697e-6
6.135588445728951e-10
2.5874695119635946e-12
1.0
3.2269949977371646e-15
9.928538096968609e-9
7.956275082207287e-11
1.576969269960927e-9
9.887029740127936e-13
3.5002491285708234e-7
0.0006206943001875525
7.54266239605609e-5
2.5343800730590726
9.818446340490044e-10
5.654096641829491e-7
3.8523009390280866e-13
1.4884135655097503
5.416195111774385e-10
3.9573834115924453e-11
0.0066681053258404715
2.6233853992178583e-9
0.049658208804651285
3.190907514749869e-7
5.140250825068603e-7
0.00655145126409625
1.2088304175921673e-7
76.41875244332681
2.780131602621266e-5
