9.899103885456597e-5
8.114702323406802e-5
7.458738551180528e-5
0.00011679075986407609
0.00022553447610778782
5.8233855312963104e-5
9.2817441217808e-5
0.00011707805851451704
0.000142726399289635
0.00013320268956011093
9.578885073333152e-5
8.260580198553754e-5
0.00010762293980092395
0.00012810470668458897
0.00016721009024446204
0.00043805804597580515
0.00012669777154115404
0.00013680158531406624
6.034600736807027e-5
8.47796044801566e-5
7.71728368424495e-5
0.0001105416246976532
9.436396962344142e-5
7.831267251951035e-5
0.00013685494808370164
0.00046232072078592645
0.00016221842373536656
0.00025192876102011417
8.884174238751367e-5
7.718704797951047e-5
6.709885332049878e-5
9.263737934151104e-5
0.00020765804635677445
9.43978046028117e-5
0.00010318413341406912
0.0002650352572546827
0.00015246103012491756
0.0002579690882656501
9.14170606058347e-5
9.847019783397582e-5
0.00014377054565826102
0.00019608003059295694
0.00013159477921419717
9.537136480162961e-5
0.0005975354860365618
0.00010533143763465498
0.00048683322810515276
6.717117891423393e-5
0.00012560848167147314
0.0002863359102158633
0.00015285235660352888
0.00013130960235704865
0.00017115437711774715
0.00022373677212491513
0.000164261386388664
6.418962611532172e-5
0.00011370633661485475
0.00011852148994778074
0.00010199162142613831
7.724755280822869e-5
0.00021735669711551788
9.856927402739348e-5
0.00010260718380142921
8.55049750636464e-5
0.000151152797619504
0.0001694152795923079
0.0002288480503581656
8.910048182281935e-5
0.0005111187558527959
9.729466635310225e-5
0.0006585161916934759
0.0001259078430393324
0.0002142853596839461
6.878809927946772e-5
7.919559033211189e-5
0.00018437147360360548
0.00020398729714771397
8.761528620026136e-5
0.0001580472391854343
0.00021268295917868172
0.00013639213078199766
5.825500469696191e-5
0.00016480923178002562
0.0001309682683227173
0.0007943619372225191
0.0001367941064731519
0.00014165243175107842
6.498435793686522e-5
5.974210969280374e-5
0.00041454699798606663
6.588670685222297e-5
0.0001588157642983311
7.593185185324784e-5
0.00012556999347108468
9.295058407271616e-5
7.743565944866471e-5
0.0001219078013283969
0.00019548001336405245
0.00015117720506709355
9.32267498327472e-5
0.00011048406290434323
7.06981978002863e-5
0.00020623113852427297
0.00011165427881467653
0.0001682583787242132
0.0001555197147375716
0.000191712395290885
0.00022080516022838828
9.898232229477403e-5
0.00010652579800939279
0.0009709739369051736
7.915350604783708e-5
0.00028561443348971787
0.00024155480583187017
8.663774806160889e-5
9.780453492870275e-5
0.00040365821189299224
8.743375660308779e-5
0.00024340615887320614
9.530866666151704e-5
0.00014179931238702978
0.00019821541926346565
0.000143410107171282
0.0002506237607543939
0.00014121802720652387
0.0001128554959654553
0.000129828293712168
0.00034598451850192003
0.0002017446193752243
0.00010532866409131856
0.00017097909317558444
9.229987924289746e-5
0.00020588341910681676
0.00019073972064969838
0.00012717041981021973
0.0006022552509346927
0.00014580299315820053
9.894776074174189e-5
7.18135464481909e-5
0.00016453636891580574
7.891899332289428e-5
0.000309694643488538
0.00031192553031961565
0.00026742481029627376
7.709595774050072e-5
0.0002123142234108733
8.127883112786308e-5
0.00058776374901603
7.213814435371288e-5
0.0002469444347362638
0.0001272714999930356
0.0001986849563881033
7.210139342644959e-5
0.00031106545755187466
0.00011456233867667868
0.0001365118134464459
0.0006333405892324611
0.00038245132079363624
0.00023087130041280266
0.00033345789372549156
0.00028177738610102044
0.0001080414691701937
0.00023039603507619724
0.002624361531487933
0.0002140895298681578
0.00013012694366274172
9.252604504085448e-5
0.00015566139512493112
0.00014833932230853687
0.0003218650557977928
0.00019781372644462862
8.837597816247313e-5
0.0003208427917371229
9.062926155689949e-5
0.007329899895171412
0.00010241108320299982
0.00014038371821356935
0.00011019072226893269
5.901322389139816e-5
0.00015198010462112233
7.853376178757989e-5
9.748698437958743e-5
0.000212064053563199
7.890241424456206e-5
0.00025484627982834965
7.487422408510967e-5
0.00012496231905275695
8.84987167710884e-5
9.36880057663073e-5
0.00012927532712444855
0.00010191552355946125
0.00016273012523103893
6.492290349632861e-5
0.00027009997053463057
8.13353872824098e-5
0.0001462897325787285
0.00011615529006120269
0.00033738887972940314
0.000223251713032847
9.969356804099381e-5
0.0003810973011199909
0.00016327312252316522
9.128365139924792e-5
0.0001664441121239496
0.00010755384907085288
0.0003973590569687215
0.00012157259263722599
0.00021079134801028907
9.287457872937286e-5
0.00012028707540994369
5.7633911999802055e-5
0.00024317721184039927
0.0001828759140009983
0.0001300071854776311
9.49362564417565e-5
6.318246040287124e-5
0.00012855536425282992
0.00010466624684370852
0.00030511282508628967
8.549292116974038e-5
7.582859190330504e-5
0.000366912895224239
8.239561411085014e-5
0.0004289886448636554
0.00013092218448951473
0.00012602095092665672
0.0001403809724990115
0.0004626553036651412
0.0001666472249298823
0.0001126763684950046
9.912277354296698e-5
0.00022673761758593413
0.00011500491542997347
8.577292508146382e-5
0.0001489308283765549
6.630129295519411e-5
0.00011523426402146549
0.00018427904813848766
0.00015944231544160451
0.00013357207890917213
0.0001405746888129285
0.0003653419075177044
0.00025525389355083894
0.0002023853401622532
0.00013572773441787754
0.0003657558827717206
0.0001080604002532842
0.00023474423077315227
7.568206905046977e-5
0.00019962164710339203
0.00015041580952200825
9.364249887423032e-5
9.466431710887972e-5
0.00018700931747683082
8.656645368846249e-5
8.840083184174606e-5
0.00010430106640464729
0.0003274605802934661
0.00015040016468952338
0.00011443602463465765
9.700554160955248e-5
0.00022560843596104323
0.00012028469294646407
8.944069737651626e-5
0.00011356335442084988
0.0002265246429545948
0.00021989613361997066
0.00010486996964149333
0.00029744850668662426
8.855103785619481e-5
0.00011040857942908085
7.18638590836328e-5
7.109629386123339e-5
0.00030608727089588664
0.0005355653025443216
0.0002282487136643649
0.00013005455466522458
8.269468437547675e-5
0.00020560829635966755
0.0002624683985752741
0.0001304716355395566
0.00036137016548281584
0.00039078865134785894
0.00014751837772345632
0.00012100290932212467
0.00011075304999275428
0.00018416792637359578
7.470441819138419e-5
0.00013425781343925808
0.00011730636979238472
0.00027643741201406244
7.746396643268682e-5
8.841786605544637e-5
7.593522841762937e-5
0.0001243923741174788
7.887609506498068e-5
0.00019807670273342727
0.00011252097421530654
0.0001308222342931995
0.0004374765318921756
0.00014999910270181686
0.0002952797219185989
0.00017617903460668416
0.00010113405655996979
0.00012769963097199468
0.0003848032296332319
0.0007990423945119017
0.00020594952962184432
0.00018519999548684087
0.00013212680653704268
7.891147170927143e-5
0.00024603105081920406
0.0002724339610885775
0.0002885913116550237
0.0006583604480804887
8.0943724544684e-5
0.0005361251417276571
0.00020014493415852614
0.00013902127113162542
0.0003575079902637681
0.0008245773955741497
0.00013485135075726068
0.00018653727731827616
0.0002086334572401301
0.0005255373559565967
0.0001359922705438216
0.00028967249168801153
6.955374116071383e-5
0.00039953728443532446
0.0004917279877853233
0.00013976742342796007
0.00018191010435923696
7.777972686564019e-5
0.00010365974295581405
0.00017428708978566362
9.962319594096387e-5
7.351550312181972e-5
0.00021817915410528635
0.0001670693650477478
0.0001387718286935936
0.00014332749362733335
0.00017100225596925438
0.00011631354015417487
0.0007605105436754286
0.00019057982095368559
7.372921395058652e-5
0.0002088361838161391
0.00017478378675031705
0.00013159955087813996
0.0006977062399377593
0.00032570531238364215
0.0007443701659264615
8.782269744722378e-5
0.001145908743502086
0.0003306226020506595
0.00028768539539303253
0.0003165336191890628
0.00012137394349679082
0.0005149665815722248
0.0002918255805593518
0.00016994033192438003
0.00012983715240396152
0.00010511831342702059
0.0001170677738976953
0.0002849651557971774
0.00035849858610853015
0.0001404180013764758
0.0004482520371267696
0.00019603159487742276
0.00033577337298674586
0.00018511938471720048
0.002984296230755795
0.0006168395089471908
9.779046664509668e-5
0.00031182151187618103
0.00020091215231467176
6.80393045438027e-5
9.00157943047886e-5
6.883544911304085e-5
7.47830428290959e-5
0.00012064182847289097
8.94257948599739e-5
0.00011747013052625106
0.00012210609587422316
0.0001603092669864519
0.00028062455636870126
0.0006467787688439876
0.00010794670120210455
7.910949971533064e-5
7.695403758694767e-5
0.000127287538631246
0.00015313951276859402
0.00011646179894145299
0.0002047718843818835
0.00039505170740017717
0.00018409144495600587
0.000138768246539303
0.0004033907113117818
0.0004662793268277592
8.281982394336438e-5
8.730708537440073e-5
8.899765546719548e-5
0.00016514030446955542
0.00011691879690810342
0.00017077219750377752
0.00014270393407199135
0.0001999182087308815
9.60921089952317e-5
0.0007255443849476601
0.0004697418345221391
0.0010635429024816853
0.00046069062401846736
0.00016537216618873373
0.0003062204519839544
0.00032786084216467173
0.0001359556814731455
7.127281725489647e-5
9.84303236844311e-5
0.00027355672077433355
0.0001498399011277587
0.0004306494538645898
0.0001925536728818488
0.0003693647059745716
0.00018866082763566784
6.47734457353439e-5
9.303913090206359e-5
0.00011665000133828565
0.0005846971627099895
0.0002022641718088073
0.00010618844726005966
7.453775745527101e-5
0.00010973738498238638
0.00011712219999031899
0.001354451751528295
0.00010560757354838251
0.0003750305782745684
0.00011827476524114279
7.386460848210555e-5
0.0006567302842198724
0.00010835663808736954
9.68374259733073e-5
0.00018237432991328266
7.366029109541132e-5
0.00010900160758777898
0.00035680898674359587
0.00010931304792601909
0.00022602705453725333
0.00011329657052844669
0.00016332947380786063
0.0002867013127386444
0.00021501949487971614
9.712474192661089e-5
0.00030129912374068235
0.00021080748490133453
0.00016710919429307507
0.0002362430805940334
0.00010674614318361129
0.00034409684018463384
0.00014801665410138902
0.00010958513726292196
0.000318254404900342
0.00012730671016798306
0.00010507890347405196
0.00023246221299853527
0.0001180235112301976
0.00037824733379002347
0.00010419566236456652
0.00011368454347255006
0.0001513773620146026
0.00017376111778911695
0.0001336957986334447
9.260894132549271e-5
0.0001366949286805916
0.00026017029360429696
0.00011645187025416738
0.0001305269404869275
0.00013647188609108323
0.0001045443702822977
0.00015865754338815965
8.645760832956911e-5
0.00010559604270256032
0.00010469961999367114
0.00011352776746059541
8.116455907006852e-5
0.0003140452021680311
6.151947080086008e-5
0.0001678958214988142
0.0002237724785976512
0.0001616757709950784
0.0001719064372611043
0.00018093724483225434
7.445160011280584e-5
0.00011578518741751345
6.461490857860598e-5
0.00015008431142018219
0.0001963624083945072
9.20754862240366e-5
0.00025836725001967994
9.063599192055043e-5
0.0001307101138321311
0.00018537644782180225
0.00025317753840504705
0.000240055299602762
0.00032426272465322005
0.0005688154368642808
6.58232301416849e-5
0.00025694721958406083
0.00012052035839911998
6.342194773148449e-5
0.0002652501390854837
0.00023636664797577198
0.0006357382896674477
0.00011077991777591728
0.00022818105431851834
0.0005863398109938895
8.015743179947694e-5
0.00013219915971912513
0.000380640586274382
0.00014435705291649455
0.00015665389891072136
9.962326067742908e-5
7.815983715590217e-5
0.00016013387883840862
0.00028484854871820166
9.479512106903196e-5
8.91809373417045e-5
0.000284355439461664
0.0007951280810157348
0.0001316441878936856
0.00028118186884072384
0.0001489257004384991
0.00021878982278811685
0.00016661197923991327
0.00012111392421567534
0.0001726007993003702
0.00014352452923807352
0.00018165384738028713
0.00024298259191957226
0.00017231955000959208
9.770653658879112e-5
0.00023483076079008024
9.091432895842913e-5
9.149032090630602e-5
0.0001393913630211282
0.0003236528678609829
0.000426668678126627
0.00018979957793152272
0.00010362227955282095
0.0005035021021214018
0.0004027060685038601
0.00015829934503767094
0.00016024031301374537
0.0002007605663569885
0.00010054981956350205
0.00010230871127277803
0.00015009324632076824
0.0002050613796287152
8.215591367793694e-5
0.00011975742568352434
0.00010446596748320379
8.501954420872144e-5
0.0002746144316357015
0.00025022446093206986
0.00012574112794679724
0.00016282583346519417
0.0003183845047348387
9.333316768906338e-5
0.0001718496598457328
0.000246286504735781
9.89975639242638e-5
8.09472932810644e-5
0.00015820548645487258
0.00015646594595597192
0.0002733629811629845
0.00020493396181278097
8.969640209193608e-5
0.0002585210544400504
0.0001359834449064296
0.00012171905491159047
0.000163516342321299
8.279021653832865e-5
0.00011017901619051795
0.0003648146953479134
9.155292653114848e-5
0.0006422631485409707
0.00011918656960539122
0.00010104172595770794
0.0003782898991862806
0.00046820521993073705
0.00026257487252455034
5.494610546207142e-5
0.00013664424790428852
0.0001181527068516755
0.00023449179413138462
0.0001077623926960881
0.00010465747120433073
0.00019589176020086405
0.00011789389977994709
6.904077474286764e-5
8.372831201070525e-5
0.00010050877269167667
0.0004810541009882035
0.00012209314923668582
0.00041512552718894324
0.00011015543964989078
0.0006430322542126839
0.00025554355016512104
0.00012327680070890477
0.0001296875124320806
7.653652746949461e-5
0.00011067212833704123
0.0002010552228859057
0.00010448216352963259
8.380167725031717e-5
0.00017077088909977288
6.384838465931683e-5
9.751630752585758e-5
0.00045249410043418826
5.885319274822473e-5
0.0001302101454188283
9.63974446766096e-5
0.0002333165413424484
0.00016038664332954493
0.0013265317874699793
0.0001716329907383708
0.00020718750206218174
0.00025008205037031534
0.00011890863053587313
0.00019767461531637763
0.0001809467596510064
0.00011838216877443531
0.0002540929814034417
0.00013849283200506038
0.00015331723531662503
5.102450692102028e-5
0.00010244916071699584
0.0003682452006176677
0.000143861453138808
6.859317442345379e-5
0.0001676459531251116
0.000379174642599648
0.00013152930114740171
0.00011426482863038463
0.0001719419628933407
0.0003591912100715375
0.0003198528009463374
0.00025484721947467096
0.000208597107296693
0.0005100348684889363
0.0003223323967723992
0.00020749064133396153
0.0001648088174120318
8.851734049756613e-5
7.965074288096422e-5
0.0005727735791591721
0.0001258249616492254
0.0001977601194703565
0.0001464089055400055
0.00021555653870011633
0.0001456456814898919
0.0001141375872905985
0.00017742938330441585
0.00020020506697604473
9.871787731245724e-5
0.00011565682855206877
0.0001424675820202331
0.00015108055041063563
0.00010786342411280041
0.0001601804927520865
7.150342792891599e-5
0.0003365963307896441
0.00043693852287063155
0.00014153158279031934
0.00021652289707490305
0.00017466456995020297
0.0008780409623380626
0.00029470592483610926
0.00028028414710904787
0.0001956708416004702
0.00019437334626894583
8.470530633716403e-5
0.0023191512276645415
9.157422765335338e-5
0.00013626400355264633
0.00013675316741103847
0.0001076083193260492
0.00016654705425400975
8.764697511239923e-5
0.00021346671559637967
0.00038315154823945164
0.00015923992538815013
0.0001130554518313056
0.0001489507189421537
9.140088180057533e-5
0.0003152953938677614
0.0005524551716130874
0.00023588381538784537
0.00013621281991157923
0.00013972025692767786
0.00025177459549284646
0.000171654509704665
0.00013383221454638073
0.0005860920660330099
0.0010106950447293327
0.000126314638915734
0.00010633856542362316
0.00015988510316840377
8.882474913959322e-5
0.00018775596941405883
0.00024060438614398146
0.0007667116332746801
0.0004400025272061534
0.00020584837630123977
7.430257902139707e-5
0.0010152805514031624
0.0002865980688533147
6.986662783840446e-5
6.757986489232459e-5
8.897715805007849e-5
0.0001422884787766523
0.0011311594011881013
0.000172330749608963
6.168935151597415e-5
0.0003649790149571331
0.00022975089281384274
0.00035925593943136544
0.0002921220487308703
0.00014098773934200615
0.00014262928683387687
0.0001643699609765334
0.00014622463880368397
0.00031752718597948475
7.032749423761231e-5
0.00017088445121206326
0.00034458775292417216
0.0002312367255597074
0.00010727310215909926
0.00020586475585919099
0.0005713543004827724
0.00040136329633414094
0.00014282632224236588
0.0004520827440354885
0.00014000223058455519
6.424331866307112e-5
0.00018147260965866837
6.309313672961851e-5
9.089231978299275e-5
0.000432413249332014
0.0006751602028720116
0.00017235927030589555
0.0004234469152630974
0.00029271453077773607
0.00014604657290720938
0.000181273505065916
0.00012502167425450404
7.881885181908021e-5
9.58162242459862e-5
0.0001443702467881713
0.0004904810363023478
0.0001866853527085346
0.000101222291130234
0.000175750202183819
0.0001406102867751488
0.0001633777874570909
0.0002920754860493698
0.00018936569029656585
0.0006574852264659492
0.00010420593057333452
0.00027383143005937623
0.00012573524849884422
0.0001494891197986055
0.00015590649182578228
0.00020643770463985248
0.0002903644471156721
7.256033020961422e-5
0.00155321219130883
0.0001039718931186779
0.0002878026280225761
0.0002197609766545968
9.891120552407272e-5
0.00032067794439678517
0.0004173572763495633
0.0002494350836932861
0.00012905590741795094
0.0002510759216065447
9.466731919704054e-5
0.0001020678691918958
9.663227565749709e-5
0.00011955187075405428
0.00011511537961540801
0.00013354993109989467
0.0001159523808956798
0.000452223961184153
8.948488357632697e-5
0.0002656422546488525
0.00022258199507793364
0.0005090192619793906
0.00011505301830788984
0.00020386774901979437
0.0003025173535245582
0.0002609156976279176
0.0001873557296124165
0.00019055739252217985
0.0002600258641281891
7.480536911832647e-5
0.00017908278608132612
0.00019576423086289677
0.00039475856601577726
0.0004258130231915406
0.00011477203321790283
0.00011348414319661849
0.00012945028726467085
0.00011091503346956207
0.00019814261021448525
0.00044462929306218643
0.00014393815257011762
0.00010548194195537483
0.00013526502066012476
0.0002140746197755075
0.0012955199266161776
0.0002595989158877676
0.0001190792520031846
0.0014024673688862394
0.00028060647108561895
0.00012906007499168968
8.428814555713066e-5
0.00019285571331068596
0.00010160658148647621
0.0006747208356735909
0.0006702989535249409
0.0001571617791853622
0.00011348699656418221
7.455512877636706e-5
0.00025790083181288087
9.340587811490039e-5
9.813629397440746e-5
0.0001114685168235155
0.00015181830926360487
0.0002805028752258948
0.0008030887465521626
0.0001275802159472053
0.0001789362553633559
0.001163988927960782
0.00017098924528137719
8.67335474351995e-5
0.00015708767711276907
0.00037914031835298024
0.00030844917577703987
0.0001823004834592799
6.749386110773373e-5
6.614387106981599e-5
0.00010618436417904488
0.00013885830408904047
0.00011658144702674242
0.0028244522243043944
0.00013257062565136265
8.850219775833237e-5
0.001650688562536066
0.00027716330645600524
0.00030915424123943556
0.00016320767278813454
0.0001397058237706483
0.00014731468848886553
0.00014701114078772906
0.0005688069007809441
0.0005635378529985636
0.0004755152547252993
0.0002119189562125745
0.0012262936078977049
0.0006706354079536879
0.0004534092397463393
0.0003797620764741421
0.0009930094726595669
9.082415781283655e-5
0.00015259326563978225
0.00020230753544371848
6.358961625594922e-5
8.426397669129683e-5
0.00014137583611243174
0.0001686657016329532
0.00010873679666110781
0.00012747863836604317
0.0001508013870679714
9.246855672687215e-5
0.0005778995985737068
0.00015945672681955554
0.00017673523223828586
0.00018544830149467393
0.0003050467256513777
0.0005518780730008929
0.00013180553374548173
0.00022836288976267014
0.0014488136581565058
0.00020189857885398408
8.56058419636315e-5
0.0001298573127348972
0.0001991148421123573
0.00030917089999781536
0.00013214526449239025
0.00034225514780589916
0.0003464560963460402
0.00012696129952385538
0.00013506519116313675
0.0002104443980888469
0.00024679465101876466
0.00011501805506866636
0.0004573203996540404
0.00021426393758086266
0.00011091039390933192
0.00016744542463459984
0.0001599293761987082
0.0004434028701154122
0.00010271710383573844
0.00021358926095715173
0.00014421948750301434
0.00023568644356578724
0.00041383086869568734
0.0001501664756110718
0.00017962500259504293
0.00016533508926427128
0.0002403413064055883
0.00011524394539764967
0.00010426857283088865
0.0003133437697196731
8.636679063475976e-5
0.00012744818237845655
0.00011944890776571858
0.0005653326574752223
0.00022925020534732388
0.00011236099302105152
0.00019474776208584603
0.00028792397043802805
0.00011580767952875474
8.957399912337257e-5
0.0007696931983189556
0.00013223473641387151
0.00014109307798879905
0.00023448738131075944
0.00016062656981576768
9.783983180798645e-5
7.241113696815852e-5
0.0001997226376955522
7.503133645395773e-5
0.0004945729361202198
8.092854652675809e-5
0.0002070489930340905
0.00011553743226704345
0.00014269496758501576
0.001014380124392499
9.2912302688762e-5
0.005553357833635407
0.00016182883685102845
0.00016966037513201635
0.00016907989007430697
0.00016007157195457834
0.0001497662128122822
5.976336518465692e-5
9.877475150396213e-5
0.00013623803416773855
0.0002481651512620752
0.00015682852144309026
0.00017196096232179427
0.0001969452479702017
0.00017776280822191215
0.00010416505651528451
0.00014441133321916192
0.00018253136064644388
0.0002218911317865002
0.00020877383998016657
0.00015507769190950595
8.43205186655279e-5
0.00016018280817382035
0.00012972718300988397
8.46066367502912e-5
9.105947021404866e-5
0.00014896423853627325
0.0004280379267079646
0.00011122318804726078
0.0006216731444067526
0.00011205556389942013
0.0002411940766982211
0.0001234419384247227
0.0006140728279111157
0.00010653154666129624
0.00023255436885673546
0.00015242396006431025
0.00019716216456409772
0.0001303677925454126
0.000400183613251695
0.0001429875556374728
0.00017370458786926957
0.0002784790589425541
0.00021243439981125364
8.66876132445358e-5
9.800620064318301e-5
0.00013139328935974997
9.399409590764373e-5
0.00015036672340748122
7.646709668434026e-5
0.00021319268143219015
