3.438153430260412e-5
0.0002279109066882967
2.2837864855434144e-5
4.2784179647199374e-5
0.0005864064427809603
4.783669988638732e-5
3.191246263699977e-5
4.0746023497628565e-5
2.597841925352532e-5
3.5156771075619594e-5
0.0003416334239944727
7.176322075843573e-5
2.368187484913776e-5
0.0002164581770124646
1.953443462570433e-5
3.130315850890834e-5
2.3897572437258614e-5
3.729145585368393e-5
1.6183721813195986e-5
3.258923263900898e-5
7.924976180939988e-5
2.2754538271092828e-5
4.922964480218938e-5
2.4047872754948598e-5
4.404114773784061e-5
2.5425973792152164e-5
2.5415365723523737e-5
2.4625827530766838e-5
3.497927989565036e-5
3.8990609328989444e-5
3.2232735105403455e-5
3.1554331163949524e-5
0.0004816249196101995
4.941923999469357e-5
2.428550818671175e-5
2.2454610626501185e-5
3.678745773445548e-5
2.6136326571612887e-5
6.007292391015982e-5
2.375955017833085e-5
0.00014846285466279909
2.570679106684097e-5
4.639809070975215e-5
2.1413907826358558e-5
2.2541498124419354e-5
0.0001490285761982072
0.00011856724246605254
5.1153207136947476e-5
5.780033439378889e-5
0.00015693353393188443
7.76049178851386e-5
2.940519798331963e-5
5.086860453786088e-5
2.141180581686754e-5
2.8280258767358744e-5
1.7272049773279163e-5
4.046094563164488e-5
9.964938744734044e-5
7.060391975845241e-5
3.274567005929539e-5
3.4739272195656227e-5
2.3611464575565702e-5
2.2989804129674648e-5
4.1411805068078615e-5
2.8674721881783134e-5
2.8105672214398443e-5
2.625379950008668e-5
0.00022124834568429446
6.261878567525869e-5
2.461981147277559e-5
5.373794761417377e-5
7.893246967340413e-5
6.493143152825915e-5
3.6660484422785195e-5
6.900764576505684e-5
2.697564998009861e-5
8.444204292860951e-5
5.892644138724078e-5
5.528764326946357e-5
3.966603425905263e-5
2.18864079798826e-5
2.8873905457550608e-5
4.9567580895871554e-5
4.0382174717365556e-5
3.5603664242441776e-5
4.587553916864658e-5
2.969279829311228e-5
7.456900590011771e-5
5.123173462034833e-5
4.6530133746624544e-5
3.497165309873347e-5
2.6423477754867383e-5
0.00015435674846134889
2.1869995572595193e-5
4.782884274482711e-5
2.761435685442906e-5
4.7498222252686495e-5
2.6472116093066556e-5
6.665898624479994e-5
2.7673137229489674e-5
4.099913373918709e-5
7.6799468771812e-5
0.00010757214147048355
2.6350703825374565e-5
7.051704214490844e-5
4.648233594518073e-5
4.9996489894240626e-5
2.914769945527651e-5
2.8300852663260703e-5
4.347226456786183e-5
0.00010400176127295789
3.792912777686259e-5
3.346183254921521e-5
2.3379681626910488e-5
5.277763967819241e-5
0.0003018426664768096
3.073667711014899e-5
2.3319543374976936e-5
3.0157994733616244e-5
3.0567908046963035e-5
4.6112886743460176e-5
3.4038996975026164e-5
4.277305833383574e-5
7.874988483550076e-5
9.406245221548551e-5
3.4554565930210926e-5
5.785719057180287e-5
4.084112245677478e-5
0.00017134323409871528
7.898793363657327e-5
5.235229299138577e-5
3.0785920620979546e-5
0.0001577367459738521
6.130073816665563e-5
0.0014354857621792349
4.71356539154496e-5
3.480868925261576e-5
3.2589494927700374e-5
6.613194482107407e-5
3.9661180659780543e-5
9.314713488224538e-5
4.506550208183687e-5
2.9672617484796635e-5
8.71753465939586e-5
0.0001355307063325055
3.849351671561325e-5
5.110695656331831e-5
5.138356431481651e-5
3.631329892365849e-5
8.218895244242321e-5
5.8698907677374444e-5
2.8772808361110666e-5
4.6252183919162395e-5
8.731388717040307e-5
7.133572094726782e-5
1.8726357407351426e-5
2.8657296922628093e-5
2.8980322643284977e-5
6.175283287786166e-5
2.6365735951583633e-5
4.1331893353558265e-5
0.00021862312403495143
0.0001040660741495182
0.00030101707797776725
3.60464029871699e-5
6.921911403775704e-5
3.188696141994826e-5
2.3551759388894142e-5
0.00018772977517220304
2.835484309849903e-5
3.249821458902947e-5
6.607914202971682e-5
2.417915380044146e-5
6.677320706578251e-5
3.860689676420157e-5
8.50236248342503e-5
6.130750583466406e-5
5.055279937746064e-5
4.9618036478661114e-5
3.227215621053114e-5
4.9712672815703434e-5
4.724362863936818e-5
7.087232877332863e-5
0.00011805353539901911
7.479804887479558e-5
3.632888144889892e-5
0.00011993146220074999
5.82854693246812e-5
6.111675392460599e-5
2.678351251817583e-5
7.23627172814054e-5
6.34864028373994e-5
3.197970485702012e-5
4.1110501305322006e-5
5.110385729618888e-5
2.7884254182333e-5
3.098068099560283e-5
0.00021560749571190407
4.2955168138602696e-5
3.25393733901822e-5
0.00011370085916493734
2.5717568439200368e-5
6.040374478056785e-5
2.709565011223983e-5
0.00013818643553840327
3.8150167263525546e-5
4.310737326907729e-5
2.5006852319902184e-5
4.831673194074684e-5
6.155475315532022e-5
0.00015056379588899966
4.4630493762641625e-5
2.326549194033915e-5
0.00012095434151559359
3.541734122054584e-5
2.1185415310872716e-5
2.7717093468701074e-5
0.0002730298658300908
0.0002513272908673614
2.1589397616062294e-5
0.0015749514457412315
2.6832218094884037e-5
2.5911771484510387e-5
0.00010206789176104478
3.108748462150503e-5
2.0473115764422654e-5
2.36780501032595e-5
4.0203842870146394e-5
4.197595500250915e-5
0.00020712774340703982
0.0001758440425526294
2.790326861195815e-5
0.00011219677852452968
1.9740400778612528e-5
0.00010040483851234338
3.821520395035213e-5
9.931632549345778e-5
3.160870645749988e-5
5.289428790791344e-5
6.966375556037712e-5
4.166853564307132e-5
5.168258088681806e-5
5.455838822730154e-5
0.0007455495158871802
2.9762687735252967e-5
3.8844108342149545e-5
1.9592640419816836e-5
2.7317903323345042e-5
7.050610974103507e-5
2.0232973907008335e-5
3.2044482221535516e-5
6.563378131643309e-5
4.259982876166717e-5
0.00026697514891653413
6.0758471662524016e-5
3.7236106377765884e-5
2.92323111136146e-5
3.333479632896881e-5
3.283463290760078e-5
6.983025677732777e-5
4.0306225832506284e-5
2.6403074310241433e-5
3.3501418855423215e-5
6.77343911118451e-5
9.52554022689294e-5
2.033969940596904e-5
4.336298520468125e-5
0.0001212436742149224
7.625547284677123e-5
0.00012980507211321878
0.0002200318924756155
3.1837147843837054e-5
1.904124428933401e-5
0.00010986609881705601
9.448420851922647e-5
2.844686826054693e-5
0.00024369293736828886
4.107533791458209e-5
0.0013905048702431459
5.8386397847093756e-5
5.568683936044319e-5
4.271594588403838e-5
4.217003664475778e-5
3.0393588097065287e-5
0.00020780366071972926
3.616065802761128e-5
8.142099403217888e-5
0.00012461999072291974
0.00014475037882978449
0.00024371830018967807
2.5154695461711145e-5
4.242116303433367e-5
0.00026162771489235897
0.0002937629271326138
2.7481782124226688e-5
0.00012819300016142095
5.9830201562218225e-5
2.67941807583273e-5
2.7281473053879944e-5
3.177192693137291e-5
2.4419173861342272e-5
3.4945508780273545e-5
3.073890943546246e-5
2.7705051376780603e-5
3.787447506297259e-5
1.8655033573973568e-5
2.336934558700859e-5
8.20015305204488e-5
7.93567777540839e-5
0.0001061432801125012
0.00011151341148218066
3.3939947074674e-5
7.107476533057606e-5
8.664719029333973e-5
5.2937084656802305e-5
5.8577771091728465e-5
2.9948466027978474e-5
9.129133107257435e-5
2.18604092473737e-5
4.821993414611637e-5
2.8034402827608225e-5
2.5090169883348642e-5
8.949704409537828e-5
0.00016782592450214568
8.649281666080429e-5
0.0006052523088293935
3.730302532764348e-5
2.0085610442560783e-5
2.9329421655312327e-5
3.3819211596720115e-5
3.092810715237569e-5
3.791361485554155e-5
6.397196227003343e-5
0.00010821101513828955
0.0001365276679727547
4.743629236102081e-5
4.941200069849114e-5
5.581274217790232e-5
3.1902807945518615e-5
5.6906670792867026e-5
2.9475705559848215e-5
5.284340523320253e-5
2.887524096161577e-5
4.561598552469127e-5
2.1570838522696863e-5
2.517547044209354e-5
6.902264478410537e-5
3.549536859807953e-5
4.220289990004325e-5
0.00022732944451260272
4.318193305373951e-5
2.573623122820884e-5
0.00010417085187880773
0.00021191155067520846
6.308093231929776e-5
2.4549850489574662e-5
2.417571002385407e-5
3.1920991384334434e-5
5.00749110683117e-5
7.125456115581967e-5
5.5686520689679383e-5
3.8029456902124626e-5
7.804670012470943e-5
4.4743173337533944e-5
7.114331169256262e-5
3.330012810278348e-5
3.008349521103503e-5
0.00010683513793563534
3.719823363993683e-5
2.7356183817247028e-5
3.9428899467735634e-5
0.00012151447324010005
6.599002869937023e-5
3.2033181528650466e-5
4.1035130151899935e-5
5.819373377414008e-5
0.000123370925613447
3.02493670000631e-5
2.8365325750462622e-5
3.117620187939462e-5
3.6293473468925565e-5
3.6891962013985254e-5
3.101460862897032e-5
8.294346583444274e-5
0.0002127769327852858
8.708754593590473e-5
1.95874775431777e-5
7.506160626769816e-5
3.6202987133549106e-5
5.9440969353246245e-5
9.129737189126971e-5
6.676752072812523e-5
3.2131907094200495e-5
5.3168264574825064e-5
2.571081632019283e-5
3.3238985494367395e-5
3.753367521685537e-5
2.2333270096254442e-5
5.9689884861550654e-5
1.9307735432937375e-5
2.6021054446293167e-5
2.235286276936031e-5
0.00026907275673316645
5.835937725160341e-5
0.00010615744090812008
2.0273121027271474e-5
7.111704550602487e-5
6.582602986676831e-5
4.249100183214675e-5
6.354201737817928e-5
2.0249710946766778e-5
9.311363133452417e-5
8.287704829735109e-5
0.00018971215792378915
0.0002748651209602977
6.826850220627672e-5
2.7805009585849122e-5
2.8635330834396285e-5
7.32179436624608e-5
4.923683015650303e-5
3.0480172042931374e-5
2.1382383684423408e-5
4.556354552925796e-5
2.7372652478619872e-5
0.0002595147270266872
2.3015100795680886e-5
2.78095163449517e-5
4.950701414173747e-5
2.6342978248627394e-5
6.20418432422526e-5
2.6778843478976223e-5
6.653667903021678e-5
0.00014611953206197776
3.432280343038654e-5
3.380448955781952e-5
2.3065002107193655e-5
3.205668961422594e-5
3.064405550588125e-5
2.579271123161168e-5
2.7330972145907686e-5
4.010108194084049e-5
5.398329094557594e-5
4.703598956311354e-5
4.0971451761657174e-5
2.068519954987451e-5
2.651458320037606e-5
8.510508685791094e-5
7.011689721277097e-5
7.703722187248401e-5
2.7802305972879668e-5
8.875347025411903e-5
0.000281821603098284
5.3595368721085495e-5
2.3825752575843562e-5
5.993270435318488e-5
2.589326764133524e-5
2.6583857894914856e-5
3.28147866998479e-5
4.6645595033441876e-5
2.7701643339514638e-5
0.0006252252615275742
0.0008553227264546029
2.7579907606532252e-5
5.708812220794431e-5
0.00010652703249550735
2.5693230434551323e-5
0.0004755036364267735
0.00010245223525444086
4.3796401108939336e-5
0.00014929386426898005
4.944637139864774e-5
2.8925619479152893e-5
3.083675223994032e-5
0.0001243905704366231
3.954870789429272e-5
3.103790465565333e-5
3.928075776359531e-5
2.4890045974933513e-5
3.378532074665545e-5
0.00010700333282875157
5.257755276892256e-5
8.172088040504181e-5
1.9331954994576554e-5
0.00011279529634902009
6.207928875702468e-5
2.4179786010373918e-5
3.206577065510501e-5
2.8902573665635054e-5
3.326769537276724e-5
9.87292596147263e-5
6.453271262168181e-5
2.3162526851490162e-5
0.0028890541965045776
5.011158402124381e-5
1.9519792680057346e-5
6.675023092700804e-5
0.00014562196287886287
4.0623796173839375e-5
6.154790979945372e-5
2.0032772979668836e-5
5.265700820721616e-5
0.0002785732036732797
7.195183381979621e-5
2.5718558493593786e-5
3.636157697856857e-5
3.108177017394147e-5
3.692403655150258e-5
3.469493321100822e-5
3.11674455658519e-5
2.7452815029936493e-5
4.089896666265754e-5
5.95302307223837e-5
3.194767638656735e-5
0.00010162770215858233
0.00015366776598064988
3.0482279509372442e-5
4.351170732642086e-5
2.8850312114206957e-5
0.00017372242522126628
2.96481989402041e-5
2.2709129515467e-5
7.709625278911516e-5
6.894329701783605e-5
3.728316290159214e-5
5.3824183177093575e-5
0.00011579272842984306
2.6136835177864463e-5
2.154205860672064e-5
4.905237445793651e-5
5.072690524545895e-5
5.896295564249962e-5
2.6161518307146404e-5
3.523330937232073e-5
5.56838656279046e-5
3.510780750328954e-5
5.687208871609904e-5
4.48772405995871e-5
4.265472824238379e-5
5.0210433712243774e-5
6.649953417162924e-5
6.923905087472702e-5
0.00011075123761601889
2.7590181463478658e-5
3.0318103492846068e-5
4.8154345745245015e-5
2.597078637592878e-5
2.708899069453517e-5
0.00013284759118927693
0.00013935602903524354
8.786640287260698e-5
5.118838221659894e-5
4.4257238293277797e-5
0.00047540669224685966
2.6826339697150126e-5
8.113209859329112e-5
1.9873486207654942e-5
0.0005927390624890621
6.796750131207307e-5
2.7212279093249352e-5
5.6710735490140834e-5
9.670657749095949e-5
0.00017219269947331856
7.537743386529874e-5
2.811265339186692e-5
7.466851234181615e-5
3.261187097886972e-5
0.000797664009202769
4.041108684096215e-5
3.628313894707068e-5
3.946654751824224e-5
3.6587683547807014e-5
4.951324275869268e-5
4.7073606916866334e-5
3.256133623606221e-5
3.401169155795042e-5
5.045164904467311e-5
3.70411295702659e-5
0.00010006617398213237
2.5886205035691776e-5
0.00012541526452110544
0.00011942965607907327
3.284107604830966e-5
3.497910915046375e-5
3.633669780020647e-5
1.8529322413006864e-5
3.9399342828890486e-5
9.993136229878299e-5
5.275022193659706e-5
2.4278059894975373e-5
3.0403218581864214e-5
2.6962041877678256e-5
3.534328050345606e-5
5.3947960408295e-5
4.790676034887576e-5
3.896875573186329e-5
2.3937817100844246e-5
2.3552193100185047e-5
4.7426685182420895e-5
2.18223452091337e-5
7.066008945300565e-5
0.00013562932236511725
3.761418531529965e-5
0.00010452783747272672
2.82658091162834e-5
0.00012683840454238827
2.272652153676503e-5
4.4046879779410346e-5
2.3090848582368057e-5
0.0005610196498540949
6.154215650739767e-5
5.695532936292572e-5
4.9122437975532653e-5
6.344462976021519e-5
2.5359932183857553e-5
5.8342310880194686e-5
2.1164405706559628e-5
2.9259363813397193e-5
9.270246191708575e-5
3.1282465703400874e-5
2.9451058111461853e-5
2.8560001490810924e-5
2.5801771836348052e-5
4.319679248615711e-5
0.00011434522351394066
3.155707288527092e-5
0.00016046949339298586
3.7804664344505365e-5
5.569527909301982e-5
0.00015293430184977537
5.679621289764346e-5
3.10024798938319e-5
5.4060553476875795e-5
0.00026558325085238586
0.0004595133058221819
6.926619353288381e-5
0.00011784176295945532
0.00016301259141186415
4.0400774539536484e-5
2.109213005685503e-5
3.0129550576362766e-5
4.270821248768394e-5
8.752655839984424e-5
3.441336098033405e-5
3.949709673994657e-5
0.000268106169554401
4.102935866834118e-5
0.0001184224306665502
4.055486754859119e-5
0.0001235764654013039
6.263302311411126e-5
8.708747121062045e-5
0.00027307980937559624
2.390260314447408e-5
2.6206507108865797e-5
3.357986964285878e-5
2.5448399650982803e-5
2.2465282995754505e-5
4.495872235404021e-5
7.105173603591553e-5
2.5464800431656003e-5
4.139772289333179e-5
0.00020808724617735932
5.3933644529512254e-5
3.8130189544143635e-5
1.930514536078557e-5
5.378221306050075e-5
3.670062044357527e-5
6.678962392688612e-5
4.377749543316055e-5
2.6330829628683213e-5
7.353439654955669e-5
0.00033673327435345356
5.3153223885238654e-5
7.542678355045811e-5
0.00013269125901040023
6.04785816841051e-5
3.7880373584763266e-5
5.557877510120553e-5
9.687328288087152e-5
0.00019432466856069864
4.4867058688409746e-5
5.671155126508073e-5
2.8869025575154656e-5
6.956260270553073e-5
4.637827984714633e-5
0.00014349154398722114
3.471559233844436e-5
0.00018291567602782795
5.268211786090859e-5
0.00013730865860170943
3.0567858046049245e-5
0.00011564789586154937
3.3490392751507247e-5
2.2389198745296637e-5
7.393038371967168e-5
5.399705956931308e-5
4.305425324392441e-5
2.568512588891431e-5
3.7219749174042705e-5
4.675777013384199e-5
2.598206447461043e-5
4.253847326109016e-5
3.9079142783188155e-5
4.612932924408837e-5
2.5629206430878425e-5
2.5195323116311307e-5
4.853720247790911e-5
3.398233058883024e-5
4.1943421450918504e-5
2.499642251274682e-5
2.2093526825294137e-5
5.237090544549538e-5
4.180167973525576e-5
4.089926135277429e-5
2.5853446542727106e-5
2.8528816101616778e-5
2.6398713961097085e-5
6.481249351620386e-5
7.373883941384908e-5
9.07791245997854e-5
9.750266143517017e-5
3.595623461839148e-5
2.5645994599261907e-5
0.0002089619416884231
0.00010772829873973347
8.181324259726003e-5
5.9911651998870945e-5
0.00026735189386699673
4.505074323632072e-5
4.593263591521401e-5
3.8322154730860405e-5
9.680476009357226e-5
2.218077187216216e-5
5.580349952843157e-5
0.0002561305833857895
0.00043193451520293443
3.801393454289021e-5
6.71081947255481e-5
0.0004175694054479629
4.703678611795194e-5
2.4173324382530094e-5
4.860277863378724e-5
8.42461208865095e-5
0.00013210853507278017
5.01298684765371e-5
8.157527018825484e-5
0.0001023567036787691
0.001105495960969147
1.9737759619665137e-5
4.918530243950117e-5
1.9613204501888744e-5
3.934930507689004e-5
3.2034971130935256e-5
4.354543626374219e-5
7.637507569426303e-5
3.707008721005262e-5
2.6846381217887813e-5
2.6584694382078568e-5
2.441638744722624e-5
3.1931438624944284e-5
2.7156471244430033e-5
3.36572454883119e-5
0.0002089559819508774
2.1799206183424947e-5
3.409847153575709e-5
8.594313592476901e-5
8.886231013492037e-5
7.123053900891225e-5
5.24275117994109e-5
2.2834517814972875e-5
3.421602959901422e-5
0.00019712666652235805
0.00010985007037140456
3.0027149294541186e-5
5.9351733573203316e-5
3.9167366566766985e-5
7.873259637490748e-5
4.923845972599144e-5
5.7906349224045214e-5
5.3150645994004936e-5
7.109662442414267e-5
3.36468253818325e-5
2.3691395055849762e-5
7.109734835098632e-5
3.1437626374198376e-5
0.00038414749109722305
5.7100208695684295e-5
4.0140073491181455e-5
2.3298841072505702e-5
0.00019241107919699515
2.9756301758002325e-5
5.09723306576263e-5
6.197126213183491e-5
0.00022068894184092323
0.00010773712247344752
3.2800268680532986e-5
4.044019772970178e-5
5.283103469517823e-5
0.00041183801360973545
3.274758419622163e-5
4.052715602338914e-5
3.755608779699257e-5
2.8853345248643764e-5
3.670094238207194e-5
5.0092403055528014e-5
4.165483148414877e-5
2.14572305417401e-5
2.7797894217749694e-5
4.826753911499748e-5
3.181175516950265e-5
4.541040668077126e-5
5.796881130256275e-5
7.902718278969122e-5
3.627895300754757e-5
3.1414230022036684e-5
0.00024152655514377106
4.8788491168408985e-5
5.2724752803216627e-5
5.8206781310489726e-5
7.728908492516294e-5
5.775520745258844e-5
3.324567036517064e-5
3.304883137348865e-5
3.2457847888593806e-5
7.345792407236797e-5
4.1688928555078556e-5
3.740416240602812e-5
2.3666107251903976e-5
9.801975676928462e-5
7.366288220913311e-5
0.00013169662426348064
7.83771512264276e-5
5.9589855350686664e-5
3.6532049509346216e-5
0.0002270847376735085
6.967650896582081e-5
6.368801237640679e-5
3.108350454548867e-5
6.479750700832021e-5
3.357845140207606e-5
3.648548280919195e-5
4.574928662566922e-5
0.00016315049539544153
2.0380466750457784e-5
1.938898478021581e-5
7.549947029325812e-5
6.440716251543413e-5
8.770434747165865e-5
0.00012088428922147923
4.5518869452617745e-5
3.700862519445886e-5
2.5082298372895447e-5
2.366538999272357e-5
9.655716371295047e-5
7.377708822435195e-5
2.9707020642893653e-5
0.0009528119922662305
3.337231261449109e-5
5.374134279592176e-5
4.8986979237135906e-5
3.2384134653879105e-5
3.627050921522969e-5
3.8113682493245525e-5
0.00015465329182990007
2.8029743716795023e-5
7.61302559653715e-5
6.611510399737419e-5
7.425334039841442e-5
2.9943503944532728e-5
0.000256862251191587
2.6535758101683733e-5
0.00013749071574535384
4.069385827259729e-5
3.278813156865679e-5
0.00027572816741166075
2.62276788067253e-5
3.729206368753726e-5
3.6947739923509165e-5
0.0035009652651297367
7.279750956567244e-5
2.194385370552882e-5
0.0009633457217840857
9.526152509364194e-5
5.1842648862760095e-5
0.00011244565016961433
0.00011414779326460452
5.872142373207416e-5
4.982771029345044e-5
5.5352126215515986e-5
6.24298410448103e-5
7.445322010752964e-5
6.794715598435254e-5
3.698266065974734e-5
7.027914435326306e-5
7.536864132828117e-5
0.00020878894581968788
7.454376864680848e-5
3.606349263935147e-5
0.0002036301895162475
5.494482413265168e-5
4.393070930887335e-5
8.57252750279042e-5
2.0909076735249075e-5
5.073916508312143e-5
8.145762905150086e-5
3.8260334609695084e-5
8.004353398805648e-5
4.9189413797392e-5
2.5451096017229856e-5
4.285943598533752e-5
6.408250258264437e-5
2.157126947937115e-5
3.8164835723949485e-5
2.4977137780109944e-5
7.051586213136742e-5
0.00010221654612959313
3.127576320975177e-5
4.514103261728426e-5
0.00013658736558678003
3.0891482949511857e-5
2.9822084092213248e-5
3.625967543218025e-5
8.060855413345813e-5
6.117212072096299e-5
0.00018578040819072146
3.2634123239977617e-5
3.439896302772096e-5
0.00027142821218010464
0.00023349222462791324
8.10959366428927e-5
3.3382356502992234e-5
3.083623419691513e-5
2.4753595160420762e-5
2.8841560589716084e-5
3.1657564826667065e-5
4.416557475312261e-5
2.6612653858543056e-5
3.144563510764135e-5
3.268617504444882e-5
0.0003597785112233284
1.9246723802880626e-5
0.00011089891164363791
4.029516713840364e-5
0.00012072526523389569
0.00013381971628454654
5.5531250043803934e-5
1.8149814370482418e-5
0.00019028406272539214
2.998683594398266e-5
2.2093525079055827e-5
4.196907090741353e-5
2.2114606339211826e-5
5.358946314761654e-5
0.00010055228684926021
2.2592344412624258e-5
6.29118268940088e-5
8.319657934694913e-5
7.036661251021065e-5
8.190119614560989e-5
0.00016172779790778335
7.276320632136228e-5
0.00010397307892958057
0.0001230254914726047
2.6551421240153148e-5
0.00013164996824282992
3.7799127550053515e-5
3.631719376618171e-5
2.7481052569669073e-5
3.72934720318057e-5
2.3453799491424416e-5
2.719971742381861e-5
5.7146879215031154e-5
4.5566663003058396e-5
6.783076916944528e-5
0.0003045589618714203
2.8239424282449484e-5
5.604853193439164e-5
2.992027055387753e-5
5.3878267122467715e-5
3.4415173107728864e-5
4.1512992381809925e-5
6.690042655202563e-5
9.168472341001109e-5
8.134143283271931e-5
3.697340638998511e-5
3.918893474169892e-5
6.652436523110044e-5
3.42443096297185e-5
3.4230225137860736e-5
7.34918409704934e-5
8.084889904229349e-5
3.9861294921856925e-5
3.680829346326165e-5
2.59173886478817e-5
5.59979799397442e-5
5.780592827037152e-5
2.663591294515948e-5
8.282799204392123e-5
2.1316858884243668e-5
8.815554543090504e-5
