0.7688316242991458
2.295867075577004
1.3763006306711016
0.34614198761274506
0.2509794916767977
0.297183713186776
4.082378136074697
1.3474921289169803
0.14983276680503896
0.7987098488216917
0.49653608173579183
1.0
5.198268733255397
0.4119621201143389
0.7324149251405515
2.3465438681755724
2.4003010764880153
0.36925744944714056
0.05099508523077243
1.1594777719698037
0.13015662369416844
0.06788626717814127
0.2530860852862712
0.47281889828487933
0.04268816885647211
0.6884896905819978
0.44037323597975403
8.67487479786274
0.07923778759550217
0.05164041223740266
0.35608405566563733
0.16300156399605895
0.7787965673474759
0.745559801163825
0.020941853883396026
0.6546420918134979
0.9056576100295409
0.20480280302455955
0.28558458996630387
0.22315030313444395
0.32477162939614035
0.032679031538880216
1.9428166035876078
0.4460626485541012
5.4011115037583375
0.2087687387593459
0.2984500769614182
0.5694618012237496
0.2003828678934519
0.12626966247111457
0.285333524090557
0.38642448496948145
0.03313715697368757
0.1775263330082629
0.03658542449316138
0.054812833466278174
0.023319526315825182
2.557949877933646
0.0237576130434624
0.24721050841943298
0.25528209562391435
0.12669973498450937
2.2306880985114375
18.73836407000144
0.09566425906222964
0.5185785110866418
0.12108243711360504
0.7935162961593637
0.9961555565211823
0.04489481789405877
0.9996332768292601
1.483706529065708e-5
1.0391080699971125
1.3893442735406039
0.6084233839183877
0.3761109699116132
0.03568974506196187
0.918402373506129
0.020164854662090895
2.1045595495941622
1.719481041136207
0.018685011527201343
1.047320914502759
0.005973414238339822
0.01495066887735624
1.7856736984036483
0.7068361205326872
0.021123803691064206
0.05436035973602257
0.07281674237230826
5.257885148387207
0.046017401604846506
0.14443180795908003
0.04369188931216642
0.06964824374516185
1.9908415670058381
0.08105641947628016
0.20045378694022592
0.513054848607797
0.1292861031999645
0.06812858947683235
0.02254154086608194
0.3397575381831061
1.9920890212102902
0.14662457429191322
0.1528225649006359
0.14379977306005054
0.31642142245624155
0.3842913590465552
0.8608181494031549
0.019576493613614594
0.3396893323805603
2.9855844746172098
0.17054742976956583
0.0554294663231452
0.4430816042684907
0.3326328757923577
0.007968789098087393
0.17536377774904033
0.06037587313609139
0.39838016449442365
0.06068020259441996
0.1395345627475595
0.2342474776931865
0.033910209168455246
0.005645070977380505
2.8581473877917376
0.11558129556714498
0.06563832245696889
0.0023134054589138554
0.06604649746299693
2.056355186811274
0.25138082796978006
5.927495067801164
0.18607683833567454
2.001350339663214
0.08330034619543601
1.1745817831975771
0.010346993755556724
3.5809552930191764
2.805764485499716
0.0036831115594282465
0.02685737142073359
0.75493001416626
1.7327685701647533
0.31826008687679236
0.025369891675184726
0.12095868867166588
0.06095836135394823
0.01573143306300146
0.04464261836173865
0.3093132332050232
0.06537446291023441
0.9416325189167873
0.21582301925136954
0.10183247063329898
0.01755674443615505
0.017664874516801266
0.12202460364282226
0.2043475721606331
0.17145765885174102
0.01542641162842428
2.3815004523038144
0.004086800430203854
0.25323606473655563
0.4368431316201108
0.03222967565204822
5.403733656376572
0.13432663707664222
0.0022951394065640982
0.49003806122909155
0.04392483465154402
0.10560792331441872
0.4363352273849965
0.2721599761156827
0.13526859618058792
0.023428259812646075
6.030294346932009
0.9076980166186418
3.6473591801059224
3.3701325586805635
0.05526219997098959
0.653426988187307
8.608761025865213
0.001373163711044062
0.00251230402494961
1.0450198428032011
0.009447995336476058
1.5926326643719981
0.043812287211123624
0.02168467304460645
0.006624313163911319
0.13767821226643998
1.7951808050276368
0.014081905630307078
0.1320046110924482
0.09019081282794801
0.013472904327084282
0.037858289467419
0.15655104783866292
0.10219874111997809
0.6764618809954158
0.00828301536251604
0.022632673872194236
0.08837477283584258
0.09450213292078691
0.7544358232825651
0.051508053350011414
0.016539693954219226
0.03463755929395044
1.7553693167417523
6.010805291630352
0.165049100598395
0.05839044239239516
0.18180978293468406
0.02373375702778671
0.07526639006867679
0.07124308482652546
0.018852312886338474
0.5956585169726151
0.2607535817189637
0.002641639875013451
0.12488976405538703
5.772331082126581
1.3341078230347911
0.006793465810648018
0.006750523436511706
0.0027639567791280526
0.0016089243996329787
0.001109871375088594
1.0489345152158116
0.0007418696348467878
0.797782351119714
1.0
0.07363959790012026
0.0014798506408279862
0.15703539868075492
0.010553817748203477
0.015624567419150357
0.019272571407190513
0.25278565934978786
1.0205166914853872
0.9747657150293236
0.0823429496623022
0.04544118548945286
0.01809484271521992
0.23919831548355264
0.06113688996550912
0.48495434918084956
0.010049334410669712
0.01461495788223829
0.09593325455897433
0.0010179377247432869
0.0885411242966382
0.025966509602547136
0.010993288776161077
0.004587090246326907
7.394800069412137
0.07401550600884295
0.2703448990480929
0.026264109543719497
0.011445240980057914
0.21450399598043912
0.05237342599103832
0.34027178310347683
0.07154469718122558
1.0625934822893226
0.12827689827827318
0.04253110187186309
0.5030699238497724
0.011117640655700464
0.18271319979410547
0.0025023473054770497
0.012154533680721355
1.0686367019179865
0.0012690425640944961
0.002055830784314425
1.414110170992438
0.00012114890914682407
0.0006534386722399627
0.041977119884894144
0.02643011714143218
0.09785532954274043
0.507686691781342
0.7888260060342378
0.005818427977180966
0.16410721258926145
0.001335800207981493
0.04612379215790659
2.5550099915164908
0.004339752056472818
3.78931132241396e-5
0.0025307915247606903
2.2908529392376993
0.12523665719222582
9.710022004437121
0.08490833540488146
0.01975749077183854
0.013083912174445522
0.022001879736017253
0.00037288670074130435
0.00858410164297635
0.04296157540845342
0.03879977155389159
2.4185172182931205
0.024506005180958218
0.22642220361756046
0.08356894634882599
0.3840616422753623
0.00030663662821877696
0.03162283533327464
2.795431079305047
0.3732205561677242
0.4419038463617526
0.05975450651913702
1.0583198725216554
0.31762669910119373
0.019054456015649195
0.0004471181582286488
0.07121829436385667
0.09890139295559688
0.08020606659413275
0.015113117671111906
0.02392108324836178
0.0008529259968751622
0.02071410113796363
0.028323329253751924
0.01500084118893307
0.006716259818855911
0.004872704945881725
0.03308143475761616
0.2699390680540383
0.09104322817615014
5.126851031241558e-5
0.0033131696744837353
0.7968768434458265
0.0003316525638452478
0.00041637171463822405
12.847212205890667
0.29572197727137167
2.371278926917402
1.003497251795368
0.2012973479068327
29.830657739166416
1.1319221637170624
3.7583318740780274
0.3869553265309013
6.188633308802525
0.0033161386256490627
0.0009123883028557381
0.006803973240355093
0.006599356796757251
0.001587717917243733
0.004009099207689934
0.007481708157307022
0.0004406284435690105
0.21184677070761482
0.5098848910969432
0.31607824934309614
0.5338249206024197
0.006260776836806546
0.6174846854262686
0.20764487405750326
0.14274555377652137
0.6648917168218218
5.6873975278653806
0.014804851624007851
2.6913792424079523
0.06969011648433426
0.1294603084941592
0.39034425775878406
0.22485275582869446
0.07683344328322779
0.15260350846081103
0.8186162614029298
0.8674466127358578
0.4125235328519829
0.04625036709357533
0.09126486834002838
0.0001025275454285925
0.3151804803284873
2.744464704433942e-5
1.210608063045863
0.00491854143239357
3.778925529238598
1.4008851213794953
0.0005957852466489899
9.284367789322161e-5
0.0030115995120242496
0.003893218760094965
0.3313450198610785
0.04130340157924676
0.09019948337118722
0.4602103017616818
0.014900521400649323
0.04820484439965637
0.012562580684141381
0.11361053979758699
0.004489671049410728
0.006062130723226497
0.010687437788500636
0.12894888768263124
8.398573572715899
1.3004165265032515
0.06088273116530581
0.0003743994786475416
0.6875940638198187
0.07206888489305664
0.6380292608024488
0.007868378305350256
0.025630553015810423
0.19057343268380214
0.0013739734501365941
1.3082303734626637
0.3890199724852763
0.20069017545788068
0.0026922510041496057
9.386175910073334e-5
0.4569143079379265
31.184982403661092
0.005997016416110664
0.034799781026738544
0.2711568239188743
0.1590494771691309
0.036113225533521365
0.007096851225252145
0.028542451159329716
0.0005598656063086835
0.006664038094661755
0.07864876257186716
5.695921275796057e-5
0.5451705899225225
0.2108567179225712
0.0046089691575098585
0.08980237227776111
0.865350990892306
2.3112461682812313
0.0005086462148660621
0.03186612171502043
0.0033462838001418827
0.1085754225859913
0.030385043912066218
0.09568651917206482
0.06109087571624921
1.3806561268575772
0.12276060354734948
0.0001218064079895902
0.00038331146936652346
0.003979919319374035
3.882332022169461
0.017353378571610553
0.004019179468981644
0.0966184240746416
0.00022618287796738443
0.32613092418138573
3.069664290970774
0.05742155831709229
0.6130595083125967
0.04057414252650182
0.035924629627459466
0.0029493319436439624
0.009606634710070438
0.11602526651787265
0.02893650735749764
0.0005650727637922038
1.9327835426091946
0.07035920132753755
0.8956342812734825
0.06498861518513471
0.0008236627842841663
0.27954912349815597
0.3573960773682074
0.0007974406027834364
1.9321720468573e-5
0.00023065812645423956
0.02130606268283197
0.00010169108963670036
0.02378160285819042
0.23793489726228234
0.6131293745000932
0.12664844766603092
4.788494056926276
0.03121641379735748
0.0488607527368077
0.006492335224131059
0.030896711874607234
1.1288101909105768
0.06074663101652082
0.14334561032534138
0.00010011040510962965
0.06827643697074823
0.011326901614921243
0.07988062380263679
0.08952699663641653
0.00016346029382463412
0.000517693512206877
0.11235247889923869
0.0136399547050286
0.08590077927937895
0.029349698101835717
0.024793757762160987
0.05087684480493046
0.3704906286723541
0.0878672884104187
0.0015396067185621824
0.31897169950298104
0.0009695634836986746
0.16420435551507545
0.06261603456661498
0.4674258800705589
0.013904047619718463
0.12903593310161637
0.009683201094840164
0.17161847867376467
2.2530875208571026
0.03329096674882407
0.00783897840680119
0.06553425429709549
0.06615299984405146
0.19324224189454428
2.7151517672692322
5.977917426566092e-5
0.13992065011634522
0.033732117544080266
0.24525740610530344
0.0013229244747360851
0.2565775373913362
3.696801007515916e-6
0.04364496960989347
0.00816760964033882
0.012755549186023661
0.1781359325195196
0.2204779920857075
7.160670355477558
0.018811417468535267
8.565723000437838
0.13676645083024158
0.007991235422053497
0.04032732895887776
0.15276697306151055
1.6856055483612584
0.08548774525518484
0.09242542376295455
0.700731510274082
0.016091766466962535
0.3588233890726135
0.00043409713455207737
0.03974421599748844
0.002876316454597653
0.0069452513859703776
1.7257452655304404
0.0019052708660243817
0.000546334487121955
0.003580346188953867
0.05226880527472659
0.23620730579111057
0.016854454458167592
1.2554900417021224
1.8812118170203754e-5
1.1277799616593422e-5
0.00042527701788035985
8.363464951692821
0.7395428984573033
0.014454993002084877
0.017407258047586
0.05130933551323038
0.029819837541667737
4.606804190902981e-6
0.025640997789382433
0.0028875577959238557
0.009369643562447343
0.28615104048073664
0.07260716628079471
0.001353707690562815
0.037136971268436805
0.4712331580433493
0.01664968754239429
0.0017769402594673886
0.00783099801143359
0.051773461269298694
2.25073696222491e-5
7.665694745540762e-5
0.0015431118668233095
0.2134961914311231
2.0803191212849777e-5
5.710542611796102
0.03810732692435382
0.0050200122298147765
0.0007286308441103181
0.11799276799076995
0.27883935365445994
0.07879861989799133
0.006462057864170934
0.02993577143229629
0.33689447776944875
0.006151588706898968
0.00011909725118338422
0.0317189711450844
0.10006150859035308
0.033717219678651184
0.02152341756436008
0.002679864759413912
0.0018485551837700326
0.009258916304029065
0.28387689488437173
0.24696759237526086
0.04422680294677424
0.0004317934523559504
0.11141183793488257
1.544102441715719e-5
0.006666242705177068
0.1399189733924047
0.0014247575784200903
0.004527727317240214
0.19205790744725776
0.24423511207058057
0.0019492614857178363
0.00018125328573296957
0.024857611574339047
3.1931253159432234
0.00023126096461070086
0.013061996626066628
0.006228443910159309
0.09730554908036759
0.5446006927119634
0.30220487074796865
0.02949396528057522
0.007863416050607497
0.012863609414863506
0.20853411771719604
0.5581687511627821
0.06203689223918549
3.094901313335841e-5
0.01631791784956136
0.6252443686501871
1.1597081835703628e-6
0.0022655483187568773
0.015065365355937282
0.0063589961493557435
1.9962932278472358
0.0323222544530992
4.8524194457787185e-5
0.024191169516156227
0.1531985825207884
0.012903919565767127
0.6590210768678348
0.11673727418566224
0.024516143084402867
0.03304321664105298
0.042088502861328446
0.02815717656904768
0.11818987253676227
0.0032633608563628837
0.009293257894173616
0.004622871773888461
0.027250954077525653
0.15703306843423848
0.9381129785394955
0.020951553354457756
0.03844786592610012
0.11802791739909377
0.022190928950517372
0.008991925715524223
0.05135646490579661
0.26238071278174513
0.048743468553834775
8.194618517623558
0.02216183666070368
0.0019834561332285347
0.01474594141052225
2.741142989573956
0.014256164744614561
7.245951272936572e-5
0.14292099973273142
0.0022167574835482585
0.07230788810488654
1.5875125970690784e-5
0.0002003618120085555
0.11365387135460664
0.051892055073205746
3.904358449236455e-5
4.237826133221881e-6
0.05627300489535713
0.21285302301417508
0.18063168292144613
0.0720207383433211
1.0629643232268073
0.5009699067282921
0.008831554107575775
0.04826124807588885
0.009852828160323741
0.019366850759437074
0.5220184050738305
7.328149289885184
8.627739181574841e-7
0.9685521414734487
0.6394730168375293
0.03567444991024533
0.17585966252226604
0.00010345351791456212
0.0195521708122181
0.0407536394110367
0.043933455232080004
0.09497068504795896
0.006236064635776887
0.010874948481450077
0.052450149089200086
3.0868781094483744
0.01574968794762821
0.004032410094136764
0.0017664017757219768
0.14462291448676912
0.8661752284161113
3.155251613357444e-5
1.119324011240631
0.0740780606365969
6.781768596135332
0.08027729423385702
0.019494494186605718
0.00017012161719567499
0.17048446901538541
0.06506030044960122
0.009515320308472885
1.8167780662572341
3.678482688941943
0.691682212459957
0.006651691707388973
0.01569243296613467
0.32336578604016114
0.00013024419854135757
3.2685865665486395
0.0944874637268939
7.67662088706862e-5
0.01742996944632394
0.006859409292577507
0.0001229717690105306
3.6117389302468144e-5
2.658062887292471e-5
0.1137663745493993
0.010560821127918578
5.547408884528223e-5
4.017884757013656
0.00010143143737856345
0.045792004547154014
0.5002080782597095
0.0010833278986140547
0.0011249990566496533
1.691031983630728
0.005289871974742854
0.043997399222235375
7.280892395364115e-5
0.003085240921893126
0.00039520100548086075
0.06744299130455958
0.005021815714119228
0.6197600269105782
0.02752822191358313
0.006355309711824881
0.05028859796006743
0.07999862836351075
0.003940609524630096
0.03016394160508429
0.010688329939364114
0.9713914899391997
0.0009119394694425604
0.008058427557648117
0.3982889321769201
0.0204628841071757
0.030325151033232432
0.10565485697747808
0.002479799605187017
0.11835754313618625
0.00024553882943066185
0.31640888257760524
0.35321393150359826
0.07489906571211999
0.014193605353470274
0.00038028274273944744
0.5156402657572007
0.23247441168588093
0.42757980437279003
0.18241657305111467
0.4950259021879332
0.11752945786164329
0.02390760337988363
0.005334918855249721
0.6407455870730211
0.010940218004510713
0.28602993162098717
4.120164737219251
1.0698244318448365e-6
9.140200815884006e-6
0.07659948674386928
0.01210574517150081
0.005855057984717379
0.34740315228455126
0.11769880848566673
0.06123489261561024
0.1968884348071275
0.01521094771363451
0.04000795761798705
0.0015749710713695527
1.2505357880640628
0.035985108365543236
3.965938399500064
0.022663684821891225
0.0030971143347873547
0.00536663581391984
0.526847158146712
0.007042809914876454
0.06591784118971038
0.20276492937101767
1.1816362914531016
0.02529016400098304
0.004795213997908089
0.3909499613577356
0.002181211801179508
0.04270422796815906
0.009616206396273997
1.0
3.5299057259144104e-5
0.0024725556860864984
0.45336011566073764
0.0003609629201162246
0.025758664459539508
0.002442521378257553
1.2488839845676496
0.050630317873832
0.41313067450770563
2.160908800000516
0.00027770590831732505
0.0015765673415061485
0.02608951078983297
5.755681761454486e-7
6.687168872926559e-5
0.049222014161717134
0.005254639376085156
0.010765874962283964
0.005389601613791353
0.0019398677280764842
0.00039010334790289203
0.008678452523277891
0.002553056514493017
0.00012110319742701753
0.3438111135350275
0.0002475342280439996
0.16714284737076207
1.6075239031638022
0.007105438325801749
0.01625081349039515
0.11155326949175277
0.002413817900792725
0.00018558422134929182
0.045777665896911984
0.006955481010397065
1.381948743239404
0.016180517759207903
1.9381983285909675e-5
0.008941826383114757
0.007585207120318615
0.00039131056671407743
0.20835488714091763
0.43163028498420664
0.0025660571690463104
0.0028014767810697035
0.00018106983880120467
0.0162958650898376
0.0011128865501989866
0.0006482773571278721
0.021155367654868373
0.0006523681914920503
0.0569668752327474
0.18632750859947425
0.0003218818477655787
0.0027220529793929448
0.1009632149587162
0.030057767560345207
0.002791807943590772
0.004343777411448752
0.001259616647828575
0.4703656746291606
0.0011669025112569812
0.005750956356512607
0.0001340148735474495
0.0019930597745914176
0.07161376156019049
7.042587075558293
0.025966327278617807
0.00019166407340623744
0.007224265142644485
0.0692819541226157
0.007033400834266435
0.0447982552061524
0.016764800822500547
0.0027863655906071694
0.002742337468588148
0.04081897511599167
0.01618433163029155
0.015349649253553527
0.0002964040442784163
0.0001505924093659187
0.0006616302304068729
5.9723502115689864e-6
0.004427094691802648
0.0018392783525107764
0.4913812170922968
3.075410777445801
0.0005406872136261856
0.01557248434354841
0.09613332920925921
0.0002894336760517261
20.40882825863712
0.29255676458158314
0.01879719240350186
0.013181138017132894
5.509907273454762e-5
0.49355258324966317
0.004442376834208925
0.00010811256218901244
0.0013197594975843914
0.05485526916884249
0.003353320494156343
0.12240947612447962
0.011626233001538144
0.23698541817744573
0.003891223834757327
0.0005962724628228397
0.00030431805712432137
0.06694682252840266
7.289795670481903e-5
0.015513265087293948
0.020055050193299225
0.00287242900548646
1.9642220741810912
2.215789420334187e-5
0.3382285288232161
0.022470252458516658
0.011241437936532962
0.26283511292585177
8.546334982058644
0.0034213701018910516
7.834488829677767e-7
0.02312884269571026
25.826322290906635
0.004880884150151024
0.5023042106536416
0.00031538917924395715
0.035719400021933086
0.5593039477539875
0.0021539113627672708
3.003049691973948e-5
0.041225469946399876
0.30290171730242565
0.016887228948065488
0.4913755263690871
0.41715905878622256
0.027145970447697235
4.420036596397936
0.004663597167207209
0.007923525430249212
0.0385372604339696
0.001557951963341157
0.01220415592731414
6.696990276862674e-5
2.138016729737369e-5
0.0010173575893139767
3.5948098788817454e-5
0.0005981908311116743
0.06523927635551423
0.04924536462725274
0.003422646622306813
0.0010881639084736586
0.011458774127277702
0.00011994468250555744
0.0005646944435250677
0.006099937766614025
0.02728795732723233
0.0470048949836204
0.03287356109295646
0.00016371377801609335
0.49978843111901644
6.183629223984931e-6
4.537050035706401e-5
1.0295103601925029
8.09605040516975
0.004188755422806198
0.0005586241191464643
2.319689103304541
0.00010928900766482761
0.00042169642031432766
0.024429946215731073
0.006905851313438648
0.2113415498060509
0.006756481890353083
0.0008378259937377786
0.0027249406585468927
0.20668964696365255
0.004627857771376096
0.0007210703917952723
0.005009552028399649
