3.4981994563699343
66.60661235142553
23.017663776713256
0.30590756346014075
166.89034207082912
31.776298413487073
3.065063794237565
1.7813401781414975
3.8089429978281366
0.004792470724643128
7.008542153522698e-5
8.6902459826561e-6
5.672474250060287e-7
0.004474979473601461
3.072456219550616e-5
2.7463010161496157
0.5217479924936771
4.5959027357392685e-17
2.8090879515830025
5.604603594586016e-7
1.7204471928103705e-21
0.05760403532852375
2.537416485655297e-7
36.265916342499814
2.398870231749088e-7
2.778658846050205
0.014615596187787159
1.4940473689511375
6.847411652505976
0.010009275083550035
0.0279732770296712
2.4565868121706244e-10
1.4741202390953895e-7
8.188987865608619
310.60778964873043
6.947501299651185e-6
0.6306803339686995
2.2813660835280516e-7
1.5813186352618048e-7
2.672497385079093e-5
4.5958850417087116e-8
1.9274632463787496e-10
3.835551233248635
4.917545400515056
0.7541037605465246
0.45207005272089046
3.544193918201312e-8
13.059386860971479
0.021275103443559838
1.0824836566170743e-6
10.344679584391264
1.5882498287076953e-16
8.352113516867797e-9
0.0004882058589994355
0.003930992240182762
3.2450758934801114e-7
1.642239172214436
1.0
0.00715250792844335
0.3507477446049968
13.607643120145053
4.5495415728186496e-6
16.386757090691766
0.05583575065862036
2.7268437744001987e-8
0.15630718288473563
0.2835931247914376
17.822497945806376
0.0008724656400104531
0.00012547135866208958
0.0014059766901260322
9.609637455304297e-21
2.0324642401338373
0.10302743251951617
4.263365917635028e-7
3.0324196012013938e-6
7.426643889002108e-14
63.08207218021988
0.0005117327747405759
7.88089950450051
90.40386027946235
6.499667192326196e-6
2.188703548194596
0.011643334802780122
47.238904402411364
28.873668694777766
5.41340411041197
2.9989727207123985e-11
0.07306706297773931
1.8487679203781445e-23
0.021236226002456577
0.0027453791346066666
1.0643691566310297e-5
0.0028461149302962474
0.0069429650325601635
0.07066020998443874
3.081041490552067e-7
5.377085115303817
0.00031124940675903313
5.967599640064786e-13
0.795405421749933
0.004805815667615664
0.00884641290550777
3.027836723386565e-10
0.7639592873126437
2.031177574579036
0.07043087753745594
8.708144271110099
0.10279223047404432
0.021558266601929183
0.05090971410717764
6.484850347922517e-8
1.0934441944722688
1.9386053534558264e-8
2.1196574691255505
0.0002504977260902432
0.03350736937671333
0.0002888219521437905
6.030620453950358e-6
0.03224943852828278
8.705188980471986e-5
0.22008256709068783
0.02228905981004154
0.0005905692673562188
1.0
0.022160037086337323
1.3044052843428783e-8
2.0645813367803265e-5
1.603589673374909
0.7389327012946101
2.2546223387516053e-10
7.718824584024769e-7
1.4237174792302983e-5
7.777973296961317e-5
30.328671229450254
1.0
2.0675177837510057e-10
0.06102408781898551
0.363178159333661
0.6357996284000267
3.63850488060174e-8
1.016452817023858e-6
3.1859891870908545
0.015953478349815257
0.2043288894690203
1.003975828496676e-14
5.070042765202949e-10
7.856833022639377e-6
0.000645727972325335
5.404472476373234e-6
0.08566787949302264
1.0
3.942764162835461e-7
0.39743458708653634
7.093405335316574e-7
0.007582797434414826
8.59580253404151e-5
0.5115371147202268
0.017730488413139418
1.4574449476418063e-10
60.880953044696994
0.052397607881966485
1.1211755228851718e-10
0.07569447330217884
4.8139081029005045e-9
1.0
0.09170284474426045
18.079364302471674
27.538683381777144
12.539478437249587
0.0003925322254049244
0.0010603941557029524
186.88988354489908
0.00019924359817014126
7.910644147385664
3.8001056563931926e-8
0.24182762394501897
6.966592094780958e-5
1.8436044754936525e-6
5.178240903078537e-7
0.0001621237656257848
7.768364523951338e-8
4.44915546517762e-11
2.3775999915371913e-8
5.381170196973111e-10
0.03775719053928048
0.1904222836774206
0.3585951504494086
1.303090752273376
0.06314355454717709
1.5062493890238204
0.004785177235792214
0.21582402771395678
7.179793384043371e-7
0.048283260425710184
2.9040902823647565
7.548636247018652e-5
0.0005776219890952902
6.666286899563814e-7
0.024922267746836195
4.750404789835253e-5
2.5209843245258448e-8
0.165622974990372
7.763172196845506e-11
0.0006474078175974595
0.0008655393603352141
13.920471387285204
0.00514039745065429
0.4362951144273069
0.0009388644735967903
4.272349873379698e-5
0.9502403604469399
7.469444069718565e-5
3.1454059690541043e-10
7.063067188494864e-5
58.689990169495516
7.345373965780234e-5
1.604940961378334e-7
0.0003816754458691548
2.357077209253872
2.7389429743427857e-5
4.2477881567485645e-15
3.96243693602769e-8
4.0857498647191397e-10
0.0044295126125190945
1.0728236244372355e-9
0.014381513875211242
3.286822004518823e-5
0.007932663583654884
0.055623572244034684
0.0006076656787107291
0.021948939276155936
1.0219494559766161e-6
1.57660580186844e-7
1.0170678877643053e-8
0.0017222642533746872
1.4404461980529464e-6
0.00027288965483155753
501.81011936796375
0.18764984961208936
9.82727785611896e-5
2.596947984482525e-16
2.74501259008731e-6
4.0818553860067825e-14
8.129021780238072e-6
0.004743328232624461
0.0006957609599426689
0.5037923830128063
0.011237582881438403
8.683090613522461e-10
3.798589553569036e-13
0.0020637963417321657
4.3643445359574215e-7
1.7163836436009315e-10
0.0004807077713573134
0.11725749836360129
0.0006556566363055021
5.010176834674062
0.00220911987856483
8.634457887319447e-8
3.990671663403777e-5
7.035231337025972e-12
0.6727674820130747
0.009515464385140405
7.153340842161857e-17
2.5081748186360442e-8
1.0616646730109073e-5
2.219837748741813e-5
0.002514679835368618
1.321915503211748
0.019496804816957817
0.0061224180515910874
0.11853495663831182
0.2404389179976459
4.4811890031104124e-8
7.953062143215476e-5
2.759206524596612e-6
2.446539240950124e-6
10.55565072975509
3.1739349900460962
0.009707684556628744
0.0004300965077529118
0.0027003020763266637
1.776315738909724e-5
1.0991468408676652e-9
0.001101519534866907
136.16833326674015
4.8506118902803605e-5
3.3149628243323275e-10
0.5533556875272907
4.072160823965622e-6
3.7276421060954753e-10
1.195481705086163e-10
3.830150579257842e-5
0.1521430812516287
8.129196324920946e-7
3.678733467971592
3.633274489329599e-6
4.578565613091409e-8
0.0004953730919937332
0.05874709444523817
1.4067400980389022e-5
3.539706588594294e-14
8.70358697248564e-8
0.019899702132957255
5.694236326522438e-5
3.3907520339461746e-9
0.0002695585661881603
4.234208536124844
1.0
0.28701620004932143
1.1926965217325827e-5
0.0030684342001351993
2.835999354716724
0.00039855793071866404
2.247662211588699e-10
3.1329337865484545e-7
0.05838219957822973
0.00014843587289074586
2.1238488052972344
0.49567223212623757
4.101553946658227e-5
1.5881560851419927
1.4266034357448346e-7
0.19455870887037868
0.57348849367835
5.962428557369626e-16
6.063809458607762e-20
0.008906281742521017
8.838439211602631e-5
1.073332092254706
1.0
3.0736852928271236e-5
0.03507725092729325
0.38410756868299195
0.00020603124566768738
0.02953770324385819
8.185386169685621e-7
1.8721433861437773e-5
7.743644254471525e-7
2.2142389325821975e-8
0.00010252235540407818
3.425708064617544e-6
2.5342390313394292e-5
5.3669152818341054e-8
0.011040700785201004
1.0
0.004336402879542696
0.452372596123716
0.00871067038616733
790.6836794510257
0.0004589529714473182
0.1107943476960401
0.004533498820759523
5.372850729874482e-5
0.0024462864856964763
1.8050335096627226e-5
0.0008213539445910678
0.8449544720623384
6.632486998807794e-7
0.00035501021392782994
0.832299848492623
5.362591863718778e-8
0.03640404911122919
3.3999387394391557e-8
0.0009569195430416406
4.530375328907222e-7
0.0027452094111473993
7.084816951019239e-13
0.0013462028541909548
7.442919639208726e-5
2.608415236094958e-9
0.04565742064325273
7.384566906715204e-7
0.4475067076390048
1.894054660408832e-8
1.8460489061863322e-6
9.318505954889179e-5
5.4601846747455505e-5
1.9357455893248745e-6
0.0008081399516250524
4.858482441437025e-12
0.0036928561928008963
0.04603431839570555
0.00015762644967434936
0.009220353194114336
0.3549739151468771
9.625058322865522e-7
8.00495133471332
0.04099320640441573
1.9602530580333852
0.28157699608108516
2.82719843811158e-5
1.0
2.072163457482719e-24
1170.547095267156
0.0011464003942315971
0.04810006100455534
0.003579659150719901
7.627260011502128e-5
0.06617709637314784
0.0016926354141461378
1.082856807313204e-5
0.06576872498061016
0.0007162233843941924
236.15878468947855
7.016451642599641e-17
0.06887691522353658
0.23348270270842297
0.00465683681007786
0.005217140495490038
5.583367080460022e-7
0.08422009602999266
1.1698888573917674e-7
0.04141694586189661
0.00010309240716841243
1.4823695547640785
0.0004523424554298594
0.05180636299697138
3.3623551910674913e-10
0.004008553734197053
6.685604155761938
0.00014106812246606355
0.017101488440806195
0.0028420142696267002
0.2617301430737871
0.1995061506456168
1.9884985603714371
1.0
0.0019646706182599744
7.660215604043947e-13
0.014183115414015872
0.0006753108640803088
7.917605826001252e-9
0.005521390196833812
0.0011440597724836838
0.00012201369330110054
2.0502725320225503e-5
7.164579846124083e-11
8.64806323514524
0.0764790046393259
9.090220286975367e-8
1.376349560232411e-9
0.038738042063805
0.00013246987704889412
0.02368286014128317
0.013028188353377148
5.324512291048549e-7
6.736529681794177e-8
5.422398187305526e-9
0.010721577915631329
3.9841038298327884
8.234880094311193e-5
261.78600034055887
7.817635454190429e-6
0.0003924678439175416
0.0002823906810482649
2.704035400249113e-9
0.08872776602026568
0.008559940061238796
0.0008329199434084416
140.54630099437142
1.5188549602077213e-5
4.469084867890018e-7
7.77163661113032
4.2479037850301015e-13
3.5356977058884017e-13
0.017752463742955346
0.002788215528247777
6.949349691484881e-10
1.3639955358216574e-7
4.9428428240705485e-5
0.000541535252316338
2.1094929738706747
0.00018017093134613954
0.0017980915841844392
0.001536190664059375
0.0008184312997655273
1.4524604543565087e-5
4.46061320803632e-5
6.780260120645347e-6
0.06916065044518208
8.251320203915225e-6
1.4137417242298596e-7
1.0798026243419078e-6
1.3357431095200969e-9
3.095720376640982e-5
0.001901290717875032
6.94813982235717e-7
9.112610046801752e-7
0.00034642448224912243
2.944131833848798e-8
0.050869356760627635
9.176987806820676e-27
1.3666380871561028
1.4969414461734101e-13
7.43913694466775e-5
4.8207774127635246e-5
8.322044931208129e-10
1.5254674916006534
2.401633332747889e-12
3.568074574990758e-5
0.03780840645380075
5.382690148424485e-5
1.9524845931784184e-6
9.845694835583304e-5
0.242841413792203
0.000456908005171513
0.00010068665805215376
1.6726856624020072e-9
0.0015838958488393956
0.01268294101222367
7.572429821017683e-13
0.000933417982486159
0.00044386059898864294
4.4217760263466317e-13
4.034517314751391e-6
0.006822350198212875
0.21453464485784643
1.2385218394563185e-6
1.0477732247636788e-6
1.9397402179678736e-9
0.008374651963577421
0.009532073272481772
6.010129379966909e-7
4.175682369756759e-8
1.1332766385856628e-9
9.948887145084193e-11
4.837429516680816e-5
1.0
0.002870082940821582
0.000925123439231872
0.9476559832210455
0.0064866051150445055
9.37866778812204e-9
0.00046702643255032883
2.865355659583744e-14
1.3828080540542976e-8
1.0712917387378282
0.003844952036316008
0.021448620538505214
1.2540672834752888e-7
0.00020381312552973096
5.788047515925237e-6
2.9839521129674344e-11
0.5677737639701446
0.00593125587059629
1.957406691858029e-6
0.010014201727098502
3.86333585864162e-6
5.59342666260551e-6
0.06753098867598425
0.00044953064578483735
0.011856306768091147
2.351064199253428e-6
5.34085775689624e-7
2.155139951821787e-7
0.0006320906410260136
1.704765907627603e-8
5.5474753763194496e-8
7.404326704119336e-8
0.00021891922393170007
0.0001162456416296833
0.0015040146825549547
1.138242666106727e-7
4.163974797889404e-9
2.24818393641311e-6
2.827017100469344
9.005439012127025e-6
3.479404364845961e-5
0.00012823199344895128
9.821889253828886e-6
7.977136018179233e-8
2.07365380566911e-6
9.558949745817914e-6
1.7523157200948636
1.644985054330788e-8
0.0009374930007817575
0.0011446971250813533
0.020464459304842062
9.66991255287772e-5
0.06358958303623982
0.08337267849500933
0.0005757757921224432
8.039081050205981e-8
1.0325000949115837e-5
0.0054332109053138395
1.1868177529282672e-11
4.861702333190059e-6
5.013071429515588
0.03930158424829397
2.5134896572318505e-6
0.105849976114076
1.0331103309413788e-5
0.0014682277678039538
9.628089640328986e-5
3.363294330178657e-8
4.642823737125267e-7
0.0009583611968863336
6.807213466869085e-11
2.7986430889081954e-13
1.0428273769736267e-5
2.6090819696378473e-11
0.00022732049053427215
1.8388528142076959e-6
2.4768182711204443e-5
0.016741171836196937
1.279644768908245e-6
0.00036886589110775
8.555585581134252e-6
366.77012270616046
0.00017914470800871806
0.0005670279341504079
4.3361627113421495e-5
5.3739417461493894e-6
0.20595961087489983
0.012669234894211182
8.63259910889216e-10
1.439596438474123e-6
0.000669783691902075
0.0014831267074221078
7.999131779189478e-5
0.0003280892433690477
0.0018748549586714385
0.018554112238050115
0.0014150721348751146
7.55941606076612e-5
0.005564692687280462
0.0004815464365577655
1.4732100228528106e-5
0.02850676756642657
1.4843611838388749e-5
1.5304059102580035e-9
2.443081255631881e-6
1.3378839685445218e-8
9.25702268345086e-8
9.109704491633257e-6
0.00858485155741541
0.03490521611686932
0.000574715785333682
39.451734428206514
0.0028676797202034487
0.00044947803631274703
9.414969001550708e-6
0.001433749313130567
0.09643553494614412
4.109146021229432e-7
0.4620626308247415
1.7408969119536546e-8
1.4487423712902817e-8
0.014425987448563427
5.03075565392093
0.033928605810955866
2.381101217396651e-10
9.195850871799913e-9
8.122057617669692e-7
3.9803622535099556e-6
0.08526386499624862
0.0004814091630809496
0.0003251650653843451
6.875263038456785e-5
1.1543975724187726e-7
0.0013205250243703433
0.08047455041706356
0.018421609843424096
7.948835099970782e-7
2.7669178905975746
10.444926801124302
6.514721518553694e-6
0.02141708280115673
1.361601347606685e-5
0.20124517500581962
0.010581070461139248
0.001079611038432883
1.4452505589185826e-5
0.0018864286099952758
0.0850833187205168
6.697479532387079e-10
1.6227114954602038e-6
0.0005898489642967049
0.00013347813423138667
2.2392566946000696
0.00852495372741329
1.3241077687715729e-6
0.03822484647550032
1.1590023296790624e-6
3.5126286338606e-11
1.0
1.045190800526496e-6
7.363567260523318e-7
2.278221694381802e-6
2.7528056683106378e-8
4.5184881704410144e-8
3.577723019865123e-5
0.0013440352096375722
1.1398973888158154e-5
0.0036704096718794105
0.0004657195930923842
0.00013162755410658453
0.002165216215357677
0.01047217568434424
2.440143687851187e-5
0.00863621408789146
0.548926058702608
6.19463263004658e-14
0.005204569836481586
0.014583537697217177
0.00023271501536718448
1.0673498446751067e-5
0.1797922056068694
2.4760212052143114e-6
0.8184312228093036
0.030768169887431397
1.5555972660187137e-7
0.006421170014574432
2.514079379360934e-5
3.8448595588735166e-6
0.0012209944700265053
2.045216322509807e-7
2.8820217860734485
0.0074817945383301495
0.0005552921872286457
3.231098957148269e-8
4.3247041130676253e-10
0.00015491116213162676
1.4767132881148087e-5
1.5165420732858434e-9
0.0009044361076037146
0.00017301500708121777
0.0021314787025105094
3.628180662657417e-5
0.01630296580876257
0.0013103473829447843
1.2207014932482274
0.00339428677610118
2.9311859388350176e-8
2.078448715559374e-6
0.03540588741100915
0.00015100244175565516
1.6992655751325918e-24
1.8412930849790987e-10
4.868199583202058e-5
1.3878316287194882e-6
2.066115575538735e-7
0.0001697377158001845
1.7767175165053823
2.3367440682886972e-7
0.00015108075065174313
0.002575774427850197
0.0004385215487186189
0.17900417721213105
0.0017194433330051514
7.039200906395849e-5
0.0002398545677044739
1.8223490145459025e-5
4.590010275560071e-5
0.0005796363429272133
2.8104709230510587e-5
4.3742134055077396e-7
5.474210227726969e-6
1.3512950926876737e-5
0.008320336182662914
2.539084079010625e-6
0.00579790579432911
0.0003879621277763081
0.004645856675050589
8.485723134577116e-5
1.3898349773455725e-9
0.046285575073089946
0.010112993843791466
1.4939991539194444e-7
0.0008980705357347581
3.991250538563981e-9
1.657217729501763e-6
0.0007278344885686106
1.0
0.00013094953290562444
5.159596906804113e-6
9.69714636126922e-10
1.6033976676523193e-5
1.2684316188056827e-7
0.001554663341536077
6.433346757470947e-6
0.00041575133745272246
0.09884658518762668
6.190332707456543e-6
0.03928679025840785
1.0964338551785407e-9
0.19010447782785703
1.3803427959834793e-5
1.217382944421697e-6
0.00014591083849225956
2.3714934872791867e-7
0.0013718218436270652
2.989966594556219
0.014823220764143502
0.002421928257837519
2.770483104683413e-6
0.00031492511950642854
1346.1027138190816
0.0009259931245893925
0.0001799724642745042
5.8009016938281266e-12
4.0133910030527447e-7
0.2268925931917758
14.804113725187113
2.841666307734517e-6
2.475161416295857e-5
0.0001995146166209127
0.00023306511181130646
6.41737174793069e-5
0.21651392293692642
5.794746014541686e-6
0.0900598184931522
0.00023401008529585276
1.142163937594008e-7
0.003886891205461545
4.861411476882932e-8
2.5527990878839305e-5
8.608075981614284
1.0561150329605854e-5
5.942334093294708
0.9501207456502305
0.31913925344744354
3.032206155892448e-8
0.00028493200121213277
9.356175644006858e-5
1064.9588067347381
0.00021686864843186693
0.16860939528359364
5.222235358322648e-5
2.1192809058620686e-9
0.1689541898464721
0.07228773305806489
0.002003435502481118
0.06588884453517545
3.0632302638030576e-5
174.26020602726
3.01395108711864e-7
4.7243069302908025e-5
1.52072151152004e-6
1.594866478767461e-6
1.4746078159605794e-9
0.007117241779517568
0.013649899657713698
3.7659588847363875e-8
0.0010422463163115437
1.128104088433545e-11
1.7732865561493721e-6
0.0013405415195234277
4.967680589789161e-9
4.523282374798006
0.0008518594025872716
0.0006858680880978615
1.1554465782748262e-9
0.0005493924446929526
0.1915152982792143
8.018662546506097e-8
1.0
0.00018182088167119232
7.808251352028912e-5
2.8965063034641845e-6
4.741793738979171e-7
0.03757594714103237
4.2623580846879475e-12
1.2406427961501042e-5
0.004234151909654265
0.000479196769549374
6.969861601263381e-14
2.750587344046876e-7
5.1247498018323066e-5
0.0001408506427394883
1.3951491958525573e-7
2.5282260466924003e-5
6.402602998403139e-6
1.6390430306403132e-6
0.00028226853949737615
0.041106822357358824
2.9826829255500225
0.04892376584326718
1.9867697776165137e-8
0.0011988098584056976
0.022418000293153707
5.51051465316445e-10
1.1480900009985188e-7
6.628848033101142e-5
0.0012896766427454003
2.4794294192042086e-10
1.4944010473268697e-6
8.923000412492437e-6
3.603260508121933e-8
214.3544907606115
4.1247222731929904e-7
1.1228769897004094e-9
2.2485514213828067e-10
0.03430229882652102
0.0032465134402528263
0.00015731135814433506
3.1700798139076634e-6
4.2943383374406335e-6
0.00019271885813617034
52.4219087727123
8.659079520625848e-9
0.008216696425098435
0.0002685804673849138
5.2932357055463995e-9
4.5207992238501156e-7
1.1133375305357797e-9
0.00023974464573548054
0.7962252294857818
0.5070492054896802
3.891351126743045e-11
0.00041690521243344737
1.462209067516468e-5
1.9546388826280792
3.89034357901869e-8
129.10909422272317
0.0010207998399022963
4.388617690724796e-6
0.00447907346851632
0.0008354201931843663
1.7333664335951462e-5
0.00044417557107099854
0.005200898363350034
23.00502809170619
1.7713606757208888e-6
2.6285288884988517e-7
1.2622909680098388e-7
0.00031953575974487717
3.157878655398926e-11
13.20665533169848
1.9443734858844467e-5
0.12200849879458309
0.10198253844912847
3.759576956717425e-5
3.242033257630615e-8
0.00029873935067701283
0.0006934015231255217
0.00045402720566843386
7.152232237637979e-5
1.7305492765699666e-9
2.8033296586050157e-5
5.709307644451669e-8
1.0595598847768581
2.6784491342269994e-5
4.116809814739571e-5
4.550141180644262e-5
2.2867262538685596e-11
5.48737331480647e-12
4.346139054999312e-9
0.00026642462050574793
0.0034513843986713976
1.5926317854106489
0.00045254060919912076
0.007098742380940695
0.00024153653687901364
0.0030101002694942628
0.06581110667996787
1.9717916784849847e-7
775.6723300938944
0.0028280841393123744
5.8894270687004566e-8
0.5770378201973736
0.014701208168352697
0.0006000441291704479
2.3077091290989872e-8
0.005770259419535499
3.3431409972030583e-7
0.0002029832863801958
0.0002008260580739417
5.71107530971508e-7
3.314838178629045e-5
0.3773857865351595
1.531513589789942e-5
0.00020676576783625614
0.0005060006840083856
1.2761320240810223e-10
3.3593362111133853e-7
0.00019423891868241338
0.00010201582421702603
1.9242514786124894e-6
6.15872268436816e-6
0.9022651904045889
7.391106463699593e-6
2.274263331846063e-5
1.1958233890245884e-6
1.0337275215770662e-8
6.855962168163919e-6
0.00011193118797040634
8.398156784412767e-8
5.087957236063703e-5
3.1593007315159845e-5
1.3155828129700978e-7
6.273172482087761e-5
8.092250343709687e-7
0.0001760907418701325
1.3737142513582433e-5
2.5578738385572125e-5
3.360463316008775e-10
4.0395111509223176e-7
