8.646041387896158e-17
4.498018757255985e-18
5.718788978041296e-18
2.257627553750152e-17
3.1525317097079435e-17
7.622969127249812e-18
3.6688117451415723e-16
1.6462944216322641e-18
3.4565193662062124e-18
1.621036545833825e-17
1.6268599150189899e-12
8.333758377072774e-19
6.713137494256472e-18
2.1222263388403082e-15
5.977922138980072e-19
1.785714850044877e-18
1.0135158518969095e-17
4.295516576358026e-18
4.290769713376708e-18
3.8958379680375695e-16
3.059921102962666e-18
1.0557373837425166e-16
8.72228914869599e-19
4.220638378992397e-16
5.747099976279309e-18
1.5429117260282983e-18
1.2530221571547814e-16
2.48005003408613e-17
2.378782696753362e-17
1.893097355117814e-16
2.6085780597691907e-17
1.0530738966127876e-18
6.478422343578412e-17
5.4347899071269946e-17
6.177694665574492e-16
6.074825772510952e-18
1.7299579403918162e-17
2.124553442536949e-18
5.629486676846794e-18
1.3658758066290354e-18
2.278928539814159e-19
3.3831683952524326e-18
1.6753651898344173e-13
6.8027817069660905e-18
3.876250340984118e-17
1.843900364395941e-17
2.9054931426118976e-18
5.563853911704298e-17
5.045161657216489e-18
4.079832709232614e-18
1.654644130440989e-17
2.579082753815602e-16
1.9914592602195012e-17
2.14924317192113e-18
6.337978554170471e-17
1.0199480818124472e-18
6.657636417020339e-19
1.7321066829270543e-16
2.1997790085809554e-16
2.297563915643024e-18
4.049608744831966e-17
1.820748218178893e-17
1.6086691579603112e-18
8.626858723684162e-18
4.2792456992810664e-16
2.2483577406629912e-17
4.532781560953475e-18
2.586807750493476e-18
7.880949272298912e-17
1.2834949519391826e-17
2.5896523179572065e-18
1.156335992146266e-18
7.80600628661964e-17
9.564698593860084e-17
2.2999855251214144e-18
1.9074579379052615e-17
4.1152795666515316e-16
1.3088750528575384e-18
6.334711404673064e-17
4.9141911263904435e-17
9.251743817809774e-18
3.6066403720381305e-17
2.0486435126754987e-18
7.790299940265359e-15
1.0594200621985863e-15
6.183939095897874e-17
1.1882622265705626e-18
1.8259493524874236e-17
5.531095564592125e-17
3.3179278548935382e-18
1.5466809548924777e-17
1.4454333609683827e-17
1.706985048846253e-16
5.5679020591903754e-18
2.093622492845007e-16
1.448636465330458e-17
8.855836415234546e-18
2.484637836068253e-19
2.6587939379981542e-17
2.7039435173869722e-18
2.114989281870636e-18
1.6257587690909038e-18
1.2809333537872543e-16
2.612472957458199e-15
2.0826755606701988e-18
6.696646132555206e-18
5.996966995248029e-16
1.9939783899019308e-15
1.4061802426935378e-18
5.772099086626191e-18
5.616344350540042e-16
2.9926708438613243e-18
5.759692307927367e-17
2.6828764022678175e-15
6.8077973222781466e-18
8.209625865239424e-17
5.498263629686079e-15
4.286987303729901e-15
9.185160671772178e-18
8.079948526304129e-19
1.458305624598915e-17
8.177088808816766e-17
1.1400840550193998e-18
1.0273030159980838e-16
3.515694163274309e-19
3.4957138576914e-15
7.907350403431845e-19
3.7996059745069105e-17
2.6465469097674307e-17
5.658407748359079e-15
8.5289384569438e-17
9.728996836002755e-19
3.2607799431251958e-18
4.075701957068028e-17
8.700180999791296e-18
7.252900204504482e-18
2.7226034335130437e-18
1.4287043540682223e-17
9.332121772503596e-17
2.1036899372300105e-17
6.7624609066276574e-18
7.939548606314964e-19
4.739690928542486e-17
1.1680333241109978e-16
2.41506651079334e-16
6.442325874246386e-16
1.027967807937781e-18
2.2396689150970808e-18
1.3441766330705019e-17
1.1869457925303277e-18
2.4731981683916342e-18
2.8787293705896833e-18
6.884553203878718e-16
4.554715079293663e-13
2.04493252547915e-17
1.0322521167401891e-18
1.1770056304024009e-15
1.2508360758808516e-14
5.953263834806664e-16
1.3736510872464851e-17
1.8551659452790826e-17
4.099843038526515e-12
1.9099190512263733e-15
4.61720451496819e-19
4.265117298245104e-17
2.9142673997758376e-18
1.1728510890647749e-14
2.3460509575652316e-18
1.3925121602706625e-17
1.7534064584741382e-17
8.001893834556179e-19
1.7446777685814608e-17
1.0109835397378356e-18
7.9619591314031e-18
1.3506604077347912e-18
4.380285810734606e-17
7.518105541108118e-19
6.293225313910895e-15
1.0095457144474664e-18
5.698037058287945e-17
4.177205944534955e-17
2.812592559987603e-18
1.1480516691052482e-17
7.924214529216769e-16
1.585660332695292e-17
4.7998693710815724e-17
2.4793777005790347e-16
2.094127124137911e-17
1.3921264196219594e-17
3.2313877404405986e-19
3.163507824059766e-17
1.288953886728395e-18
4.192008444945909e-17
3.776499593969009e-18
2.270862977975949e-18
1.3824280582425153e-18
5.354090470572365e-18
7.020997752753416e-17
2.819582456536818e-16
1.7019326702968466e-18
3.831886744700277e-17
5.328852828033702e-18
4.252387541999026e-15
9.632505680352389e-16
5.580923276886085e-17
2.923042620906446e-17
1.3709643947986279e-17
2.6198575331328796e-18
1.8314969335585755e-17
2.1651764864493567e-17
7.698019057376569e-18
5.226815641594021e-16
1.4292606126090736e-17
2.0677556057413694e-18
2.5476457952460184e-16
2.2132163589404666e-18
1.6349860953420052e-17
5.244354213420549e-17
9.315392923194316e-19
2.1148249588879036e-16
6.670956355734434e-17
2.171579782833741e-18
1.162716071514847e-18
3.0400830593978196e-17
6.924845848325595e-17
1.1822071477790572e-16
4.1745877669455653e-19
1.4093881675342256e-17
2.7571429004361677e-16
7.716884497587182e-19
1.279356299225145e-17
3.2403720293542645e-18
1.1736339860611475e-15
1.8698616105873362e-19
2.0424848450762415e-16
2.9451670645917194e-13
1.3484649655753758e-18
1.0672537042765704e-17
5.234720070602247e-16
1.9511457250210457e-18
1.2864257378719909e-18
3.363014586253149e-17
1.3121343346445066e-18
5.162783776163503e-17
1.2555434132108097e-17
4.862828371817391e-18
4.893209410587479e-19
4.933877920401286e-19
9.374875366448901e-14
8.203218038982836e-18
6.414645212100504e-16
7.673376335581998e-14
2.4001094161145075e-16
8.891676550484176e-17
2.107255840598028e-18
3.7410369949500006e-18
1.9376744668913144e-16
1.543154655239138e-14
1.4114119614406337e-16
1.0988811274134548e-16
1.4542983815208248e-18
6.707301239782322e-17
3.476042041460657e-18
1.0395305569611544e-15
4.373240801309103e-18
5.098615192638186e-17
2.680499254765172e-16
2.718902785165898e-19
4.402501031248256e-18
1.5434970769149235e-17
2.7532625030760574e-17
2.19542570212778e-9
4.7126932522506334e-15
2.7537418871323564e-18
1.2980931712936877e-6
1.2329655557180914e-18
1.5162153242743952e-18
5.895464492981492e-18
8.492329213526663e-19
1.3232063388968324e-15
1.4646682075045931e-18
6.676509723187799e-19
1.2212979161752752e-17
7.955995333125647e-17
1.8541654190854234e-18
7.778344864674433e-18
1.125121324530915e-17
1.6085931610754897e-18
2.3258318449204846e-16
5.974051584129645e-18
5.134080748125554e-17
7.396543026623448e-16
3.686968617935471e-18
3.14552917386061e-18
8.096172128975166e-19
3.602604786767625e-16
2.0667882048337797e-17
2.5418118260494384e-17
1.4636136383055916e-17
3.945201181641303e-18
4.2070374935225617e-19
1.930691599436147e-18
7.396485046102286e-18
3.5691645494151527e-16
2.1975999446317627e-17
2.781353770308919e-16
1.2541748486201979e-17
8.623763588997997e-18
7.977393629878793e-14
2.65789537740479e-14
2.6746507879966173e-19
2.801027792637748e-16
3.4350388112468823e-15
6.10173334221103e-17
1.7848927184500247e-18
2.8101046015061063e-16
2.39191265853289e-18
8.63967717212874e-17
4.3451906933703703e-16
1.1595860546415767e-16
8.998201008217054e-19
1.1951191419295324e-15
3.730507369605666e-18
3.87989941530447e-18
9.447298471804294e-16
1.4695140980107533e-16
8.928588738921528e-19
4.208090422902474e-19
7.134813987678294e-18
2.41850458928237e-18
1.3351564145898983e-16
1.7505610059376348e-17
1.2527281512311855e-18
9.211438209949016e-19
6.258430912151244e-16
4.931521489655442e-18
4.85275959548411e-16
2.7711315359734504e-18
1.9806708043908835e-16
3.6252394409127356e-15
5.657012253744419e-18
3.289736706311117e-17
8.48610084779325e-19
9.041783538140836e-16
2.12190261979618e-12
3.2165892874249336e-19
2.3344955499694864e-16
8.98362860784252e-19
1.3716480401652227e-18
3.4268684737800455e-17
1.1366006403359549e-18
1.774388575089921e-18
1.0462997519044655e-17
3.170632736918083e-17
1.4030128992984092e-15
1.2081906149176192e-14
3.2634189957590755e-17
1.0462366086091383e-18
1.3415348385545922e-18
2.2874498387782114e-16
2.6423878236006526e-15
1.0205454284654885e-16
1.4163084609129583e-14
9.749422482510139e-18
1.5045858792725096e-18
1.8904146672370914e-16
4.044757731882239e-16
2.0346271183375948e-19
1.7742456796757824e-17
1.357453200525611e-15
1.3398079080268913e-17
2.0627237359591373e-18
4.788627146662491e-19
2.1335702070365837e-17
3.298078075576223e-18
2.317111069999584e-17
7.385506312658575e-17
7.354168247646864e-17
4.9279310846578515e-15
1.2598893929420987e-18
2.3124515903221705e-17
5.4506137262486484e-18
3.172104838798026e-16
2.985745794953086e-17
2.1079887186829697e-17
2.369353560516762e-17
2.9220695984798877e-18
2.3460838695697856e-19
2.8138581120066e-17
2.978981284092287e-18
4.4454332184567895e-18
2.2004525967157915e-18
2.6831172729864635e-18
5.2838495093595135e-17
2.0246923488269406e-19
5.693642404256848e-19
7.630741127720097e-18
8.150271939120695e-17
2.8264244609424195e-17
4.0273478836053355e-17
9.414386380832838e-19
1.61439508964736e-18
1.2555833206936482e-16
4.6265266428867824e-14
2.135966882588447e-18
1.1088841607804372e-16
2.050563146670434e-16
1.2065271311196992e-16
3.442072860140979e-18
2.49073792743211e-16
2.181658855542626e-13
1.0726432220352033e-17
7.84355987028913e-18
5.533935869331472e-18
3.569852550600568e-17
3.8661687807317285e-16
1.995640446737324e-18
1.5759469983040072e-17
2.8116997626836717e-17
3.5055933494509286e-16
9.410571021543986e-19
6.469332578467192e-19
1.7320166858622525e-17
3.8460380153417434e-17
8.026870199341435e-18
1.0652012678033688e-16
1.7387461395049286e-18
2.7063768197390283e-18
1.3752858281104433e-16
1.0148208905482543e-18
6.388557783275117e-16
1.4391970197757082e-15
6.865684860966334e-18
8.426087554836653e-19
9.209576729769232e-18
4.165263934489851e-19
2.2115295929164027e-18
9.742468972099957e-18
1.2184767816580697e-17
4.838423882542351e-18
4.950385474324479e-17
7.397821579242638e-19
6.571368229186617e-18
8.407149735048858e-18
3.516207752739427e-17
1.3996023339919857e-17
7.609518383584477e-17
1.805829671642565e-18
1.2390798010337233e-18
1.4502419859108632e-17
1.3650258448873386e-15
5.0012446099567086e-17
1.5798857452813596e-17
8.68102139466717e-18
1.647848666477378e-17
8.295095741662696e-17
1.712482212638494e-18
1.3247560561407246e-16
6.163105389853645e-17
1.6254050881736247e-18
4.670778370809998e-18
6.162106458102405e-19
4.2913624697832356e-17
8.781361510982789e-15
1.1729772346548388e-18
7.211362770723937e-19
1.1757167357153991e-15
2.5332545842456258e-17
4.45999035151979e-15
1.9025875274458126e-16
2.5517520939491948e-15
1.9482713475098414e-17
3.7234528881722115e-17
1.786529722878862e-15
2.4848187232074827e-15
1.987813006409503e-17
1.400692191298409e-15
6.736270544403687e-17
1.1284497688956508e-17
2.900766588505957e-18
7.907818312602537e-18
5.2944095069020663e-17
2.3614847454496553e-15
2.43029648788711e-16
6.687440607763087e-15
2.999155947738057e-15
1.637563961486664e-18
7.294986954709137e-19
2.3180651467470245e-17
3.766669094803157e-18
1.4966449339946431e-18
2.2418897469671064e-18
3.222962283809805e-14
1.3209773471105729e-18
2.1514136598929857e-17
2.7126818449852524e-15
1.8139226954610687e-18
1.2570124138087788e-17
2.8585539429072205e-18
5.670498265550445e-18
9.685660383928742e-15
1.3162156107813183e-16
1.5499710409936826e-16
7.044329787705604e-17
1.713778385708863e-13
1.2567109627767107e-16
5.749323882401507e-19
1.1297515476793677e-16
3.0512245368705045e-16
5.044853900045366e-15
2.645183246819162e-19
8.909908089690141e-18
3.425334790536224e-19
7.899971015771431e-18
3.1438111318396075e-19
5.007769173050035e-16
1.2160905855033734e-17
1.0291030166034492e-16
3.988888217042515e-16
5.300861505985648e-19
7.729263394084065e-18
3.843545380131829e-16
5.3087953972449596e-18
2.5117856617125708e-17
2.496033324181251e-16
2.6325387741002457e-18
1.0231010540200112e-17
9.918778110373391e-16
1.3015266127392622e-17
1.2948569116387098e-16
2.019391281185422e-18
1.868624131385292e-18
7.551926782643157e-19
1.2193287320785058e-16
2.5971117273953023e-18
3.3146499018708626e-16
1.6621802734840813e-16
7.616589320939367e-17
2.521905612819541e-18
2.6326668845315287e-18
8.115965466255376e-16
5.153011580181297e-17
7.992143996494107e-16
3.2289050972186795e-17
8.247878715211662e-19
1.5223881700001621e-18
3.7278902931518553e-16
7.609484385833659e-19
2.621434012121003e-18
5.291355694876951e-16
6.153825679733794e-18
6.083279091279117e-17
1.4486201549752574e-18
7.909246447734156e-17
1.4710822680865097e-17
1.4006936497767762e-18
9.317778766530825e-17
5.49261596772728e-16
2.939335352508712e-19
5.573651293296785e-13
4.779111547699211e-16
9.87925052046385e-17
7.774255468022308e-19
1.0130226565949029e-16
2.5411727165768746e-18
3.873471552530594e-16
2.088173074497857e-17
1.4707269665802204e-18
2.0706065364037212e-18
3.3179255416234596e-18
5.210847604896705e-19
7.78125198048671e-14
1.8899334159457536e-16
7.869607365265733e-19
8.876276330199317e-17
1.1059312949528384e-17
4.9351582858148595e-19
4.7313987372854606e-17
1.0531878266074812e-16
9.097360648007822e-18
1.793156321417039e-18
9.661945365493195e-15
3.6140722247518465e-18
5.419098024574198e-18
7.714247292641199e-18
3.541978351156244e-16
5.643839525435355e-18
1.6180728417427134e-18
7.44252268551251e-17
3.940965920090219e-18
2.170186732263403e-17
1.401682074607783e-15
2.2081852306526746e-13
6.986989700606948e-17
2.8275738377780436e-18
1.4247702416918304e-18
9.092070424960856e-17
4.998137126115774e-18
5.554597641430514e-17
4.566660611075784e-17
5.675980316623842e-19
2.0406930642393308e-14
1.3849691575035436e-15
1.779155533265605e-15
6.090237090385187e-15
3.0519030825170264e-15
4.052694371689696e-18
6.373901765634653e-12
8.525835081247219e-16
4.2968141149544027e-16
5.75517823350043e-17
1.8690311156348478e-13
5.4698498140344325e-19
1.6587390797005754e-16
1.3979822450093145e-17
6.843486315228852e-17
1.245533965416545e-16
2.1215253652772114e-16
1.5192071511250254e-16
1.5494956911442605e-17
7.585195409441753e-17
2.0029366881766296e-14
5.301216650452504e-18
3.935070077630458e-18
3.4354268398574003e-18
1.2885406571289626e-14
2.8318294366403144e-17
1.6909807541381356e-18
1.28184599465986e-16
8.941612365145664e-14
1.7397614234136816e-17
1.4622438031491078e-17
6.714784610345005e-17
4.2887406087801e-18
5.513045654782555e-19
6.862695621253939e-17
3.13925348958907e-18
5.953130453555915e-18
4.308897915145844e-17
5.2242500320752686e-17
1.897706035744428e-17
1.496005112702774e-17
4.049137133758806e-17
5.751454156695127e-18
1.3901329703942653e-16
3.621748414466305e-17
3.608679875221134e-18
2.1079141445663703e-17
9.070134899918203e-19
2.7041174238910996e-19
9.693580687912231e-18
4.233176170953853e-11
6.938566908526443e-16
4.9799955416792815e-17
3.2033402921415447e-14
7.52569068352767e-17
9.834218115344384e-19
4.489589810370111e-15
1.1067724653617112e-16
1.3705774156117285e-16
1.0100387799783499e-14
9.172013067026271e-18
8.914933566968314e-17
2.807407588709238e-17
1.7976818614672054e-18
4.688706525572829e-19
2.6958920411605793e-18
1.335316281853404e-16
3.837847319779344e-16
3.174151354422932e-16
2.1848826100762945e-17
4.383601448126516e-17
1.1244816096882106e-9
7.555442155942629e-19
3.155994957301523e-15
2.5138766428069794e-18
1.991324225115806e-18
9.978996709806608e-17
1.8560161804621008e-16
5.1857638532574656e-17
2.2773110027790888e-17
1.2759903598834202e-15
1.6026062354926448e-18
3.335104421236821e-18
1.5188951815493684e-17
5.932250556334041e-18
6.515955906216721e-18
1.6778102485173941e-18
2.942798845532589e-18
5.246854482183334e-19
1.8994039663819846e-18
3.3000090876288803e-18
5.53972795712566e-18
9.644409377133901e-19
2.8521748774874397e-19
6.902637431597079e-18
9.222217033836638e-18
8.707984454025213e-19
2.244309277198921e-17
2.1236607432446755e-17
1.804326764464435e-17
4.3354365743961245e-15
1.0285220105294019e-17
4.512692928965899e-15
3.0141213961285873e-16
2.111682155574714e-17
2.8296061650394203e-17
4.526966870313541e-15
1.2741540150390191e-15
1.3021631773913794e-15
4.1910408763508214e-17
2.130796914031637e-16
1.959724590169101e-16
2.2497074352399873e-18
1.9539068292703388e-16
7.8845185953224e-18
3.505708012631083e-18
2.9436890356686815e-16
4.203513403565078e-17
6.565760252059618e-18
3.647694137955739e-16
4.466706997278202e-16
3.6222607222351233e-16
1.1653628398436325e-17
4.1210947087950025e-18
2.4317925686289372e-18
1.9608605096857086e-17
3.37978159887016e-17
4.513522434611765e-14
3.2155326836008775e-18
9.860676476232548e-17
2.909009265399265e-15
9.085626861754323e-17
2.573121129873749e-18
5.242984449971463e-13
6.343304455397491e-17
5.453923788930688e-19
9.12962893239008e-17
5.898623610614098e-17
4.686955740177293e-16
9.43451442411898e-14
2.8584868310841538e-18
5.0333081484940603e-17
2.0964211945562803e-17
9.776940109055091e-12
2.69257818593701e-18
7.278841405363665e-17
5.135721916004016e-17
4.860042356339464e-18
7.107996899577841e-19
1.5007656611240803e-17
8.309609552578133e-17
1.2506544269040228e-17
3.3759705633832453e-17
5.772052908123052e-17
5.1443676240887055e-17
1.2536178600582659e-15
3.700525101599033e-18
1.575796434537055e-16
2.3702193109870393e-18
5.43295111575977e-18
9.548499375066109e-15
5.140669557778585e-15
4.1706588466839546e-15
2.143780270118063e-16
3.3415981529631807e-16
8.731608134146623e-17
7.299949311347917e-19
1.0269245928073344e-15
7.888515838228218e-18
2.0735981754631866e-18
2.4848189185429664e-18
2.233290863473942e-14
2.4373201708386678e-18
9.722518046259485e-18
6.699725668571898e-17
6.844058644139552e-17
8.233327570132292e-18
1.1780447185974614e-17
6.994340902196316e-17
4.2500245687030387e-16
2.1892079297332736e-18
1.3203625498944635e-17
1.3697954630588973e-16
1.1827773999167331e-15
1.297728210500564e-16
1.827761492317427e-17
3.3709715082581995e-14
7.575439078532377e-17
2.7559130595089666e-14
2.3235276483326407e-18
3.6990163442033916e-17
3.1754523190467036e-16
1.3555981392489169e-17
5.133890250096236e-18
1.912389297445373e-16
1.2826998721089332e-15
3.8529960613597587e-16
8.467209967157801e-18
3.0329858071475125e-16
1.660524788497649e-16
5.954356001409235e-18
2.19006444435654e-18
7.688101065201885e-18
2.9222565148120902e-18
6.352350619922225e-15
4.294264272134587e-16
5.995456396908352e-14
5.753908974278367e-18
1.0651554532055647e-17
8.951358129869889e-17
6.390050504970124e-17
1.1298947087731637e-17
6.488072611170297e-19
1.1538249730246482e-18
5.014614298193623e-17
4.780465060612203e-19
2.8372543725106844e-18
1.9225020453544563e-18
9.568976053386566e-19
6.767763621456621e-17
4.702457737337102e-16
1.345968323742969e-16
2.011657140697564e-17
1.9515789467275394e-17
6.8650090430547805e-18
3.6873081516264217e-17
5.027558695611219e-18
5.227105629530593e-16
2.2515582253444694e-18
1.0257005657986657e-17
1.6212292328952883e-18
1.0533314187141087e-18
3.8035586759494335e-18
4.662937064957473e-17
1.0447486306717036e-17
4.6731281882404915e-17
3.1306441172655176e-12
2.374029120177927e-16
1.5703062080178258e-17
1.1217208433347414e-17
4.2410219314762707e-16
8.838995542016425e-16
1.1794889916265876e-17
4.00620380801363e-18
5.812356757974239e-17
1.1297513637577879e-17
3.4257774908963457e-19
7.67254398539437e-16
3.4756101491148506e-16
5.929396688683941e-17
7.172384823996014e-16
8.993085227071732e-19
4.639452923801971e-18
3.0500041265616742e-18
3.747964818559398e-15
3.5189403522701995e-17
5.668268974597214e-19
8.533417612304427e-18
1.3872314582423963e-18
2.644134768619237e-17
5.177204506977004e-16
2.8254060348338147e-16
5.943084690064002e-18
9.6692352607179e-15
4.0327623520374815e-17
1.8931834549272066e-13
4.94421535925116e-19
2.3415387975833375e-16
5.436047657082509e-18
1.0791816032876571e-15
3.810280343043144e-17
3.772607002994229e-16
1.4499304960294775e-16
5.388163020936439e-18
4.885251531788342e-19
2.1623879834961926e-14
8.242540839045288e-17
1.333308217194749e-16
1.2151445798275365e-16
1.8666912300888383e-18
3.6457226783523163e-16
9.877537400199203e-19
7.396018612874978e-16
8.748098594077058e-17
3.8382511844353864e-16
5.0132160938229443e-17
1.0251967800445386e-17
1.3715674193306604e-17
6.191570385178609e-15
5.336053075854992e-17
1.1970302673793431e-17
6.470712824786265e-14
1.0161220359740053e-17
1.3781771633759833e-18
1.6816506989013438e-16
4.3139321069852965e-19
7.440010424467613e-16
1.2362377885733334e-17
4.326055070278007e-17
6.411642832475505e-18
8.18597635924657e-19
1.0356200360868236e-16
6.273398183258107e-17
7.91573574133482e-18
9.26342079631866e-18
1.214671141207393e-15
2.0706456640352373e-14
1.91627917803602e-16
4.443624481266909e-17
1.2264845958055466e-17
9.263061228932284e-19
2.6750757397639393e-16
1.7511302029488602e-18
8.277279230797945e-18
1.2056488608430852e-17
4.902740462679285e-17
1.19647278910118e-16
3.1931815796263185e-18
3.6153195120621455e-18
8.474664056037612e-19
1.0645613682854757e-18
1.4231660071723776e-18
7.428668625453171e-18
3.123734555458132e-19
3.0815638865944318e-18
1.0682044888584945e-17
7.233678927771266e-17
9.867428301314978e-17
1.5661709028357767e-16
6.641891938986668e-17
6.9558212060261456e-15
7.011174394563788e-18
1.5554581216080296e-18
2.8811127968560074e-18
5.514433113942243e-17
3.809540370672335e-17
4.699454285458707e-17
1.0116243845623948e-16
2.2722752059294427e-17
6.393023014148932e-18
4.45176579940113e-16
1.2075622325285794e-16
5.125356996861461e-16
1.1735057727686447e-18
8.58799006950749e-16
3.335957658997786e-18
1.2180556275585854e-18
1.3856803238281814e-18
2.3317196749687485e-18
5.850393944593773e-17
5.003428625331412e-16
2.254993300336464e-15
3.031631887230114e-15
2.6486334920256336e-18
5.895254785583928e-19
2.1953193742533006e-17
9.179896185522714e-17
7.019717769749809e-16
9.221911692165858e-19
2.4771708225853184e-16
1.0521253019540242e-18
2.2882581400928914e-14
1.6128708629865423e-15
2.5842824790575618e-17
4.6187003484955805e-18
1.079696459320203e-18
4.142260694355566e-18
9.490197540639414e-16
8.412636244150335e-18
6.40305541066649e-17
6.017546221948856e-17
3.3416297498139703e-18
1.500524172117414e-17
4.7496801751683035e-18
3.853296106823968e-15
9.204956813093985e-16
1.7987565087116694e-15
3.2047023834026496e-18
1.8949777084005596e-18
9.260350795461459e-15
6.262988509352396e-18
1.1959507820189945e-16
2.587197248038219e-17
2.30663379218594e-16
3.66265641058838e-17
4.610655045178111e-17
8.369561046798504e-18
5.342824489316618e-16
5.172754849748069e-16
1.476194106961945e-18
2.0203594362280744e-16
4.736848321902907e-17
1.9973451935246769e-16
1.351974018070461e-6
6.02638757531655e-17
5.087790390477956e-19
7.855718581360558e-19
3.854916688771329e-17
3.026951558736512e-14
