3.2583152417064945e-32
8.465259228180086e-32
1.9398744740527372e-32
9.049399416645654e-32
4.093832264712623e-31
1.317171365446668e-32
1.9820914870000996e-32
9.236505689652009e-32
4.008876618714123e-32
4.2462750685872095e-31
3.7201183500992956e-31
3.9284139575251075e-29
1.4329087800791845e-31
3.900167275504656e-32
1.1188818973042399e-31
4.972019262653879e-31
2.5341489082230404e-32
6.160750624357925e-31
1.2807493100212955e-32
3.252488718306116e-32
1.2354620551054824e-32
2.7028895234411406e-31
3.375205838608523e-29
1.4133403503102736e-32
8.683985092455378e-32
1.798522530395278e-30
2.536346261051797e-32
7.896618253957032e-33
1.438552115323628e-29
2.603721210542835e-32
3.1842076280318214e-32
1.0774376922521646e-31
4.9226837957726e-32
3.9594122022534365e-32
1.9514463569709054e-28
4.781217885222143e-32
1.7624725606121499e-31
7.010097264786469e-31
1.3940281729669213e-30
3.943096764114207e-30
3.035095325640828e-32
3.5325957363178537e-31
1.0075679676456268e-31
5.580390033352122e-32
6.110165900079575e-32
1.1306679420989771e-32
6.515422678552393e-30
4.851246986304979e-33
1.4991379398106e-32
2.0207601760154178e-31
3.219145845724717e-30
4.0472396012522256e-32
5.778911931541162e-33
1.67327473161431e-32
2.8361832267915582e-31
1.0155490254568973e-13
9.501848504335077e-32
5.442352791281998e-31
2.215481905004913e-31
3.8842847386293524e-32
2.1331413899284603e-32
1.3396136141753202e-30
2.775916140412434e-31
8.622275087053659e-32
5.346715714266875e-33
5.267440576222991e-32
2.2354137966454932e-30
4.000835435609574e-31
7.728061408278926e-32
1.4774367110505984e-32
5.322592131724295e-31
1.0233754096662096e-31
1.3963069120466102e-30
4.0238436321364925e-32
8.087087076154698e-31
4.773751669600297e-32
2.608692835432485e-28
3.285884049134759e-30
5.070068942133964e-33
5.751002993471046e-33
8.373229490104133e-31
1.6416567630987362e-32
3.955647894384962e-31
2.04822626549624e-30
1.3870931231456436e-31
3.779138191998098e-30
1.822520835385457e-31
2.174871515514556e-30
2.5335308761502277e-30
2.096720636372699e-29
1.3863357612521594e-31
5.231998231007694e-33
6.683854025428356e-33
2.4835601799487245e-32
9.359808807171147e-32
2.9261236016586447e-32
1.2253272113759534e-31
2.805353783847113e-28
9.220602405918733e-30
5.253212317886908e-32
7.266142214342145e-32
2.9871860308153508e-31
2.8035484286793086e-32
5.163000858623332e-32
5.445573071417737e-31
2.759901247511528e-31
1.3436750912185996e-32
3.368865249299293e-33
1.165889166093465e-31
1.208957505982642e-32
2.4780400602365055e-15
3.3844554697014976e-32
4.167660864764527e-31
9.095718134596587e-33
5.018779850700451e-31
1.940876844643608e-32
4.003879537812722e-32
2.308174273876616e-32
1.8306159686909377e-32
2.4250895371867085e-31
2.906812154473715e-28
5.422065389981749e-33
1.2695208299471814e-32
5.178312088839047e-32
3.166375595519517e-31
7.917761193525858e-30
3.136867009117168e-29
1.618414575178924e-31
6.273894897753924e-32
6.559931098193914e-33
8.40437842388283e-33
1.1788953381120261e-30
2.2805491028518165e-31
4.106397247150892e-30
2.700485017618941e-31
7.930462589598908e-31
1.0133454414950603e-30
1.2511926449753574e-32
2.422802677626715e-22
8.940984630476471e-31
9.059602642558442e-33
4.770809294776845e-31
7.735936906842999e-29
1.0489420696815102e-31
2.70406570284565e-30
1.986237874331683e-29
1.0263536006992594e-32
4.0449432224270104e-32
9.309967543904896e-31
1.849967021883732e-29
5.048870040682902e-31
1.8938731917014627e-31
4.318874843019665e-33
1.9393122557048102e-32
1.4036603011911408e-31
1.067297854578908e-31
1.4787261499103542e-32
5.976296748429472e-33
1.1042134690481336e-32
4.0052590883380804e-33
2.421195501328431e-31
2.760047919713091e-31
2.2066579796054143e-32
6.238240886855191e-21
4.354184252718518e-33
5.366292527322868e-33
2.3134008063644175e-29
3.4610561354704967e-31
1.0092197977857844e-32
3.4432968499937913e-32
1.3010207698161471e-14
9.029985565366293e-33
1.0838774837368188e-31
2.864072837306967e-27
1.0917928177572194e-30
7.348964216996677e-16
4.95428668928904e-31
8.017762094023615e-33
1.001753069866567e-30
1.1274699217320542e-32
1.9512979566195108e-31
4.201192467567369e-32
3.771386429413762e-30
5.598279537116595e-32
5.028586431643028e-15
1.2063003759728696e-31
1.040550092330972e-32
5.749615872450299e-33
1.16626126679526e-30
1.6350922600633403e-32
4.362980742514679e-31
1.715986193564265e-31
6.410419377686456e-30
1.5384239500837894e-31
2.1081862852522017e-32
7.89994410774474e-33
6.670224152027938e-32
0.00011010044014596307
9.773500617693412e-33
1.0036158816615196e-31
3.4776840379919094e-32
1.4231854854850595e-31
1.029258017825173e-30
1.0366951366579485e-30
9.641849774399679e-33
1.1263148330925667e-32
2.598093111161023e-31
5.164190884652495e-31
1.334957671548298e-32
1.868560181677978e-30
8.431830607848863e-33
8.673456163379133e-33
4.714111743604569e-30
3.175692569679699e-32
8.921644635411598e-32
1.0897693615019305e-32
1.9355795683146007e-32
2.651329505792415e-32
4.234054959012552e-33
7.767719212427536e-33
2.0869051059063707e-31
5.912792922136177e-32
4.840651138503976e-30
1.2016209597810107e-29
2.4473165568479706e-32
8.232567079338239e-30
1.2390327071578977e-31
8.895498922952612e-33
1.1378529127630124e-31
4.093671535139243e-32
1.412898383391991e-32
1.547521377100216e-31
6.186695655387168e-31
7.159134181744672e-33
1.6657388610900254e-32
4.6468363990737414e-33
6.884445834168867e-31
2.6618095230325303e-32
4.068529296073074e-32
1.1852873698847305e-32
8.475297201933249e-33
6.357090571939918e-32
5.149353279458459e-32
2.3338950960424884e-31
1.6640162543841166e-31
4.271651563659175e-32
4.1264188876106494e-13
1.540134818358614e-32
5.689293929879007e-32
2.560052351123296e-32
7.108375471401548e-33
1.6038790174341618e-31
3.217817489263294e-33
1.9414100470174473e-29
9.529087777689117e-32
3.749109180621926e-33
7.610437635248152e-32
1.0973873254083774e-32
2.5560784679108916e-31
1.2649355281935446e-32
8.229475085358091e-30
6.292511344467473e-32
9.297633858565326e-33
3.354374498324104e-31
9.793878494500953e-31
3.177727973417597e-32
1.6121816626247881e-32
3.5582989003654814e-31
1.8791463171720654e-31
1.6002114999410143e-32
9.83543559144753e-31
1.2589971642498482e-32
9.799213346180357e-33
3.7571393723939753e-31
2.691130385368034e-32
7.699733597243902e-32
5.811655104360072e-33
3.848524879062959e-33
9.085062961528697e-33
5.084845536006955e-33
9.511349709309177e-32
1.691306187999817e-31
3.943445271932867e-32
1.1999704073684044e-31
5.927818287628937e-31
9.029665475944701e-33
1.3117854333369529e-31
2.8075375981075124e-30
1.594629469155459e-31
3.8807770141399988e-31
1.0471103029283574e-30
4.5318914629596545e-32
3.0951806850436785e-31
6.383876778769855e-29
2.964541170889419e-30
1.0395570962861928e-30
4.0765410072119356e-29
8.514081949249708e-33
2.3064381523545925e-31
3.9604211036270304e-29
9.367662522382432e-33
5.207253105805517e-31
5.179962855144789e-32
7.416976882671134e-32
3.0799926463478662e-30
8.121394536417284e-32
6.514576091711594e-30
1.274818089523968e-31
1.2405895100091237e-32
4.0630194129759286e-29
2.9528356240714985e-31
1.5469190593669025e-31
3.8057931723140975e-31
7.274129606114181e-32
1.390164378440746e-29
2.0292110464921176e-29
1.5487223014597197e-30
4.65239855469507e-27
1.1684421074676223e-31
2.501655103295964e-32
1.9352592586428958e-30
1.0058405991951838e-31
3.50189205804808e-31
4.749533108954175e-33
2.8618195656950024e-31
3.208989855680514e-32
3.2176266978221997e-32
2.559044963372658e-32
1.2975460716291805e-31
5.258268593255067e-32
3.620463088334625e-29
3.726194369338717e-31
2.6357185454824773e-31
3.1526443294072793e-31
5.906803521149661e-31
4.633090485179442e-33
3.232153372567252e-33
1.471532681867415e-32
1.2891074672111536e-29
2.1706364807354534e-31
3.5535651814437546e-32
7.403714832633065e-33
1.7129514008962475e-30
9.8843115023739e-32
9.20848882424733e-33
7.488717622406676e-33
3.220059480152936e-31
6.442987406235938e-33
1.403711767377742e-29
5.437193306630071e-32
1.1942469696379901e-28
1.9214857508839987e-32
6.638730114798704e-32
3.255826550268089e-31
9.190814165449255e-30
7.101645984532016e-16
9.345794663481033e-33
1.4349631349695372e-29
6.063591257013489e-32
9.215140520773953e-33
3.874816670751277e-30
3.43301122085309e-30
9.817288237122465e-30
8.003756203834254e-32
5.193102156391518e-33
8.077108682221474e-31
7.336167076820654e-31
6.149652543823652e-28
1.6550383325464157e-32
5.528710157568174e-32
1.6706074036011262e-28
4.769983154029722e-31
4.209419497319321e-33
3.136707608727925e-31
5.3301003291732825e-33
6.18949881640906e-31
8.490808925724644e-31
5.239126215684377e-30
8.018049706699091e-33
1.9358137326764233e-30
8.333335039378528e-30
9.074169425459054e-32
1.6248511172573228e-28
1.416491449731288e-30
2.60491992718459e-32
1.8974046539284217e-32
4.187162126513916e-31
4.2136292298510236e-32
1.8463507204068664e-31
1.1701379453970936e-30
3.1997189892920435e-31
3.874060226510768e-32
6.589736220852413e-32
1.0055797256265673e-31
1.263834828811867e-32
7.089562878051337e-32
8.34661700311538e-33
2.812679500395345e-31
2.1687005412195303e-30
5.500871973493588e-32
9.029631011831717e-33
2.738376096417668e-31
2.2804257186590604e-31
2.2376320188219896e-32
1.2907807814064026e-31
1.1586017072802376e-32
3.590313773636205e-32
1.0760185015805668e-32
4.842461756637221e-31
2.117192683127065e-32
1.3435714085063588e-32
8.046934634171077e-32
5.7124246358737e-32
9.328256557338093e-33
7.698942621792061e-32
1.6491355428769504e-32
3.6933929371047835e-32
6.352731198795404e-32
7.300563898586555e-31
7.590477653496814e-31
1.3970941777810064e-32
2.152921513710042e-31
6.935206084705613e-31
2.1974840746658057e-31
8.479926913342154e-29
4.1270275911647884e-32
3.9106157706173735e-31
5.5640279914951165e-31
4.877224037290559e-32
6.742983416776213e-32
3.636446859616942e-33
4.09229828182684e-31
2.1902056356163084e-32
9.525523550798656e-33
1.7889680372873921e-31
4.5196436543436895e-31
1.8463059991837833e-32
1.8496454146372436e-32
7.3087226674754985e-31
6.523047114095024e-33
6.507474129327414e-32
2.960341173192479e-32
4.489114024571219e-32
9.82984810547771e-33
1.0299772405083267e-32
6.441396512576204e-32
1.3393709049491086e-28
1.1502692816196686e-31
2.7252537732294265e-32
5.328350914816723e-32
1.1614229711228892e-32
5.147840874138932e-31
5.732529622167667e-33
4.1584849068576464e-32
8.608798300679516e-33
4.93148328610252e-29
2.6055298586417305e-31
1.5110045304501029e-29
1.8535121234909485e-32
6.094795604380314e-31
1.9641169126110046e-32
2.6929551569748697e-31
3.2805147993849843e-28
1.8416864457900237e-32
7.051878126002908e-30
3.047843779938732e-27
4.095803552910507e-31
7.682438100034974e-33
2.6793022156896406e-29
1.5641144162620582e-31
1.1693550715332012e-32
5.600540701776475e-33
5.019217293016747e-29
2.0489996673956027e-31
7.357185121036978e-32
6.362880203160207e-31
1.3976581589831008e-31
3.808566815385204e-31
8.216354035028341e-32
4.216120287680027e-31
4.218591452713292e-31
4.596914019491031e-31
5.009467618280126e-30
3.6907909333478967e-32
1.062217221681679e-31
1.2972706055452093e-31
1.324067486396802e-30
3.061339339212883e-29
6.06038855050242e-32
8.519218502380415e-32
1.1107356616130031e-32
1.6956889800519116e-32
1.032055166503859e-29
6.517348779241122e-29
7.094353574690572e-32
1.3031942459346607e-32
1.2702407264414788e-30
3.089446410655623e-31
1.751468211914646e-32
3.755167359794194e-31
4.781445029911778e-30
1.7689847048722512e-32
1.4170025801151293e-31
1.5802439083461645e-31
4.350474066418278e-32
2.2590029055097183e-31
1.464454834174284e-32
5.033641804477217e-33
2.2841952938140815e-30
3.5599650316581345e-32
4.03094800332147e-31
3.2503506830046636e-32
2.0095666995620946e-29
1.9770727024400932e-32
2.4686849256037293e-31
1.56880490541511e-32
3.878893620826802e-28
2.816938104866175e-32
7.5376056997204276e-31
3.244212480919551e-31
3.8599813449763525e-32
1.1835877646459681e-32
5.981425009072149e-31
3.2462321572246123e-32
1.0257245929192758e-32
1.9237582927975495e-32
3.0133961896870364e-31
1.7741488690385012e-31
3.5156815770147466e-31
5.504708053604332e-31
5.140248409074495e-33
5.828015461264438e-31
3.335156997126408e-32
4.85341444607142e-32
1.4209679810340969e-31
6.97509715048058e-33
2.5294546315192995e-32
1.3451113235099313e-32
3.3228784546023266e-31
2.4760108101574532e-30
7.345459339412622e-29
9.184066371755466e-33
7.775237719302468e-33
3.487663814167815e-29
8.343696901052147e-33
2.0939854633021437e-31
1.651152167498103e-31
8.082932804912412e-33
2.3659253440134833e-29
9.3021636853012e-32
1.3440414273201614e-30
9.798856536140297e-31
3.107666317412152e-32
4.2933688152832325e-32
2.1455831570297572e-32
3.3715796526222133e-32
1.4838143819252564e-32
9.348622933712183e-31
1.3046165327623644e-26
2.9381274262078245e-32
2.405796717077041e-30
3.999179071178343e-32
3.0907424960895307e-31
2.232282657997872e-32
7.531579943515148e-30
5.42156591219701e-28
6.180059707534063e-32
3.0432949965143654e-33
1.5878504034670298e-23
3.3664102917122835e-32
1.0133702876654587e-32
1.0049731564806865e-32
4.971734537872367e-31
1.2357408666126707e-32
1.0657205142386912e-32
8.501791314702948e-30
1.2401557366031675e-29
8.443482290726068e-30
4.2054200759941547e-32
1.8559565199278635e-30
3.960022624531109e-32
3.149942696339576e-31
4.5479487163399337e-32
2.1298022788039197e-32
1.2028362547189408e-32
1.982494429913977e-32
2.6308067098121583e-31
4.93497161569659e-32
3.7215965274353503e-31
1.0791363196373978e-31
4.125335865066108e-31
2.6758968952527097e-30
2.6516505980054964e-32
2.0021852594277587e-32
1.519081660742583e-30
3.871608716887981e-14
3.251583398678892e-29
1.6800917789629524e-31
9.150246151476062e-33
3.5068377660222635e-32
2.1520892495395493e-31
7.870531829973518e-30
3.9003185764314693e-32
1.89984757393831e-32
1.5982731849062737e-32
1.1237906726174903e-32
1.1567780342688738e-31
3.0383201648717993e-32
1.4652078613661034e-32
2.2421476635568219e-32
1.6772028783484003e-31
5.5227943798802076e-33
4.082604835449458e-30
3.2676443025568432e-31
7.216986403653025e-32
1.023939622000568e-30
9.286861052323547e-23
2.3158937644195593e-15
1.4460097672337267e-30
2.9938533653462495e-32
2.411911402368865e-30
2.352093618212616e-28
8.713763860712669e-33
4.7774513123724953e-32
2.644404892880398e-32
4.083399345444141e-31
4.238616707661926e-29
3.7284461321649297e-32
3.9366687996195414e-32
2.5292690943855647e-32
4.9046807805147065e-32
5.569231827679324e-32
3.9347359623369686e-32
7.565051631237944e-28
1.1767624722956844e-31
9.366446484803188e-33
4.762233109265145e-32
6.3652267874306065e-31
9.566602469161642e-30
1.243074366354036e-30
2.933812247866302e-29
3.512544419208424e-31
1.035571647751904e-31
1.6082900548910045e-32
1.7526583152325975e-27
1.0911838721843587e-31
9.691987598344522e-32
1.146105716382568e-31
1.8728621966490836e-32
9.079197299020218e-32
6.350345356726973e-30
2.3832861372868249e-32
6.730895952887017e-33
8.579344596658191e-32
1.2941127833951878e-31
6.084775850209619e-32
3.3420810147407957e-32
1.57645321205805e-15
1.2842970828574697e-15
5.2781836708027735e-33
5.768261460519107e-31
2.3173219629117632e-31
2.996785558101102e-31
4.150885941147899e-32
8.281491849809066e-33
1.0272303979165187e-32
2.2173391738102887e-32
2.220301584862233e-31
3.405669323966588e-32
1.027963109755358e-31
1.9282611850449785e-30
3.217598251178802e-32
7.579274740638573e-32
1.1880900671027315e-32
7.985141408151495e-33
6.863082647616387e-31
5.098565639866181e-31
5.907006704240683e-14
8.002722567445979e-32
1.740890360954429e-32
1.5864945408048535e-32
5.154783003503343e-32
1.8911537696645946e-31
4.6926647193681655e-33
8.98723211405998e-31
6.814385482716174e-30
5.886041527315977e-30
1.575658741622227e-30
3.712234331045158e-33
7.358157271406146e-32
1.918894193402204e-31
2.547318041057235e-32
1.1001713220246896e-31
4.770385504054114e-31
1.1774382180666314e-31
5.727684652856622e-31
2.0095179594625675e-31
9.252221058392589e-32
9.272224478724582e-33
3.182549462256983e-32
1.1689989689701568e-32
4.452279335185597e-30
4.6940892254190455e-32
9.008859573554396e-32
4.811291946974234e-31
8.876546772784364e-32
2.587802566809108e-29
1.9003608345198345e-32
1.0261381010545916e-31
3.1304713985211173e-32
3.0238013044513745e-29
5.107545797843555e-7
6.258109495452094e-32
1.5503376513274101e-32
5.801754239612466e-32
1.9542424180815767e-32
8.991786512547418e-32
9.585747276347083e-32
1.3864753368586266e-32
1.1722932644100819e-32
1.2629472788049172e-31
6.271354944835428e-32
1.211253453267946e-31
5.7029471119156e-29
1.3945716021209038e-16
1.3731503459428767e-32
3.3868561210644645e-32
1.647707557136943e-32
6.89947042633073e-29
6.229319942590296e-32
1.0191549148669043e-31
3.7489103410406673e-31
1.7795495626488884e-30
1.0845520860118938e-32
2.1296020772135781e-32
4.787954844904328e-31
1.9558798889593208e-29
6.242441570039694e-30
3.592789771570264e-30
5.446375444996976e-32
1.2690866540505965e-31
5.000693860279532e-29
7.803803789848215e-33
2.0849744581903012e-31
1.9399513286321294e-32
1.0095473802596702e-31
4.1114819740715255e-31
2.6392147674106575e-31
1.220087035275497e-31
1.587563556903956e-31
9.12245167438116e-32
2.2046142328855507e-30
2.8255062946851975e-32
1.0949329495122291e-31
9.034738010029347e-29
6.959640173675115e-33
1.2430844315576935e-31
3.68542395598928e-30
4.605666263148294e-31
4.161053063548737e-29
2.7679191902599e-30
2.336725663855594e-32
4.6353687986149146e-30
2.250218231032821e-32
1.1667472482266826e-32
9.127277838655972e-33
5.827361544830445e-32
1.6297859889209032e-32
9.52385682807512e-31
3.2611042747190934e-32
9.674035811488222e-32
2.1638994792719588e-32
4.350288176077274e-32
3.109008349136198e-32
4.447500826736563e-32
1.8101887795244198e-31
1.6581786047610703e-32
6.592014437517491e-32
3.2953796578840604e-31
1.788852514674279e-32
6.150596216379441e-31
1.443598432729179e-30
2.3456123622185983e-31
4.601273326029921e-32
8.600075302545478e-33
2.3061303145987088e-32
5.428005543369281e-33
4.2109500023627835e-32
3.287264033143243e-31
7.776436682901911e-32
2.953321381271781e-31
1.629780720967066e-31
5.654996058337544e-31
5.969837696535989e-32
8.91904891162218e-32
8.102519180130739e-33
1.6498270928418658e-32
3.2712181772938133e-32
1.1089319502737916e-30
1.1437338335842052e-32
8.575965029184216e-32
1.3132386201785376e-32
1.3443685900564667e-31
1.847368747895019e-32
2.5523558963750437e-31
5.4420152244955784e-33
1.0698969266112553e-30
1.0565488832774667e-31
1.7357175915717796e-31
2.113760712300693e-32
3.935263762161819e-30
1.2816722744104052e-31
6.230635520514746e-33
3.0606582845729472e-33
6.118617424358859e-30
3.979889110155662e-31
2.848180696591749e-32
9.960595009867392e-33
2.5567045178798355e-31
8.366719677573132e-33
8.26699369124827e-32
2.3961236073579543e-29
8.041711944435685e-33
1.5049296456716552e-32
8.281417666278371e-33
1.8524752471126223e-30
2.1009379477051552e-32
3.6124327280512846e-32
5.780979302314586e-32
1.905482190198465e-30
1.659401945210337e-29
5.995787621325806e-31
1.9011916662162125e-32
2.463016845581282e-31
1.577571394544044e-31
7.115151668481296e-32
3.6669723714596858e-28
1.423771211143078e-29
9.659570915660996e-32
1.3060235024052102e-32
6.427684667569352e-29
5.042301096924347e-32
2.761320201502782e-31
9.872579679077803e-31
6.357357618138494e-33
1.649969254876857e-31
3.5058452496163766e-15
1.137240793568157e-30
3.7195468131286715e-31
7.195761021670347e-30
4.268318144050559e-31
3.729226720738647e-32
6.1027460324511635e-33
8.552916260846091e-33
1.6748701153296033e-31
3.4909934265044817e-31
1.8277699510545684e-30
8.575711456999285e-32
3.33931964533444e-32
3.3319581375979324e-31
1.6881303614295746e-31
1.5690286905006576e-32
8.559546868979788e-31
5.372550246849025e-32
2.170638999470143e-32
1.5742611828090795e-31
3.4730972497026765e-31
1.9438279526098315e-31
5.794703294829056e-29
7.828235135268794e-32
1.4413689069048097e-32
1.8666237170795853e-30
8.328763721148254e-32
2.605261250768727e-32
2.599284918266966e-31
2.9302715267809664e-32
4.526346992560981e-29
1.8541570547661846e-31
4.4020858295096644e-30
3.417931202337553e-30
1.7087752787627787e-31
2.9390461482456894e-31
3.874464059312001e-33
5.14765232872037e-31
9.095325372871921e-32
9.540936535072556e-32
7.068870084155844e-32
5.166453092483979e-31
9.916441175473224e-30
1.1496703567030997e-32
3.577075076272506e-31
1.1040184885129612e-32
1.2375407102609585e-31
7.274345511792355e-33
1.9539376655383066e-32
3.3716907535383136e-32
7.091585965580229e-32
1.2093233096878764e-31
1.6965252016688212e-32
1.480709367567705e-31
2.7472883694151867e-29
1.1778905353418265e-16
4.008552702473497e-32
2.6392235495215074e-27
1.3461075757026219e-31
1.8171817693190968e-28
9.039058076805902e-33
2.1692792481866707e-30
1.555541271614351e-31
4.169775205010008e-33
3.3090685229748582e-31
1.373670252958267e-31
6.949504024329225e-33
8.616469022298359e-33
1.3378951437101884e-31
6.731529434868779e-33
1.2791327015443848e-32
2.460721729200207e-31
1.518641018461254e-31
1.562827221832997e-32
2.595794384198309e-32
1.1758783267459772e-32
3.997830251375805e-31
5.203161105800282e-33
6.148401746632718e-32
2.7707611903568526e-32
1.72291862765022e-32
1.0709062676992364e-32
2.6218292486755433e-32
4.3198622241949835e-31
9.456404402673611e-32
3.2426517596146435e-29
9.059372329012306e-33
1.365846560851676e-31
1.7155204023848334e-28
1.4197973279196206e-31
3.004464303278649e-31
1.1149191994817458e-30
1.8010008609152864e-32
5.0518302735606875e-33
1.673061740150361e-31
2.8829519345601064e-32
2.2144840547971207e-32
2.0845279591029095e-32
7.257718571653024e-31
9.935296153194583e-31
2.995467703152892e-32
1.131489783773977e-31
4.909454074269335e-32
8.836216136282283e-33
1.1664909465871556e-32
1.0906737003675182e-32
6.001706803988354e-32
6.216151737601749e-30
5.787878494643381e-31
1.4823571149064083e-31
8.00569161232842e-33
7.4470664448048525e-31
4.7410704505530064e-29
5.286140093801775e-30
7.697616971718636e-29
2.557848662946683e-32
1.5974134837085137e-32
7.500020043736163e-31
5.9905521877151625e-30
2.7679744215616296e-28
7.699558824364521e-31
1.5040610455703818e-14
6.428892159442756e-33
1.0506094890447928e-32
1.6208102876133468e-32
2.0477465462469254e-31
9.10608218133526e-32
4.27166259594532e-30
8.194137640389439e-31
7.601785734443253e-32
2.02560075331206e-32
4.947387336662078e-32
2.5713528414627158e-30
3.109698086624435e-31
4.7111194401360766e-29
1.828266755823172e-32
9.124417840595101e-32
4.1475979253009166e-32
2.538653230960262e-30
8.022503034061811e-31
7.91679276580207e-32
1.7844523494965144e-32
4.837483283893868e-26
2.4087547631409773e-32
5.1805644538556105e-31
1.7976935088650923e-29
2.5627246729714863e-31
2.2178155598392127e-30
1.62185880922154e-32
1.6299479643552383e-15
4.8116235056661634e-32
1.2970224222676203e-31
1.3817865140326601e-31
6.878518943850797e-31
