1.290475825689802e-5
1.815423293549811e-5
1.49292671790966e-5
1.4510853783132011e-5
1.3684888808744931e-5
1.0491554635553805e-5
3.207890824811012e-5
1.3763057012072863e-5
2.218495323060127e-5
1.243952280470325e-5
2.2345663206751084e-5
5.691607079992258e-6
9.533368169759845e-6
5.07762771108741e-6
2.6722383930085477e-5
1.6256488609969083e-5
1.061148186450447e-5
4.6194325253974624e-5
1.4368591544322671e-5
1.1159914782640532e-5
2.3651875845409396e-5
2.3187196940525245e-5
6.359170176279868e-5
1.3467442163653974e-5
2.2293387338465523e-5
1.4855874178603677e-5
9.09786169967956e-6
1.8661297245270786e-5
1.7218394757826905e-5
1.8833638947883122e-5
1.2555245105211856e-5
4.0525870971788936e-5
1.0748123201355918e-5
1.6084319953484074e-5
1.3729901360134299e-5
1.2959961103518991e-5
1.7117557311874945e-5
1.9566588876550965e-5
1.1461191274053595e-5
1.3096105982699879e-5
1.6083130225289226e-5
2.6857051048466426e-5
0.0001521873882478335
1.882445299207308e-5
2.0929291003537194e-5
2.2242150977476474e-5
2.2463188752329855e-5
2.2862528545046948e-5
1.3335601088512591e-5
2.3091514338005447e-5
1.6548914995848293e-5
5.405261478143293e-5
1.4994769869836442e-5
3.4031290079880675e-5
2.0283171952329924e-5
1.4245332259326775e-5
4.6250972225913036e-5
2.9867577216076762e-5
2.181152285634079e-5
1.2096360632622402e-5
2.974446018092025e-5
9.41979586588064e-6
4.6368369746944624e-5
3.3832418193398195e-5
1.4261949247710947e-5
2.3069609688911433e-5
1.1901334794253988e-5
3.019014962975838e-5
1.5214562525282755e-5
1.5181494668986168e-5
2.2655655952853435e-5
6.303644456965549e-5
2.4388938348021562e-5
7.466016964059201e-5
2.1414286795960697e-5
0.0001550118902714584
1.2633719198938418e-5
2.193434026616523e-5
3.2837639452238045e-5
1.3672837284056636e-5
2.918826051969453e-5
4.781081238060943e-5
4.318960443277316e-5
2.1389768933934908e-5
1.4080485957212929e-5
3.645505926647937e-5
7.71173017355703e-6
1.3070174169968551e-5
1.532993827772732e-5
2.145979980399208e-5
4.710261495397603e-5
2.4597050412795695e-5
2.098719087337006e-5
7.259625045044398e-6
3.829370509593932e-5
1.6288767810351327e-5
1.1629683114795531e-5
1.0250608670295208e-5
1.9241152552178054e-5
2.0373785663136575e-5
5.6295875273947066e-5
1.298286477250569e-5
3.364653267892872e-5
1.8520727737842354e-5
6.531280064904588e-5
6.17783448627609e-5
1.419359116064335e-5
1.5231535454210734e-5
1.9256349625817226e-5
1.1593245689566386e-5
1.8800846567885146e-5
2.7473518750308445e-5
1.7968962148530903e-5
2.2182050215584456e-5
1.828486105291287e-5
1.2094535927617825e-5
3.3797706767885436e-5
2.9740969264344814e-5
1.2390010711662338e-5
9.368642951386365e-6
4.506641013308752e-6
2.501990735348306e-5
3.33085458085106e-5
2.2156480931325562e-5
2.710975106456815e-5
1.852230456744482e-5
1.332778310966744e-5
2.352969633149554e-5
1.024152030619035e-5
1.776327290071276e-5
1.4729299908040972e-5
2.513673963637971e-5
1.849415667592414e-5
6.2648873410049014e-6
1.3351516636830103e-5
1.642532010195624e-5
1.6187471524705067e-5
2.6087726328427215e-5
2.449992991630337e-5
1.4785412329472559e-5
5.031011070810048e-5
4.421392527791472e-5
1.5521771662388928e-5
1.7468402121265874e-5
1.8580867192062285e-5
1.4447996279731779e-5
1.012181102144527e-5
2.1615837752708448e-5
1.409359282030084e-5
2.7706555025980168e-5
2.2753578329004173e-5
4.192576717918487e-5
1.3668880923907863e-5
2.082178087051964e-5
1.6245236979841083e-5
1.7427809464842392e-5
2.2419118001367327e-5
1.5714772487368515e-5
1.7501263466732793e-5
1.0570137494921668e-5
4.182090902672281e-5
4.851820288601911e-5
1.616378798046808e-5
1.2754160394964615e-5
1.4369799619858963e-5
1.3159690066758058e-5
3.429532480368047e-5
5.473657618800265e-5
8.291679671843023e-6
2.3499961930810918e-5
1.527898281798458e-5
1.834297874073365e-5
1.3342900138806791e-5
1.9124946661375624e-5
1.1351867259363433e-5
3.175460200346714e-5
1.3847447233775619e-5
1.7926164333161795e-5
5.541711998129433e-5
2.666004764181487e-5
2.9845626792133376e-5
1.591125079973716e-5
3.9728650559356416e-5
1.4823990664034882e-5
1.587538832676156e-5
1.794524930617836e-5
1.8776207967062833e-5
2.0307942842313213e-5
2.035692450858287e-5
2.0832110206956215e-5
2.0201653326998074e-5
1.7675176398233876e-5
1.7936376147537765e-5
2.2157369935561288e-5
3.0208178419217005e-5
3.39795752824982e-5
9.79617689109249e-6
5.201513574283027e-5
1.799887270668648e-5
8.997736665615326e-6
2.5751557352251084e-5
1.8821466098136475e-5
1.765075118177371e-5
7.745182555525938e-5
1.4549517863965648e-5
1.8125868944717325e-5
1.1740054766177183e-5
2.2630801193157193e-5
1.5075390405492457e-5
2.9172293004249645e-5
1.2737392483962097e-5
1.6903782081143977e-5
9.540645742132672e-6
1.2980153992074422e-5
4.330416159549811e-5
1.763672085732043e-5
5.6729532969092374e-5
4.754466775730854e-5
1.607724170189493e-5
3.593647645299952e-5
1.1593068830464842e-5
7.291784150402931e-5
7.789587960330217e-5
6.966735657179677e-5
1.1554582500603211e-5
1.1563280787526443e-5
2.1650478047671426e-5
1.597434052595546e-5
4.2785985066706446e-5
2.8120282702954767e-5
9.613802799784336e-5
1.2467494396181562e-5
1.5486109384427498e-5
1.106927074154072e-5
8.217231846825128e-5
2.235865268159426e-5
1.5076524008870228e-5
9.577891779975758e-6
4.767921742693885e-6
8.98449911739981e-6
1.0616460623475426e-5
1.853886079346908e-5
1.9064323491082248e-5
3.82757733272752e-5
1.2061983755678986e-5
2.3883246161499436e-5
1.4847533156054777e-5
1.6937581842826e-5
9.895568129399055e-6
1.8836999624747653e-5
6.924610205224217e-5
3.937337533710928e-5
1.4395504105753695e-5
1.931053690712262e-5
1.3317107465657148e-5
1.7643933408200267e-5
2.935843930332866e-5
2.3943606968522465e-5
2.8929470833731958e-5
1.0231921560418035e-5
1.2777401242475216e-5
2.0014069440372657e-5
1.3988871077386453e-5
1.2597555984663192e-5
1.975722035493261e-5
5.119447445050717e-5
2.327920402973144e-5
5.423520084951674e-5
1.4905070537468789e-5
1.722467693221249e-5
2.6698000553944166e-5
3.874505004237118e-5
7.553848228002826e-5
8.079778577745635e-6
4.326000750125562e-5
5.9103301745292354e-5
1.5142979539902346e-5
3.216628984031428e-5
1.6616405834207997e-5
1.9206357830121652e-5
1.9407280632578054e-5
2.8125216942102546e-5
7.077858218398607e-5
1.2984427548510464e-5
1.769255043029076e-5
1.422917169632923e-5
2.843367446545851e-5
2.1098314994517883e-5
1.5458322635504335e-5
0.00023461760212549625
1.3871807675717197e-5
1.0750781919645147e-5
9.798750429459365e-6
8.935474792909954e-5
2.0222088409639212e-5
2.5878067015782818e-5
1.630989406120174e-5
9.521552552845888e-6
4.279126812801334e-5
3.290159434018256e-5
9.01354745980989e-6
2.315290994231457e-6
1.234648079172451e-5
2.3180952621241037e-5
2.378635180732251e-5
1.0698903399329136e-5
3.3321363905877784e-5
2.6787072769341855e-5
9.065799807082812e-6
0.00020187536767304496
2.1859001744556423e-5
0.00013927680074185187
2.2261617042198582e-5
1.3219779029493814e-5
0.00014893800787087774
0.0037628096050226424
1.956567544917637e-5
3.335373317407297e-5
4.76512063761049e-5
3.1286106985417404e-5
1.3171769212765534e-5
3.198972151971968e-5
2.8702872080047008e-5
1.1534569964017743e-5
1.2960076821484468e-5
2.5394467816981545e-5
2.6554975466904216e-5
1.519548802120952e-5
1.479510177611198e-5
1.160198278785246e-5
2.5434894609790582e-5
9.994837068856305e-6
2.4269463096927397e-5
4.932748307711924e-5
1.6337923192784016e-5
1.4345028217146958e-5
1.0431334869408828e-5
2.9964753793245226e-5
8.954685214603119e-5
1.8186603298936255e-5
2.1120193175254622e-5
1.2617618588028253e-5
1.2088055703229307e-5
0.0001578458117913041
1.3000588704281991e-5
2.578498770196339e-5
1.5642290391897662e-5
1.2006845431168433e-5
8.419519196397135e-5
1.57767945998671e-5
2.3730840269826082e-5
2.9484960510457067e-5
2.1810972419501624e-5
1.7894437878320153e-5
2.0504382582949403e-5
1.376707188541695e-5
3.9771870431715884e-5
1.6033789298410695e-5
2.3627950321511113e-5
2.0983400387191296e-5
2.5914446556225452e-5
8.41128432064562e-5
1.7593737262354346e-5
2.0767601169087072e-5
1.5482837582125336e-5
1.359519453591056e-5
2.5550108285433613e-5
4.854966497031606e-5
6.716076460354873e-5
7.835917525801823e-6
5.300458288385338e-6
1.4820054548591239e-5
6.876806490854496e-5
5.5266030818198764e-5
3.793179296510009e-5
1.7655507459845273e-5
1.4597329631497978e-5
1.4743735771641978e-5
2.8507819104042145e-5
2.616355284120621e-5
1.904712473607392e-5
2.8840706132985663e-5
1.30097291618418e-5
2.0178521359430927e-5
1.9860193347706924e-5
1.5756835435485558e-5
3.766159191735279e-5
2.087174178935679e-5
1.8662833779273507e-5
1.091538012460163e-5
3.948466047965516e-5
2.2799209018376876e-5
7.59569820232723e-5
2.5138717986327756e-5
2.6172302924834108e-5
1.3707713091386642e-5
1.6294998160294104e-5
2.1918047709391392e-5
1.4539945097600577e-5
4.355122692990168e-5
3.3373765590493366e-5
1.9765057792661513e-5
1.4263876480395261e-5
1.7926312112818928e-5
1.3484197988584608e-5
9.094731241606813e-6
1.156898444832314e-5
4.275941703527072e-5
1.3829587132069064e-5
3.847222048564045e-5
2.074890210213431e-5
2.834701147534489e-5
0.00016149443527927615
2.1114371809867577e-5
2.714440262689687e-5
1.232364939775195e-5
2.3075536070215123e-5
4.632798969529292e-5
3.449147767641741e-5
1.4330824003766165e-5
1.6734077337408913e-5
1.565229012582435e-5
6.638933498973344e-5
2.4641706171013195e-5
1.6779440211709837e-5
3.207755198551373e-5
1.532125521449454e-5
5.1952974629840314e-5
5.0802988047378776e-5
1.0770485241802369e-5
1.5721547781894972e-5
1.929132659657909e-5
3.692757584970311e-5
1.3453519235362929e-5
1.0520493801449135e-5
2.8249028929276418e-5
3.074273445186125e-5
2.924561327159454e-5
1.386257215552911e-5
1.259493559852105e-5
7.086833110133568e-5
1.811664845542752e-5
2.5762976392405416e-5
3.815368873304897e-5
8.43727511832577e-6
1.2759398669539517e-5
1.7924695429992384e-5
8.060874666618591e-5
0.00010756004911786127
2.0254520588902952e-5
2.2820933658669646e-5
3.894668219125553e-5
2.8234543164862647e-5
2.70865942997261e-5
2.3834432192003806e-5
0.00011690582563929694
1.5636452822406617e-5
4.391954536443928e-6
1.6411490420506864e-5
5.036877279829722e-5
1.6083793963749674e-5
7.648228035164487e-6
0.00013799194955553318
2.0787030462937195e-5
1.5662401178753565e-5
2.720535968125654e-5
1.2464358107386309e-5
1.832464285178657e-5
0.000124265631825297
2.0288734314753805e-5
3.854083544881353e-5
1.0010992790556942e-5
4.56405089702601e-5
1.3589971772738547e-5
2.4205794853373394e-5
1.2805089974716119e-5
7.885028967866947e-5
1.7084140268692272e-5
1.1456687050828387e-5
1.61488195415442e-5
1.9929937127524535e-5
0.00012456846339824334
1.4856812571862501e-5
2.731968162930701e-5
4.737246234195757e-6
1.914314994475442e-5
1.2190797143690847e-5
1.2388267945887995e-5
2.3888757246544474e-5
1.6261096641078517e-5
5.939706762988042e-5
1.4385455000022965e-5
1.0364198688716695e-5
7.382418838975607e-5
1.3923147237649385e-5
1.2170786442405153e-5
1.2855383023270205e-5
1.467334708694187e-5
5.100990962577918e-5
2.466852690184098e-5
2.579400870871507e-5
3.572149360816685e-5
3.136738665773997e-5
1.1535570444173188e-5
9.564603673995273e-6
6.666070484957595e-5
9.409815000128405e-6
1.3077317999653257e-5
2.679134932383149e-5
7.289332030533498e-5
1.5180796298126268e-5
3.366429942931322e-5
1.7995306015403e-5
2.06474052939015e-5
1.7650634454541616e-5
2.3751501769312315e-5
4.850411961134774e-5
4.829176220135307e-5
1.5407644574457557e-5
2.605544725124642e-5
2.8058048553118267e-5
2.7658857962716465e-5
3.852472260063889e-5
3.498468392243607e-5
2.3509580483166988e-5
1.385115422664737e-5
5.278734286216479e-5
2.6476612414292376e-5
2.941623119025808e-5
1.7077167190757572e-5
2.0206372315890082e-5
9.098780760672972e-5
1.6568027012809962e-5
3.1349015537048516e-5
2.186453220133865e-5
5.527763988132634e-5
5.417886099124418e-5
2.578910440587623e-5
1.9621140091639258e-5
5.139134874726337e-5
1.705778636436582e-5
3.0328758567749845e-5
1.6328489569593957e-5
3.0002468850207808e-5
1.072423445021709e-5
8.353998081923598e-6
7.498677275615858e-6
1.4876260592213586e-5
7.766071970664518e-6
3.1404082941923105e-5
4.7597062708247705e-5
1.7480522735665824e-5
1.8881250842320298e-5
5.948701681101359e-5
3.450930480387391e-5
4.1808657486944815e-5
3.6242730069922405e-6
9.969778673504857e-5
0.00015796539545699905
1.8873639432565064e-5
1.4182900468181606e-5
9.245899089108733e-6
5.168232841587936e-5
2.2635669053651845e-5
1.6991561943285755e-5
3.7983543234979344e-5
2.7505501264541416e-5
1.2596501420503164e-5
5.650940750076666e-5
2.292710854326866e-5
6.865411526208781e-5
1.5910967386767675e-5
1.6009238218337423e-5
0.00044078520509738473
4.058033056143997e-5
3.0640152296349344e-5
3.2543897560969345e-5
1.6367651690724836e-5
3.518015742641404e-5
1.4638645112019469e-5
1.5594194350789507e-5
1.6044533747526036e-5
9.785954005960766e-5
2.764441329358544e-5
4.6847432264984536e-5
3.863116910606327e-6
1.2686337830891192e-5
3.998203990366165e-5
1.3857670222835421e-5
2.0625489724986705e-5
8.544392070501126e-5
1.6580984954523877e-5
4.658311845795791e-5
1.3722149359373153e-5
1.8196688312636315e-5
1.965591409818575e-5
1.2524209043669657e-5
2.0288492972369797e-5
3.579217591794295e-5
9.209595028972325e-6
1.2944754244262397e-5
1.3860539290301458e-5
1.1546977744028915e-5
1.7393892608107085e-5
1.6701710631774174e-5
3.17219430384424e-5
1.0885955212331179e-5
1.2490116396826714e-5
1.552875730000039e-5
4.880222155426636e-5
1.4647821691813136e-5
1.663884993484846e-5
1.1255595521253858e-5
6.90900732097308e-5
1.6939577107298204e-5
3.930486711031864e-5
3.195183868560504e-5
1.0458581747741556e-5
2.54948646385745e-5
3.664845810535896e-5
7.546488113808957e-5
2.097650835002795e-5
1.0717862139477143e-5
4.7294013567330776e-5
2.6015296745701217e-5
2.819290398463477e-5
7.328350057053915e-6
1.5464251516805948e-5
1.3042800499766298e-5
8.808006155692307e-6
1.609937452380557e-5
1.2480350726826246e-5
1.5522637137368043e-5
1.9904852637216095e-5
2.6924454672270718e-5
2.3805133566823847e-5
6.109595120839742e-6
3.2971182873393966e-5
2.643322303702377e-5
1.8179918157386505e-5
1.152674837403399e-5
9.913331499192378e-6
1.715398913126978e-5
2.770668993440895e-5
3.1623009078625084e-5
5.4868282511218125e-5
1.502643169684426e-5
5.447841302542024e-6
4.847621413466089e-6
1.997827275330055e-5
4.8294318388996525e-5
1.2422888242604696e-5
1.1891924864168974e-5
2.8311665447389992e-5
8.921482110699407e-6
3.3553739654374975e-5
1.8256217148816275e-5
1.2614358286306873e-5
1.8041893128587592e-5
2.3993637319114986e-6
0.00022761456864776528
6.378988662769507e-5
2.0367687379030923e-5
1.39727150553202e-5
1.0698235623617707e-5
1.7058283295811125e-5
1.6533320476237435e-5
9.058179204788635e-5
1.3332028168822877e-5
1.2173412866152992e-5
2.0399272097868524e-5
1.541353944838002e-5
1.67551991706879e-5
5.033262130384042e-5
7.812953131539439e-6
1.6256835641912686e-5
8.044642977621373e-6
2.134824877791489e-5
2.9860998925937856e-5
2.584193353090411e-5
2.6951819024125986e-5
3.0218574911873083e-5
5.788550108715419e-6
1.7407764821567685e-5
2.9079655165303934e-5
1.739434501519011e-6
2.2394600731643452e-5
5.780114921377004e-6
9.716017510866662e-5
1.7933691673383017e-5
1.6840079829078082e-5
1.5835217757574654e-5
2.7966839837944065e-5
1.8985124698732513e-5
2.0869107162586594e-5
1.1184824021183517e-5
6.956776614249022e-5
3.8401620194988126e-5
2.397932304977359e-5
5.7772786421899696e-5
1.4037261258612297e-5
5.035102678874998e-5
4.1106134033237826e-5
3.0810678867268035e-5
4.1677985127008954e-5
1.2528359757171337e-5
2.756833996178286e-5
1.482151822993995e-5
2.211883631442276e-5
2.030115933195879e-5
1.476789525096593e-5
0.00012849039860862642
1.889491840855464e-5
4.8424755954441713e-5
3.397289730401099e-5
3.589010256145047e-5
2.030211427648117e-5
1.764881759721194e-5
1.1427771066144003e-5
1.7302981705684143e-5
1.2748943751379843e-5
1.573152897357021e-5
1.5160518019964259e-5
1.4245866297908156e-5
0.00019254927211338998
1.4502793903723989e-5
2.4654832482569548e-5
1.626239095184884e-5
1.1310598656640176e-5
5.504433545140594e-5
7.405146116793202e-5
2.1679766741148844e-5
1.4064095604952906e-5
1.0592129609837758e-5
2.1410529769760277e-5
5.623340276828068e-5
9.134663754068797e-6
4.388762790292297e-5
1.2209531532986436e-5
1.9654591221835908e-5
5.235213649034761e-5
1.5815329310050424e-5
3.685540013217163e-5
6.5651571731006e-5
1.977100385971199e-5
1.2304409648596777e-5
5.059418415035306e-5
1.306159393104926e-5
8.488015765283e-6
4.27882120055004e-5
5.225486954069624e-5
2.431780493008988e-5
2.036685496691957e-5
1.8823784213379875e-5
2.257264550127355e-5
3.0930023603368436e-5
3.718953122307696e-5
2.3439478068377014e-5
1.8744371382623363e-5
0.00017208002060662027
1.169845515696808e-5
1.2222862760385826e-5
1.2761783085708039e-5
7.48144397682895e-6
2.3084318418221136e-5
1.891290590055971e-5
3.4252273224368664e-5
2.056764674957265e-5
7.016019165917538e-5
2.7877692404515574e-5
1.22111302227498e-5
2.1913582933233563e-5
8.9849550264575e-5
2.243115168764233e-5
1.6363325890467335e-5
2.6292406220849573e-5
1.3923286758126285e-5
2.9936779773015434e-5
2.040601025088655e-5
8.45491178510448e-6
1.886848740751229e-5
1.5216314844726748e-5
4.8906814192451404e-5
2.0153843690307913e-5
7.405021425102133e-5
1.1555281339839873e-5
4.603004543111511e-5
1.773161729473071e-5
1.3596877357586186e-5
1.9010876448310638e-5
1.2744293120619931e-5
1.3475226732597258e-5
2.0048537830000637e-5
3.3521887507867165e-5
2.165972645737378e-5
1.0437871643272991e-5
7.560465451045522e-5
2.127230411393259e-5
9.784951003691381e-6
1.9625431083844083e-5
2.625673684369799e-5
5.866746340095733e-5
1.858207675226942e-5
4.0074328618633136e-5
1.537453047227194e-5
7.152600864896403e-6
4.3612938608071334e-5
1.568710757325172e-5
2.3652026671893718e-5
1.0692699432633093e-5
1.4964208445801502e-5
3.8197473132741414e-5
3.298901711228704e-5
2.031203363514527e-5
1.431892165601997e-5
2.1403498835764597e-5
2.235547228391749e-5
5.534052290472555e-5
1.3019868707558918e-5
1.8645611818255525e-5
1.831441673862347e-5
0.00011658390691385313
5.998029089033585e-5
3.578374720483078e-5
1.4559733693797771e-5
1.66450832245592e-5
1.359484408215615e-5
2.7306180342344833e-5
9.1502761292031e-6
2.1651929887383284e-5
1.6879692415119106e-5
3.131788928680751e-5
3.2923761374520196e-5
1.181568562270204e-5
2.9954924939149097e-5
1.1922939522754107e-5
1.232960514894304e-5
1.4796919488353186e-5
3.628385288747561e-5
1.2904474114317498e-5
1.7840480119497116e-5
4.695425539784237e-5
0.0001248932079515121
1.955354102463307e-5
2.4398953357087687e-5
2.320331734191327e-5
1.8677870475338502e-5
2.3388405356871652e-5
1.7004483704857156e-5
7.459570052175826e-6
3.620994191893023e-5
2.5718666986712883e-5
1.908942673355863e-5
1.824460431859994e-5
0.00020898941742202465
1.2621829307134878e-5
1.0707545856063455e-5
9.284877193647394e-6
6.913739740472662e-5
8.942234803258061e-6
5.4314739312819756e-6
2.8698127128949832e-5
9.245886648569454e-6
1.5273813376124592e-5
1.1009104049635567e-5
1.2266027133275025e-5
1.185599406776541e-5
1.3131011221106487e-5
3.009129454247616e-5
0.00013434914933268052
1.815148524514401e-5
1.6603491940964086e-5
2.092987162287691e-5
2.626557165128214e-5
3.6273574784855864e-5
1.8525707334045116e-5
0.0010454238121007633
2.5806407583834535e-5
5.510732259510528e-5
1.572892014754549e-5
8.2844774835151e-6
3.3925522639252e-5
9.708698392588773e-5
2.3922885177516022e-5
1.1561465935782337e-5
2.8695895754286702e-5
0.00019682712195223567
1.9053143005039632e-5
3.551542075276784e-5
7.085640133143771e-5
0.00021328724035460186
1.896111060781396e-5
8.66998388101467e-5
2.2296517622597086e-5
2.00090919267501e-5
4.9367729693437296e-5
1.0308210925134013e-5
7.110311583207233e-5
1.935675525591211e-5
3.0431878820579372e-5
1.4802182282523616e-5
2.992635479339672e-5
1.2216566413057129e-5
2.2609844612627596e-5
0.00022502969983786826
1.2061576058373414e-5
1.9927160510150212e-5
1.9215834012971886e-5
7.940945623575707e-5
3.810932139848788e-5
1.7278418065513445e-5
2.0431230804708504e-5
9.726021137030353e-6
2.1109320549575995e-5
1.1352794710486152e-5
0.00012005491825833692
1.0575443094528045e-5
5.7202532738306965e-6
0.002738220875584441
1.0373086508646111e-5
0.00013503162050213516
2.3316744397981073e-5
2.712131639147797e-5
5.1759080948515066e-5
5.64285011091327e-5
1.4753132242655885e-5
4.0615577342398e-5
2.970574359145901e-5
2.4198279666249307e-5
1.5202410972002145e-5
2.7896349947497885e-5
2.4661074811946053e-5
2.6968311386237755e-5
1.657167204434717e-5
3.1687660745944846e-5
1.4780128106351044e-5
7.745157022384679e-5
4.022417141164242e-5
1.4367882213904025e-5
0.00048771014304814926
1.8700408135999735e-5
2.1336246051581227e-5
1.7204643993897126e-5
3.992967836700959e-5
2.0494713683564466e-5
0.0003540833708745856
2.3213298772331897e-5
1.1585329064921804e-5
0.00016264842276968275
1.8925910448715614e-5
2.008924872267117e-5
9.035520092725115e-6
0.0009261521073491274
9.344438560659004e-6
6.689372490368722e-5
5.408580220483259e-5
1.4943681163412639e-5
2.796137509058327e-5
1.593702705880787e-5
1.758667828878385e-5
4.760666774260518e-5
5.2360092392078194e-5
3.897999855573179e-6
4.770028822772441e-5
0.00015380590213683038
6.701764485545236e-5
8.330003580463468e-5
1.2213421739413911e-5
1.5865650098398214e-5
7.640267193366186e-5
5.931540438195169e-5
2.9078329221476102e-5
6.3462687348591625e-6
1.1466881589693487e-5
2.1386833341057515e-5
1.5749930186382324e-5
1.545352964453422e-5
2.517125978187421e-5
5.61136744857702e-5
3.096110777597564e-5
2.283643860763824e-5
5.560337984965178e-5
3.982101443270888e-5
3.0968918497861237e-5
3.301616805815128e-5
7.860103299044599e-5
1.9211983943059617e-5
2.2446985271285055e-5
6.11045051640412e-5
1.798053009968188e-5
5.321227130901707e-5
0.00014844678246607318
2.1655925911812366e-5
6.640561791934723e-5
1.6894150355930324e-5
1.3794054654334146e-5
2.6799979943207403e-5
1.2289490225975184e-5
2.8538418823220154e-5
2.3934058790424086e-5
