3.4643584436791546
11.405638806490295
0.16439610665152746
0.36653960547447373
8.327994971743442
10.78271066908553
0.48736734769448964
0.13488899870785406
0.7989144916687396
8.364127636849153
10.107147443528724
4.151831983432873
6.635358002531206
0.7905362467796112
11.256850321758956
1.5510521274879632
3.070342774394597
3.1608776100570077
1.6220377077721233
1.1600627584524679
32.50238111092483
1.0377453252544284
0.2810487857997503
3.5706709906873892
0.013834446647990203
7.830019298767811
0.03282708475185728
0.6197293534107392
1.3704428035124505
0.22790906480734538
0.4840130367648645
5.54814114068033
1.532844690651783
1.14069990737655
6.172404777965892
0.03398636938639412
2.153433037589948
1.9252599012736984
0.003566800085615469
3.113223761933427
2.818297117695311
0.00028451540380337257
0.057317359269297825
0.06556456823513027
24.223450663310718
0.02824033162010653
0.008234469443748662
0.8853044331490653
5.0561575876750835
0.42736575280097816
12.4529703975338
0.004858681172583811
0.00021437392730083756
1.319344847035871
0.010971784403594384
0.4750189705796399
0.08335602283769972
0.0028122773730713687
0.0017581862115115918
0.669998524236565
5.69029464179784
25.763224962242187
0.001444634059442032
1.8111797262109508
0.08824308556292965
1.4140797378439378
0.07718803694209737
2.2718172918946347
3.685204424135195
0.31239119498975143
0.0026133954019653812
0.0515214905640521
0.0044158664151962585
0.2337791321970485
0.6219538960277213
0.009355139236703917
0.022548392671254112
0.5860629069688615
0.07046341978392695
0.21680740824480985
0.0003504999025122234
8.532538611776488
1.3489189044667516
5.535364111191199
0.02442141346718846
1.3251384296733493
0.36850562663465763
1.777914153616677
1.0191060517073536
0.29352628406121134
0.018908650319282936
0.054473739894474654
0.5411251965037243
0.00011632885550988056
0.3525539482243337
2.5693997805622972
4.529182802994134e-6
2.692767521668572e-6
0.01617119132500689
0.058907216870025675
0.02121696770927912
0.055427341476533026
0.07338750197540987
0.054585698866624247
0.18098999644419372
2.397088298571304
0.0056890567662105694
0.0006978708486388263
6.000973547265333e-7
0.16630469804690826
0.031105598615464178
0.29668997156561344
0.009037544811411334
20.9798928707788
0.007235706367401349
3.714999181035691e-5
1.0
0.08046356087593362
0.05129782698792595
0.0722018781936978
0.0003674377371107386
0.0001758054807928096
0.05053164635860141
0.0006160320084199158
0.28973849622775943
0.002196569303524953
0.021727843059449994
5.570304983027175
5.428238562451948
0.03858242832418192
4.735578087495983
0.5864478064897054
1.1140646194058691e-5
3.8670257483456174e-5
0.0003880945826388538
0.5452106719603621
0.07867461191068847
0.017759826944763513
0.9581788681881206
0.44436692782201226
0.4148921468333398
0.07782807051889451
0.009000565986793423
1.8186296211088355
0.34319232348054995
2.458666830968644e-5
0.03794826525495127
0.0034377994147252937
5.078844856027016
9.508259981974092
0.13541937163598805
0.01858248822248538
6.009485681656329e-5
0.06390199252163851
0.00027898418906176746
0.0031519587130905183
1.2459215050700543
0.7652383366111603
1.9090212319269562
3.8147073743507214
0.22371357708486644
2.039164382986584e-6
0.03448088336498042
1.0776180977640606
0.005622010882380806
0.9142543194116428
9.545705465196333
0.012755646677785257
0.03108903248505279
1.0
0.12740065277738216
0.030798224415627965
0.7283581952598291
0.03031058146389496
6.182870279740068e-5
0.02960247186400124
0.03209791991114043
7.659346612762071
0.5641151915736452
1.281619427044131
4.882022158455475
0.12587831118579382
0.0020253565530420087
0.27607629675681766
0.38712656923822336
0.22781618545079763
0.10649789095586508
1.0
0.9787950278416455
0.843029866846075
0.3177625946621878
1.8154722701023133e-5
10.361691130699738
0.021300402786776435
0.0005834571031124821
0.012407824062004484
0.16676072694317276
0.030467169416262447
2.0584162350165924e-7
0.055130483333079724
0.0036797040736206298
0.011768069117415488
1.4988076941688187e-6
0.002754073559679261
1.0
0.02504028221707343
0.2831454777698944
0.0002188484351653472
1.5214510114133413
9.368290395922686e-5
0.1893028643772189
1.2609175635427636
0.02032804137643332
0.12815660258921238
0.4911100818699916
0.029101965282419692
1.9986794931392504
0.01501177039395282
0.01728510137327313
1.79562184699691e-6
2.502571135339689e-6
1.2136576932055874
2.025028749610142
3.6704331532068466e-6
2.136361745619416e-5
0.17260462501614213
0.0008914578548986344
0.3138181854322304
0.012553176509732703
0.027511977127983905
1.1726764932174931e-5
1.0561164738764977
0.45408384167510196
0.23287743761994892
0.00038176498001727007
0.010112648616661652
1.6369936726517987e-6
0.31139328704488284
0.15195734510942657
0.02048505111852366
0.049292517173863654
0.2413196733549877
0.08974865220832377
0.00010529253956216106
3.949441704290073
0.3409688815927543
0.04713249020385109
0.5256691193012809
2.3516872147750026e-5
6.13861154063652e-5
0.00024354689576813526
9.092742643170243e-5
0.0003627595580320913
0.0004447889708468246
0.7116922469643877
1.0
0.0003340698528082241
0.004496738171267587
0.9799763603132394
0.5627454270209479
0.01683306353936948
0.09689105577307862
0.28153887594666566
3.0599399859720715
0.06487554697243397
1.0
0.06327053462957512
0.053857205157574486
0.048021761987707745
0.007397834681514368
0.08023394717785833
0.0038303296525488088
1.0
0.9457792679830412
0.010450411675665629
0.013817960746894844
4.571208775359381e-5
0.004956545979519321
0.02837262189849862
6.625577918827591e-5
0.07801200908110278
0.050092109894226224
0.007690064735451889
7.108642121531829e-7
0.13492932201296598
22.253973904907465
0.08891289057600223
0.1761324250125558
0.0665052862631762
4.9404802391214505e-6
0.538514889341715
0.25194525126832906
0.017560507581011242
0.051230801997752096
0.040937136896778775
0.03670388680600244
0.0784246595209271
1.8799111011590302e-5
0.001649147926177983
0.6298792454725077
0.0011803419194883233
2.330466684056813
0.09225647734693704
0.17527884868505247
6.701700517776222e-5
6.762047348941044
0.8739130270744094
0.00029170584371486166
0.037556248884520985
7.474943039763565
0.0005250909042879006
0.01468732110181053
0.6458399703297051
0.051853922677928974
0.38364158390443087
0.4776602269153691
7.161244927134802e-5
0.00020867839882933998
0.00031198104710034697
0.11775581009893582
0.016013820003601915
0.003512061064397121
4.1938299418787095e-7
0.044114292008475504
0.006490542532589404
0.04227180906747857
4.653213928522163e-6
0.4963496220677208
1.624675455162682
0.00535142556216651
0.03461055035191783
0.549988577340857
0.040568723282944474
0.0016615081600138341
0.7607016869704248
0.43645100494530403
2.1973127615953068e-6
0.008385130701055553
0.04855468168420385
0.0021183540603347184
0.06423529370561719
0.03780246972254298
0.0018070979355692383
0.0058444980054982165
0.00016798779959353258
0.1289656322504532
5.307199541726828e-6
21.100649479616305
3.647718037738564
0.03371317199870817
1.4562541365541253
1.113279517234219
6.868442362892207e-6
0.18993379198281676
0.07057702471639604
0.006064668837621228
1.25259297333827e-5
0.010258458965664864
0.00023585014161650196
3.1728150725222446
2.566169221867678e-7
0.023005425344621407
0.0021272036584789314
0.005107926095786464
0.005478387901983036
0.0010380250714147941
0.08983409149120257
0.0008807147757203919
6.657017071931365e-9
1.480657817057937e-7
3.912325766948945e-6
0.0006967777050426875
0.05408195636097726
0.9416084701676382
0.0008568110814287008
0.00038774325177760605
0.020045942152061694
0.03549789615305206
0.0009006501303246164
5.134798315394264
0.06162662877756018
0.010547116180867266
2.3656632075311605e-7
0.132513022677408
0.0007930953027334976
0.4210902750214003
1.0
0.013764949460933417
0.0660232703947382
0.0010762329639482954
0.4213033297001329
0.6409955309816543
0.03395937980441793
0.014261414721065475
0.00019976845286445355
3.341935035155171e-8
1.0
0.04219699931708075
0.2007138957679801
1.633330325652033
0.0002031139642914692
0.011718143880716566
0.002645532213225057
0.1605155506415737
1.4284342263392837
0.004054563285641033
0.04973459872635357
0.0038868480932586994
0.00017019888412257126
5.5309151579740134e-8
12.361642358807732
0.1409692399112216
0.01569782815843098
0.00027623682369535706
0.0008826336724952185
1.4113382221679203
0.005386914512186469
0.00024431491300544645
1.0041545225452568e-5
0.004664962948119994
0.9559033797843416
0.0002456956260981007
0.17115255200796284
0.0018127247301805989
0.0013289525432614584
0.07146140349943476
0.0006990531301750793
0.12327260602704324
0.02125695778764352
1.1158944903630684e-5
0.02402524466755881
0.0038017612710192837
0.9838703487134307
0.0010965000466113622
0.483872193083639
0.18977246138843465
2.0386267542056228e-7
0.0024104350263178683
4.283360957727526
1.086279992256054
3.2178808833541724e-5
2.6712862142535966e-5
1.8384912191220456e-5
0.29009827993981546
3.123530548963339e-5
5.822441416345583e-5
0.0003179655694931454
0.001920951812276723
0.021109844628600827
0.052690050087964256
0.04373457584527379
9.460385482226537
0.1347153534752692
0.010955297637089094
0.19431921793627951
0.013204829530625241
0.013022201890353987
0.009549270420616833
0.01030038894217931
68.38717874739548
0.0032643017699582767
0.049152886563893126
0.030460723606308814
0.1801597311148676
0.007964106100528019
4.082712849963421e-7
0.003927259600947957
0.05789197905110331
0.7942107692966804
1.0
0.001880719393510695
0.044599776397411105
0.0020306578929380676
1.4501836777961365
10.799795702051947
0.036837761035009874
3.2319086466115283e-6
0.0008940403100803846
7.370319680536497e-5
0.2023068197760548
1.1235634391585193e-5
1.72505166473154e-7
7.977534422628462
154.43474187218655
0.1342123622883676
31.271568048089467
0.0003356088804600251
6.417884198301733e-13
0.18200810773588588
47.07800854290409
0.152317424870676
2.2101822756519853
0.045834179083812376
2.386017578011597
2.3929246059714227e-5
5.9005026528562504e-5
0.0198440912835702
0.013455235978887614
0.0005282354390755038
0.0008920795097925026
0.027519542977485587
0.025263763131120543
0.22360992884148867
1.008537017243653e-5
0.009722481891205894
1.8303861456572645e-5
0.028682454557573532
0.11704309745689855
0.11273414494707899
0.0002629857456284628
0.12937626709221128
0.010766421839016271
0.0013891320533559437
0.027810604370055957
0.03236446007806145
0.12838167392024788
0.0017573231537647775
0.06483070173325339
4.824722406835049
0.5916692807832734
0.010098402250361668
0.04018334071416675
0.05698486542340602
0.8998829716299468
0.04271419885826585
0.00018995138058573187
0.0006509860384778017
0.015015670694976675
4.6919122597756e-6
0.6911158295519939
0.00033398549256528654
0.35769223068519934
6.757062376184606e-6
0.0007216546652721114
0.7963041882355867
0.01000258030285588
0.00011458758859561281
0.0004999298321890892
0.00860525937525643
6.806275355169499e-7
0.03208549879538031
0.03142332267690366
0.10283708115124086
0.0017016771751643307
0.02454752686284111
10.693698458707654
0.002345643170126902
0.05912099719637676
0.5829176075204813
0.012204504498852324
0.0004164632540114434
0.0027314289111216744
0.0007552903884206386
0.5753517428021959
0.03205434192901405
0.0016554366765474512
0.11423172749244391
0.0004745427959678079
0.00039131658697486434
0.002222231574664745
0.07824871398701415
0.00025657826546976594
2.9426358509498516
0.19323309682172457
0.0023457372762039964
0.45171418626289317
0.00035712227349212275
0.0035219992317326154
0.0628355039665264
13.458252612974883
0.10053976615563008
0.006285270021294689
0.09568870487249925
0.005304902141673599
1.0
0.0007607725691562507
0.01007538161930394
0.13150730994547155
0.002890902182062285
0.01705895381601282
0.03211588464972306
0.07291046961815524
0.012185783826048756
0.016147082882395383
0.0016299147534151175
2.01806906164544e-7
0.0004126663874951506
0.0033654823412170853
0.0019030969121600636
0.027829157716875556
0.03149298572305962
0.04735438214808188
0.0005087781725174344
0.8422411930653164
0.7032535868809733
0.012547346685536344
0.012170261199545389
0.00023590466316202724
8.755229538730582e-5
1.0234454955089541e-5
0.0001313813381261661
0.1017125752766687
0.0014022078027393192
2.8127978357535255e-5
0.03380851674984504
0.021399299255567234
0.0003223747111413788
0.013692832873693342
0.0029006015574209315
0.0563501175251409
7.50747960092696e-5
0.0003723862745877294
5.600058767545358e-6
0.009214385198510701
9.750921831950243e-5
0.06499608674606859
0.011755535134137048
2.980542253256233e-5
1.2856437975556968e-7
1.8984638414468024e-6
0.003670022875969515
0.0023122733129854233
1.6890757437166782e-7
0.03353352894242918
0.0004276568684859531
0.016489209329732052
2.3141145084201703e-7
0.12634467461820886
2.754946525314248e-7
0.01541774384202093
0.013689525634289008
0.00013236427755410404
0.002938782128517251
0.0009946971497026464
101.24045708108547
0.03214698632828249
0.0042835052358136325
0.6059927570933394
0.04552711067200837
0.11051286760127019
0.004879395667160924
0.008145663494259185
0.315662282053727
0.02247721614147365
0.027493639883001825
0.0816804652613727
0.05787172931176541
0.015196595283615855
0.029434808276141897
0.008188824764524767
0.0009943497802062413
0.0003247227968111269
0.0005871000773223486
0.00953680471664747
0.001640266873165514
2.9049956895719773
4.3233793499403577e-7
9.207461807600714e-5
0.0022335348931745375
0.4234407663052537
1.53148347880302
0.05966662570450745
1.023165400392762
0.00012793821947688019
0.002362341870903475
1.7579542096711032
0.019170166764568928
0.0004699970613981997
0.1487626775260656
0.009305232014129899
0.22047684759973568
0.3473795613016503
1.745236307405565e-7
0.0862366042837392
0.00022340217277421173
1.8504809369971702
0.13069234757674797
6.236884903738004e-5
0.045996931755068755
0.0001808777422879314
2.5179549843323203e-6
2.5918159069230705e-6
0.04061140971589119
0.00778352406796142
8.980128731997409
0.00540273673620417
0.0018621585858435068
1.6083102058209748
0.030225768239990777
13.726056216180078
2.7213959259034742e-5
0.014072756448791222
0.0013907804233577925
0.018000761293638024
1.1659019397636343
0.2024670729057852
0.1819381300080349
1.5518079652355563
1.0161609155890556
3.8025483378490925
0.013900651877754609
0.007843543818195242
0.032703007459650255
4.5321517215963846e-5
0.013685745634986228
0.445547094626697
0.03584805598312697
0.04992430617762886
0.0024428618943746427
0.00016153225880376215
0.0009098397211183423
0.0013535622962005964
8.605708819251084e-5
2.522669041472225
0.0013031147330370056
0.0002580492407297635
0.01097301396849472
0.016558239088222494
0.04381095339572179
0.006191461086947752
0.0001781463295336782
2.7082319007486702e-6
0.0009313286448644815
4.256276831973175e-5
0.21063719780009046
0.00010334423759005889
1.3129495259809247
0.0020461528542615195
0.0015830091780603165
0.03584457184418202
0.0007107901923782742
0.036692848698761174
8.32779144173998e-5
0.0037399541250408494
0.1652102854060285
0.0004607769698561101
2.397507444530626e-5
0.0035238525006001382
0.0011506216405654831
0.13005190078926193
0.3910704536009849
0.18033933967169893
0.04638868534972767
0.0002738991050268118
0.03695279490261513
2.013988072193031e-8
0.0013214018694934651
0.04115054393945286
0.8363622460342848
0.031103751776894163
0.3481578201376102
0.056174464762622556
0.002547287049124075
0.4392463509968545
0.00031316820575555843
0.004628513881639819
0.24486780971509306
0.028958395387183686
0.0025745219071933974
0.091109184312046
0.05567382000417438
0.32837052038047493
0.0721459276830084
3.507830326226258
0.04102659090847348
22.93164145785768
0.0020957064230056983
2.0327507570875447e-5
0.03910021743405612
0.0018948502509633573
0.0009127986709585126
0.003957813605586088
0.005265292719960553
2.241608924180471e-5
3.909428634295977e-5
2.8448009836551454e-5
0.5687468900300366
0.1918218830877379
0.05125385060134574
9.846647535345196e-5
0.06897664518455658
27.811616215653583
0.07052425184885167
0.001055751854316334
0.2857874446545979
0.00894087199091479
0.01713985359315997
6.685064809962302e-7
0.5830410947794881
3.539810766571618e-5
0.0003546595308370895
0.01761904080358078
4.320909527884711
0.0020010077546657452
1.759604467935361e-5
0.4580002810576513
1.9395556402613538e-6
0.04882358399636112
4.373285152862349
1.737719685220566e-5
0.0010209629932779105
0.01396128183638648
0.05094263910629564
0.12144523128688496
0.00459812600333513
0.32004775640477845
0.0006822116872383929
0.08447379806425952
0.001824102495612354
0.000247181833220762
0.01920166422462644
0.24944184900683133
0.00019210615439972168
0.06200060616219436
0.0036246533943684617
2.0194649628137394e-7
7.386356604712106e-5
0.1767453816416551
0.00066470063606635
0.008527476805434859
0.012291687990236451
0.013306018900507028
0.40539225549103075
0.06620046176823345
0.002144442731431976
0.015043280353320684
0.01079878362803787
0.0091294482677422
0.02687885400861537
0.10500849228925946
0.00021291620986065712
0.04532718030296753
0.0003986099058841337
0.0038047354231410626
6.064720506239298e-5
0.0035028399968914012
0.00967066880886251
1.0
0.0001382993392572687
2.4105436457386435
0.001349541252792804
0.37868657816494683
1.5650522677688237e-5
0.012673517074693937
0.03767044639207829
5.9116201294816645e-5
0.01564532673894763
0.017475573696122407
291.91028996431413
0.004587331985762284
0.00017104518870735257
0.000488815424722099
2.34694669336518e-6
1.7458995741965204e-6
0.014686290218094504
0.002224911553769039
0.0009784161364865603
0.522500225145951
0.007915138747701356
2.3123661868482177
1.4315991258939766
0.00010277718227197983
0.05447000091059426
0.08919225027296618
0.014864201110429326
0.0030665877231301473
74.1498319565568
0.14194041090802892
0.4548870479496915
1.035113003950669
0.11303212767531295
0.0026572303978170194
0.048850343084781714
0.002022139459773148
6.2228411010264475
8.065603966591713e-5
0.005624811742476578
0.0007846671339100379
0.04389827015469466
0.0016437465953224038
0.01021776983969113
2.131260296768409
0.29049015152319313
0.0036901012597931842
2.971883046755473e-6
0.0004894108936404049
0.08564127095707007
0.01977322538737481
0.04350344463742242
0.21427037719481926
0.0010671236221283234
4.171006135539509e-5
0.02911435756741801
0.0016341062845236173
0.005789559590612096
0.3876651028201504
3.437179925153188e-7
113.15192328634753
0.006345155441299723
0.0035499704752425454
0.006544657479775279
0.056177107540659646
0.004714755153347975
8.82282394440467e-8
0.011941117162891809
0.006232220314559247
0.6908641846537312
0.0004407183684641189
0.04100728059750949
0.0009350561861276547
0.0061158798075046095
0.0031332338204711208
0.629519784922246
0.28244221001633485
2.2524915391442786
0.00026431291876523083
0.01220744196933951
9.735859457900569e-5
0.00044929942413387245
0.006432488815594999
10.33879952737622
0.0004414063819832146
0.011866971223271955
0.015301493203891256
3.374536583437052e-6
0.0012224008705885726
0.01136749461147409
0.0005814721594040091
4.1487773971047216e-5
2.1686489703640057
2.813173570172496e-9
1.8588367713563275e-5
0.001232861250337971
0.0003908472628945764
0.0002152616821122777
1.0026971080550717
0.306155871588245
0.022536220098417534
0.00246201936631092
0.0038203053446424044
0.9666328709343038
0.003014407000825946
0.05169810403644166
0.005202862093056865
0.0027609108434827638
0.0002725371117722444
0.006247583107650003
0.0004972195631428713
1.6242558785717856e-5
0.00019327649521308352
0.00017218050196916344
1.4908532050120807e-8
0.00011573134869280173
3.3001081876064866e-5
0.016472594164437557
91.50495202171133
0.010916390627225043
0.002324300343210745
0.19789759428233153
0.0009740780764755048
9.913489013680948e-5
0.00031524483063799665
1.7878365847942075
2.538869111110423e-5
1.364852409792841e-5
0.0004501969794041032
0.07372472305870248
3.925308714190214
0.000823352462672953
1.6950662111102712e-6
0.0017546540870988425
0.0034610025218256945
0.8784026083034054
0.0007549761441117585
0.9329827606564741
0.005273536383170395
49.13919442447505
0.0035718347770262717
0.002543709365018822
2.24576818144482
0.06879404847124508
1.1137604732413289
0.007548085862134738
0.005031560639028969
0.0340227116833057
0.00045123341617269873
0.037927112245227886
15.028840539652021
6.611069939639944e-5
0.03920284906215914
0.0006678571685132507
0.041650575517419505
0.00449744647691041
0.0075073836105078425
0.001394865908262573
8.632637503577936e-5
0.00015516719579010852
0.005433616903433825
0.00031696677782469215
0.429774643034734
