2.109593249808401
2.2850245562312588
0.3232570844041832
2.460943261596154
1.7610986298970265e-17
1.155886873532181
0.5260434511488293
0.05057824444182863
2.933431873711369
0.15433400004797299
2.3499167132771968
11.977402801256972
3.2171517353340184
0.03390028635098125
1.797027664282646
4.865894767383531e-19
0.06863084919624976
0.12341925780257071
1.232566287305881
0.11587626481207348
1.0066490885390846
3.3476148551224167e-21
3.3438024338899486
0.5668761102149062
1.3137381821521954
2.089530012484941e-18
0.2075591989556605
0.42079564114949924
0.5266312879042339
0.29868354683400156
0.04302110365057448
0.10987266498513913
0.2021255716942821
0.714964147515142
2.425086237918643
1.8731266868246208
2.6248823289624212
5.354000229173437
0.3044439398622145
0.5198950898876291
0.5086975511446276
1.6647969430448
0.004437728429721437
1.6817759610900704
3.869343144107809
0.03539878959883431
3.2634197956225344e-17
0.05080837164847828
0.06902954960433343
6.728393929850966
0.7293255258559659
1.3722771497817496
0.5698970456187884
0.0139614276150763
1.2785903004545166e-18
0.11617412362025667
4.584785593285583
0.3083739924278855
0.7567000000173525
5.25471248153032
1.2702563488222038
0.033724386234642745
0.06595389455674536
2.9241789140978294
0.011775246400740064
0.1911144559926201
0.006022823521234118
1.9307505475353095
0.002533747837332741
0.021783621326704136
0.19686311535897702
1.1890782800952802
0.0005427765963914114
0.6783759904499735
0.733578708768273
0.5026582616155132
5.8785678401533366
0.5146881507446058
1.7046463169068973
0.13822015068971566
0.44059394329803103
0.05279226306108935
0.22087459643170923
0.20640429995861817
0.0082874332266399
1.1822472974125882
1.1961698415401343
0.013775153352443016
0.06344534822467876
0.9492862590571165
2.7898272334658105
0.9752445943052815
1.2196626994705757
0.23692457770970937
0.34230424117811925
0.03685975564240617
0.20626726131297862
0.0365448266343035
0.7885765415509292
0.02777923055938455
0.09438015362502361
2.440455729643371
0.49086092614708465
0.05087956850730053
0.6623714794759523
0.5709091188546636
0.8527802431850372
0.4483159303864108
0.0038415113181826275
7.676518315731483
0.12870860206317383
0.34375903314671563
0.014392198893551285
0.18246747500064675
0.1677530243916898
0.21388684484835274
0.1548692732514202
1.3260590611378196
0.004579269457811677
2.3156432197467088e-6
0.24231945797810325
0.6406523965504307
5.876936268304753
0.19443100354833276
0.03727968668118219
0.018136824829393387
1.3509938213796995
1.707321687954634
0.15099467365462685
0.01193239719794431
0.1667966945281268
0.19592270949765153
1.145549424157631
0.9696212500667598
0.2276729174801562
3.815886290869625
0.7557887913144888
0.0006716931914905219
0.02074436499309745
0.005979554219992178
0.006271733759218609
0.7970281731999668
1.4144846979340506
2.2108367598237617
0.14092843952155884
0.27342496953234163
0.015515300872067577
0.11882948779612712
0.7283958706140512
16.91826746280868
0.7936874537353267
0.2327012570412985
0.025970826095403205
3.093853047404044e-19
0.00932989960639078
0.0005370820120214494
0.0027308277122251733
0.5402092238384911
0.49321343898855835
0.7844048378275436
0.02821605970958762
0.7125428675504915
0.007853073165198508
0.03383937330174893
0.7921269948953494
7.035721404623679
0.13193333632036794
0.022364068536993062
0.019129302271293322
0.0027871516355941427
1.0730470514479675
0.15199924289979944
0.6189028038385779
0.0003517947975151152
0.03596379071257209
9.669610517097522e-20
0.026891551453730744
0.8383119063676675
0.27407375550199603
0.19895477063711686
0.02189687927870538
1.9782831626989902e-19
0.11341419978008524
0.0200745579263632
0.004753154789670096
0.15282052885567554
0.15679523942231427
0.00020096497940114778
0.008326049793386222
0.01618242058648703
0.0108224929394103
0.026748191798238518
4.413967882758036
0.002556746411295146
0.00039709908106382816
0.018306753611563448
0.02251109538473893
0.15412962617025483
0.011185032491337033
0.541540646825609
0.06583058292704362
0.6615915031669133
0.00038343843614898184
0.001378538115886367
0.021882576931199434
0.27915208638152567
0.0018840265478292726
0.020068882722049933
0.1616436443498567
5.431241228664405
0.1737799923883048
0.06128412076207615
0.7377665393615737
1.286786200512994
0.0662750120703415
0.024526389840543988
0.20112682934352213
0.013905858609147208
0.0802583105820917
0.005284857854408163
0.5584564163276122
7.26292567697609
1.0644794320969138
0.14061156119626483
18.21052657778949
0.013911240444491659
0.3778058583131153
0.058889343624099665
0.5887243292002443
0.3310604856992263
1.0648280468223365e-6
0.31968304817707055
0.010436982138992173
0.009574549245607859
0.11725970103355282
0.12562037990918246
0.012352197551482477
0.0011338128589246795
0.09940012226179719
0.04484555963257154
0.1760449298792904
0.024770141127919
0.07978429644930513
0.8885187132817547
0.07407698870362159
0.14057664987882335
0.09150383385863886
0.00021721867245567101
0.14825147965207486
0.3553502277381026
0.29899793501146454
0.042291732609227015
0.7663074813575188
0.00040350167429639727
0.004752475657252425
0.3044133272336155
0.5437255828396206
5.255145742994125
0.06952824537434402
5.522454520473205
0.0057498994027231866
0.004235346259217972
0.5863666749621144
2.0474518540121456
0.016302377274704273
0.002135078801979875
24.713639633099064
0.003293025144143649
0.05792856432742216
0.369111041352113
0.42114072189407
0.04289041924551802
4.54842000283374
1.1665158536412317
0.0002787313884970424
0.0007390510918258639
0.18585897818086078
0.018661061372713998
0.001933363150734589
0.0070906116572810015
0.147328829360962
0.6137723439261851
0.07443342130947177
0.0023807538765732842
0.2439703577962719
4.399390619202542e-5
0.13282821150565802
0.07687373249299756
0.03318740730489566
0.036474720193997716
0.02128619964819943
1.0639649434809737e-5
0.039121511756226406
4.821668725832974
0.1824967639024808
0.04680671121783287
1.2931602649008946
0.003213363128959342
3.8901926068839515e-21
1.4852398231082224
0.011502682909465581
0.025977070066627996
1.4362001219896443
0.0066046958060562945
0.047306838666373634
1.8881608267986877e-5
0.09207028988208649
0.04227366509521996
0.0001633061747701207
0.018026937491915467
0.26944825778199116
0.01843203423646229
4.498555529638447e-16
0.02487722617642953
0.07858910523806611
0.00930168667027614
0.00041883790902327774
6.468507416879488
0.4458691702115737
0.0017023809765675342
0.40130466906597395
3.8249776576151345e-5
1.5460228885393655e-5
1.4894084795422082e-7
0.1358388581779887
0.07939360655854824
0.1443897544514542
0.03331103520503671
0.0045330783077341084
0.02474015886847564
0.007449670235325947
0.012214893798993648
0.006530798718782317
1.200561423935831
0.00019108686589508145
0.20955730718322366
0.9882314300273329
6.550003293887935e-9
2.925805468612402e-11
0.32350470826836764
0.012934706007788812
0.02208859000848351
0.5576792201309712
0.03654426863321492
0.04243487348686018
0.001509357737926184
0.040912626878004905
0.0035259125516469156
0.2783999293655006
5.04989858669245e-6
0.18592612437720588
0.013440004268134494
0.028109020138181305
0.0002593557865658623
0.008876098724759644
0.018898685040949395
5.82931520053604e-21
0.23922883399662556
0.26019225690913533
0.003258309261843112
1.6858215954824112e-6
0.049452952503919824
0.1572450157293895
0.08407269585611081
2.156949526980049
0.08103927599691232
8.570507091263252e-7
9.062338224729484e-16
11.149288240331488
0.24295698469069194
0.4099311759480844
3.837435612037167e-5
0.30059184687187274
1.4527641549820696
1.4025685018928582e-6
0.6386977555452465
0.0007062755548730221
0.5885919226045343
0.0004913944210487575
0.17196241525401781
0.022946948938899328
0.021392321287504706
0.010518577490999397
0.0283494018746472
0.2128462003555998
0.3552179747270156
0.034136906587867666
23.178299198624885
0.008313857181171804
0.05204587297047561
0.01588552176108344
0.0988073544341551
0.0020354532701316003
0.020841326851545515
0.01318093739612014
0.03462970682032153
0.31340712120785874
0.013513117179950865
0.06296240852448319
0.2576101789541234
0.011063017750362204
11.936388419843826
0.0009780567750959823
3.4310408038774156
0.0024956982830335625
16.399288675096216
0.00013062022368371995
0.7035207596937788
0.5652321617419198
0.16111978255428894
3.402398317905771e-14
0.001455675918770354
0.3588695249669175
2.3417924071351215
0.16966828705251105
0.006575730523764307
0.1784879784612386
0.06913794067210763
0.0001447769860524428
0.0050252060581269685
2.4663998627200014e-12
0.03226334481953785
0.11777209843852365
7.126164939014436
0.020582649968125064
0.004606351621994376
0.18731541590905362
5.0440357050956335
0.0020332255087936084
0.003581727877061872
0.4798353370093039
0.034988962569546096
2.021230195038548
0.0010223615485921266
0.0224351804443878
0.006660230311282982
0.6911624031579201
0.027157966144721133
1.4532395253131183
0.0010136255690953758
0.5515243783812392
0.08383565274640757
0.11507060951069413
0.0008805587014856283
0.05519640919825655
3.2183316557847212
0.27523115871187953
0.05340804336667065
0.0035033204051551333
0.00012445639906796303
0.19672174166490655
4.3078117994911075e-24
0.06586991675156378
0.00369933221527158
0.00028200551815919534
0.05072533669770907
1.5452142559982462
0.001485832288054001
0.012339677495315967
0.2584144298335246
0.02861969599102138
2.897697976120194e-5
0.030252467740853512
0.0009709448466706356
0.013637730476536504
0.0004433979893743576
0.0005390239676062173
0.07670609222913391
0.05936697835852497
0.012801135452701957
0.0002518229810746896
0.007326179677277649
0.01369631278275956
2.5791962364594604e-5
0.003020119459065132
0.4148324796665297
0.0016765623911684045
0.0004826096610821058
0.014101930369832809
0.028961482275242683
0.04934925568129082
0.00019566984537884122
0.02141962102513017
0.06271991447470472
3.24331635889021
0.009105626887967405
0.2026472347630827
1.821707436588643
0.039785255900180505
0.5915418293186363
0.042018295026117064
1.6545396511978658e-5
0.0033392047628420705
0.14901272547528732
0.008323427840814792
0.9937816132635331
0.14743405963000691
0.0019215465575585303
0.03742708294360044
0.00023566356827350244
0.001963638696710897
0.05408221305745998
0.21768258580709102
0.5175929943338291
1.5178755075583404e-17
0.5467275091936215
0.3404915398846294
0.5455679067829065
0.014275821521242777
0.00026679477200790427
4.9901934192071555e-5
0.0014913700777806757
0.003289683265687479
0.028401435938012632
0.0020217372390516596
0.06041747805642657
11.0600887070412
0.025703303460213867
0.22173141192887524
0.009301396117785422
1.2169629973587295
0.03650185182283117
0.08783501458290252
2.7867240756867707e-20
0.11265524758228668
0.7619666209572031
0.12530733703481847
0.000992190381045769
5.722951663592571
0.0054974816470372894
0.9119606071535176
1.487867236479073
0.0030757037515934493
0.3229335201667374
1.3150456773672252
0.29335375609120246
0.002204953178286078
0.06020039802847557
0.0010835162124835944
0.00017338020436059634
0.04423736541137806
0.15201433236123416
0.1983660174042504
0.11183666762665222
7.029932993514895
0.047459022985330696
4.761336379106291e-16
0.001256024579255154
0.017830903042619854
1.0
0.38154053731738513
1.0535665461399588e-13
0.010623393465304847
0.0011119528348999001
0.001605561578026742
0.04575125336905647
0.20810637888074915
0.14398643594120383
0.2496986030544017
0.0005728665568001204
2.407271848393722e-7
0.592813118321715
0.39200013829338104
0.0026028868457654863
0.5995900014715972
0.0779275132712042
1.5531295175710004e-15
4.336712353687556
0.004392100669256573
5.059324356237281
0.47778454552868554
0.02604085657611684
0.024551090001691797
0.03512872745115106
0.03576624153496253
0.007374732153881774
0.014028182297793299
1.1702659986136004
0.0025113624634586274
0.06690542679125516
0.004415575163398432
0.003293428989079473
1.151201532622474
0.0005277641122114386
0.0001646214893780835
0.002260204190188551
0.26840131831739206
0.0375542236338127
5.6163337821472006e-5
0.00883534161214021
0.0037336443362960513
0.0006730720943651489
0.0015363369390786557
0.004343464014567294
0.0013152159738340275
0.00023684346680555887
0.6392044761544017
0.0064514858242843
0.01184389470110889
0.015319287809641997
0.015559660718977733
1.961112382420355e-6
0.011006568230229727
0.04386519559586038
1.4545120933316444
0.029156448406732413
0.356475670247254
0.06948803133010689
0.004302772649113769
8.426467906193334e-5
0.09819372642160255
0.002081708516405604
11.727749692369883
0.004373862275398326
0.2671868205385003
0.04038278891829326
1.2099514327519795e-5
0.05673398884122805
0.12455262326821664
0.0030777326821082984
5.639731976217647
0.001369613446906533
0.0008598253619940356
0.7725660705907136
0.017032399250273975
0.15406385179820328
0.06309644860153442
0.006900359596019975
0.017672053653155793
1.4160328971505036
0.08794174959799789
0.12525588461387197
0.00010755981087563395
3.754390008446098e-6
7.286708678540198e-6
0.07892691265422214
0.011641018278811406
0.008641649844844966
0.001743445206192704
0.004595972765771748
0.2903633964023313
7.496648298215376e-5
0.014249480550579707
0.01692206268707974
0.030449762741332546
0.049279293509216934
0.000586404967757217
2.5824578246118447e-16
0.0003868603275287803
0.0061049352689259715
0.09659668603481378
0.004345414875038717
0.3146115775767515
0.032441328132605224
0.0005447686524402755
0.09322125708038428
0.005089855331885376
0.001247084844215389
0.08842855844790008
0.5767846781850726
0.12399097943065979
1.0
0.004985500804649841
5.715982999516312
16.46237702929173
0.07723754648750504
0.016286855103346657
0.7298839661225192
0.012337709507027592
0.014547145752748392
0.00043160289032034756
0.019880130757705713
0.0013180626159460538
0.011732630837482695
0.004089891244915461
14.551695678705084
0.14758564492731324
0.025770337404755168
0.010637507104904971
1.0
7.753475036672395e-5
0.004119990312086574
0.8075959288871692
0.926150998716119
0.18939837817798025
0.0028509712453803604
3.0852346469631677e-6
0.6235644076292259
1.55562912092178e-6
0.00014044144697342037
0.41394956136637723
0.2113549416885963
1.4103253005079999
0.00018911442395619753
0.4050427604046973
2.757503661848661
0.3176991083351315
0.6863637789306324
3.0765133579695125
0.015043313813150203
2.828523037735775
0.0008796752621680731
0.26763554103733556
0.06595441239933147
0.0003651018491120066
0.006203859724150015
0.019890891231964008
0.2608860445532095
0.05142900469123164
0.0010797026914262345
0.006711087893437432
0.02613507643625305
0.11130288176987767
0.013507654998010038
0.02954385300949262
0.36392406524437565
0.010408654426817706
0.021300053857706596
0.1770422999841334
0.02305456700991282
1.0922317422025042e-5
0.04024195199084566
0.0016872458174680945
25.689068379826764
2.255757450348104e-19
0.024903491469449427
0.0551675572953611
18.061527674979594
0.005752866254537441
1.5503768525006276
7.856720689903429e-19
4.440972332208234
10.970819978921625
0.0008634560097640576
0.006645967759047523
0.05695295529452848
0.3927784810395693
1.0
2.5117495593475714
0.15462895902887755
0.016109586712009582
0.014480701772694534
0.9789375914549184
0.8187747644246312
0.06963103924974759
0.05279586384953158
0.012574424506479604
0.025541785127265383
0.7118133336277332
0.04328393135673435
6.983915148690104
0.028112018681001463
0.000562311766466313
0.024517322940111372
0.09961144693714627
0.0517759904662329
2.078620958817222e-5
17.775953460813827
0.0037735684568443806
0.020780010250443348
0.03314070382370543
0.0069245069843553945
0.019253919367472012
0.0002537711476875185
0.0036060821439426894
0.005213309126802119
0.5675785842119456
4.358703004185135e-15
0.04235772347698972
0.6503371611881785
0.025554011556385477
0.0028129635625180867
0.0008461037956934482
0.010854894204861817
0.039501938334278994
0.031321351784619984
0.004255902366110409
0.04443039868992229
0.00010876233386433627
0.028944380089162627
0.0772350664245212
0.01963668256201211
0.013711925611322315
0.0739751889292661
0.31455807893753956
0.00030033823771095155
0.0004673502161934229
0.00030099006049081874
0.12129817406701526
0.1252415859682173
0.011738301590072992
0.018588403085055348
0.0007035378904851858
0.01794947202600542
0.4021183200688863
0.29493390871416264
0.0003051976330190837
0.1724032682571589
0.1722684456834036
0.14799805786496378
0.003003792500554363
0.0004950657422877298
0.2646390709524957
0.030121880460751507
0.010587385429199406
0.2559493580411439
0.4573494308814156
0.06907293816926177
0.016219320596369706
1.3282829267398448
0.007414982168490427
0.0010337150906007241
7.800199308768194e-6
0.0069993664085249395
0.7668328944854998
0.00955876255845229
0.0466819198117684
0.030672263962484507
0.15901044374537118
0.3240781985457731
0.011212711867190113
0.0314428186635089
0.034863951795289845
0.00014846583905217967
0.005516371111083995
1.5751152832535034
0.7530188947293687
0.04001713288485237
3.468743887541583e-15
0.047755237901615455
5.759772201342032
0.8668090993767096
0.01926795523046898
0.0011110892233133604
8.557370721395454e-16
1.7164709567296725
0.009834677790898881
0.016521716309371888
0.32425849261739936
0.00021294283066908103
6.736758201476404e-18
0.12095247878064237
0.5029807192305039
0.06443978144748387
0.060220737489860454
0.5316303630479139
1.0
0.07266536667092723
0.0022716735466871444
0.11694878092839396
0.6076543019016616
0.00017848698622005885
2.23292333766257
2.0864531307730987
0.04032906007175721
2.355538360139389
0.0007624508669710874
0.0037516651363106203
0.010571885026956253
0.05006272246024234
0.015410039504365914
0.0004223285763320714
3.778828855096866
0.00026356064151975673
0.001883382198542179
0.049936422579425814
0.0961142533351086
0.029102907072994864
0.2660631643959072
0.019787422432812934
0.21533688657499897
0.005793705912786261
0.018166208211916446
0.0003929495602790976
0.0003798092787839275
7.343782875393767e-7
5.0490053696561485
0.035577780098298054
0.03269074367050775
0.19658942334326246
3.772300982690572e-5
0.8599209420718322
0.003505117734907247
0.010191924859432426
5.3710041242672274e-5
0.00039126819071054486
1.2619913779573942e-5
0.3054123277805438
1.582061269621848
1.9294235202320704e-6
0.041149215321231135
0.6863904777850501
0.44179669810486116
0.012340786890649403
0.10556560383726261
0.056795955907341725
0.02261045321408941
1.670836973151541e-5
0.023595249990815345
0.0006033808326124621
0.07634252771897528
0.06892023381808968
4.898227068920046
0.2563471552389277
0.14132465512255832
0.0020307848900784275
0.04458708606840031
0.08593056551194253
0.005252912731102252
0.0013317460586022725
0.0015334502365105787
0.006266296799370642
0.0055802994040597305
0.011591596405262396
0.03447324039098638
0.0021182286631470796
0.011870937374655284
0.021179368911064336
0.09873712605858248
0.38099894995426975
0.03217577884635373
8.658740704681584e-5
0.026397431534822286
0.11609582971717365
0.030509583852212648
0.018478868875429533
1.0
0.028491704865068444
0.028227419436217503
0.06165583826982315
0.17084190539832655
3.513400318406536e-5
0.002302087458038109
0.009068754436405157
8.965558454992881e-5
0.010381471226376967
0.0347131104475469
0.0003234299695069012
1.0
0.009353585176478675
2.0756810455869
1.3446331369067108
0.008471624681623349
8.961698592656848e-15
0.007841434400067702
0.22170235694911747
1.2308827915675227
0.48512824816367806
0.020224410814427538
0.9688374605717631
0.003547012414409293
0.22342831972749566
1.3885033090963133e-5
0.1967135800566034
0.031887697743699386
1.0
0.022016890573843477
1.4712198677739285e-5
3.342613972550615e-5
0.009443081894797933
0.022913679951372203
0.00731997686404646
0.01551723966468224
0.014202632527213549
6.406687906533806e-8
0.0846676320013915
0.6528826283454532
0.001024803554142601
0.005012910265550108
0.0007918938587472715
0.0009151872755277959
0.020340061940996204
0.0012724776293673563
0.005885981359201972
0.06181942010912232
0.07927456223928409
0.7986513483763554
0.00019831850008920364
0.04704120169331542
0.5188879485612041
0.00017198395640773744
6.274699543908712
0.018354719333760646
0.0009754186477584665
0.01216985672786137
0.49502734049254127
0.003823696553085668
0.018097649465050672
0.00043590214166021037
0.08910176649254867
8.645013263993793
0.0011774337918104886
0.009384314893963153
1.8655336058435993e-6
0.09858905681250335
0.00863800562107381
0.006235324421920111
0.078677567889787
0.005437927740611746
0.04454823987616192
