1.0142283664606959e-23
8.591652251154006e-18
1.173416231039933e-19
1.8765158499917646e-17
1.3687450988406192e-18
3.962437591318371e-22
1.067879437686901e-18
1.2778992718575448e-19
2.570323643121037e-19
1.025704754196628e-18
1.7850576410720606e-19
4.801766435202224e-14
5.1406574813905e-18
3.7569134514712504e-19
2.218514370468557e-19
6.59886689770445e-20
1.4131977327445138e-18
1.2351515864607531e-15
6.605155357036822e-19
5.402450951204158e-19
1.103748016528667e-18
1.5585997684507225e-18
3.366640614678349e-17
9.77759983679059e-19
2.291863017482258e-19
4.913036284873206e-18
1.0677851714731874e-18
3.0028840788326135e-17
3.006137373146393e-17
6.635913357164174e-19
1.6719451773888195e-17
3.2848919831123806e-18
3.1096609463977765e-18
5.3161173738572344e-24
1.1679193331888293e-18
6.98733227646692e-17
4.569294674812712e-19
9.602319444716912e-18
1.780825556877886e-18
8.770549087272886e-18
1.952097890831462e-19
4.4091240924628635e-17
1.9577230282286649e-19
1.277217077673689e-18
4.949630730956846e-25
8.484914666462505e-17
7.374715520276834e-18
4.818745188924722e-19
9.60498639529006e-18
3.417286909274496e-18
1.5974044126958973e-18
7.344753224027437e-19
1.529646901192098e-19
6.576128990394916e-19
3.010821169548744e-19
1.7861467038634164e-25
1.435522848233256e-19
1.2875612784918832e-19
1.550186003080817e-24
3.3567265005665702e-18
3.0090482417280624e-17
1.563367804578231e-18
2.362180285808913e-23
4.1881948536971887e-19
6.732288771043825e-19
1.0709517364027845e-18
3.3983968005238486e-15
1.962411641881671e-15
2.446247041749311e-19
2.253471344277403e-19
1.201361361847353e-18
1.1599691354076837e-25
5.748841548218085e-20
2.284042094689806e-19
1.5366647074206727e-19
1.226749245764972e-17
3.994375171361617e-17
8.025592775413503e-19
1.1774630078627905e-19
6.65414616704545e-20
3.5324814067407976e-18
7.6129196027126e-19
6.8688813855506296e-18
3.629851935025662e-18
8.106939804564406e-14
4.790424704419933e-18
1.0385050596735032e-16
7.28952402350763e-17
6.557399704963113e-17
2.5558234345123426e-18
2.493372308229571e-17
4.127057376905963e-19
1.3987585248558824e-17
1.1855133972340716e-19
7.27062613579152e-20
1.0908044025442425e-18
1.4394939477227894e-16
5.14221405591817e-18
8.045721859447052e-18
2.3369575285772747e-18
1.2586728891140067e-12
6.308172756048223e-18
1.7307131100497734e-18
6.80716650373829e-16
3.2784146036642505e-19
2.069142931934938e-17
6.71673316400609e-17
2.37928892462997e-19
6.097964255207718e-17
2.4255101391125483e-19
3.751813596417792e-18
1.7656617471066723e-18
2.7063924010623945e-19
7.72289959618421e-18
7.576550452204003e-17
2.8971260369042746e-19
1.3922394311898205e-16
2.0859974548966663e-19
6.725561770860569e-19
3.90145437719099e-19
1.667243837841521e-19
4.179875775174763e-19
5.282184011433184e-19
1.3318490209972937e-17
3.325608838662485e-19
1.2645102690371185e-19
3.7083488235495375e-17
1.6848482479925624e-19
2.749316386282726e-18
3.711695597463396e-18
3.774838947153521e-19
1.0616531577225239e-19
5.327530158003074e-16
1.3528411747977489e-18
3.2692316467523885e-18
2.782949588082355e-17
3.2427236899215487e-18
7.891061476938141e-20
5.3306102265219015e-19
2.8749346862236795e-22
4.979111698814541e-18
1.886155147885707e-18
1.336809413857384e-19
1.145415907306001e-18
4.3047339799317286e-18
4.696417438811441e-18
2.3065840353389826e-22
6.236641355116312e-18
1.446056167009677e-16
5.072736289934062e-19
3.5672243167461776e-23
1.1572156142293567e-22
1.3504729658006969e-19
4.434381965494245e-18
3.5566683392922823e-19
4.167141210131258e-19
1.1767761119515964e-19
4.849441238673148e-19
4.342341438577613e-18
3.2988903075697136e-19
2.7737342130945815e-19
9.53595029537399e-19
1.0832918964560257e-18
1.7822630181070295e-18
5.493466649646024e-19
5.857584329324789e-19
1.7244236711986972e-18
5.170733549100574e-19
2.826880949224539e-17
6.551785724023424e-18
7.012333389705906e-18
5.064889186353371e-18
4.5257839414184175e-16
4.0014900451496405e-18
3.476493717769594e-18
2.5361230679362103e-18
1.1550238875840657e-17
1.4238986987205725e-19
2.0650003415689174e-18
5.4365750810466996e-18
4.581349693333304e-17
1.3130417488036667e-18
1.2393734679994247e-19
2.8776739463391616e-17
4.563258899575438e-19
1.190424792138402e-23
7.000662215220895e-25
2.389497117484962e-17
2.113000979152683e-19
4.132874845801498e-18
2.5323150713600412e-19
3.4224732365437284e-19
3.471213253220742e-19
2.4936442211802093e-19
6.254515637369632e-19
1.7296588536057406e-17
8.780585072630431e-19
2.733146698312585e-19
7.436471173236198e-19
2.44798017325103e-19
1.1243856545821551e-19
2.6504858942360734e-16
1.1762405873885493e-19
2.335319136243833e-16
1.294372431746537e-19
1.3357776114571053e-17
7.033562007297815e-18
6.781538670726996e-19
1.075665405204975e-18
2.144471963326772e-17
3.523830007831725e-18
5.472987078106793e-19
2.8160013660217667e-19
1.823811643149627e-18
2.215059297413369e-18
2.8920384375294902e-15
6.410194803338391e-19
7.668204799182882e-18
3.9849571216492708e-19
3.049987898751466e-18
3.74878447492856e-18
3.950805416399916e-17
4.1301043264769624e-18
1.195837718313607e-19
1.5251070480581766e-19
4.7107926298277574e-18
7.665832564565541e-19
1.1494852624493123e-19
4.2554385200902994e-19
2.0746564499916408e-18
6.892688119054427e-23
1.6392603845529591e-18
4.286368198959519e-19
7.082490281258718e-19
1.5204635685814963e-16
4.213825997566784e-19
1.0021952559005936e-16
1.0908670878789502e-19
9.86624054965759e-19
2.2392667788590735e-18
3.657470648043016e-25
1.5314100694468466e-17
1.5284920278953644e-21
1.3874745208889769e-17
4.63047096589248e-17
1.7557158317015372e-17
2.381465389945624e-19
6.669829085106674e-18
2.1279135705984266e-19
2.0934053439642448e-19
3.165995397585039e-23
9.81475612803416e-19
2.2400592909655903e-18
1.2292200610775586e-19
4.5611537209358027e-17
1.216751424364472e-16
4.32135048206223e-18
2.3456079493885756e-19
7.71122039956024e-19
2.5048468401542525e-19
6.461822358284313e-19
4.223433960643666e-21
3.1270749353960792e-15
2.5895362754789172e-19
1.4465712136109245e-19
6.282863676440424e-19
3.989381050205899e-17
6.7052116702769454e-18
1.0897009359672693e-19
7.601305151677928e-19
7.815737809721837e-13
4.149662733949905e-18
8.008620139958439e-19
5.735900934286628e-19
7.770823294849779e-17
2.3139756804817075e-18
1.2562743501815999e-18
1.3474716406069271e-18
1.1117106473234274e-18
5.313154736697234e-19
5.501173284831119e-23
3.4844017408317945e-17
7.68030357652043e-18
2.3109728929541247e-18
9.034089426621342e-17
5.1767733768931504e-18
4.955221461484286e-19
6.280048105533227e-17
1.7569244023628994e-18
1.4607099083928276e-17
1.1183101801956566e-18
3.4744743803294405e-25
4.83268087093355e-17
2.510988847254783e-18
1.3863863203765212e-18
1.2328398800408938e-17
8.624897970197781e-18
1.4990390118249775e-18
6.091245161846221e-19
2.1597663598557424e-16
1.845199638798183e-18
2.468040257524853e-23
3.7861363966498366e-17
1.8387645134219623e-13
1.3752577876456427e-19
2.097557324269295e-19
3.498912995331241e-19
7.859006244905754e-16
2.3747890793579467e-18
1.5833647474044116e-18
2.45354470547236e-17
3.2935523933974884e-18
1.726045733239792e-19
2.035457343091167e-19
4.765272975972459e-18
2.3281011931680457e-19
3.923448935000298e-21
9.322129905579285e-19
1.307969203188537e-19
1.7621216899976344e-17
3.9354070225098355e-21
4.3536544920651336e-17
5.1827534355248787e-17
8.022752038731714e-18
1.0574563348809726e-16
5.414122929212708e-15
4.2799101329468176e-19
5.379461626437756e-19
7.954418276088666e-17
3.2801579199909184e-18
3.8859982797462605e-19
9.80728015785768e-20
8.19268888399075e-20
2.8346623766159836e-18
4.1170620392792185e-19
8.020207569322774e-17
1.031550406065499e-18
1.9724478512043845e-16
1.8922469839326503e-19
8.457833675630997e-20
4.688367663766401e-19
2.578107750431538e-19
5.2870769888169836e-18
8.845790981492704e-20
9.048114353151069e-16
3.275531501013703e-19
5.194939605626717e-19
3.931146781549505e-19
1.667417318373455e-19
2.570775244391745e-19
3.3293808208424182e-18
1.2738166308833365e-16
1.8083430202994863e-17
1.3509794061876022e-19
6.897882694785364e-18
8.331470219789274e-20
6.922445944898631e-19
1.1407614630725952e-19
1.4653283913572399e-18
4.1941856392855846e-17
9.406318644144381e-17
8.821828808304934e-19
1.6906658767027306e-21
1.122529540192783e-23
1.9774769476216297e-18
3.7605951442502446e-18
1.4721455606592418e-19
2.2449330994301597e-18
2.1161131111837586e-16
1.768882693971847e-19
1.870599573813856e-18
3.4717878442062445e-17
3.3514824153517997e-18
7.030964756272393e-19
2.825300615980961e-17
1.51287903889557e-16
3.96926297121372e-18
9.369984501552723e-17
1.1330658266443294e-17
2.2174978609827156e-18
8.699190870617027e-17
3.1716728034017033e-18
3.2400448085389625e-16
8.346957185702733e-18
4.5210959391979805e-17
8.744425205915957e-22
6.576777729122914e-22
1.0902577136026712e-17
4.993123281507391e-19
7.203331721835389e-19
8.253797836955124e-18
9.529195446707677e-20
9.325594068497877e-20
1.5661954835458197e-18
3.2770983853009063e-18
7.92208862800251e-16
2.984370993577279e-17
9.140210332714246e-18
8.419507954332744e-22
1.3832994821702512e-18
4.399159700791838e-19
3.146407839571219e-18
1.8061441630583577e-17
1.793916155879632e-18
2.1412987929043753e-17
7.187548552175664e-19
7.790093052212839e-20
6.524350543078756e-18
1.0034125242823124e-19
2.6425958845838053e-18
1.1658635680300194e-15
8.42111483454363e-19
3.8262895937961794e-18
2.0992417225019426e-17
6.775969616135792e-19
6.859830557948972e-13
2.538485795693236e-18
1.5736610281913852e-19
1.549131920784119e-18
8.532228233601373e-17
2.1884877355010753e-18
3.6683498173247113e-19
3.2565512717513245e-17
2.394677850868098e-17
1.8583197495977948e-19
1.4478694558705366e-19
7.120234256280777e-18
4.1562422771376125e-18
6.059351465596844e-17
1.927741508246162e-17
1.4294488029350563e-19
2.9436236260870437e-19
7.758246734952954e-19
1.3753565779293618e-19
2.3290854753645075e-18
1.4871882702371063e-19
2.853061821659673e-23
1.5009958392560194e-17
5.215902650466466e-17
2.467487287665063e-17
7.499870301988706e-19
3.078480886690164e-19
5.122684316051818e-19
1.5526121730028285e-19
1.2194190887472848e-18
2.6804086030723503e-19
1.051845319633489e-24
1.3923181640257988e-19
1.0504588785343231e-17
2.046591939820838e-19
2.4933349628138827e-17
3.067862841178054e-19
4.279905878559046e-19
2.2673754284889963e-15
3.311796574129729e-18
6.907327031613079e-19
2.346321952787081e-22
8.783631565515178e-18
5.894971675192886e-19
1.1891601193270863e-18
8.098467784136711e-19
3.7926416485718228e-19
1.1218555948620807e-18
1.7211254401030633e-18
5.655439187962334e-19
2.4435812010669428e-18
1.175727386267407e-22
2.0402861638536324e-18
1.7398802634030332e-19
3.2800103984353353e-17
6.27880930412315e-18
6.257570864407582e-18
1.737257570176036e-17
4.30020743236164e-18
7.419043865424564e-18
1.743583835477425e-18
6.8677989628733364e-18
1.182858082615808e-19
2.2707641001349292e-17
1.8639741688352197e-19
1.7123436733406473e-19
1.503420433659324e-19
5.420450985044407e-19
5.60439413050402e-19
8.52638178084362e-19
9.386901628142005e-19
8.625534748419597e-22
2.8728629666075207e-19
5.393821011915226e-19
4.524754037917251e-19
4.5901500215180595e-18
5.159511036412281e-19
6.394254878495372e-18
2.125005829928305e-18
1.4337587725189704e-16
1.985517065706643e-19
8.062123291716837e-19
2.0609555851120862e-19
6.071859586458569e-18
2.374018536577852e-22
7.832704389398321e-19
2.0306318235253673e-13
2.002578066156826e-18
1.5648198810432754e-17
2.8059186928659674e-19
3.480501652193994e-18
1.7314601907775295e-18
2.6990571052144795e-19
1.8779423430440785e-22
2.408953726487207e-19
1.0914966591048055e-15
1.4628138237817027e-19
7.852867550509447e-20
1.7289282411603545e-19
1.8863481916643722e-17
4.974232257391592e-19
2.3033515119787494e-18
2.2123246274146784e-19
1.7058142318660287e-17
5.148391806445275e-18
9.009916056832376e-18
2.62959738968326e-19
4.873377144484603e-19
1.083508613413703e-13
3.7245142208249107e-19
8.219966680489136e-20
4.6713682487204535e-19
6.8974798256800675e-19
4.0927156913650234e-17
6.612248794544177e-19
3.575984540970115e-19
6.738968698836289e-20
1.3203026722900693e-17
1.948821270730795e-19
2.3146663120895474e-17
1.2117113304254781e-17
7.06634961058159e-19
1.2360219440895705e-19
3.1834771373906255e-17
6.665331486006763e-19
2.8104775976104706e-18
9.70670414861467e-19
2.5552737430969543e-18
1.6421859874240121e-18
1.9560497412014372e-17
1.0602245409735354e-17
1.0381802661684814e-24
1.2366880062143552e-17
3.8237449186029837e-19
6.670248112235679e-18
1.2441924076008303e-19
1.2248669277054818e-18
4.0755232409091757e-19
9.81526804223519e-19
1.4996850248720048e-17
4.0024254545960476e-19
8.9389569348103e-19
4.9669690148716585e-19
2.6282072354673297e-17
2.0076924840728228e-17
7.517335472946667e-20
4.76774814456753e-19
1.834011162417866e-18
2.644616808611062e-17
3.0236325157066025e-19
6.639765225955576e-16
1.652746271677284e-16
1.3449548987017257e-17
2.294147228809648e-19
2.1269827497771925e-18
2.775626124907091e-19
2.8004984159816954e-16
1.8600517673006338e-19
1.4963391247330906e-19
5.947968499323123e-18
6.738438483300552e-24
2.9045719685486177e-18
1.4251804151575402e-19
1.2276106594570387e-19
1.9356912729301844e-18
5.100104952120986e-19
2.707664577701527e-19
1.1005570504488435e-16
8.669022788307311e-20
4.58020535712322e-19
1.1470630394554814e-16
3.1460063214877214e-19
3.412709320933388e-18
4.668040240731435e-17
6.781497327248142e-17
1.838839102231475e-18
5.708910518371425e-19
1.0003994287019885e-25
1.3918948640403403e-16
2.3270525025051382e-17
2.1158973366415684e-17
2.1065759263015657e-23
1.6816891583355873e-16
9.10669745470804e-19
3.3721156568737387e-19
1.4560564848339343e-17
5.541273362035269e-17
1.5819673305057672e-17
3.9641030886808306e-18
1.316730475923289e-19
2.291432349678049e-18
1.1806042237547443e-19
1.2615786076956702e-19
7.507600911565714e-19
1.0084858194951455e-18
2.270737247140507e-15
2.1428864420526274e-19
1.1213332519020025e-19
5.0366269794425356e-17
2.6017259745477248e-23
6.116541917704737e-18
1.1921851235787061e-17
8.531135346508044e-20
5.9203783800642775e-18
4.88302612881617e-18
1.843014801633714e-19
1.825323027359885e-18
1.2019658153992147e-18
9.816019820781111e-20
1.2284181509766911e-19
3.895291965019993e-19
4.564593001944364e-18
4.1712554656118667e-26
5.66130339312841e-19
4.6727528549812925e-18
2.2878697727247925e-18
1.1442625228953552e-18
1.5983404396145315e-17
9.87267900331187e-15
7.863758317203953e-18
4.763982316210975e-19
1.1151445121065077e-18
1.3094264298728105e-19
1.8493794779511963e-19
1.581130576000458e-18
4.551742361616981e-19
2.221535554382633e-19
7.474801535230398e-19
4.1930594305763725e-18
3.046409249945927e-19
2.131280737957708e-18
5.869146479658931e-19
2.478449874857199e-17
1.4718455294709939e-15
1.155648054598922e-17
4.2062309767606274e-19
1.679288313847542e-17
1.4308430216072425e-16
1.507942417340809e-18
7.221321393444828e-20
1.6251123586118997e-18
1.1260778294433946e-17
4.911904287874377e-18
9.450097169384323e-18
5.382156720887303e-19
7.276354149391184e-19
8.676609138914069e-20
8.262572869130324e-18
9.75488253205678e-19
1.5567648978760253e-18
6.477537568381856e-19
7.794359821165094e-18
1.0560178424281947e-18
2.794084632977344e-19
8.989514124381422e-18
3.4481376725978512e-19
3.3381922950858343e-17
1.9851513446928308e-18
1.4602539436036702e-18
2.3918698983181663e-19
3.446874506620813e-18
1.701775700566352e-18
2.4265064806174892e-19
3.8100860499983523e-19
1.3584398664877625e-19
1.1909597049360528e-18
1.9105690865488044e-16
1.570189610512508e-16
2.618040979418455e-18
1.4532869909952697e-19
2.520584555168395e-19
1.0369789145981526e-18
8.84034205711825e-17
9.946324787363448e-19
5.044316899642944e-18
4.663075806799491e-18
1.0468880127832114e-15
9.069566216751336e-20
8.87057526841855e-19
5.339175721027615e-19
8.028458206692678e-19
7.769583693780667e-19
3.691651093304048e-19
1.0414734075801178e-18
5.616437207633566e-19
2.4373724135852656e-19
4.418495427128646e-19
3.2928168875475983e-16
6.771779783168301e-18
1.794940116459373e-16
8.594552007301001e-18
9.450121359322946e-19
9.710657717900761e-19
2.1496125708813124e-17
1.783946711360074e-16
3.4894633448586466e-19
1.4553107081441099e-18
2.3764276008355633e-19
5.065708875233562e-18
1.6233561291717815e-19
2.016662271843731e-18
2.3789758678075197e-20
3.6884290145187616e-18
2.9891457405247326e-19
3.7006452246410386e-18
1.3334646142081958e-18
1.4946104920907702e-18
2.2952403981139587e-19
2.3055009036274e-19
3.140883889669409e-23
4.0022980242059396e-19
6.724277844287763e-18
4.402947933673242e-18
9.456773738267583e-17
7.611329907604062e-17
7.834047941518576e-19
5.759009989880726e-17
1.8525987856382092e-19
2.6973486807306273e-18
2.021012558170578e-19
4.21543128000209e-18
1.8113574057995676e-19
1.956438507203486e-18
1.2880318746551435e-19
1.9667446980790518e-19
6.39962269260812e-19
1.2266416193367625e-15
3.9152189231103e-18
1.210826870620149e-13
9.667517783793336e-17
4.666430945787857e-17
9.269722657350678e-20
1.047045950681436e-19
1.3661134041785348e-17
3.450717745235491e-17
9.81131216940472e-19
8.486976704370505e-20
7.952753133554827e-18
2.5542455914389903e-17
4.402046722268194e-19
8.955809727363642e-19
7.304889711338976e-19
6.529575922538384e-19
9.906031071159566e-20
6.282088770244246e-17
5.498684530337276e-16
2.82298071944019e-19
3.421850699298127e-19
1.1719329888650266e-18
5.1221089893084207e-17
6.460397486507479e-16
1.0115799370334848e-15
1.9339952420588935e-19
2.3774104557743654e-19
6.187792845186472e-19
1.639889326445269e-17
1.9156460115625114e-17
2.185511512252e-19
3.232119420875183e-19
6.084397557302089e-17
8.78445679617422e-19
1.7886267413180005e-19
1.1382784026530856e-18
9.44158689543423e-18
8.988489629647799e-20
8.702518632995719e-20
1.636885244516925e-18
2.2958571452532012e-18
1.7363750491889133e-17
2.0914360691168974e-19
1.4974308984187078e-19
1.4041334431046502e-19
2.0652319133433014e-19
6.783880782749036e-20
5.177207756025833e-19
8.398484915189033e-19
1.477225136641308e-16
2.7945883283937002e-19
3.1508138420632113e-19
4.051635034080196e-16
1.6661884944977176e-17
1.3004625038111505e-18
4.8690283131403395e-18
7.117085540411318e-20
4.867363398138139e-16
5.077865954806169e-18
1.388560115439452e-17
6.521693924452052e-18
2.2015959835631185e-24
2.9368267439732644e-19
3.2586729752464336e-24
1.205160908431569e-17
3.355128394925912e-23
1.572420066596163e-19
1.3394191620835626e-18
2.4095164150497392e-17
4.997530003244222e-19
5.829391846204445e-18
1.8375677732752795e-18
9.609551803856528e-20
1.6420633536452334e-15
8.587244289116478e-17
1.3101179855025041e-18
2.2145151518279434e-19
6.058896790205403e-19
6.362414285634428e-18
1.0035931322051154e-17
6.86777345743527e-18
5.132982491301517e-19
2.5567248406713864e-19
1.563722026930996e-18
4.793216844733901e-19
6.418696482205925e-19
1.0675369062556073e-19
1.0320664897489689e-18
2.106818071973906e-20
2.958627426524221e-18
1.9811745587694351e-19
8.471913871113264e-18
4.920452601785933e-17
7.119278140876993e-18
4.932368946980679e-19
1.2523428670440614e-23
2.413685884631696e-18
3.7096182947202354e-19
1.7271945584353555e-19
2.031265416698402e-18
3.8814252126202294e-19
1.9828964969277506e-19
3.6637265925698006e-18
2.2948814969562393e-18
8.048268108952e-18
1.0017965387118474e-15
9.636256835279108e-19
3.9784664141332464e-18
5.84749823418779e-18
5.179090608191082e-18
2.650916610493394e-16
8.914005853490113e-19
2.1683361256842598e-19
1.502325678177686e-17
8.88130318275793e-15
7.495164336634374e-24
1.3198770816365695e-19
5.234850763351091e-17
2.517862938520163e-19
1.8514246063528588e-17
1.860834552319928e-18
3.0929252213479494e-18
6.1377928689043705e-19
1.05665089069585e-18
2.6205999566347003e-19
8.859967584695835e-19
7.826395687737878e-19
5.177933019236107e-18
2.0244769898927943e-18
7.863946674546268e-20
1.2301131235126086e-18
7.20988075373972e-16
1.3210492720064612e-17
1.0674240801613795e-19
1.4940235317625701e-19
6.094516991347761e-19
1.044402670597055e-18
4.11934671131537e-18
3.664234307600965e-18
7.646232614142653e-18
2.2796604075048846e-19
5.3370707950690494e-18
1.4300664783726146e-18
5.308976469397761e-19
2.9153686401564827e-19
2.043666683204151e-19
4.177415238940969e-19
9.769129604401213e-19
2.7321444408405546e-19
8.173716530470492e-19
5.814480808586607e-18
4.127468554644742e-18
1.8757606954841918e-22
1.6557389625871066e-14
6.155390071421583e-19
3.4536756194956985e-19
2.424571156516075e-19
3.1590262160412065e-19
8.443471344317843e-18
2.025330333406765e-17
4.972085946159912e-15
1.4628731206876444e-18
1.6814723918775786e-19
1.8601705495462018e-19
1.0545924406688515e-18
4.612658332308471e-19
1.7157785505863228e-19
1.7283657894608567e-19
1.4102684673809473e-19
1.8892089751947153e-16
3.49745348253952e-18
4.078932198912329e-25
5.76209804712001e-19
3.536325241117172e-25
7.438003894722811e-19
1.2409213529475535e-19
4.165976238499508e-16
4.110973281328788e-17
2.0849933798123515e-17
7.701341522867013e-18
1.8974014748177592e-17
1.4392990706272238e-18
2.3272919764314547e-19
1.5049789082878675e-18
3.84869708392724e-23
1.697868333963415e-15
7.162002052708955e-18
4.665727296037681e-19
1.6008600288687665e-18
1.2411297434714996e-19
3.52971015978847e-19
3.7275224887886166e-18
8.90498397967135e-18
3.6298050990502983e-19
4.1971004116984304e-18
7.951121130604448e-19
6.30875094988668e-18
8.977618630271009e-17
2.897730469427446e-18
1.1279661051823996e-17
3.1165165043794653e-19
1.2718571985949535e-17
4.2710516835567655e-19
6.208324163492559e-19
2.265678939326122e-16
1.0690479564024453e-18
1.59021695921347e-19
2.105279384388146e-19
1.644535239978122e-19
6.962480610328449e-18
3.738630238797519e-19
9.187736893217493e-18
5.873281532298898e-22
2.326594638735668e-17
6.414468457392739e-18
1.7545039281897373e-18
2.39844186004361e-19
1.807274009909455e-19
1.4608128764459514e-18
9.497565842584288e-20
9.836639954445362e-20
3.590431774326563e-19
1.0385791542520181e-18
1.1085986505369156e-19
2.850400165369472e-17
3.3660322502769103e-18
4.440994229270692e-18
1.93742359928459e-15
4.283460114083322e-18
1.0197968854051396e-18
6.180040847555204e-19
3.78773819200444e-18
2.9185673674404586e-19
4.0481261573414386e-19
8.1101889698758e-19
4.590075842744827e-16
1.321594699228399e-14
1.0372779941264436e-19
1.674111988509111e-17
1.137340230914087e-19
1.546261720760641e-17
3.8221674189946704e-19
9.003723683905887e-18
1.9497372500001043e-17
2.090372714671283e-19
5.4893576168639284e-17
2.106732534521639e-18
1.4530205760736372e-18
1.0327017871026051e-18
5.858607001370842e-25
5.498671821945801e-17
4.381836484351684e-19
1.3846100144855185e-18
1.1204241234373054e-19
4.633186778062002e-19
1.2049385052084118e-16
4.0001127443062245e-23
2.16098171790091e-18
