2.8988760674236613
3.0934359571202266
0.15515126730167278
0.8521116526201817
1.3687689799733014
1.6516676782779551
0.11587706784651595
0.6991283055781061
4.363916796839441
0.5892139076909617
2.700884817192943
3.927448474536352
1.5150258177022038
0.8805154948168525
1.1317127908290936
0.3180035754734011
0.15725941925982273
0.12542681749174603
2.9463488642837032
5.521535545234063
0.08394735204011768
0.0022747389186880095
0.3786218310055586
0.9030006735419996
0.1065566113253291
0.11202038391307356
0.5065050442708248
1.72628419367641
0.228527425056461
8.376977253155912
0.9072436125240293
0.23698993573761268
2.5453822543512574
0.2199376156541664
0.991474587731537
6.304101699005515
0.022840406180325377
0.7482549687879074
2.673382779728441
0.22026656333788658
0.001968595354913284
1.0
0.013229460955965024
0.2140470804947037
0.3163478548527848
27.275520384117954
0.10147197637638268
0.13748455032334075
0.08346632650201896
2.8611245937641985
0.01662374903855084
0.14821135954305192
2.3783607550454655
0.25680560556215515
0.09246822926189144
7.395994032058727
0.08810772052750976
1.0
0.14563144315618073
0.047230200348777535
5.185980575100959
0.14611594506264747
0.2361034185491623
0.05935425882785153
0.9297571088418913
7.122943247931333
4.127379720033323
0.03854906466413188
6.783399117767867
0.0851084228581683
0.05792764556540195
0.03268415052481949
0.23529270532796132
0.00610339075203025
0.20698753486743335
0.07550119143526068
0.11127856475472585
0.01082236839620402
0.1599698565200104
0.04247489199717333
0.12835593859144276
0.7455699071786892
0.013273908084549941
0.004763308250330316
0.018633913586542948
0.029668428898742112
0.014332250924338607
3.4424514923825424
1.4068072004830126
0.01909102548833048
0.06770037160955368
1.524787793829762
0.25339282870845947
2.751413354327737
0.32067805567817576
1.8826203525627367
0.07455560308767284
0.03700050602949779
0.024031642332304554
0.027909197480469147
1.00455729340328
0.02520998174107918
0.026197907220334844
0.09841567762802576
0.14482160952489523
0.1910296029149956
0.0008815378646466007
2.695853652546807
1.0248944762159802
3.5076292716253064
0.022828600275266075
5.251187368034021
0.3971094564018059
0.012606246107961511
0.09939013905106557
0.07438574055474866
0.8497084853315947
0.02873524557789712
0.0756034787777759
0.19835983546906585
1.2961934433527609
0.8569927301359792
0.031232238969446355
0.15512651071525238
0.03750172238847877
0.07358711882926777
0.021219585832783144
0.0003477193585296431
0.020503165801558025
0.029913159281936323
0.05602288763172143
0.14388237988795022
0.8358812270983235
5.92885447431154
0.02977124714305687
2.197853153640595
0.02458604633547735
0.2352164874422577
0.05970094481830328
0.05432361776223529
0.014668137594789353
0.007401115002073554
0.666211418717366
0.011288739551002607
0.0011479494581134108
0.0027402196710477247
0.5833962631928447
0.0010473821716713678
0.42085258230106787
0.014415586413625017
0.01610324817967761
0.1406868562777435
0.2833899013610593
3.0837048692931583
0.13948643539583716
0.832594136441748
0.0011191659644118005
0.23846245967746618
0.031370515219660035
0.04625888341799322
0.02341484215983083
0.9012571718262131
0.0007234846603640496
1.3057843639805087
0.02349120845490873
0.4462418016765362
0.003070160727653424
0.05136375542790801
0.7944280986439485
0.011433411840011138
0.32001749038454763
1.465243676088673
0.035451755065314734
0.16401944800189816
0.005906086027022881
0.6988437313759845
0.11704066418879241
0.4867889818604924
4.629284331803455
0.00021220388448305014
0.109935811910347
0.07228858453745275
0.7930833059704223
0.014295445169125101
0.13770685788065956
0.07457944477465352
0.0038334430708761975
0.002281442052243133
0.01704719892627528
0.9938215463025358
0.060922817448382745
0.01061943964640589
0.009243318374696278
0.603449623016653
0.1752758955010579
0.43160366947201806
0.6504033223652593
0.013610079757653918
0.05696988180930593
0.18145963091926842
1.1372457616885328
0.010433767734135898
8.443143253818787
1.9469651512015664
0.0036777248732539356
0.001031155034562783
0.15222471276891344
0.06002958269166892
0.5898833808828922
0.243508284561634
0.6412484776188294
1.0448749135303854
0.0009125780254239722
0.024228071750853657
0.7364919392212473
0.00922996259426604
0.004342207948154201
0.008454806083023262
0.6812196893408259
0.013218332693868087
2.871805269524486
0.016124351091788593
2.375113529958813
0.0037156668236015475
0.13338143710046044
3.954793447185597e-5
0.002931908573479104
0.0026505383032084267
0.05321246906379072
1.9560302454076093
0.19367268024345632
0.012334211101232118
0.0019930227035763986
1.7193157143965403
0.0003678893107465373
0.013207662518000951
0.0015981996862170955
2.8184389008649875
0.2699671408533656
7.433974442566957e-5
1.7885966276350769
0.012306796421539017
0.014775582852598817
10.345430662104532
0.06816051059925055
0.7549719159497634
0.02025169364835736
3.530934612875297
0.07613610770911647
0.004809777886355056
2.1943082718728206
0.020828018117678062
0.0615476682114167
1.1280093938199456
0.266267754787522
0.5988342062452602
0.2587431819763658
0.0680615873615768
0.8512807792797895
0.3416715888740623
0.027935629556055122
0.15342417428301192
0.5093252783518355
0.8071481121862185
0.03064483815518853
0.005999993553882242
0.015546753453847137
0.3016785838292547
2.00273370857787
0.005465362245307268
8.579318093222421e-5
0.13589359094587003
0.021240889216098877
0.013438603410263596
3.4950488096506005
0.009526629558495162
0.18371776665044076
0.0073785803061736325
2.561050238674811e-6
0.645887936896353
0.2557648712212412
0.5634683507451473
0.7132104780892045
0.14668149047246748
0.006640168232392934
0.011579123445026606
0.0712287023940984
0.07770420582598185
5.538403828017906
0.014345398429346163
0.03047127599886801
0.9119402298382615
0.329494051354262
0.9679578761958073
0.1034584930681429
4.883033736404516
0.09999359198870979
0.0476327981027014
0.04338325190498099
0.2983035966997685
0.2267831089414164
1.4121491568348818
1.185828100513498
0.21021811838048804
0.3142941764962643
0.5319602047089826
0.0677636805622118
0.3534293277150382
0.004388362380354769
0.00014201371217788779
3.639475581069604e-5
0.331002434090233
0.001397790169860406
0.04417980549275468
0.0895869841312462
8.339397089760363
1.2752008993298012
2.639313986886296
0.00017652106370730057
0.031335543606048566
0.7665025897980139
0.00259133927630638
2.2825834917216303
5.733496357715325
0.6886204950317916
2.4536606843949054
0.05346139028752445
0.04034598000551121
3.6350064130520323
5.313432482811889
0.024140319895734747
0.14733687072500187
0.14928288242567217
0.003634577657679434
0.04464640451233617
2.6054949521842112
0.0002517439851014013
4.506256503346071
1.2571914588728652
0.4287437344191022
0.29136562265286586
2.6386263858585504
0.19047788269754723
0.00175365741354971
0.21146879307962602
0.02893884064036272
0.002069118430233072
0.00014818544910274705
0.009915829253330587
0.7257667480582591
0.038998370200343385
0.10866231574114764
0.15709739657776778
0.00021648365052006236
0.5876656346535761
0.007959071114789771
0.09763153000566852
3.82793739707646e-5
0.4615060764195842
0.4878352313579489
0.0006190833428741846
0.00019403475759991533
0.1017315067296961
0.19133104641602677
0.020622030462318343
0.00012757997665049605
0.0003232141969234782
0.022694845030488898
0.00018054845153668182
1.1035093860532905
0.14472407632230533
0.21440931925695347
0.0017186039668156924
0.001557080200424584
0.016827463877574934
0.02519044376794849
0.3098419354852193
0.39465024440480095
0.05393667085260674
0.16927035272550087
0.00010443101917936741
0.00013122943131773135
0.001966472580003817
0.01205061577198357
2.555809212582227
1.2145325929373638
0.07095344858639463
0.15012451607472882
0.1487297823326198
0.012971675481183166
0.2601979298701967
1.701494482381997e-5
0.01559898108212345
0.03273005927677328
0.01137082520554448
3.4798784994835854
0.0010029090688842
0.004418290437336809
0.1363423177654673
0.0015280531155633407
0.059638837289495185
6.322251851599343
0.14820163982514445
0.01991909488435239
0.43685780411850095
0.1392433266417956
0.7200120493537792
0.14610231330648346
0.0005086036162533764
0.0011599179732964305
0.0030979835178756897
0.3855690690117333
0.012406663551193776
0.10205372745160214
0.07571847904041021
3.0050739720465502
0.015801714089379817
0.049292772242046944
1.4530581699801015
0.005389657690736826
0.14125416584690498
1.4544897208933672e-5
0.035946939818102625
0.00013249619740849552
0.010160486130537685
0.005712347561374823
0.012429197557306957
0.22924952867643308
0.21800871341265216
0.00140184207316181
0.0002123576696938825
0.471526536074534
0.026401507734110614
0.7645958547952276
3.0448510329930215e-5
0.11488275173098199
0.49824332130451415
0.4715169148907526
0.0008494155723369101
0.3089470879183657
0.6903971696919019
0.020114027603999978
0.26307506175157913
0.003354419549383435
0.047662379040513174
0.00010082295250128064
0.11433914867797314
0.07536370922612556
2.256848454237991
0.026197723340194736
0.0012814720698437856
0.06739038450978047
0.038297706536688084
0.07827594966401072
0.031469240725066176
0.04228013104461421
5.879177427657571e-5
6.20196499544658e-6
0.08720014426295884
0.006609581963999677
2.690846683142069
0.0012580047734641634
0.004495813177006037
0.012573333493367056
0.02779502925343574
0.0005223802502169627
0.2820708858773307
0.0027092530566848795
0.21332908637624184
0.007074759690072346
0.03519853639476846
0.0124456058675886
0.07927336728873474
0.0017896811493600456
0.07204733798247186
1.0
0.0018733301650537997
0.1347119316813599
0.0004074267994821133
0.017069055031423978
2.7411643679342834
0.012880798865187022
0.640886351490368
0.005276631006491317
0.011472525635313164
0.02607873585562946
5.735308906482821
0.039817284060299024
0.0001554438521058665
0.00039260988745079165
13.133082060163593
0.07528250489425414
0.07134515694125636
0.18736383326165748
0.07989636773346001
0.0010378386995154771
0.002030277005730017
0.08007055182157491
0.3994576610585865
0.11097581453564248
0.13634779595539814
4.253504112450468e-5
9.030037224641574e-5
0.007855759180813337
0.09068197509189849
0.1378786074206588
0.20683160136558754
0.00011891948876804565
9.415760938965051e-6
0.018615845332943665
0.03825964058178134
0.001769443853352186
0.010210007720836134
0.1625140478728272
0.00047167483012130275
6.938763832785988e-5
0.00012076695821686416
0.0290591929576953
0.01648864753250274
0.0019406870352304114
0.004617901452864098
0.012699718424865211
0.005864969864168484
0.00020571775256466963
0.15217379136983356
0.6201090009149905
0.005857631383941651
0.0008585403674127235
0.15034551065355992
0.45032144098576826
0.6148716332507301
1.783461525486784
0.0001298336168223371
0.7654857067084481
1.1727131260244816
0.004785382421999711
0.09361805224962592
2.1917074422716256
0.0849806229671494
0.07802783414442732
0.3881905420071812
0.02934938827312297
0.0004358907022472065
0.0038684714715598546
0.00010656635915444491
0.0014837911492209502
3.1006811025858707
0.0003264967266237638
0.013804781456582047
0.08286091329938401
0.03320740012151557
0.0005114753109931998
0.016302715394624565
0.0015385873078889104
0.67936402169801
3.134422309573738e-5
0.02415873388705003
0.0007077420291702122
0.08627426833729122
0.0038824459106350105
0.034311310195020026
0.3282187617267231
9.252851670907638
0.0013122206150322636
0.8382381043293413
0.16567828814593727
0.003418428608537175
0.40277898127238904
0.003873948144809253
0.008506020374718516
12.678546428487685
1.1108519792115198e-6
0.09080821680259686
0.0015032989689834346
0.6528547700512992
0.7716734247970526
0.012628080532252922
0.017316381192690675
0.08661177010982873
0.014006248549958543
0.08404467526868946
0.2694487078210691
0.3934971982827707
0.02372187351607303
0.09516771735671606
0.17749011893987535
0.00015659363915269416
0.1954808025192877
0.002764680066941375
0.3340584197550679
0.2858845674070158
3.5461008322906067
0.0003420508360890237
1.1461437227693898
0.0005483398794081774
0.013303902274932226
0.1753745234858434
0.019249406123962354
1.7909375830464793e-5
0.022386382985317973
0.00041042260942175126
0.013371080650766427
0.9344407442332959
15.75368023736542
0.008407006009514292
0.30986738828131616
1.0848775588157154e-5
0.22476096429423006
7.2857943063357125
1.3977285799713577
0.00024935313543776003
0.0003147830100337612
0.001073499563967468
0.3475281953832806
0.05518032202531168
0.16450803633494884
0.02555388256182414
10.01065099627398
0.1052437528509807
1.8636792030734406
0.7425575931431994
0.001780965426476398
0.0009095286625378062
0.0003315391837402681
0.002465333133099589
0.4515136625095856
0.0014879198625140644
9.250673979691273e-5
0.001302974886192475
0.00811906573406816
0.4753396037225545
0.00024483149728447585
3.5023076384406353e-6
7.56360211615474e-5
0.005567635675137341
4.568948356103484e-5
3.9386671702123404
3.484791340282203e-6
0.00011017597352272362
8.978821460138217
0.6525758590001629
0.0011177973030759576
9.673097133959983
0.00530317158183201
0.06924675320939587
0.03499245141994795
1.5821376697901521
0.03700287631878488
0.35590345085325964
0.0005957395776696662
0.01148746183277166
0.04491574603816351
0.06322259291034737
0.1545545372204697
0.1334495409345711
8.700696843305986e-5
0.012160250295321697
0.04172306273313379
1.7439933811808093
0.0007129681556769884
0.0001131896442868332
0.128896163173693
0.00015358357633201778
0.22343490822063417
0.16131150974897007
0.0006482348338054853
0.0012674897160308957
0.004513478055355743
1.0
0.07946110275288273
4.854316324615333e-5
0.03706084485007018
0.0039630170924482245
0.00048743896596518515
0.03050578664209174
0.0056364259769942976
0.2806491093480508
0.000897398486626296
0.5492791812594979
1.8075109686984197
0.006146281805845039
0.04860856564938609
0.05251797273062219
0.11028918167853508
0.0002217963750456236
0.016315554032953483
0.08509406123749051
0.5426845325682086
0.1381305632397875
0.003229211900730781
3.4845766835273055
3.50156967288679e-5
0.03512218960183212
3.1053509482255
0.0005695868524725282
0.002392649945693245
0.00472609923279654
0.5386005074217801
8.064541262548582
0.14347104647074477
0.019179518900504046
0.0029270331933018566
0.059995014305945386
0.11228850346427402
0.0873864736686474
12.926421912172042
3.5516073273568924e-5
0.016557991804200665
0.7516027772665413
10.946749764157945
0.01565262962779028
0.01914156992984386
0.5005033061385974
0.0011793044768774038
0.15404406658396338
0.011741000570009867
0.03552027553673955
13.013431080196874
1.9561789984820603
0.0039246986790217025
0.0015316779313009907
0.09810193629166632
0.03331831053211269
1.480788362426367
0.02859453170212139
0.06795371277640237
0.002321154631257611
3.682618306368884
0.0005629610036711864
0.08088209458157941
0.0013723977621894446
0.2799025211978427
1.8263423550225896e-5
0.1667795161307481
0.026680837969793484
1.3282141775054224e-6
0.5150075293421209
8.623362961042743e-5
0.0001567129411350201
0.002781239257788279
0.013980752799341951
0.4015286150730504
0.35180199391001776
0.004963884086561833
0.6407395594602081
2.343802224566462
0.1419162481312397
0.023656026738020183
1.0597341360557726
0.3165267404271175
1.873344562421752
0.20076595761968508
0.6961114679231358
0.05469457741283623
1.4748409979203942
0.018431837439487515
0.0028679368046688274
0.0015691380937768646
0.740074751814931
0.0009003378922600083
0.009343628126824119
5.119366464452682e-6
0.0628869332887968
0.2089433915667657
0.08971860192220657
0.006150787766835313
0.9440353726880187
0.00041698768821731247
0.01622140412482976
7.767008638007053e-6
0.00217157827598268
0.10101604624849947
0.006610259164299416
0.37365046553564063
0.00028975448564261367
0.8190216821830326
0.032610566585293176
0.007379783825742438
0.001809143110430114
0.30662828682138504
0.09362006156540705
0.001271552019810867
0.001141526326619367
0.03017213981638808
0.257299867766318
0.0003669587904309263
0.01194463956941378
0.07965421172983472
0.048780467341598834
0.041490755048141696
0.37979821922493473
0.0031158487458003035
0.0008330160436042843
0.700067978274739
0.004118116803902818
0.0526743607769758
2.3649905743424306e-5
0.004331763472527373
1.090002566941951
0.0016496099935052533
0.08038482357733466
0.01877489014670535
0.03689902557416247
0.27621262364010646
2.810255460952489
0.0004756605390791672
0.02962558000180819
0.014916044575502118
0.04759322930042002
0.018384008580574315
0.018993028537948785
0.0010907439246190436
0.0001848418180858436
0.039006132791149555
0.005720398915543083
0.6753846318359559
0.00018115140363326491
0.009483741636019965
0.02075557049543459
0.13446333934787402
0.03365080410454134
0.04957309506788293
0.0230738879523494
5.7671914463373735e-5
0.8016084070378904
0.40001475336068965
0.04586218821760212
0.0006245162029530123
0.0012480083954949342
0.032054897701387385
0.0017251839398194416
0.0004445999375342433
0.005572448988433955
0.0005993741998229816
0.33174443139537524
5.302585346402094
0.1946597543258838
0.0035374188407355754
0.34108888615278965
0.03311897595965446
2.1442995269099847
0.7083061052304939
0.0497327035146488
0.9545967027187715
0.1117635431469044
0.02048132453372839
0.02800340482602391
0.7330743513910177
0.045644566065625065
0.028701308896280937
0.027566374226215204
5.216636087749491
0.011242949067035723
0.006080159804717631
0.03729472962180614
0.3202044415601197
0.0019358580575792807
0.14387318435180768
0.06257961978043312
0.05756987690635229
0.0056247765900365385
0.00011609285973743868
0.4262577299503649
0.39805331178512243
0.4945888221879362
1.3173517987627559
4.57759529973453e-5
0.9695720595985353
0.09144736568170372
0.015132806433252313
0.0008590362760329671
0.13513003876132973
0.0017975832430044073
0.08537586465473589
0.00022034817181624267
0.03349492172975044
0.0023415343011753257
6.3397065444816e-5
0.7001127174872956
0.05269309912917258
0.0002402272075674175
0.005520170753721164
4.919780303888144e-7
0.004133895060735729
0.2653616607642094
0.027411452458162417
0.04507783794332731
0.3678440849954626
2.266312891238127
0.0005479238981733899
0.046223060101698396
3.3756784856351474
0.000510370110107004
0.4787291672501168
0.19624703513830188
0.3954288473295665
0.19761334131908873
0.00013976374036063743
0.23068631553725405
0.0024577755206963135
0.021214903794002784
1.0
0.03913353141355302
0.0007235619909903095
0.0009604332578124433
0.04565675674642108
0.00034169112780720257
0.011958617562365796
0.019477883371909324
0.00393456541627251
0.015450476039127548
0.16740285614973077
0.16175894344911287
0.00180773264783838
0.599431147011504
0.18060052282272177
0.14037440893739275
1.8822825968121153e-5
0.0009957933680979096
0.0022140913230442216
0.006947694091874211
0.0831997572059125
0.009879935704578055
0.00012709564611457748
0.034748280874292194
0.008151239917933093
0.1936093903098
0.003315008738355594
1.4086934392351115e-5
0.2683066737833127
0.009520179928950972
0.03609886205694092
0.0008489212661635616
1.609735473975035e-5
0.05756308514283999
0.4325832999858975
0.0005314974489519358
7.572376875476841e-7
0.19093412198850693
0.06463139220679281
0.17447049712753315
0.003343723306238686
0.017766534690349493
0.02508427749173909
0.005967145620688357
0.0867902988167308
0.3019621765603706
0.023067097044762938
0.03880048791178901
0.10533883280890566
0.00022744813644894228
0.7750688631048085
0.09210192869241311
0.24243780657816708
0.02691426608317578
0.04354770106011821
6.542365543664204
0.016833313968794332
0.02717249413413078
0.04020729468901295
0.16889182878460168
0.00047350693315953234
0.0005142974806525688
0.17994404188553575
0.00722005009765089
0.07654193230411889
0.003353694249050344
0.011058289264821376
0.003148219239421806
8.297080381147634e-5
0.029007767797914388
0.31546435225937897
1.6577560955081099
0.022559748165101
0.00021850498824742222
0.008615495736975462
0.002719455427839271
0.003285268415976473
0.007392568099059247
0.0011114258643327303
0.008810000113552008
0.0001251958898343407
0.19302052826454552
0.1991095278291659
0.013721478442607961
0.3091945620507308
0.007725220792574071
0.5523588485241073
0.004549062685430357
0.0015103328336474114
0.003404933651804123
0.002683372640237158
0.002028811274089533
0.6970368907736425
0.0006229943254528217
0.0032372356975162854
0.03298124610381029
0.006149484673192089
5.673040133709343
0.005354203166422881
