2.2115049527892952e-13
2.866290535945053e-12
4.0841208241926824e-14
2.968148995750166e-11
4.184056646219996e-10
7.237339095778209e-13
7.593026647507925e-12
1.4939472493822728e-14
1.186227941466725e-13
2.071110088215109e-12
5.271348040908383e-13
2.9020388486744154e-15
1.0085670268075698e-11
2.396028296852538e-13
7.182360219347614e-15
3.9498803223539667e-11
4.220154696409022e-13
1.487660148572871e-14
5.572518079073901e-14
1.257760456348702e-11
6.211577123152722e-12
5.80988607349754e-14
1.8226439501702956e-11
2.0618844376772146e-14
2.015131757254134e-11
1.9339759525728542e-14
1.2860706384194046e-14
2.2470107967676304e-12
2.648564872443495e-12
2.6866907351571504e-12
5.143403804524674e-12
1.504086395258072e-13
1.0304896221430358e-13
2.745194710301513e-13
3.1568059500661474e-13
1.5620175956276819e-12
1.51229356076775e-13
3.0437324865693736e-12
5.392791235737071e-12
3.6177098424044155e-12
1.8269897965338676e-13
7.126070018492904e-13
8.868495236934438e-15
6.169737576614103e-13
1.3535724425068654e-14
1.338600197203074e-11
2.40360742806168e-13
9.816073560995601e-13
2.4944382927311466e-13
3.2849963249605968e-12
1.5546362105273663e-13
1.9336048402130035e-12
7.245316209774233e-13
4.4928451340332547e-13
1.83665395119685e-12
9.313810044143737e-13
3.0977182571481315e-11
2.999311011897327e-13
6.400085842648e-13
1.049172595029328e-12
4.341762395072621e-14
8.055534133308629e-13
6.571060757628773e-13
4.2278425313209356e-13
3.5866131763364253e-13
8.997432848146915e-15
4.969710255243672e-13
5.1022066725576584e-14
7.07275720212477e-13
5.07795405000289e-13
9.861052435765414e-12
3.836464538678254e-12
1.3044313149240517e-12
2.902933949432948e-12
1.5027912567826964e-13
1.5251087989346586e-11
1.937019622984415e-12
1.3910059704724159e-12
3.015907970149392e-13
1.7958488037534223e-12
6.982318972155312e-13
3.957954400127862e-12
1.4414648049487972e-14
1.3353922639013368e-12
1.8576871297340266e-13
1.3203095425160535e-14
2.4879749588398072e-14
3.301195500204946e-13
2.34921332726191e-13
6.572149933507493e-14
1.4472249818327578e-8
6.002038641395298e-13
2.8522050163640055e-13
5.596921232794702e-13
1.234970195701995e-14
3.962448531792224e-14
1.0500762648806577e-12
4.197418691926453e-12
3.1376767224131993e-11
9.66269250530431e-12
5.8302041060649746e-12
2.0816224370540792e-14
4.971247179680862e-14
4.3789084543468255e-14
2.8419904882474854e-14
1.9386573135874943e-12
3.563374354452825e-13
1.2296963840355184e-12
9.110669616091696e-13
1.031981300532838e-11
2.632535677241085e-13
1.2367868952114294e-14
1.7538626486913822e-12
8.12224291459395e-15
8.348208371547399e-10
1.7192990496739668e-14
1.2696227463089864e-12
6.02224122392165e-13
9.237976917003107e-13
1.915448516466326e-14
4.840126159967201e-13
8.877287345452971e-13
1.2402084125235146e-11
4.087807967574798e-13
2.776023502179481e-14
3.009055526000888e-14
8.853587798709455e-13
6.577724429764762e-14
6.078568619233343e-13
1.0118601056162401e-14
2.795075369584608e-13
3.998674852878609e-13
1.3475345657394906e-13
9.103978395025645e-15
1.0484991003768695e-13
6.144954366457784e-13
5.4636153097115754e-11
1.8995947326335725e-10
4.408382714361892e-12
1.5931284202824775e-11
3.8193579249600624e-13
4.0000524068961844e-13
7.550359339260204e-13
2.6894138743393442e-14
4.610638274906996e-13
7.282975786542279e-14
2.7857144092651163e-12
2.4324137742973846e-13
2.2958291510300027e-11
3.642553487296112e-14
4.84679394495186e-13
3.5041506109653886e-11
5.768161781495349e-12
1.2920518197659506e-12
1.8076535881087162e-10
9.118521716466802e-15
6.352280251582743e-13
2.9165534287196795e-13
1.1867633956225275e-14
4.3228996925959705e-14
4.041901852537116e-12
9.134167083955632e-14
2.0962028677023912e-12
4.3563267280209935e-11
3.597319625061045e-12
1.4273633703779493e-14
3.39355573461467e-13
2.552868043413313e-13
1.2307945298763342e-13
7.874993789349064e-14
2.6780030927520462e-12
6.408317774663161e-12
1.420571916261248e-14
3.885253173845151e-12
3.680356553249301e-13
1.473825886708756e-14
5.0751797703083225e-12
4.4585330068208185e-15
3.019642663622706e-13
1.3090015146724858e-13
8.36384599544002e-13
4.114111523808618e-12
6.018321303758344e-12
4.42643705894393e-14
5.226476731710466e-13
2.9123319388466435e-12
1.613620591050202e-13
2.1684557860582793e-14
3.56420711467849e-12
6.160669020821293e-13
2.522851859704591e-13
6.4128208196358e-13
3.620540204886858e-12
9.596910502498175e-11
1.632962055622688e-14
2.965134624429228e-12
3.786129083345668e-14
6.48018198103205e-11
1.0535062141628455e-13
2.760074035089161e-13
1.836190104862266e-14
4.07998326351788e-13
1.3560508810515643e-12
1.4117354889743743e-13
2.2623290225992102e-13
7.821838615308454e-12
5.116951707410131e-12
3.5786342502872374e-13
3.7416067468273874e-14
1.039114300066845e-12
6.140681440675547e-13
1.1493246635217832e-12
1.1911759220866876e-13
7.105654339097955e-13
2.6329117532267877e-12
1.5804220338125411e-12
2.34701253601897e-11
2.9472106495778324e-12
1.2319496577769948e-12
2.032831482061572e-13
7.522158525196776e-13
2.0017354656619525e-11
9.141163485979123e-14
4.788507386785518e-12
4.5083285912907547e-13
2.83683423525229e-11
5.8330167500657826e-8
5.724705423840501e-12
2.990045440599792e-15
1.8704706318903153e-12
9.760350653668472e-13
2.680076134082339e-13
2.026996797593837e-13
5.554360981551716e-13
3.3972508246176354e-14
1.7973093976949057e-12
5.903282326150105e-13
3.115600561258005e-11
1.226205311358798e-12
4.086659825974472e-15
1.7924266117934918e-12
3.0758744333452968e-12
1.1987497030822958e-14
2.409363232037537e-14
8.281376960990965e-13
3.141607973866672e-14
7.68081303519442e-12
1.714816979818934e-12
2.7677455708421008e-15
7.444424173393986e-13
4.628318310645658e-12
5.790525792120969e-15
4.029008181112333e-13
9.12191251360574e-14
1.8659097368118584e-12
6.090487384609357e-12
1.0705738981813915e-12
1.9097223441768923e-9
1.785750509675565e-11
2.463342559418666e-14
1.6312065084154028e-12
2.5434959559703404e-12
4.495639078081975e-13
1.1506303595631023e-14
4.0972386650292106e-13
3.4225894752747015e-12
4.8472446296378155e-14
4.262379749291975e-13
2.0651262501924766e-14
1.9257227654177405e-11
6.732978973398692e-11
9.186220606965692e-14
2.552117328695074e-12
2.35308107273658e-13
1.1228667353525547e-14
2.639984327188587e-14
1.8733304735184671e-13
5.014650205188626e-13
1.6929024664232758e-11
9.78326289518975e-13
3.7374902056147294e-10
2.0534955913880856e-14
1.487976007513507e-9
1.893816764498892e-14
5.476384666501909e-15
3.290495507055643e-13
1.4789932764622817e-12
1.3387999208009362e-13
1.7411435269630028e-13
3.3328503675786707e-13
2.291784005929582e-14
2.287639775015465e-11
2.4684046508259657e-14
9.20777756527665e-13
2.923798520998521e-14
1.6783266098990818e-13
4.949183175736218e-13
1.3122385459035232e-13
1.5877063151772255e-13
1.49591502890536e-12
1.3048907564875678e-12
1.1303951070863691e-13
6.87911290937659e-13
7.683925237059504e-13
3.0670291902891933e-12
4.4626265105932464e-12
2.5536625837927363e-13
3.82511848359996e-13
3.413759688326831e-9
1.540203382052107e-12
4.153279951429406e-12
3.5583538377392206e-13
5.4738177097600694e-14
2.4002759493412345e-13
1.2257540834005525e-12
7.840920007108995e-15
4.147577805655203e-14
4.4385080447502846e-14
4.250466915644036e-14
1.3626130653301438e-13
2.0085578517475564e-12
3.678999647257016e-12
2.968223387849311e-12
1.2234908471397229e-12
2.2183650480181837e-11
3.86564710494205e-11
6.219769637308706e-12
5.935735450624415e-11
1.1305450936740558e-12
6.53372798075074e-14
1.796506105198354e-12
4.794139852174513e-13
5.957392502251476e-13
5.8077007901599584e-12
6.72091363286958e-14
5.265655184412912e-13
4.532418591975089e-15
9.819104942443482e-15
9.095785983659027e-15
3.580141518732329e-15
4.579622813927609e-12
4.932692546030154e-13
1.1572343569839303e-14
1.1162185259115514e-13
7.597568730299136e-15
1.2771895284437585e-12
3.0948583488659934e-12
1.6578202859654737e-14
3.324271874170685e-14
2.0237273253271907e-13
5.892998442286173e-13
1.3084601834285174e-13
5.118055274858438e-15
3.4210291393234526e-13
1.7311824141134011e-12
1.290924608601331e-12
4.251166436521276e-13
7.603798349949986e-15
1.464723595158762e-13
2.604089613781366e-12
1.258543458029778e-12
1.2849034099620097e-11
1.4667449298604856e-13
2.7340473071829106e-10
1.9570529315830745e-14
4.851600649699625e-13
6.373701176526027e-12
4.084864182386984e-12
2.0697035572490632e-13
1.7031663165157082e-13
7.88915334126202e-15
7.793918906488187e-12
4.25332620622328e-13
2.4960183850595166e-13
2.7361950674145077e-13
6.223192584726666e-12
1.4661815427600835e-11
3.75284142024436e-13
5.820212352189803e-14
2.6067547466836523e-11
2.315945662988316e-13
2.7316661560321585e-12
7.153021266954837e-12
3.6758524970659063e-14
7.347320549380741e-14
5.540399537678909e-13
2.2427937643663387e-13
1.7648470222114457e-12
2.982571304287613e-11
1.3562193715089661e-12
2.967444092402194e-13
4.299316337563588e-12
1.6959749651093986e-14
3.9606622453361145e-12
2.846548270427614e-13
7.466201346584243e-15
1.655321282628473e-14
2.0586475429731283e-12
1.508574601991987e-12
5.5266234108055335e-15
8.190681219788189e-13
1.9243217491944123e-13
1.1710594095627175e-12
4.659952473754149e-12
5.719652381759601e-13
2.5122796587008293e-14
1.6463249770566215e-11
1.559764846863063e-12
1.9789863821577807e-13
3.347046428329676e-13
2.7187573112764003e-13
1.460231076640438e-12
3.6391407497347503e-13
2.0122450215276051e-13
2.544193833153498e-12
1.8640479053500273e-11
6.802317485357673e-11
8.531735374204486e-13
1.6357119992841532e-14
2.507319533595449e-14
6.641579664397047e-15
1.5288913103641357e-13
6.907368066701467e-14
3.185005559374717e-11
1.9548512997761525e-13
6.575011361719702e-13
4.554065114585909e-13
2.6144630350755675e-15
2.858865601539567e-14
1.3109723369420513e-12
1.583290421372938e-12
9.249090266362798e-13
2.460612414163675e-13
1.1681002804660767e-13
1.366264069212188e-13
1.4220640852303327e-11
3.8872830365519827e-13
5.0396992408020693e-14
2.4928822499178138e-14
1.8278026137551296e-13
1.3255849355319884e-11
3.3970563944394636e-13
1.4722668827132077e-14
8.978847891277455e-12
6.32260300707382e-11
2.3521259650201165e-12
1.619475470525468e-14
2.8812388218861514e-13
7.567429020024284e-13
1.3077151569963619e-13
9.691594025775115e-14
2.969998583142451e-13
6.702708458114438e-13
3.116120512469072e-13
4.7934402495522e-12
2.861683659773973e-13
7.644631572539559e-13
9.574744674571475e-13
1.1103741501770714e-12
1.6527819659416165e-12
1.1004134800369862e-12
8.464126736059575e-12
1.8625039932508998e-12
2.928117586108764e-12
1.443379668758488e-12
7.0088996762744395e-15
2.0809019682954936e-12
8.679259522268514e-14
1.5405781727321105e-12
7.243613781230636e-11
4.0296021599288197e-13
2.348715439138025e-12
1.9580918419511597e-13
1.2234025221056954e-13
7.9149371491637e-12
4.299757479243831e-12
1.3767695240597606e-13
1.028062354165504e-11
8.370952508327815e-14
3.0627926912486235e-12
1.5069953437773407e-13
3.60187405153286e-15
8.616726250248525e-12
4.9923500286662e-12
1.2927597011420272e-14
4.854264785467836e-13
8.351197318880904e-13
2.5535151598276596e-12
6.8490046440358685e-12
1.628460259208556e-14
8.39317671824172e-13
1.0418552459990532e-13
3.6829242104095887e-13
5.522070785306335e-13
2.9603643034945273e-13
2.559292861724738e-12
1.0998006922325912e-11
2.11966585057048e-12
1.1977828120583534e-13
5.532000891016672e-14
1.9559822457399502e-13
3.201070926773561e-13
1.2104960825188502e-14
2.9264351880373005e-12
1.4496621000830203e-12
6.163209106903666e-13
1.952303306644234e-11
1.460037768766475e-12
5.907866876940169e-13
1.9101175311601634e-14
3.4983572016149446e-12
1.022669086736261e-12
1.9420317961346724e-12
5.69465144611308e-14
2.9216388437174334e-12
5.2970016273189233e-11
3.0332858552025637e-13
6.469538155004629e-12
2.2237547653156986e-12
9.951001481962947e-14
2.8498430413561544e-9
4.305098271220702e-12
9.013022054278949e-14
1.4646076061278735e-12
6.399888081489877e-14
6.966977011296674e-15
4.1092852567367444e-13
6.069034633691491e-14
9.492075100965611e-15
2.0670466872979626e-13
1.4138476323480906e-13
2.152623469706387e-14
1.5409158193096723e-14
6.042095264455044e-14
1.5078815527259861e-12
2.008945112159538e-12
6.785897791152643e-13
1.7898750151294315e-13
1.8505089004824947e-13
7.697254281628794e-14
8.32319626281992e-12
8.246984997850284e-12
3.856185224325153e-12
1.0245508417074547e-14
2.300449950192878e-14
1.620686503435056e-12
2.1823614132344905e-13
6.3875998582424636e-15
9.822088488219505e-15
1.3869558879976884e-13
7.895038336179701e-13
1.2350627799407833e-12
1.8057853476278022e-12
5.787653647484778e-11
1.5639086684732664e-14
5.60524894087812e-13
5.335870796151541e-14
1.2797892548992807e-14
6.566465988573273e-11
1.1297240811669287e-13
4.557205865611733e-13
4.191053227886153e-8
1.9520468031822698e-11
2.2814575108510264e-12
2.012643766581449e-13
3.0187000595103887e-14
8.349098681730933e-12
1.1295492904596447e-11
1.3240450248987483e-11
1.2481689872093968e-12
1.7032957311367977e-13
6.147694466604869e-12
3.505109766254464e-11
5.2418619301749704e-14
8.891604250901812e-14
2.0485916039439454e-12
6.335054143244978e-13
2.6711822462071338e-12
4.993932979976527e-11
1.3967354986115159e-11
4.841263771179714e-13
2.6727873771671182e-14
2.1189208956624503e-10
3.587794703946305e-12
1.3218577345104768e-10
4.01506733243345e-13
8.778472393413188e-13
1.6390511021519535e-11
2.4949249526415604e-11
7.618780129532147e-11
3.4636521002242924e-10
1.0806828951848475e-14
1.557756877398193e-9
5.553405977526459e-13
5.55364847767634e-13
1.0144617517692647e-13
1.469342950367995e-13
9.468389902254781e-14
2.958527922903117e-14
3.486114274782997e-11
5.299284151261885e-11
1.1883733964025556e-14
3.087517441758904e-12
1.0409309120164824e-14
1.1298615992350302e-10
2.4432419411160517e-13
2.5859316539358344e-11
1.2463826318900418e-11
4.2736983999160385e-13
1.9234986476184963e-11
1.7057256891084573e-11
6.974373240869455e-14
3.454729345893008e-14
1.197105722766187e-13
1.4140461730119972e-13
2.8472028328754415e-13
3.0023055448080364e-13
1.2881774348758084e-14
3.34263986373971e-13
8.369352732730359e-14
3.1169092149603545e-13
3.593004978315191e-13
1.3470486731618248e-12
1.3581266734598888e-10
1.9684560128133796e-13
1.55536369062153e-14
6.724202702792237e-13
3.0276935411375433e-13
3.8562870614076046e-13
3.319586449994239e-14
1.2537111642752957e-10
2.936390542340873e-14
3.870641834734681e-12
3.2395838838240294e-13
4.6339003808860957e-14
4.960279375656845e-12
4.410871696616568e-14
5.754234079595145e-13
1.4599904758965763e-14
2.9331207614678704e-11
1.1108757810285519e-12
3.2821357859279667e-12
5.557884082372099e-13
1.0870696950111761e-13
3.160331309152346e-14
4.162824134108839e-13
2.658737822187701e-13
1.3360751265874774e-12
2.6347647646341004e-11
1.2692600590963025e-14
4.9376000527490115e-14
2.0302354402091367e-12
4.339375261637087e-12
5.575765509997946e-12
2.5769435795335163e-11
1.4793209480380558e-14
1.860674262920305e-12
3.6042032085296524e-12
5.843011311420093e-13
1.4023239911672627e-11
1.6809264269510062e-12
6.381105743079169e-12
1.7164193093622946e-12
4.954176505364615e-14
3.246432232408811e-11
1.087085809614126e-14
6.139106810339583e-12
3.397235349638712e-14
7.305185981181631e-15
3.202690487747971e-14
2.55416133222866e-10
1.6265813810780745e-11
1.3397037902234273e-12
5.624981330136328e-14
3.1963801841025314e-13
1.3289967671648379e-14
1.3900579672046454e-14
2.6387332159895595e-13
1.6474640041761636e-14
7.283364443763075e-13
7.577826512271872e-13
2.109355754238087e-13
1.4059899569375731e-11
2.0422910091680255e-13
8.008656871246625e-12
3.1371127936176976e-11
1.0082410136130367e-14
2.2829861377968392e-14
7.741469864196294e-12
2.936148393739277e-12
5.14474536507782e-13
5.832824675087728e-12
3.735297113675499e-13
4.0889948123526606e-13
7.779013270910036e-12
6.92309483647739e-14
9.889437467256172e-13
1.083728292567634e-12
4.839945652152679e-14
1.6161280664478404e-12
1.1935684979187584e-14
4.198681579018229e-12
9.518332848675503e-14
2.678884057368693e-13
1.4307961270102095e-12
1.4101188709223235e-11
1.91818559055424e-13
3.0531726650974084e-12
2.650669216806523e-14
2.0933976039694315e-12
1.90370127931284e-14
1.495297033558659e-12
1.222018789401449e-13
4.049237631800947e-12
4.56752751024839e-14
1.7345049610790332e-13
2.566862630895298e-13
6.4071614590883376e-12
1.040799954682591e-13
4.167649135574983e-12
3.765232865842119e-12
1.3702065633216356e-12
1.8502875388888747e-13
1.0467351408977434e-12
9.24685595657655e-13
2.0695125439494146e-11
2.4959672882069787e-13
2.0545170474441595e-13
7.523517928611555e-14
1.5103283817988577e-14
9.27454100170191e-14
3.553558421718237e-13
1.2682960027830533e-14
6.165176202505257e-15
1.1004002488918083e-10
3.432166643150439e-14
1.7897469778795752e-11
1.405424419456141e-12
1.4667932976794384e-12
6.453788616079494e-13
8.35803258617814e-12
2.0484814758554787e-14
9.42019738131665e-13
3.3102016626449516e-13
1.4447637461112835e-12
8.18726629663477e-15
3.176445778022047e-13
7.341001588678035e-13
2.7268732167650693e-14
5.651563394333436e-13
1.1811835455825719e-10
8.842580520174259e-12
4.4569851922978524e-10
2.050162362371496e-12
1.06289636661416e-11
5.257450521598803e-12
3.1938956715540634e-9
2.5159948437122587e-10
1.0338404550768631e-13
3.139314731654126e-14
1.1483349780651383e-14
2.712151091047612e-13
7.250188027132385e-14
2.3247064533252876e-11
1.2899792598880505e-12
2.803605242954233e-13
1.7170837478153446e-12
1.0421887668448478e-13
3.0426151691453888e-12
2.2312278630053218e-13
4.4396493364206166e-13
3.9908499407275514e-13
2.989201085792221e-12
8.589551157479512e-11
1.9361738084260123e-12
1.2344528655846447e-14
4.281618016936999e-11
1.3246585645154047e-12
2.0507390857935586e-11
1.1304783513527259e-14
4.981550051401084e-13
7.277395052503969e-13
2.7874365655359468e-14
1.757722851390985e-12
2.390483483950595e-10
2.91197366152199e-12
2.568276217288616e-12
2.495495861021422e-11
6.582332924279246e-12
8.702287642903641e-13
4.331072661092087e-13
8.497261092414852e-15
3.5295158320232556e-14
1.0436111423164927e-13
1.780355651807726e-11
2.5041491730125947e-12
8.022895073084365e-13
1.993482609666279e-14
1.3151747978725095e-12
1.3725656642764928e-13
3.130701159483895e-12
4.791616963119171e-13
2.8385577090472438e-11
4.176216647260456e-13
1.7456308166092782e-12
3.741245536093384e-9
3.9056140399481804e-11
5.200177000447762e-15
1.8864220151281398e-11
2.0757929347365294e-12
9.551585648046263e-13
6.67629678142871e-13
2.90894706476649e-14
8.739750214903387e-13
1.954258299517722e-13
2.6144529541067935e-12
2.8942869559242735e-10
2.235487098169013e-14
9.031869763396765e-15
1.875714815966221e-13
2.87052264849e-13
9.997504128719964e-12
1.4545895976123564e-12
1.9641719125687855e-11
3.4232523413856836e-13
2.2527977106577823e-14
7.336634351295117e-12
3.614751373405006e-13
5.032257808484111e-12
6.435591040443087e-13
1.033107801159325e-12
1.514403884994879e-14
8.704386825184288e-13
2.4194202626282895e-10
7.81523497025596e-14
2.982049264110395e-14
1.2099702003259431e-12
3.561651028721599e-14
3.926274339262714e-15
4.5084428691555896e-11
1.096623715091771e-12
1.6081300390844929e-12
2.307431883850544e-12
4.7381501418509375e-14
2.4791810442122916e-13
1.4027033017501389e-10
3.6771751569212876e-11
1.9298683604914415e-14
6.127977052311595e-14
3.369507721596877e-14
1.2906852118739461e-12
2.808941632964972e-12
6.072054779151641e-14
2.47026333570692e-11
6.135244654889955e-14
2.538264931701627e-13
3.235048380799667e-13
4.292583048919647e-14
3.0689929227775016e-10
1.1326772819476208e-12
4.8729980668766345e-12
1.0348871255256135e-11
1.2666889100420306e-14
2.037255865603252e-12
2.5620302943777657e-13
3.282868819162294e-11
1.1656516496650863e-12
2.7134819411600172e-11
2.2850560718806215e-10
7.968970759430794e-12
1.5382769011704307e-14
3.1091023691778496e-12
1.7722871649754575e-13
7.95307239604359e-12
3.992846982446451e-11
8.077186455018676e-13
1.7340192437406044e-14
9.31452513039737e-13
3.4888553443589475e-13
8.487484515706204e-14
1.3986843518365142e-12
1.3531754766041855e-11
4.594710593160903e-13
2.462801040784208e-13
2.448216129509856e-13
7.121319796345086e-12
2.729994567192938e-11
5.215144838683796e-13
4.275595147347306e-11
1.0082613851715132e-12
5.480522439837638e-13
1.0061459501379396e-12
1.7784266891955645e-13
5.194541471458006e-13
3.104982627983838e-14
5.437254512977746e-13
7.4703176714865e-12
1.5442402900914456e-12
1.5642188873908525e-10
1.537650883480293e-12
1.5738639174388123e-12
2.1589762277135272e-11
3.6233019922838356e-11
4.0677478061168756e-13
8.444695181273427e-14
1.138697268424487e-14
2.2587176184160933e-13
5.427785667211321e-13
2.6213454957702446e-13
2.473510896221658e-14
3.388611856297262e-11
2.3632599415505835e-15
9.087364994486508e-15
4.595390981307225e-13
7.568571290183495e-15
1.7694618651444536e-13
3.179299622512259e-13
6.198356994590848e-11
7.718433781009264e-15
1.239823040457949e-13
2.596888131918626e-12
2.972003107873544e-13
1.0202580805553046e-13
7.758951391376433e-13
3.2055983108179845e-13
4.576753370386554e-12
7.250336284636784e-13
3.244970516418436e-14
7.026334878152378e-11
4.842128620128839e-13
2.102901126370603e-12
5.619935140615601e-13
8.168849268885857e-15
3.0050802492463773e-13
3.019019922058082e-14
2.022139049037379e-11
2.2672618427710203e-12
5.786250914173609e-13
1.1456656074740388e-13
5.267381361810585e-12
1.9926828876572245e-14
7.425271113773069e-13
1.3770441566841585e-12
2.6171542529958183e-14
3.9391144939899676e-10
3.1663143676556606e-13
9.742847631370446e-14
6.893209907244518e-15
1.0245868989380589e-11
3.0434419777672973e-12
2.2872644725846228e-14
1.0925171665852914e-12
8.054853347710322e-13
1.6427842241531212e-13
2.4548807424354e-13
8.529339505250535e-14
6.047046231593612e-14
2.1366843453681995e-13
6.580334531226844e-14
8.134021835330927e-13
2.484372360489466e-13
1.2328532880945038e-14
7.992732308761963e-14
1.7444919858771643e-14
1.8894075636472987e-14
3.623707233994454e-14
1.0236876571361531e-14
2.5368484355304297e-13
2.056853778358885e-11
1.9266689745335592e-14
1.082622565668496e-12
2.998170511642988e-13
9.228578675282968e-13
6.454412522608063e-15
2.008542601106684e-12
4.191517199763412e-13
3.6287997566549063e-14
4.3924143593611193e-10
1.7722790688106646e-14
5.52880727382661e-14
1.3273557298350674e-10
8.476681147437338e-15
5.385186686760366e-12
2.6415973830567267e-14
1.1481145198125664e-12
3.296396224479399e-11
4.1507499102041165e-8
4.6872492585209164e-11
1.50450690817761e-14
4.00714270763861e-13
6.272984021099832e-14
1.677189362034666e-13
8.932097334944679e-15
1.1740963028470061e-12
9.661913513683123e-15
1.7620171279148984e-13
1.183453569993663e-11
2.2867127731649614e-11
8.048461096579594e-12
1.2072933051239565e-12
