0.04300453226475852
1.0255766468220137e-16
8.197513313665207e-45
1.0
1.0
4.243275699648198e-15
9.687032012275735
1.0
2.178462076028889e-19
1.0
1.0
1.9148283915516595e-21
675.8750437065701
4.0640377994857665e-34
2.8029588564530488e-14
6.371804466874435e-22
2.0884472332504753e-24
1.2261573795525772e-18
0.17731647581422938
2.4611337501666406e-20
5.527825244452067e-24
1.0
3.1336237174509676e-20
7.757263975926636e-30
2.591695158835294e-22
2.2951983360532467e-8
1.6647843845006524e-26
4.263443368338176e-22
1.1847960549868913e-17
4.032042705491287
4.3443991097071395e-14
1.8533714121965886e-13
366.13356561710526
2.8580144683769886e-36
9.522909171864695e-24
4.696440916335211e-40
9.410408488780183e-6
0.00010878704536401646
2.5955335331844202e-14
7.083791708485518
1.9955504734339576e-9
1.4717394623723286e-6
3.845722095513339e-31
2.7194269269439884e-26
1.0809824741965555
2.6198632552102496e-17
0.0016287546793601548
4.070573310566008e-7
2.1574086823162358e-29
6.80042226930978e-6
1.349755761693359e-6
7.965970223600137e-15
0.009845608211670895
2.9301135246643586e-27
2.163221401116442e-13
0.15379933240706237
3.861806354637858e-18
6.02075488431974e-16
0.0008769880627564207
5.801231960072198e-7
2.149297121602893
1.0
4.718323445643787e-19
8.768728148589864e-15
6.592102313402826e-21
9.661956003020294e-21
0.0003878068788099816
1.0
1.7637595209881906e-32
0.0035469850371171252
4.8799513564081315e-28
0.0065980288216357244
0.0012315623707669057
7.093680446056395e-5
6.638144261198769e-32
3.1160737031003428e-30
2.8736203043148718e-18
1.0
5.2923089725528096e-24
6.734427191948238e-21
2.549367586964082e-7
7.750493798526526e-34
1.0422035865871203e-37
0.04289153659935228
0.0005524955375953982
3.9729563831607726e-21
3.7752254757025336e-20
1.763219292215778e-7
0.00019195644732087662
0.4346540693677024
1.5418442378724044e-9
6.064320569815017e-19
0.48389328361577055
2.1687960385608003e-16
5.5696119781277667e-11
0.007100264791983096
1.5764560124359563
1.841452826114427e-15
15.72111140870949
3.0095504192433456e-15
3.353496431637018e-23
1.585871132350965e-9
8.407075576803137e-10
7.109239859827349e-22
1.3894740712704481e-5
3.288375014705159e-19
2.021166358896282e-20
1.811699311640538e-5
8.533322846159897e-15
2.0352783310996617e-14
2.19275352809159e-15
2.9776709398851753e-28
1.1878576067092385e-6
4.2457049230543835e-12
2.0271323026971867e-18
1.0
1.0135299518667933e-5
0.03754293518079232
1.8076257344815005e-8
6.184722667509007e-7
0.00024032977602448277
0.02890220219677762
2.4393281057221293e-6
2.3580490953306438e-24
0.00010322132402088448
1.2154267710972075e-24
188.24694755481656
9.190196002959174e-19
1.1213906824450871e-20
5.620566841291275e-5
8.92545105477138e-29
2.371082311223091
6.190672282833765e-9
0.26721622435264925
4.983233514232854
0.0010409410434795317
1.702603678594907e-13
1.5633152564061321
8.572206602143524e-11
0.8748017451580192
0.13108600913712412
0.0026875940909002346
3.336189356873221e-17
9.627590803011358e-24
1.235493642625151e-15
1.1351982779388524e-17
8.052020228250251e-28
2.0325644521258737e-12
69.04349542585695
0.04662816555050783
7.777654371173137e-25
1.0
3.734903026112836e-12
2.558984946186464e-28
0.006314623219174401
1.0060487394372636e-16
1.0
1.2234872340418098e-14
1.0
0.15139304134611847
2.947643700437357e-12
1.1094766480691757e-22
0.5449974526136201
2.5909904879363535e-15
5.989052071483488e-8
0.0004998968980287167
8.861143638542903e-10
0.0008953083195417975
1.895532353522081e-20
5.8355521891567145e-19
3.531322739884448e-9
0.002364906106701051
0.025093296105348353
2.370809444496742e-5
1.4158900754823782e-35
1.0
1.4229361545593818e-15
6.37159047628299
4.287653983937374e-6
7.27281272888782e-19
0.004228943117466981
8.99780032088434e-15
0.018448735671027484
3.900764157273176e-16
4.2479156566709655e-25
2.6821715590601587e-13
3.8813324517686564e-19
4.1152427966363387e-19
0.00016500936564367553
4.2283828356228325e-5
7.66559914569908e-15
3.840281135626771e-23
7.204038325762641e-16
0.0006615661101699887
8.267077081471065e-16
3.361964327595615e-18
3.667558146248485e-16
3.956838972307978e-17
5.900334149641208e-8
1.8243531955874439e-19
0.00033938089950104675
0.00043540897780301887
1.0513941293831504e-5
1.0461328966876617e-18
3.148013446079282e-5
0.00042264189198623934
0.0005099862486646284
1.4706698739376922e-25
2.1594799757461233e-15
1.6783934952401642e-9
1.1383485348446383e-16
0.018507497146702308
3.543596271512281e-17
6.812628254165407e-18
4.0172059653859655e-22
7.97042747259617e-17
9.522167057003676e-12
0.03709126192798157
2.525259525073927e-16
9.19216631765285e-9
3.732666033360418e-18
1.1105373420703227e-26
9.98216416412719
1.7527221869112406e-6
4.895593786733111e-20
12.319370165603141
1.0388668867282593
3.6282787242253524e-8
1.8657651130448096e-7
2.176205290326632e-6
1.5238928921927245e-15
1.0
1.0
1.3907788396921778e-32
1.0350359663074295e-13
1.0
3.151836592480766e-22
2.516711038351718e-49
1.0
2.427876198043643e-5
4.822823045898746e-15
3.553192926822718e-5
0.3891600157766644
4.494885999242165e-8
5.1140302935722823e-11
2.3624997137042515e-15
2.0794453614149339e-38
2.9800385360508204e-35
0.00022497955151007265
1.2106046440345202e-12
2.455132155328597e-14
2.151441367447031e-6
2.740675981327123e-18
1.231826688101604e-10
0.6079724834984647
3.746737818860003e-5
32.90740740116312
4.837433701971811e-5
3.177636471685428e-25
2.1180141212728118e-24
9.883909106597824e-26
2.8282041536562174e-15
1.523368627960628e-21
1.5342101430711306e-10
5.766756929282106e-26
0.2971358873660988
7.749674895015819e-13
1.5181358031059935e-19
6.397510319328776e-7
0.006992548751990979
4.381445087347222e-17
4.2386791082855765e-20
0.07165822992642767
1.912925437387044e-12
0.006802552999753121
6.272056822107245e-20
0.2672312503927943
8.542332845927082e-11
3.8626616227095485e-8
0.2704844981649277
4.165086979786835e-8
0.0126625083792679
7.390981940913246e-18
1.0670744001921873e-20
0.0007791178461220001
54.69727131513279
1.7239432401280435e-13
5.747838149277355e-8
0.0013526930872709792
1.1115565572635032e-12
4.4823314022340564e-20
9.270265441207387e-10
151.5790473635613
4.113047051321973e-9
1.0855520605249458e-16
0.0012491107314849667
1.7405280314479318e-30
8.50117779834424e-9
3.376586533616915e-19
0.005849073248392297
1.3688262497891306e-5
1.670922153992076e-10
0.21115179496802045
1.2916340633879368e-15
2.950196798756171e-11
0.002588258794461801
2.2994940692122298e-6
1.0
2.9420566199406425e-8
1.43095169802293e-12
1.1467257546221915e-24
3.3415829958150983e-6
1.6207532520453672e-34
0.002765068531536612
0.31833959662354383
2.7408944342660374e-23
9.85120645849426e-7
0.0002500457266923469
3.565828489901822e-5
0.00018824826876900373
0.5993441046620401
4.553666625236659e-8
0.0008266205157012861
1.721405144201867e-14
1.0401595437365273e-11
6.771427744819092e-17
0.0016916087256701382
1.1580023470955074e-10
1.6644769500877634e-24
1.2337670289951979e-11
3.419070844076448e-26
2.666343256001514e-25
6.336373631042625e-19
3.0522018989112555e-6
1.920417255041605e-11
5.7034219424894155e-9
1.775688244510578e-6
1.6471571747313794e-6
1.9471942115739176e-13
2.556280633416775e-19
0.0006302135396215536
3.918254509240325e-25
0.0008118206420765452
4.1188199137592e-17
6.853976736453294e-13
0.0014353433614177316
8.742430084510361e-7
7.616013495800042e-44
0.0009622890304646358
1.0655303059622653e-34
1.356602357919275e-7
2.0550638949303225e-11
1.0469349958695095e-6
177.83687262510006
0.004498470173374134
4.072218466824292e-9
1.5231610152904405e-16
1.731937010796218e-6
0.14816065611316717
1.3300291811966737e-7
0.0008531442551936343
8.036044727964185e-23
7.680319943145161e-5
0.004178239767170675
6.8525965132951545e-18
2.0361409794890537e-23
5.6578464215892804e-12
1.8289701547471653e-9
3.885105312673388e-12
0.00034011632863829844
3.829264253593788e-17
1.154876961541056e-15
0.0007387994148192883
2.583430401135107e-7
1.798962135297757e-18
1.2624352157291568e-23
1.707670511337636e-42
0.0005098611183310667
5.427044608917163e-5
8.785052516894901e-7
0.01015591642036211
0.001026657720334429
3.5370360385225003e-16
5.217596352487704
2.8547950055878528e-5
3.214033642492066e-15
0.03507671034679415
3.738051064543195e-8
1.6480181640456983
5.30423957127604e-7
6.839710700678268e-17
0.02985033549278406
0.00042226459880450494
4.259471076989507e-6
3.460837253160198e-17
6.973734646145368e-7
9.95810433948584e-10
2.7099401287077358e-17
3.03993372048454e-14
0.004251024848160025
3.684738964228117e-19
2.1004783530386913e-11
0.0032100071422033268
3.025358592052104e-5
1.3564428737554246e-19
0.00578053388974305
2.082014634524304e-5
6.860843667404118e-8
8.584300342899996e-14
0.014117840024485174
1.4253171824903611e-8
2.8636542237136244
3.615124536706201e-6
0.0006374468499621347
2.6253560656891135e-6
1.089866181681504e-6
0.0005809790156342123
7.422100322818822e-14
1.7915072871965562e-8
0.0007636155012404981
2.5405442932098287e-19
0.006126283863309344
1.5682944447352793e-5
4.67145040277289e-23
4.869640606008252e-25
8.00386775124319e-11
0.45727115605738916
1.2223315079670115e-10
1.77015709557019e-13
0.002605004883494095
1.0
4.90553369635447e-10
4.8059983363666117e-35
0.12034960468608959
0.01903835012620457
0.0001546634647450398
0.26682215104507256
0.0008182841358202413
5.970619090866189e-8
75.05804170389221
0.002815737285748373
2.609485737881504e-13
0.031516772876964506
0.00010265124806008798
0.932290349768318
1.860751229202024e-7
7.940716668746285e-23
0.000924647044679459
1.9518562292408009e-7
1.7923541956858865e-12
1.968419069621885e-6
3.716811807462174e-10
1.6343876379923924e-8
3.4792499793402736e-10
3.1643892530834425e-30
2.899335308844638e-16
1.465351779823797e-7
1.834824779780637e-11
2.2085429122239658e-5
58.354013220770526
4.711901878928199e-24
1.4686108775416751e-8
5.864768151317309e-16
1.7659560114746543e-15
0.0006461110783365527
5.439527127488804e-28
0.0002609968585186405
8.2628894103871e-13
5.3405623564921706e-8
0.00037936837262164837
0.010519848671709584
4.138663705162903e-13
0.0015630307485141825
3.053680709040094e-12
0.009436744727269868
5.564175347194454e-7
0.6030618973501555
2.353621169212788e-8
1.0
2.411849718642753e-11
0.0005098618317380703
1.4799487200037553e-5
7.341330793787675e-22
4.830459616644476e-19
4.296058063962506e-5
2.4000419527220823e-24
0.0030036840595313616
0.02682507277366367
4.59924308747725e-6
0.0013923304740238445
2.6313938009435997e-5
4.671139443915944e-28
0.003045998033804346
6.1928090164627214e-18
0.02341507052599767
1.8174733573517923
1.6993015520803706e-14
1.7124663750352247e-8
1.0349389560245347e-10
3.5613723713542754e-7
0.0004156367090538804
7.070476111929488e-11
9.89263902253963e-16
4.0199742586695286e-8
5.177364420055126e-6
3.535050914859988e-15
0.10426018872763052
8.884151772170969e-7
1.795110490278553e-13
0.00997207101189849
2.2744429689960915e-9
0.00046125429518508327
1.087557015356196e-8
1.2907410265331018e-5
1.9078544461203413e-8
0.00022904941112332516
1.7885355363631798e-16
7.166280660476487e-16
1.5384802703023248e-34
6.1449908530529965e-22
1.0083887155165438e-7
0.02492845297136793
1.4500124252585751e-5
2.7197997708524465e-7
2.7112644814534364e-10
6.831687185273916e-30
6.800429732258695e-27
0.06307168718296768
4.635414884793274e-7
6.825498601217261e-23
1.1721061470612938e-22
5.150188169133839e-9
6.035311347027866e-38
0.0065368194774256495
3.8967285383262207e-28
2.517304866784377e-9
8.46257923753198e-12
9.41448944823082e-7
0.0004998869310562596
9.797432155484642e-36
1.5864303596882749e-28
0.0002184409962661523
0.0004968806324520778
1.2016494642603412e-32
2.7339969828582026e-19
9.413029079487189e-13
0.0005875009179626872
7.403278325854716e-13
1.1824849177369383e-6
2.7960735215780935e-28
0.20625243666334067
0.00037380753566055815
1.269979996184388e-40
3.6276085916233264e-13
1.0
0.001277831666604321
1.4140859044555844e-8
0.07777116632363273
4.842138108807589e-29
3.140064788089157e-16
2.660712015375676e-7
0.09463892996388952
0.008959817666721385
1.99689687118206e-5
5.727295949921668e-31
0.0009652114415780035
1.9232812174047798e-21
6.329542821318155e-7
6.033844920093517e-6
7.975273711601483e-16
0.14384295302638175
4.844453109434228e-9
0.0008922734866909875
0.02246551669313301
2.877175299253211e-14
0.0004387656468159869
1.9479166498137212e-7
2.3222677355375548e-6
1.7673116768089072e-6
7.015392898989468e-26
4.555050678484259e-6
7.149698542329283e-5
6.0240369585684965e-5
4.2121465343606854e-7
9.307573455754141e-6
0.04829583695522292
1.0
6.530876763232162e-20
1.1782952381006174e-6
4.194171640234091e-13
1.9041739062348704e-8
3.6683430041112943e-11
1.3504968682476378e-5
8.239969560455041e-5
4.0449199610412595e-13
3.555580722309923e-13
4.614688254415925e-5
2.3423674710519074e-7
1.8162190613650022e-7
2.8420048313823698e-5
0.000478318488324028
2.792163362114054e-5
3.7105046617356865e-11
1.8875718573322227e-8
6.078324291318317e-17
5.034155863651473e-13
1.5791596532046646
0.0007791644242758682
0.0003007510446573321
2.3512354511855576e-7
1.2986402384751404e-10
0.0006022630076550191
1.3492610679557468e-5
2.4870069093036993e-13
2.5287693953754146e-6
14.960708243565026
1.1890019980024687e-8
5.14604117624006e-5
1.1174279397370704e-5
2.6262986049260774e-6
1.1643353968775137e-39
1.776300669752556e-19
0.7198586946318406
2.790609989493679e-11
1.6112299555273338e-7
6.209269365153519e-21
4.37680889779969e-6
6.943887427545135e-11
3.195543772041939e-10
1.3402907912742341
15499.588930628095
2.263190846011754e-35
5.792014329324162e-8
1.6622496867390965e-33
0.004414116290552109
5.847689127407211e-35
2.8140838646483712
1.5998169325223534e-14
1.849596735328261e-8
0.0008248394958975939
0.03653069648464594
0.00038561898898565325
3.3901329653247546e-33
4.370788917662744e-9
6.943699542614588e-7
1.7793071134629864e-5
2.2627687215776118e-7
2.5341109972991275e-23
3.3696102090669305e-11
4.499525533738709e-5
7.54697909554473e-32
1.1990960802745495e-6
5.653609462813366e-16
2.731448835043091e-9
3.2768009534211412e-9
6.147423177110052e-11
3.9031221321129336e-8
55.349310709377626
0.012034905664983475
7.5404651331455e-5
3.162145362263218e-9
4.47228765355047e-6
0.0012333107274729673
1.5788961143232123
1.0476128319760839e-8
0.00013220354367925784
3.673634069761388e-5
0.0005283690316922607
1.043908235707499e-6
2.4000210503388636e-11
7.664365294010493e-33
1.5979872249820594e-7
2.3488335541614736e-7
9.397962388308905e-18
1.3485053511154643e-5
8.777834964765994e-6
1.1519921447139175e-6
1.3369838716931393e-5
9.035380707212179e-8
3.965210484735645e-18
0.019143878282862396
0.029950318411839757
4.643897637487617e-17
0.0018904894860981908
3.100683779135183e-8
2.2667087981333715e-6
1.1944603730990125e-6
3.940713995420306e-7
1.122019231344845e-5
5.554826124743496e-17
2.640165544083759e-7
7.811417285497893e-11
2.049707408200327e-6
0.033239215542600196
3.831555087758657e-6
4.675702387546463e-8
0.006584958215711716
2.9205128230745575e-18
2.1203291727236836e-6
53.59740600499622
4.1244732814303594e-22
2.360433489133153e-10
9.721910184333318e-11
1.7163533818245936e-7
7.159913362317899e-30
1.637916680182472e-7
7.508407416233497e-7
0.0009882541908809185
1.7350660371708046e-8
1.1808016647455018e-8
0.4289646137671309
5.5995632345347954e-5
2.0521564870658873e-8
1.6403066777640075e-12
2.8503834643911425e-6
0.6301355568000654
6.9732568301596534e-9
1.335132702260282e-13
3.0261441195886486e-30
0.000719213674701999
8.288139440610625e-16
3.3772323235791557
2.0174174808096578e-8
4.006501214052711e-10
0.0002338277347317001
3.4376962030928957e-8
1.1265854339549895e-5
1.690381811520637e-14
1.3782225317634303e-5
1.7628998271338855e-7
2.234827569388113e-11
6.93514612884612e-8
3.820324002984244e-11
2.8072600855764846e-10
7.746009225458457e-6
2.693897543823552e-13
1.478682870953646e-11
3.2808024249466454e-10
5.7735993008684145e-9
2.0710953245182892e-7
4.2612060882839515e-8
1.8502828998302783e-14
6.253569194187683e-17
1.7865469765558785e-11
4.423639450908731e-8
5.992824542885633e-6
9.266005408534812e-7
4.046283129393502e-7
1.3566561552399814e-18
1.2999558979655837e-22
0.002170140392598895
2.3456007075355614e-15
0.0162330412686009
3.2315668476700547e-12
1.401453509495951e-12
9.656342875845235e-6
0.0005239539187215332
4623.540861301024
0.942279880460555
4.332521995329485e-12
1.8275648236528112e-8
0.007302247641673917
8.73672657782477e-12
1.17629545893104e-5
5.751444015298257e-14
3.0036743928432975e-11
8.00789550692297e-13
1.0
4.148087798171226e-9
4.2904954864775916e-8
2.368545522438947e-8
1.1540885475012547e-5
1.215819784174627e-8
0.0003580024288335591
5.539670969611279e-6
9.044055534054983e-7
9.482775166184206e-8
2.893066325862768e-7
4.4774213083947885e-23
2.9081839968301657e-12
3.617829905463584e-6
3.561018090129614e-7
4.791215819731585e-6
1.0
1.5468744577558432e-6
3.9302373300273815e-8
2.3321031431083737e-9
2.6418436441806713e-5
8.178738994987901
5.607598760002744e-11
2.527425004422721e-21
7.012235950109395e-8
0.025742155334253863
7.934632624778655e-14
4.433611452968566e-14
3.165261205081925e-5
9.260457569527664e-8
3.912751793690299e-9
3.3114014890915386e-12
7.308830568433598e-9
7.713241911014767e-11
3.003137964819059e-15
1.2685768105041306e-7
1.475956810585692e-12
6.312710281879679
6.781733202317107e-5
6.616665164079507e-6
5.6203110838043356e-6
1.6523302946009055e-16
6.484909659955413e-20
2.57988129614082e-18
3.1701527198497765e-28
1.0266918389252073e-25
1.4110595669716458e-8
1.7110692684888103e-18
7.18904170444608e-9
1.535009950075109e-23
1.063802825697534e-5
1.3461323055856594e-10
1.453734098087052e-7
1.262515506921305e-9
1.8894356138755162e-10
1.7417161591602132e-11
4.944948454539529e-5
3.4880263864036815e-26
3.5711723576714714e-7
0.026592459237545926
1.1076653991850043e-14
9.331404680621359e-29
6.409114633740124e-9
7.572904255859143e-13
5.921149514410789e-5
3.4173947853886653e-9
1.0
5.339647086915504e-11
2.488308601610948e-9
4.69663898933891e-15
4.0323581586731096e-20
1.4795999145650344e-9
3.78191620910245e-8
0.028740986589775953
5.125525644799045e-11
1.3961713772496406e-19
1.9085086820905517e-9
5.070686639034381e-6
2.404954724175349e-5
1.0198348694512187e-11
1.0732449249329343e-8
1.3862394592735885e-11
5.494196387162173e-8
5.1718973362112204e-9
0.0001413642916305471
9.950366234662389e-8
2.580053137762315e-12
1.0198846124391576e-10
3.0610929969382404e-16
2.438501818814059e-5
1.7414999110367826e-13
2.905389462051895e-15
1.6939960432247955e-10
1.0
4.973077764882396e-10
1.4527351672012252e-6
5.4343568888895425e-6
5.995723678849145e-15
0.00013124339543394654
5.3239575035673904e-11
7.441200439049192e-12
1.705770804772231e-22
3.7687763805032177e-6
2.3019663416546526e-22
0.00021311010431165545
2.1449796271091043e-7
3.045739165357185e-6
0.01585466518978003
1.5060619597503614e-9
2.902994854637014e-7
5.446461599319721e-11
1.6199640398498346e-11
5.909982685147784e-13
2.809466339090105e-7
5.440485547927457e-28
1.0420672238298225e-8
7.085597943622738e-7
2.263931552159554e-7
0.005039336518684972
0.0019545739509588714
6.922357899090272e-9
2.5383029330213266e-12
1.5285402212454823e-17
3.3356729723790374e-14
2.789074797543324e-10
1.2256209354920488e-29
0.000251375794810727
3.3111269403209687e-12
1.207374809792824e-15
3.8150696919099767e-16
2.399520495232347e-13
6.701234341048359e-8
1.6055082653863559e-13
6.581913408919176e-11
9.529837381852588e-18
2.852511878499616e-12
0.0008341525099209217
5.674782594588361e-13
1.0427290792123865e-11
1.906986062000374e-8
0.00014764824057462972
0.0007498851507115942
2.093485969150807e-6
6.294685289639651e-5
4.651165701652871e-21
1.0343419269591909e-19
0.0016827842941953771
3.971854228030783
2.089730299164003e-15
3.8216243478848615e-11
1.7125691510033724e-6
2.561734797160453e-9
7.642265697331121e-26
3.8180376037544545e-15
8.686837008807447e-10
3.610136187374503e-9
6.415150230102131e-10
8.402866480016299e-23
4.476827156669949e-10
6.018230747993735e-6
9.141931547169672e-10
4.333667744457672e-11
0.011970338711226955
2.0646993803898352
4.40324653248787e-6
7.159736218139302e-31
1.1296283987738719e-8
1.5899548278353666e-12
6.542839456334489e-21
8.934519774117762e-22
0.012927042266037334
0.0009657424940675637
4.149799869950749e-5
4.462220853877542e-15
0.00017669304438510462
3.070581878696414e-20
1.373428045733623e-6
3.935994950826031e-14
1.0
2.0911475263291773e-6
1.2468084085912874e-20
2.0807327510208647e-20
3.0477313788027893e-34
4.630496119170623e-8
1.5645933627471919e-9
2.180613507035127e-27
0.00015863290778232432
2.0602574547614827e-10
6.57776110551949e-7
4.812045079364533e-8
3.4480193445283194e-9
8.22780697854667e-16
6.439616851007348e-20
8.347277005203583e-28
0.00237040526602469
7.0189795207436375e-15
1.6867358296056687e-12
1.8013721887335783e-6
0.004207639579942816
3.2225405064947015e-13
3.766057783157519e-23
8.292685588280408e-9
2.1056934986635706e-38
5.1518683130278626e-5
4.656493231091371e-29
2.488515877835526e-18
1.5313718168248255e-18
6.491973723768615e-20
1.4647306984599e-17
7.606642433023842e-7
2.2737579598252727e-16
3.3886275677753545e-12
1.2642307156246635e-26
3.792539739783686e-31
0.10184365334544132
3.3903851503362143e-10
0.0027398480353073786
5.968381677576716e-6
1.7630576040170553e-30
0.00020805327329998693
3.822323203331456e-9
1.3266929111081382e-8
9.127477481396766e-12
1.200709930492678e-19
4.899848699615162e-13
7.24633443268055e-21
1.2465503521496258e-11
2.1109704783089225e-16
3.053545101590862e-13
4.1553268271949715e-10
4.745052548122985
5.87500160607234e-7
4.219140618404035e-5
