2.795583334585878e-6
7.216049344020653e-6
5.46112046426771e-6
5.127055902634409e-6
2.3311207754187688e-5
1.7128004493042457e-6
6.289708366758941e-6
4.481756908874594e-6
1.1984670234865278e-6
2.4535096894852616e-7
1.570460842287092e-5
4.60537918429925e-6
7.24852296813312e-6
2.5328299424517346e-6
1.6167710120975487e-5
1.0112608022607414e-7
7.249057213490027e-7
1.185847502466906e-6
3.677514557526165e-6
5.310174703580436e-7
3.5579004970796976e-6
4.653585418723742e-6
2.783965024134001e-6
1.4844774680336725e-7
5.068557659428959e-6
5.449909134422029e-6
4.992744019446479e-6
3.696480263021641e-6
4.115534429630687e-6
1.548237862577052e-6
1.0765366547498762e-5
2.282836747739055e-6
5.678750744398477e-7
5.0160285484692644e-6
1.439594491229746e-7
1.7465454314114116e-5
1.7285633861679736e-5
1.4082897409105335e-5
7.251444695121946e-6
7.343439596546947e-6
2.78259552740415e-8
7.939541853677924e-6
1.1293890539124547e-7
4.585101671062076e-8
1.9038567057013338e-6
1.5603337824564329e-6
2.6879407671593628e-6
4.403118141260365e-6
1.859829525247118e-7
2.3477235865092284e-6
4.912002066207622e-6
7.636473820523003e-6
5.9179069016267934e-6
1.8482825208463497e-6
9.860059024139934e-6
7.838384591635678e-5
1.9245796250667685e-7
7.574079204161912e-6
7.849727614173676e-7
4.143697375613993e-6
6.733024639070914e-6
2.5653021533464016e-6
5.5284898966404106e-6
1.8518088120674516e-5
2.2831163197005405e-7
1.5501287848820834e-7
1.549022101617933e-5
5.82616215627105e-6
8.652441315210049e-8
8.597873050211345e-6
3.079117711356256e-6
2.6302984323832636e-6
3.3786319089427454e-6
5.115958835411354e-8
1.4340437574805264e-6
5.003748607457332e-8
4.364137305826998e-6
5.341183794811931e-7
2.5966404852974852e-6
3.555994064788348e-5
9.887012771114953e-8
3.2754344990504056e-6
1.0778414503148672e-7
1.1189992170713523e-5
3.217623104510689e-6
2.3725935484089236e-6
4.6194706768179225e-6
3.0589145976403166e-6
5.945875564840257e-6
3.879217634436911e-6
7.872145374354108e-7
1.0137995434795309e-7
3.3270402709934323e-6
5.032081368305773e-6
8.479243540022887e-6
2.8089975381493563e-6
1.842879104787673e-6
4.780002132532714e-6
2.0908598820466968e-5
5.894606164003673e-6
4.801613767685935e-6
3.4704891991733173e-6
2.4139119148766487e-6
1.3630586774673951e-5
1.2888350669880156e-6
7.68334605249684e-7
1.1179359131897512e-7
2.6234676084799803e-6
2.959267760757826e-7
3.2753111473493855e-6
2.4494518037156093e-5
8.120157419285141e-7
3.5478628108372e-6
2.8669338054042894e-6
7.746008798615064e-6
5.1714788197904466e-8
5.672820971654777e-8
3.5706674437762834e-6
6.377912465940475e-7
1.009502453296561e-6
6.926134812108215e-7
5.239348980498908e-6
8.835305152534298e-6
4.433992571063303e-7
2.9973852291265382e-6
6.30780575994819e-6
3.1655805701990018e-6
5.621831737335996e-6
2.053284811850457e-5
3.507678441991257e-6
5.535038978873358e-7
2.3377251517001773e-6
2.8044922321720084e-6
5.039784994752224e-6
1.104913605246266e-7
9.951937131397422e-6
1.3258934014406462e-5
1.4291639488162197e-6
2.1666889160636325e-6
9.5974557848844e-7
4.033177920916289e-6
7.489763910782761e-8
4.55467481107893e-6
7.729874514077913e-6
1.5787162534774386e-6
1.5100218109474063e-5
5.7092015414634565e-6
9.065696714205246e-6
3.529531673820034e-6
7.515414240369273e-7
5.606345697719261e-7
3.6077234397366864e-6
2.1026487104744946e-6
1.0835705976588062e-7
4.355461761400442e-6
8.778911352192168e-6
3.5069676127890903e-6
2.510627001917342e-6
2.956124504301337e-6
1.9881309515365198e-6
9.818990590445707e-6
7.38959570033627e-6
2.2877558514943365e-6
2.1565201538078438e-7
1.0159009493445779e-5
5.348296464281577e-7
1.1464927353926217e-5
4.045169397812678e-6
2.2993888946492314e-6
3.2161625418674653e-6
7.213962989270569e-6
1.495243285025844e-5
8.247401362613406e-7
9.759047490404107e-6
1.8922118530840182e-6
2.733363827664602e-6
1.2595667941086451e-6
8.722263950803147e-6
1.0400696412549394e-5
3.368561397597677e-6
1.1303353556781849e-7
1.06196742522679e-7
2.8071019595558114e-6
4.0630413583749234e-7
9.113566605158729e-6
6.432321992336136e-6
1.1863196300336549e-5
1.5906036017125354e-5
1.4313403167017363e-5
1.0759033707467026e-6
2.0509713824449214e-7
6.712023479343992e-7
1.735008992614099e-5
4.262425549313665e-6
3.317138523760665e-6
2.3359259916518544e-6
1.310606345022422e-5
2.3641999545951175e-6
4.166142320698026e-6
8.84316765331824e-8
3.5257153024305164e-7
3.066582059373184e-6
4.948338113305491e-6
3.0535453015042416e-6
7.832880670128362e-6
7.328552328053678e-6
0.00025309462129763794
1.5352443152697775e-6
8.067114791147193e-6
3.1764656765760883e-6
3.2717950867270913e-6
1.1969822672034147e-5
1.2627010151386294e-7
7.767656363568282e-6
7.537606891076214e-8
9.255466629277457e-8
1.4155196150100286e-6
2.1659870954266547e-6
2.1617779733498037e-6
5.702394952429789e-6
1.1363273568885517e-6
4.3204530890321226e-8
1.9072880461582562e-6
2.470643341987449e-6
1.9919738783472112e-5
8.06027644365066e-6
1.4311040838186468e-5
4.076281681686132e-6
8.084501309547274e-7
3.5440062990828457e-6
5.713713028712642e-6
5.190915783892726e-8
4.304096266089196e-6
6.135087176973371e-7
9.518116982620049e-8
1.821819620174372e-6
8.433412772943242e-8
3.903189105844205e-6
2.9517601930191804e-6
5.739834316402544e-6
2.2760155678993725e-6
8.456929985038573e-7
9.281136172459952e-8
1.3524400366254062e-5
1.0455952989211395e-6
2.883519083511672e-6
1.1195935557921706e-5
1.1464688436596317e-5
1.4457353995574756e-7
3.0164211636063462e-6
5.543333743886918e-6
4.178942187752245e-6
3.022859701913282e-7
1.036804824641416e-5
2.9210831238162367e-6
1.8016381739839733e-6
2.9417302087529835e-6
7.616718064891753e-7
4.774283981613359e-6
5.8677231477688946e-5
8.001806840753257e-7
3.437244465979169e-6
1.1469354049460878e-6
2.415058521955915e-6
5.498810848691387e-6
3.4441314770434934e-6
3.4646991070483947e-6
4.314959057511116e-6
3.812755511409969e-7
5.975565781200208e-5
2.424234169903913e-6
4.988968034841139e-6
8.565667655597819e-5
6.562605627702129e-5
6.340633692832935e-8
1.0055955909059891e-5
4.406549119565873e-8
1.3923142006446455e-7
2.8582214503310235e-6
1.5579878373734248e-7
7.366634176815671e-6
2.3098847050113037e-6
1.5150518617651401e-5
1.9338178388331704e-7
4.219744454896526e-5
5.9247751636991e-6
3.2464820434270324e-6
5.7227668410681124e-6
9.008896914510503e-7
2.691713175110663e-7
1.2712257780354207e-6
2.8092316171716965e-6
3.6736332201057114e-7
3.3384932804148633e-6
1.9246013316860565e-6
2.3389238909050503e-6
3.99195996918004e-8
1.0635328805012154e-5
1.6868253405077224e-5
1.5420354659901547e-7
6.474813206197641e-6
4.828921043150991e-6
1.7070928646353072e-6
1.017210042888992e-6
1.5469065437958811e-6
6.024860223707431e-6
1.115228207283055e-5
8.754178293327417e-8
6.910898972020218e-6
2.2858505034556213e-6
9.851585681362931e-6
9.840998030605862e-6
1.9262846579978737e-6
1.250873044251863e-6
5.222108795436348e-7
5.2860116126277646e-5
2.000695575842074e-6
1.915279818531255e-5
6.4349745989531685e-6
1.4322962945875748e-6
4.973316969255905e-6
6.191584215572835e-6
1.265699488305364e-6
9.608123768988677e-6
8.738166382068837e-6
3.923979914463695e-5
4.695920950772695e-6
3.730291626744903e-6
1.1859517188901482e-7
8.925792487353168e-8
4.795734666059028e-6
5.144194645825192e-8
0.00017173477707383355
6.282073293905512e-6
1.588328270869505e-6
7.858711391655397e-6
4.3655321661443395e-6
4.147728528242484e-6
6.791843501593742e-6
5.56178320335333e-7
5.0665861567732896e-8
4.322755931796413e-6
5.745491776661389e-6
1.3307928900228991e-5
6.506331807204762e-5
2.4077867217630116e-6
8.262369605796865e-6
5.0286605023541715e-6
6.642882052294073e-7
9.095905465281766e-7
8.871755954273763e-6
4.6595350092846633e-7
3.5992000577557104e-6
1.8585561513652766e-6
5.382455606243366e-6
5.613199643991969e-6
1.8171030485182178e-5
1.7427182153498547e-5
5.110318749650062e-6
1.2453865630921634e-5
9.375660674145209e-8
2.8156214678871426e-8
1.4027290205090784e-5
1.951539106923502e-6
5.9122730132108535e-5
5.830871429096567e-6
1.7185766203054984e-5
3.6012183621191636e-5
3.553038107942657e-6
2.5827992813581737e-6
2.746683912180795e-6
5.0378702597405654e-6
1.942676966815798e-6
7.928743684426245e-6
4.131240855821091e-6
2.5004380753392735e-7
7.727636610909788e-6
8.217762665829202e-6
1.9632003359091682e-5
3.7301721770370555e-8
2.451414160747759e-6
8.456054596332289e-6
4.237461540201476e-6
1.7143397696435417e-6
5.690919386059636e-6
7.3483210676113425e-6
7.53128978869059e-5
7.0355136090117385e-6
9.167934919008592e-6
2.6368864809414837e-6
1.3737012253863551e-7
6.356148495198398e-6
5.357534467860785e-6
7.778827402527015e-6
3.6832560581225996e-6
6.562624461096821e-5
2.17113744409987e-6
3.55197360492938e-6
2.5209861654272286e-7
6.106998576257779e-7
1.2765945073945357e-5
3.593990934362232e-5
1.837869421943492e-7
9.783157537922663e-6
9.162306423945094e-7
4.72301989256332e-6
1.2213764541380933e-6
1.0408310586976665e-5
1.0206413824766431e-5
3.64684091241684e-5
4.148533165525555e-6
7.4104848209866985e-6
4.2400350291981127e-7
3.8050197716376077e-7
3.1440280258739082e-6
2.960616430511762e-5
8.965420670508672e-6
1.1238164817940916e-5
4.4110299908253576e-7
4.293577843101165e-6
5.604377698649431e-7
5.9903622958189805e-6
2.3727203934763077e-6
9.83541888314439e-5
1.4888829604805852e-6
8.445736699682203e-7
1.8764490505954127e-5
4.407631410345475e-6
3.883307191178523e-6
8.830166774518471e-6
0.00011181154957517805
7.2544976864326e-6
1.1750416604044594e-5
1.1702382161164541e-5
1.6909632138999416e-7
3.183275449633878e-7
5.19169847483366e-6
2.6400031240091594e-6
1.7952179304311732e-6
1.5068743987130487e-5
2.7595098740619635e-6
2.4729166467069956e-6
3.29824674954853e-7
1.53846904488106e-6
1.2968280707615783e-6
4.935000455279864e-6
2.5546878518485864e-6
5.819658076403271e-6
9.416642591859476e-6
2.0618839348944643e-6
3.83832154067161e-6
3.3103856372659954e-6
6.83060324731908e-6
3.455348112423991e-6
2.213070931146614e-6
5.620545260852453e-7
1.102710336901546e-7
1.7252406137834267e-5
5.478397171423778e-6
4.89336397042746e-6
9.960484815912177e-5
1.276122694666672e-5
2.434132621648151e-6
6.122563377563696e-7
2.049174707062098e-5
7.452706041890907e-8
9.994018835288055e-6
4.346929889088007e-6
3.5379817878986916e-5
6.836533983197656e-6
1.103738942695568e-6
1.3722197714732288e-7
9.042980085645287e-6
1.4992306000086842e-6
2.1532348902009307e-6
5.143571884530572e-6
1.5218916887662702e-6
3.291827661948201e-7
4.800609584794362e-6
1.2194973701373376e-6
2.44081167771444e-6
5.966818965596173e-6
2.0501721330949807e-6
1.2058166024360522e-6
9.457085139217294e-6
6.014328294876924e-8
2.39021457538358e-6
1.3542601493766763e-6
4.0493955941567e-6
8.183265427686245e-7
8.37177143582338e-6
1.2641570132171205e-6
6.250825835722496e-8
3.3764278940296175e-6
2.1587074063490014e-6
1.6124298042659803e-5
9.754236676014019e-7
2.8463745682873008e-5
7.804078885692751e-7
4.239101574612894e-8
8.698882661908657e-7
1.1049356026555823e-6
1.1332994748217792e-5
2.4969555754226147e-6
2.312245189536745e-6
0.00011950175167925006
2.2082145791331672e-7
2.9316677988348428e-5
5.598649460621081e-8
2.07641066301665e-5
4.72141166088584e-6
3.4883308726075753e-6
5.196909375279246e-7
2.4574742057713167e-7
2.969481306818042e-6
6.483327161999326e-7
3.820958832540454e-6
6.983715519660254e-6
4.325159729619583e-6
1.74057502051466e-5
6.556899305224064e-6
9.409731521787099e-6
1.7556656647412853e-6
4.656141537750675e-6
5.317096449754112e-7
2.6050659166773276e-7
1.257043256361874e-7
3.760006547947921e-6
4.708171790787338e-6
2.159568039292772e-6
5.54083406022202e-7
1.1154814194030534e-5
3.6062834850183736e-6
3.6556247185314533e-6
2.722420564808286e-6
4.072607050530752e-6
5.368316330918812e-6
7.755424722630929e-6
4.60309322043108e-6
1.0852549476383305e-6
6.133067842324554e-6
3.2494267620578614e-7
1.2706075330094615e-7
5.4435779662384065e-6
3.202455088392112e-7
1.2443730054518219e-6
4.509198802548875e-6
2.6404365285185295e-6
7.659398506249805e-6
6.239408232560584e-6
6.910402682136879e-6
5.5448972229204965e-6
2.8226944107034074e-6
4.09648178156121e-6
5.475998901957252e-8
2.670475683580488e-6
3.0024728831897764e-8
5.032852274895242e-6
5.442136928706582e-6
9.11944653183204e-6
1.3381160866199782e-5
6.651003039370459e-6
1.0684370632878276e-6
9.279028642810018e-5
3.4463579911593044e-6
6.681740840915059e-6
4.887086560328817e-6
1.0568036778119202e-5
3.1765381232782176e-6
4.0365829952673955e-6
7.812596382877258e-8
1.3665049765848904e-6
6.517427772650899e-7
6.277584385190851e-6
4.06548534389213e-8
5.437142001407167e-6
1.0929761772038054e-7
2.8741840556130454e-6
5.1623738865575605e-6
2.47791713550509e-6
1.4659218067225995e-6
1.803819499122159e-5
7.106893566559456e-7
1.0601588495097627e-7
3.7667002799143942e-6
3.723964773674033e-6
9.737017555444711e-6
2.5006520630198883e-7
2.021764110208405e-6
5.155446903887501e-7
4.2104098317603105e-6
2.5774959435939432e-5
1.0481433653153752e-6
1.4407104484237713e-5
1.573434437423129e-7
9.35274978436544e-6
1.8524004668770037e-5
2.842816278393013e-6
3.085453934420879e-6
1.1658494148482557e-6
4.912675441241696e-7
2.6927679534107036e-8
6.526395579124095e-7
7.262406517835598e-6
1.576747983619842e-6
2.191292062330448e-6
2.864713677623274e-6
4.396884964602613e-6
6.486920781302998e-7
2.9312732110014872e-8
5.337744975323225e-6
3.066233898293088e-8
3.333909192956168e-6
5.113885724054163e-6
1.4723553190401731e-5
1.7397366213543006e-6
8.955913591605421e-6
2.4639779399228565e-6
1.6016535320534294e-6
2.3301266198073322e-7
0.00010334729539335536
1.0281600495814964e-5
4.6305677878348375e-5
8.405464424921197e-6
3.550091267635847e-6
3.835376212292231e-6
1.942938069243088e-5
5.485005169719607e-7
3.677692863035434e-8
2.832065809926913e-8
1.6621445947328835e-6
7.990459786399742e-6
3.423148916811689e-6
4.319083824449899e-8
9.361134585634382e-6
1.0864025125483652e-5
8.004177803194267e-6
8.424556186850385e-6
1.2429128829273086e-5
4.881410296538642e-6
1.889355066287125e-5
2.995943418811867e-6
1.8134740052233675e-7
3.3457197763279866e-6
4.330795806332413e-6
3.8691163322709866e-8
1.6196615863887633e-5
6.1658747574973146e-6
1.4949908539661854e-5
1.2871101833541078e-6
8.113813392191343e-7
1.902471003822794e-5
1.7763679866824938e-7
4.007991358539541e-6
4.5221095625728734e-7
1.6220274700559616e-5
7.413057571002708e-5
1.0140853096351986e-6
2.946282727119925e-6
5.578258810247214e-6
2.6681282775770013e-6
6.074036452099708e-6
1.0941556405723956e-7
9.442698692259856e-6
1.4131413193691962e-7
9.36433458446775e-8
5.238817992218558e-6
5.061096509868126e-6
2.681675921149483e-7
4.63263815506994e-6
5.001001118889613e-6
7.602013317843451e-6
3.0938558967761245e-5
2.7968544861786085e-6
1.6566061057968063e-7
3.46127070972603e-6
3.6693011551293612e-6
8.22504302440904e-6
3.6419272973982186e-6
1.7756273043603248e-5
2.1871136777611224e-5
2.328614368609876e-5
3.583023231200482e-7
1.5669476346172578e-5
1.4406439940812516e-6
7.314475198321307e-6
3.4523326777663266e-5
3.7490447839353805e-6
7.346685568888009e-6
2.3834188742579345e-5
1.896625605189981e-5
5.535390172468885e-6
8.526718210333102e-6
3.3312327983486232e-6
1.6500439880390027e-6
1.1739314048835963e-7
2.617911583571157e-6
3.3819194172341235e-6
4.433635215586361e-6
1.3290408868214356e-6
1.2689244423629524e-7
2.2651718354053895e-6
2.3699222409641175e-7
5.7170734843741825e-6
6.2549179876910384e-6
5.641682549503342e-6
3.222528168256399e-6
9.461805531818979e-7
5.546463715746669e-7
4.566004433780569e-6
4.660963368392185e-7
5.942173103006833e-6
5.2416720934416765e-6
6.421100544922384e-7
3.561567984552776e-7
4.748790168002911e-6
3.8494618798827045e-6
2.696539222638662e-6
6.646402860392251e-7
1.7895212252704115e-7
2.7313561853671227e-7
1.5439775439995765e-6
9.842263890687749e-6
1.2433441422526611e-5
4.71321456717176e-6
9.942461234648043e-7
4.062293196044223e-6
1.1048169534066574e-5
2.7443580424191394e-6
6.1266956279740655e-6
3.7941443641374237e-6
2.379891811324472e-6
2.1942252942621144e-5
2.6122540720418775e-7
4.1503934238518606e-8
3.680743208095026e-6
6.129699563620476e-6
3.283089027808427e-6
2.5448300507580214e-6
5.649066106533904e-5
5.910858417230753e-7
6.155292650011542e-7
4.0044249530516575e-6
6.179377588140099e-6
9.28602151904537e-6
7.278999570455691e-6
1.0931320968218607e-7
1.9955952243584316e-5
1.0027320680835951e-5
3.2923308213749245e-7
8.972493904034128e-6
1.6564041603178487e-6
6.039927999693013e-6
1.7746973244978365e-7
6.892857599522052e-6
3.455234276346448e-6
5.316714681735636e-7
1.3919431783459038e-5
1.4735503702764293e-6
6.860725365000034e-7
3.2662497703118346e-7
2.877457575795966e-6
7.273691550798668e-6
6.494317637266836e-6
2.3585205736670058e-6
3.5924010528137426e-6
4.309238579331774e-6
6.3247640443991655e-6
3.1448343518576824e-6
1.0906798136603864e-6
7.331688436738839e-5
2.345131414120872e-6
3.305288898740104e-6
7.3316960669283205e-6
1.2072192209108922e-5
6.8324904642824986e-6
6.978153025046376e-6
4.510152357847453e-6
2.6441182078341e-6
6.475159873046111e-6
5.176404272567954e-6
3.296563391029256e-6
4.4482233142103535e-6
1.1080016976864575e-5
1.065728157857181e-7
4.843354138015104e-6
8.352762689835506e-7
5.692231869500238e-6
2.2377634902365034e-6
2.289746132233801e-6
1.2720159567605552e-6
4.96636109327701e-6
7.239244131841305e-6
8.270238805397737e-6
1.6261382975626095e-5
6.11905820666209e-7
3.2244229504632445e-6
5.900817363352298e-6
0.0003803198100184949
2.3301509559065406e-6
1.426729548335361e-6
2.807189159144315e-6
2.1628710033402278e-6
5.930680889662221e-6
1.2361531206161395e-6
6.833250456724799e-6
2.0409152042433433e-5
7.990381736341833e-8
8.898248293752214e-5
1.1172347708627718e-7
5.559272862092511e-6
3.516659135238129e-8
4.001760523852916e-8
1.392064838400407e-5
2.0178202471389954e-6
1.0979833019159251e-5
8.073238962607066e-5
3.427166514744703e-6
5.979657937559588e-7
3.3297276386677355e-5
4.184986359856251e-6
9.148401348974167e-7
8.729178708402864e-6
7.756624807890403e-6
0.00014588141719780025
1.4222064760646409e-5
2.406931680524493e-5
9.933380762123856e-7
7.802521784074671e-7
6.610121401073672e-6
2.463000016932214e-6
7.271037262900852e-6
1.484974087944828e-7
2.09763234521775e-6
2.67639332366971e-6
6.134958132805872e-8
3.4053972553611888e-6
2.0863693006897067e-7
2.0802451382793825e-5
7.544854251271929e-6
2.753935935250903e-6
7.788273999148837e-7
3.8274051997372955e-6
1.342774033809765e-6
2.0099959632339807e-6
5.646825044903438e-6
9.493079063283572e-8
2.4699126442447393e-7
1.637922676975835e-6
5.059336485000026e-6
3.7880969304102594e-6
1.575806270683385e-5
2.835777793346296e-6
2.62546089581636e-6
4.949389747392725e-7
5.5817735139508474e-6
4.776384529700864e-6
2.6987702933234324e-6
6.965244090258724e-6
7.401164547274907e-8
4.993399059485505e-6
2.3477811007400483e-6
1.7268206155470353e-6
8.645871409478472e-6
0.0003132843860971185
3.387923043863849e-8
4.355418484892372e-6
2.286590798064362e-6
8.405329794278597e-6
3.071508985532756e-6
3.5742379184791756e-6
1.6120242880033444e-7
1.4969526180641368e-5
3.093618656750837e-6
2.8000660733626272e-6
5.840892394538213e-7
7.119378497410356e-6
4.5368326753139235e-6
1.9453989611275815e-7
1.8835224781261284e-5
6.239647362924668e-6
1.7580618110918019e-6
2.590116911621825e-6
1.1910184687518192e-6
7.641619392550162e-6
4.2578662840154825e-6
5.063537990856389e-6
7.669642506044508e-6
1.6850104775486043e-6
5.637191084349527e-6
1.8193020633772374e-5
0.0002261075801523695
5.30824529848589e-8
3.171028877995445e-6
2.785193812086349e-7
9.787453839939936e-5
1.676510477250965e-6
5.976606990575565e-6
2.131731128257083e-6
1.1202768654504631e-5
2.4151699301637955e-5
2.8026928233572995e-5
5.502613114829739e-5
6.848498425049431e-7
5.762539376475452e-7
9.677382501953916e-8
2.0031667987573256e-6
1.0961279129392604e-5
5.883470629359451e-7
3.7257699906268317e-6
2.40660482171999e-6
6.735314348206516e-7
3.0563721113762662e-6
2.7769640860252066e-6
1.2890525474164307e-5
4.529076018265515e-6
5.809329011896403e-6
1.3310753704197413e-5
3.8413221782085935e-6
2.3522946312350343e-6
2.8259824162330707e-6
4.227347500005225e-5
3.7845541715121716e-6
2.456716761998155e-6
3.060953238483147e-6
1.8945975927851717e-7
1.444275788294924e-6
1.948996024474381e-6
4.25423807629873e-6
2.911709238947954e-7
3.522835542587837e-5
6.430399929285132e-5
5.142897942745053e-6
1.6560023097400847e-5
4.430976469501494e-7
8.085465947564084e-6
9.775832850312845e-6
2.061177911125376e-6
9.844628468564791e-6
2.272165510238401e-6
1.6232762355141743e-6
9.545210380883136e-7
7.774483877705096e-7
2.176247977416408e-7
6.311832065622655e-6
4.440871011825325e-6
8.247266338468456e-7
2.4095055669782765e-6
7.361888635075055e-6
2.7884304130010647e-7
2.884482070005105e-6
1.5125616667898468e-6
8.105451402570226e-6
9.795105405814526e-6
1.446818003468355e-6
1.3288486496370513e-5
2.3569626904933743e-6
4.438277045392832e-6
3.1267400384274347e-6
2.9773618576247835e-6
1.6364475497015063e-6
1.2637957487419874e-7
2.2697871304184846e-6
2.1501394553749104e-6
7.48739383402307e-6
1.9944744681416433e-5
6.858089815041926e-8
4.575474591106821e-8
1.261815481593592e-6
1.991239331755007e-5
5.596578086438558e-6
1.972178575269291e-5
1.862184752805351e-7
4.073625374484265e-6
3.5271364253198876e-8
3.2320625998454065e-6
6.036951339377542e-8
6.0098886852037845e-6
3.7611465634009435e-5
2.7154140943099674e-5
2.6617903860607184e-6
5.62959329253359e-6
1.5976228173659895e-7
8.831772382154566e-6
1.076714467416177e-5
2.5754808310170006e-5
4.573175868816011e-5
2.8877538328885477e-6
1.255081418147102e-6
2.5926506170582164e-7
1.403132790070045e-7
5.045191079861895e-6
2.7338803003785436e-6
1.0915121960126071e-5
3.767200099323289e-6
1.3279027172786235e-6
1.8365493261399998e-6
7.341940306330157e-7
3.5216014901034308e-6
2.8067229803277226e-6
