1.5303863366182043e-5
1.4935548038102252e-5
1.1423252108851811e-5
1.042424821466127e-5
3.1346212686775155e-5
9.976953767337975e-6
1.711873022275626e-5
1.3077963289719865e-5
5.660110751924867e-5
2.157649223728382e-5
2.9077949516365195e-5
1.555284431149323e-5
0.0001011737083801
1.2748482365812043e-5
2.299397628578242e-5
1.0536279533455414e-5
1.781355831334801e-5
1.4456649434950435e-5
9.685205485646447e-6
2.1119004776684733e-5
1.678778051938864e-5
1.795024448443583e-5
1.5172278073973481e-5
9.448663233778546e-5
3.917321069210515e-5
5.240238059949737e-5
1.1530078747568822e-5
5.0989267851117685e-5
1.3875415636391737e-5
3.100832659285195e-5
3.099226043122702e-5
4.51036057014387e-5
1.2919703227935261e-5
1.1584945064032604e-5
8.299053373573739e-5
9.386142488877749e-6
1.0207310372455575e-5
1.9401459987594973e-5
2.283795327156725e-5
1.7587551284082274e-5
1.1768066151212776e-5
3.25128667812036e-5
1.1423848926088816e-5
4.248777959322243e-5
1.8990997932990596e-5
9.506260262504e-6
1.6242804619991337e-5
3.0060389460436225e-5
2.2909954326803455e-5
1.725715720093528e-5
9.994293374522705e-6
4.531962702228898e-5
2.021393528260406e-5
1.5620428165018475e-5
2.7589037966631774e-5
4.453493302836872e-5
2.414975963784066e-5
1.2896485454610316e-5
1.6826835563709827e-5
6.144339527954098e-5
1.5093634235521343e-5
2.3432629422827405e-5
2.089706892979366e-5
2.0558159173715623e-5
1.9180586947830894e-5
2.1943218472817413e-5
3.943316887561297e-5
2.3379746288395377e-5
0.00012115463143213821
5.6928480161907855e-5
1.4800750573611082e-5
6.640253050811188e-5
2.5716511747068308e-5
9.502230817236966e-6
3.1075184877582485e-5
8.247669699224259e-6
2.1906764673565692e-5
2.2251026543361477e-5
3.254642043776547e-5
3.372284434206657e-5
7.678550070533458e-6
4.1982293128368765e-5
1.2437040828874727e-5
1.3657079323821e-5
1.956510716489627e-5
6.662070785888316e-5
3.481532408908028e-5
1.6948017317534116e-5
9.341787099234726e-6
1.5385634193236015e-5
2.3168837759137167e-5
1.561913948854842e-5
2.7825416175729884e-5
1.2958894721962137e-5
1.4419030543088282e-5
4.795853331108269e-5
1.2695669123875953e-5
2.1381850813980833e-5
1.5172552386337483e-5
2.3169867365354966e-5
1.6902628330141662e-5
2.855167994190929e-5
9.447182097066485e-6
1.6763384205075803e-5
1.159383359949054e-5
9.413060999380012e-6
2.1731628109940384e-5
1.0219297112338064e-5
9.243759567144048e-6
1.345497557042041e-5
2.8593685565017857e-5
1.6132863744423852e-5
1.4103612836739357e-5
1.9660691353740253e-5
1.0747272355296113e-5
1.99553132072726e-5
1.9328904600032947e-5
1.41729642825855e-5
2.040493647070268e-5
1.1747945058334027e-5
9.266038240132683e-6
7.963590312312223e-5
5.022060200525301e-5
2.0608481099432228e-5
2.1117423420088482e-5
1.3886939456599479e-5
1.4463866722222078e-5
2.0548976205308115e-5
1.7526637205969885e-5
5.4414870133725195e-5
1.076994369068365e-5
1.0515147698451432e-5
2.1981118838242217e-5
1.4485956987558034e-5
1.535151118443665e-5
1.2082249616692263e-5
4.4116635603521925e-5
0.0002617183089260099
1.7014032797543554e-5
1.7138141162492415e-5
8.917320923413857e-5
3.5971219484497395e-5
1.646526030956061e-5
1.7153773944422147e-5
6.273646395678707e-5
1.4579597638501266e-5
1.5167682442821511e-5
1.3388374322481604e-5
1.622712185552682e-5
1.6589149737055806e-5
2.4142504920044977e-5
1.3797721624858422e-5
2.660329663256899e-5
7.00079688250547e-5
1.8545178037175395e-5
5.7532513070927484e-5
1.9211137478942496e-5
3.2340780281662496e-5
2.502919762996022e-5
1.1927513548015622e-5
5.3305487946224745e-5
1.1028928133730008e-5
2.1975090957486472e-5
1.5233637299488328e-5
5.0575326333012014e-5
1.2347864266708861e-5
7.536556657006005e-6
1.0342067249085803e-5
3.971180993567554e-5
1.383596046861923e-5
1.0308652283748885e-5
1.62338997768657e-5
5.3972958055989716e-5
4.5831999417023155e-5
1.4385640320814279e-5
1.8059419690518417e-5
1.905085627475462e-5
0.00013657289367328054
1.4765123763691427e-5
4.132473639379293e-5
3.08016638909522e-5
2.1452290235229937e-5
0.00020598522864410566
2.1200210414808522e-5
0.00012970555198886193
1.806775512548393e-5
1.633999543258943e-5
1.3110548081370847e-5
1.7130787699973855e-5
0.00014386171049764876
4.494099706852615e-5
1.8336155608349985e-5
1.4743846355253472e-5
7.124255488415914e-5
1.4483483307966234e-5
5.724410834967695e-5
7.525029315116091e-5
1.5937447274283928e-5
1.652823773321832e-5
8.684502524417855e-5
1.0976443050267785e-5
9.6916137217931e-6
1.7716017447754397e-5
1.6627803834054595e-5
1.169585696482165e-5
2.968062167020847e-5
3.0103422017836678e-5
1.317070778118044e-5
6.717996957209423e-5
1.2581544276926946e-5
4.972834773647434e-5
1.4991054151488905e-5
1.0769034475390182e-5
3.418301487030893e-5
1.0362133144073803e-5
3.3873002330214003e-5
3.632046199592797e-5
9.89612775305885e-6
8.934138013161066e-6
1.1775893640743214e-5
6.281550230125644e-5
0.0002804616705058207
1.3871561025522415e-5
1.141577005061077e-5
1.184680730723025e-5
2.11411742303282e-5
1.610158394202071e-5
1.866317946410772e-5
5.343907817954584e-5
1.0017779192363554e-5
9.07114390644555e-6
0.0001272596343344209
1.5558315669110642e-5
1.0641862982581829e-5
3.986769746782813e-5
1.1643925581911285e-5
1.6901046732505164e-5
6.341503967411996e-5
2.4908375714821328e-5
6.214264427640413e-5
1.8122979306897894e-5
2.1698093484418894e-5
1.3698766798680585e-5
2.6953452602321684e-5
9.749075207941602e-6
1.7594443635430903e-5
2.9825514731928247e-5
0.0001094226348506692
1.5312948479558445e-5
3.081067316475897e-5
2.1252411207926507e-5
2.0108026698208312e-5
2.2240845940887598e-5
1.2266446748622961e-5
5.576903207661276e-5
2.2896122325053443e-5
1.6442926181597714e-5
0.00011445505499782142
5.150018670991537e-5
3.1918587286346075e-5
0.00010328543385383105
1.58825105368208e-5
2.035990729531063e-5
1.970050205258079e-5
1.4508227052484296e-5
1.3221080352604852e-5
3.433695366494536e-5
2.2819117645141685e-5
1.2467829191421505e-5
1.8202031929663767e-5
2.1439720462141873e-5
2.6938698546527455e-5
1.1779320607089842e-5
1.4005952921829827e-5
6.849563860045949e-5
1.788963536514963e-5
1.2207026770101528e-5
2.6705704047384444e-5
9.705148245326662e-5
5.557862889250614e-5
1.9909200257445357e-5
1.8987403101615197e-5
1.4999423381006587e-5
1.1071207978608967e-5
2.464928204896027e-5
1.8960782477570752e-5
2.33294436900973e-5
5.577633257045227e-5
2.9492552611730767e-5
0.00010417780318030661
7.820734782082101e-6
1.3340284560227191e-5
6.23056499026046e-5
2.079946312283404e-5
2.267838738331479e-5
1.3598448510673363e-5
3.935725377648557e-5
1.8837860196599053e-5
4.3913328562768766e-5
2.25738554252516e-5
1.1397660269338386e-5
1.354903970985095e-5
1.5420747092820894e-5
2.343813208967285e-5
3.955991641495336e-5
1.6953659054401065e-5
4.147981878446661e-5
2.4729963758072127e-5
1.4485730120009254e-5
1.986760947601465e-5
1.2220402463245591e-5
2.767535102200735e-5
8.971552267033262e-6
1.3245814451153935e-5
1.7401886298039956e-5
2.1052362281492197e-5
1.9353391733154814e-5
2.4123074234605343e-5
1.723977862226075e-5
2.6824440456751857e-5
1.936292336220122e-5
5.8936377051993936e-5
1.0623934328915495e-5
4.330728225799836e-5
1.0898486833606087e-5
2.259993468981656e-5
1.7759735989993963e-5
1.1757406972338766e-5
1.3481946838087254e-5
1.6724916957636978e-5
1.3487020041690951e-5
1.83838698031804e-5
3.098853026233374e-5
2.1494528274440876e-5
1.0346384191236457e-5
8.554997413832131e-6
1.6441713840388863e-5
1.759504233999753e-5
1.804695343840307e-5
1.1552235940164216e-5
2.5804008275595743e-5
3.1779047111544214e-5
4.2181763880780856e-5
4.766149949230551e-5
0.00011655412698240683
2.816989838408641e-5
1.2408140355349629e-5
1.7626166640257146e-5
2.860719698985492e-5
0.00010038497353487467
1.955771819962139e-5
1.679144262856412e-5
2.0447681921408568e-5
2.8107772146051965e-5
3.5382571277308805e-5
2.9878789858579605e-5
1.969935310566728e-5
5.3688072917462614e-5
1.599033530173621e-5
1.917144516013418e-5
1.274263847206952e-5
1.7715389585155154e-5
1.2835393921228705e-5
9.260311832363302e-5
3.1643872067857314e-5
8.805413551385e-6
1.5228753819415557e-5
0.0014461630777327344
2.2709831729448734e-5
3.7583760351359805e-5
2.6033492387183136e-5
5.865897550752105e-5
1.181795300826853e-5
5.012456950343088e-5
1.462988758991776e-5
1.1421183048686097e-5
1.7555349671311526e-5
3.9400018289152916e-5
1.858727327441212e-5
8.843604773511453e-6
1.051505123047061e-5
2.3845270789963213e-5
2.0976610656298714e-5
1.1264853432724062e-5
0.0004398943941642627
9.141136364750915e-6
4.089889361631477e-5
1.5655975541352115e-5
1.6465955110300046e-5
4.2146387235344294e-5
1.1488601752657254e-5
1.091580430808721e-5
1.2985901788847786e-5
1.7496893945884544e-5
2.766747019799006e-5
3.8009711873400005e-5
4.1526984504826866e-5
3.68548277669562e-5
2.9665607257854487e-5
2.9700851340336884e-5
0.00012012065104509888
1.4576462480644475e-5
3.0063489975309898e-5
3.717591836753784e-5
1.4629861039424893e-5
1.2130066497097577e-5
2.1439929098558535e-5
4.340731859021356e-5
0.00022380988392431444
3.9583092750191584e-5
2.154632143299271e-5
1.5237561547977014e-5
1.562473707882132e-5
1.1814961726064128e-5
2.961675317193461e-5
5.83200571904611e-5
1.4975805110929048e-5
1.3030284374470365e-5
3.5248780900874955e-5
2.0805648595072017e-5
5.349775381968762e-5
0.00010814419696522182
2.5559054215181563e-5
0.00020848942853210776
2.113647221007482e-5
6.393312334908245e-5
0.00012196138662404222
1.1563340089793091e-5
3.24321103095639e-5
2.5606006889173885e-5
4.073977336858348e-5
1.0710982829606432e-5
2.1955685599444003e-5
1.0977514034321863e-5
1.2058696653214912e-5
3.5293580427385296e-5
1.9781758829055316e-5
1.5885682443466224e-5
1.409031754128926e-5
0.0002204448585117313
2.5522940365684546e-5
8.995291552531075e-5
2.2172501391300366e-5
2.081342827965638e-5
1.5789387977261037e-5
1.6279221569271822e-5
1.8469737826171977e-5
1.506767526091305e-5
2.324169335026026e-5
1.3786490227206099e-5
8.888696716961596e-6
1.877887285480012e-5
9.603573177705702e-6
1.1483350615625432e-5
3.4212942883158e-5
5.63280337225298e-5
1.0922418346728168e-5
2.867943850357051e-5
4.6875925567677136e-5
1.0326133954437658e-5
2.9540765683540655e-5
2.2755507447078425e-5
1.2266664231647472e-5
1.2623210512985317e-5
2.8521206746362062e-5
5.556793584087239e-5
7.005584150125215e-5
3.175875822302449e-5
9.397994481613699e-6
8.68559568890537e-5
1.6362953270806222e-5
1.7566588058139985e-5
1.1158764708356507e-5
2.1738819335023883e-5
1.8980208544191875e-5
2.789101148073832e-5
1.9624431085840704e-5
1.027944234990748e-5
6.389193120971763e-5
1.64445309025873e-5
1.2728347725002406e-5
1.398145619684858e-5
2.513122607033378e-5
1.4368079664250332e-5
7.269826501480409e-6
8.443532355312585e-5
2.541583387991876e-5
1.718852497263305e-5
1.6307239048327626e-5
1.642414171652692e-5
2.8905093394615462e-5
1.9925392188182486e-5
1.63701751662601e-5
6.689888994117271e-5
8.36451597227249e-6
1.2261974952032206e-5
6.543280299517569e-5
1.803679785884295e-5
7.233244110372474e-5
2.9232440877314888e-5
4.94920217923802e-5
2.5255421471984413e-5
1.4781634032655503e-5
5.779682797438807e-5
2.0158542643104976e-5
0.00024578606355613654
2.0947309913582804e-5
1.566489630060137e-5
0.0005395593848205072
2.036637685857462e-5
1.153985166652955e-5
1.205045867564298e-5
2.8627887042982004e-5
2.756373945186262e-5
2.8584953309232284e-5
2.1069657224130744e-5
2.3824829685416166e-5
4.4350232340351874e-5
1.770772707917511e-5
1.6381617608087046e-5
0.00013371546133354435
5.2441007921161565e-5
1.5199618094343983e-5
2.1306986834273585e-5
1.5410226717258753e-5
2.1957728249377113e-5
3.9401844226534916e-5
6.872257310036598e-5
0.0008272309767971284
3.6911369121558094e-5
4.2064656250458884e-5
3.168347668601116e-5
1.1322281397050587e-5
1.6052157657357558e-5
2.2493269773290126e-5
1.893298834383582e-5
2.3975410821840312e-5
1.5958926147006656e-5
2.2136081350037823e-5
2.9709406224337157e-5
3.596102430806314e-5
0.00012869040289846884
2.1134884790360947e-5
9.565010305118855e-6
8.919489974684462e-5
9.860513148269825e-6
3.8031319345482826e-5
3.6912217667318965e-5
1.36077454165353e-5
9.804504095757093e-5
2.3957458996212008e-5
2.0823254667322505e-5
2.1432838268783507e-5
1.109498377572282e-5
3.3656835691907023e-5
4.851034856922137e-5
1.3066935244591911e-5
2.0676057602264826e-5
3.950169267501737e-5
8.357107392984269e-6
1.9133413725844533e-5
1.2943328738964112e-5
1.6838876537577727e-5
0.00036601388945044303
3.6501728379305e-5
0.00017360406118477356
2.100329602668207e-5
2.774384501625082e-5
1.6047537314455296e-5
1.4577437183851325e-5
4.5539607114891935e-5
1.1139412093366245e-5
9.006589232043921e-6
1.170637850817341e-5
1.1308606324428915e-5
1.152333130889036e-5
4.167485372698193e-5
3.5729458898490086e-5
3.9309331059528145e-5
1.8380418226102506e-5
2.134857477574076e-5
4.939580214999741e-5
1.4752128692445118e-5
2.236587432189498e-5
4.428984528187405e-5
6.619942187036333e-5
3.10425174048143e-5
1.533089770163849e-5
8.492632359392766e-6
7.698279538047092e-5
1.1299088220119537e-5
1.5572694590085097e-5
4.429356439283821e-5
8.09538961306308e-6
1.414066442190989e-5
0.00012498798348171408
3.777105342862255e-5
4.3773635617489613e-5
1.1382515117972302e-5
3.5019061690193235e-5
1.652183884919914e-5
1.8194268962883455e-5
4.342026660891703e-5
2.650366605386362e-5
5.681647618682912e-5
1.3809056357856673e-5
3.3033934551845606e-5
1.359113985440717e-5
1.153451133879773e-5
2.386423346187368e-5
2.100833031608687e-5
1.845210754360817e-5
1.749785817055358e-5
2.9814188205371954e-5
3.349102195600888e-5
3.330092527305747e-5
3.375884094601924e-5
4.5939068313909395e-5
3.648335992073539e-5
1.6251513452065513e-5
7.588542380470101e-6
1.0922275597337667e-5
1.0086733003891201e-5
1.5202374029533504e-5
2.0006785175036826e-5
1.1776204912726758e-5
1.2119363755234662e-5
1.678226250812401e-5
2.5091403415377124e-5
1.0878592971638852e-5
1.6086606264568348e-5
1.1947257820475295e-5
1.0187995458028737e-5
1.4729239972173029e-5
5.134471782287464e-5
1.821970591993442e-5
1.3400275590391715e-5
1.3802829721478862e-5
1.4562648132428295e-5
1.6056756142827825e-5
1.383114057560885e-5
1.0755273669494563e-5
1.323082501611911e-5
1.6094020955364883e-5
8.7289475401079e-6
8.467921401708726e-6
1.4802980601896798e-5
2.5241961585406537e-5
1.526076704142544e-5
8.927712008889557e-6
2.3943224585942265e-5
2.374954840103188e-5
1.863947109197333e-5
9.711435435449291e-6
3.1477565254260645e-5
1.5501050711507445e-5
1.3021686230613449e-5
2.391742462022113e-5
0.0002645909572516057
1.9880962225142375e-5
1.3641236360164517e-5
1.7372604060331495e-5
6.241437415383354e-5
0.00013317477407456482
4.0954289822244676e-5
1.9898470227392677e-5
1.088951878673142e-5
9.471931378503684e-6
1.6201137850776603e-5
0.00012782115769744996
1.4915861656585728e-5
4.1940147916614905e-5
3.758835212387613e-5
1.7264449726308503e-5
2.1835739516429637e-5
0.00017228875537746944
2.4650168801531312e-5
1.270545210992882e-5
2.047324135484239e-5
5.0234735305498334e-5
4.125489370546154e-5
1.9566926494775314e-5
1.1277776780990281e-5
3.412111472680956e-5
4.446776077502194e-5
1.6963319401459674e-5
2.5956360767587052e-5
9.120577552711047e-6
2.774711442522439e-5
3.621728579782613e-5
3.3151795635472635e-5
3.857434235493187e-5
1.7211306176489573e-5
1.7572034116219114e-5
2.1079738761883315e-5
2.536233890857809e-5
1.8796824252707613e-5
1.190240323352051e-5
1.4576879422776843e-5
1.1504437930413123e-5
2.4911448587529714e-5
2.1377939091433792e-5
4.2571572360721375e-5
2.9242485159702823e-5
2.225357770513158e-5
1.8160934046741007e-5
1.9594165142901313e-5
1.0906145916440389e-5
1.0902173351579929e-5
2.4126332041684277e-5
1.2451253944264795e-5
1.1794880340117948e-5
1.7508806694077876e-5
1.6357908079328806e-5
0.00011716729970045182
1.4287549190685254e-5
1.3757154315798096e-5
1.0171669670936051e-5
2.498637097140503e-5
1.2685924391126451e-5
1.4717327870593602e-5
3.3964102856167426e-5
3.115570398355692e-5
4.527288951322169e-5
2.8937183327888255e-5
9.90400071768558e-6
4.079155490145615e-5
0.00010837188919237604
9.568635729448803e-6
4.3894456089044275e-5
2.084870897553574e-5
1.503785322232735e-5
1.1696405280093839e-5
3.2918245202306544e-5
1.4686652995165992e-5
8.028944164678225e-6
9.553921804929703e-6
3.1644595223681565e-5
1.054567787331511e-5
1.610557956659044e-5
1.300584061607603e-5
5.279214805146786e-5
5.682134134885181e-5
0.00011004998176947827
9.589804632987801e-5
5.938763854184558e-5
3.080503218947619e-5
5.4559074280656466e-5
1.2661381403751998e-5
2.8080228098491913e-5
5.762565182913757e-5
8.490685068502801e-5
4.8645348713585845e-5
2.671564804499211e-5
0.0009330946945477644
0.00010820568633733938
1.0704194010032294e-5
7.019458576737915e-5
3.8164605900548154e-5
1.4952444430491195e-5
1.5899314952951182e-5
5.127655813870235e-5
1.1435011233256975e-5
1.3578610430104154e-5
1.2449365218898132e-5
4.3275035715064446e-5
1.2656828020327346e-5
5.628814681678052e-5
1.4702144902903432e-5
1.5987195018402788e-5
2.3680886876639927e-5
1.0385546608271534e-5
1.5313343007417876e-5
1.5002512963165601e-5
5.846733927890202e-5
3.2306072293210615e-5
2.3193608228325835e-5
1.0690457248181173e-5
0.00010825781989711686
1.4746907101408658e-5
1.250427809524873e-5
6.206772260353994e-5
1.1616455543141077e-5
1.6935648565331336e-5
1.2765760473034456e-5
9.413601448774356e-6
2.2768118065667417e-5
4.336620075787861e-5
2.737408327731901e-5
0.0001374003156888627
3.258058504416552e-5
2.5090035721084983e-5
1.0738061977917672e-5
8.420956891359974e-5
2.0530993212995614e-5
2.7655706960013732e-5
1.5403502011977965e-5
5.529718006219837e-5
1.4149515842284204e-5
2.2385452235509552e-5
1.7389379420962635e-5
0.00013459318215039713
2.358176708175555e-5
1.3629797445064261e-5
1.1220547299165304e-5
1.1706916465573493e-5
2.7429351301855445e-5
0.00012164610161268626
2.9055108763995506e-5
2.2053405513338976e-5
1.3587597036154275e-5
1.781318852479575e-5
2.7669890383481387e-5
1.140397657465467e-5
1.0404382162597922e-5
3.35978885441885e-5
1.135509876420502e-5
5.110251196635376e-5
1.5197636590585112e-5
1.1232426783262333e-5
3.2995009134999226e-5
2.757605474536679e-5
1.566951989275813e-5
2.3383934696517508e-5
1.5072226852845381e-5
1.1961126908331118e-5
1.1147475282621174e-5
1.0977401293409886e-5
1.3024830622214717e-5
0.00011715055461393772
1.2402247890232505e-5
1.7240942457559407e-5
1.665475879319762e-5
1.089327860240354e-5
6.0704002051963586e-5
2.426918225702176e-5
1.6993401468097063e-5
1.1307156254277443e-5
6.778508491559503e-5
2.23367028598254e-5
1.929073540825847e-5
1.3493788855350904e-5
0.00017302612642372924
1.77981457014824e-5
3.291706463768508e-5
3.0429100140108306e-5
8.4431754968294e-5
2.9135689970754153e-5
1.14935104118732e-5
0.00023013763514404545
2.5055738030094734e-5
3.1302663863585346e-5
1.3049833300477047e-5
1.8585647998536048e-5
9.192057096661038e-5
1.9570760750499455e-5
4.5866687152878195e-5
5.336055746672488e-5
0.00024402795513857136
1.3356010724444264e-5
1.650106062117069e-5
1.0746798476855161e-5
1.7670051200047937e-5
3.8394649567003103e-5
1.1718597710874219e-5
3.5842142739339113e-5
2.220603244130409e-5
4.982621742033075e-5
0.00011259595750417103
4.313821143071793e-5
0.00012458063416084515
1.2565461177058468e-5
1.3186817875989098e-5
1.476859306411361e-5
7.702197171482021e-5
9.587384725746766e-5
1.2853072140979785e-5
2.277075115128233e-5
4.798139980527019e-5
1.2146276391514471e-5
0.00021343474465632567
2.152281110217887e-5
5.104367732947772e-5
1.3422022237878647e-5
1.4543310843441598e-5
1.3195436169127434e-5
9.018221152901217e-5
1.3361159649444685e-5
6.237777823249738e-5
2.1329268043417965e-5
4.1781267705233156e-5
3.17894934601973e-5
1.32573522429022e-5
2.1604523745621344e-5
2.6134734597132592e-5
1.0087077016257287e-5
5.672362523268359e-5
1.2235885687560636e-5
5.9250847098986913e-5
2.9991565765781122e-5
3.6426047402293726e-5
0.00017075935866474345
2.0913333940658032e-5
2.9614367418892702e-5
7.692787207517416e-5
1.5526862887346086e-5
1.2005487167331113e-5
2.66501571993054e-5
1.4513977264409323e-5
2.280279269448201e-5
1.9188286363390225e-5
1.9502510907890766e-5
0.00010467633626406824
2.2819509376784008e-5
5.481636555696908e-5
6.907103993170974e-5
1.530630099950262e-5
1.366172917998142e-5
3.8291275384474206e-5
2.161152788060966e-5
6.205391981644413e-5
3.708618262606449e-5
1.857287198499369e-5
1.5842863270808745e-5
2.7078579909185156e-5
1.1177851691113426e-5
9.588964857397453e-6
1.8939830173192918e-5
1.0907089116582228e-5
8.744130902230298e-5
1.9066795284041536e-5
2.1353545480462097e-5
7.331061752911224e-5
1.559227319713898e-5
1.0579323365625268e-5
1.8587444806474e-5
1.392365301352636e-5
2.298913692502486e-5
3.394853183092923e-5
2.037823026275756e-5
2.5938786351715677e-5
1.0579530507613675e-5
6.547887335508266e-5
2.543169045240614e-5
8.321276406267028e-6
4.922232654737579e-5
3.256059700857656e-5
1.7936548046538858e-5
1.006978892336029e-5
4.063270466518123e-5
1.5422628922613853e-5
9.267272760578434e-5
1.4774253371299288e-5
6.453077040978772e-5
4.631839697157612e-5
2.367645210105164e-5
2.0170591661525168e-5
5.776235682224819e-5
1.4170102628121504e-5
2.410185851735795e-5
1.6243848322921604e-5
1.0934311207791071e-5
2.177769858549096e-5
1.5092083617493535e-5
0.00011028915238021523
2.683445924146918e-5
3.0410383711763313e-5
4.127264156204999e-5
2.356053477715707e-5
2.3750354497360758e-5
0.00010641136866549584
1.947878907281031e-5
2.4584070118986613e-5
2.624762392376275e-5
8.549222287374896e-5
3.557936975818879e-5
1.9645104543995127e-5
1.4306873083864315e-5
6.481988366703823e-5
3.3925292337578005e-5
3.8712705198293035e-5
3.701019999618584e-5
1.3356385040203769e-5
1.1556772626257271e-5
1.2906255992013582e-5
4.280341557496572e-5
1.5204886474044466e-5
1.539589945276477e-5
1.953914026771209e-5
2.533267149726874e-5
1.9490988069016337e-5
1.0450966960208535e-5
3.233504838051007e-5
1.0490409652388901e-5
1.3659956795812988e-5
1.3389737439460972e-5
1.086810658997481e-5
1.6072995900316286e-5
1.7880727625751177e-5
6.62629198685314e-5
