0.003003974728651692
0.0030463825220946998
0.0007457660788864408
0.0016051563184855723
0.000869108959561008
0.0018221544326339158
0.0015006014729922693
0.0014384697504646812
0.0009910501813258324
0.0008529904086030961
0.0022751737789112564
0.005861224948963948
0.007545574017228579
0.0005769672102855974
0.0005370778340295305
0.002855915506367085
0.0006932706103441084
0.0006288853023144861
0.0029778169699349283
0.0007088041836718013
0.004022097311507853
0.0005289946849807812
0.0006506441253814793
0.0006777295954748107
0.0019927438768376276
0.001758360835380652
0.0009075234199177359
0.0015233040159314554
0.0015801399398595937
0.0008590942004691912
0.0010323517940376877
0.0006612379577661301
0.0025984431931562633
0.0008226829955822972
0.0007874879885227893
0.0009024311673461716
0.0025826948960451803
0.003991233790174346
0.0006664441487644424
0.003277459357431067
0.002084003213207191
0.0005585135494873247
0.0019095660655368744
0.0011286756301692811
0.0014087122399349735
0.0007500985969721677
0.0012685643961765235
0.0016570538244050348
0.0008598348927461214
0.005523375011728812
0.003964527394421312
0.0020378889028495194
0.00047363269372565606
0.0015775187518942612
0.0011621945133092997
0.007550255558586256
0.0012002510220769905
0.0017779861610282659
0.0016456751128658535
0.0009886238827412905
0.0012668331619091122
0.0011232140104419962
0.0007828377975881399
0.0005301106602665423
0.0007982733415371736
0.0006954216106825788
0.0007328987448178213
0.0006080356697498391
0.0027791268394169516
0.0017530291597446183
0.0010739960923713025
0.002080168723933123
0.0006904793270405576
0.0006231176678104013
0.000860687173934961
0.0009663551363922766
0.008564728418271215
0.0004535949385976036
0.0008519684428842147
0.001440990331756388
0.0025862669518019726
0.001145126202246953
0.0005804590551834896
0.0008357316286049985
0.0006550189602620684
0.001094843155289905
0.0012254250272559781
0.000491844383525578
0.0009947535236468075
0.0004895538339370205
0.002132988656105683
0.001144190555947487
0.0007530848226299206
0.0008083151569036902
0.0005857948603839998
0.001745468404191869
0.002038255330184857
0.000808811945207266
0.0008548714024098723
0.0021000925827333768
0.0006104719246764978
0.0017744677027544979
0.001160451924041375
0.0029099577562670793
0.0008908415766010895
0.0009018480734572648
0.0005848257287617565
0.004770852928873685
0.0009875081859964394
0.00040132546802304725
0.002130780518710766
0.0007591341429180493
0.0015523082625943357
0.0005965799381060257
0.0014964229367457242
0.0012040509449540192
0.0005235952651452977
0.0037971641389720062
0.0010935559412970873
0.013055399093273795
0.0006410483958409074
0.0009324915650284349
0.0038577148820224585
0.0009038421808678875
0.0036815667719264276
0.0009461733505279099
0.0020879992741759776
0.0007683983475083373
0.001151898326675745
0.002048313756795421
0.0015735491282795888
0.0019363473715371987
0.0006671777761640522
0.0005118399507823998
0.002077302623028382
0.0009709493693755714
0.0013639901640862284
0.0013618830235234251
0.0008762045986018458
0.0011149395434106961
0.0005353870669331952
0.013729813158537918
0.0008231772114342442
0.0019930073361408007
0.0010882478671366076
0.0005673706981172984
0.001520098483326341
0.000621343091817631
0.0008985094541974447
0.0008798977875765155
0.0008239882029326787
0.000599021355626952
0.0015488037271351594
0.0009682297170731563
0.0007528051524964505
0.0018693412614015537
0.0009657710298901074
0.000773535839318987
0.0007282033160663961
0.0009835072237054949
0.0013627601293540526
0.0009721998190020754
0.0005665989888571566
0.000951024361385002
0.0020271342246569474
0.0013545943164139799
0.0008519109240748623
0.0006210121602785676
0.0005991036474902852
0.011100474748661902
0.004028039208288475
0.0013556966889642615
0.0032764181454639604
0.0005767350187245658
0.0012522732562991429
0.003829978294926507
0.001685562743429052
0.0013166768035408239
0.009537616955798241
0.0024999664271079768
0.0006824358278253721
0.0008401544267323879
0.0006563415127433036
0.0007979207318696283
0.00131777079899051
0.0008235625509156833
0.0019705842491934927
0.0017222547822771511
0.0013528259926849627
0.001027914068280371
0.002319993123871256
0.001929469797212517
0.0011997583311093155
0.0016153876554526744
0.0029540915982089145
0.0005309797315208131
0.003060176260480037
0.0020749165617403526
0.022710100121625623
0.0010437978655432043
0.0012341096553020424
0.0007832984093855091
0.0006263845569312881
0.0028030411617904426
0.0013386428776538891
0.0016311504982372625
0.0006710618779478229
0.0009903301854172501
0.0012652769176661285
0.0010890164854494438
0.005752576612301536
0.0034556397285528087
0.0005341792329904911
0.0012506392210436378
0.0007710089760320807
0.001499020822692409
0.0010419274121484024
0.0007523489475006574
0.0008326214430630454
0.0010437202745787577
0.0006676334958383694
0.001096302490903893
0.0005673841614423637
0.002240560113125445
0.00045266281292858046
0.0006343619720811281
0.030001907653140904
0.0016020636853829701
0.0009986341956930809
0.0003800772012300608
0.001306213340733196
0.002458224595213451
0.0011626462572565358
0.001977954948137542
0.0014215172813005711
0.0011791420635639141
0.00951247748686438
0.0010600865767573687
0.0008375270899885824
0.004601321346267942
0.0009217457033945317
0.0006485198931395541
0.0012406483643453905
0.00040854954214906015
0.0016865696727900918
0.001725871507967435
0.0014541717774321416
0.0016407516913670335
0.0006937119823903257
0.0007788585418443499
0.003173439770091745
0.0006430306848001486
0.0010039829216952688
0.0009055424514478127
0.00037873169356616114
0.0020004732355408377
0.0010494048796603167
0.004266198817444636
0.0007817072587484602
0.0008499102727900942
0.0025780410237998047
0.0005242215708246034
0.0013545147768475648
0.0007875412785702853
0.007315601548814932
0.0023523019454990543
0.0012929437752533042
0.003584920596033725
0.0014192867879206175
0.0007632584054084828
0.0007352421329066389
0.0013491779585841036
0.0015464973358636882
0.0010129100427884827
0.01591029801211401
0.0008437825801284714
0.0006565983773525997
0.0036577420810397954
0.0012703449464083515
0.0007766892637202479
0.0017727003440108668
0.0006399036275952543
0.002116525078787802
0.0037276229064327165
0.0007442707808172399
0.0005005422267597168
0.005137567213155109
0.0005961568651037297
0.0009939935012805584
0.003626255730690315
0.0018068366783405116
0.0013251578899659117
0.000672073156548201
0.0019046110411125535
0.001935816499823997
0.0007489963651313676
0.00640575325998602
0.0009443429634142525
0.0006039022010136631
0.0030526802061854887
0.0009178240115042357
0.0011026435710203054
0.0031044640534181353
0.0008367821935277178
0.017020526668528695
0.0008556985447829316
0.0009170764355219813
0.0032932952673208433
0.0005520650413224099
0.01512339387582371
0.0007117166510776202
0.0004323699367064529
0.001199166414739875
0.002877141342355833
0.0014991105092262032
0.001215790520137869
0.0007765431723505857
0.0005142523453291689
0.0007293457735483356
0.0018823022303578046
0.005163335339604286
0.0004069741936105651
0.0009501174715093893
0.006182835188257276
0.002400790931296173
0.0011080528597002062
0.0008209610150691577
0.004164373385198823
0.0007902324879812584
0.0006458697288607945
0.000981725898794019
0.0912973497726839
0.0008092262407661255
0.0006825136323061902
0.0008239793702550369
0.004332577215533128
0.0004644280705372469
0.005321986910184405
0.001274718680992243
0.0008816535445601195
0.0011566219644110656
0.0005451153343019007
0.0007107203290054155
0.0022788780626438474
0.0015780626533532837
0.0011641702998463309
0.0007724542710424507
0.00048292267061954974
0.0032291211557919056
0.003945900830413941
0.0009427523469811073
0.0010139477333018071
0.002069636139531432
0.0006907289144768659
0.002909231053035123
0.002287172859661581
0.00419838381415687
0.000580106915204729
0.0010320649586013741
0.000869557965525851
0.0014572793144486734
0.0018028660263325613
0.0013980736512726308
0.008895741034526256
0.0005695896263108118
0.001001123729637199
0.0016282240766720116
0.0030477644245683016
0.000747096908115383
0.0030328296848996118
0.0015046568072764697
0.012158013386339104
0.0012089468843537118
0.011926248026411228
0.0005565617888227321
0.0009455940885873291
0.001062983854523126
0.0009442475570141377
0.0016414160157123164
0.00042276899309103705
0.0007516336769870498
0.0011861840879255118
0.0006416914535332815
0.0005173527693237644
0.0014127427357388095
0.0018053194998054727
0.0028092415929259727
0.0005095517722605292
0.0015021597656494023
0.002352887673319938
0.0011223511749422878
0.0034803674753904113
0.002240587835270432
0.0011072292520303273
0.0007074182097500568
0.0014378467935018623
0.0007474546842821709
0.0019278185044858504
0.0034091781166226062
0.0030125733477041373
0.001425420298146191
0.0010225843883331198
0.001851866149895677
0.002693818695143735
0.000921571160455535
0.0007974938034449705
0.0005470900765117435
0.002871698004756409
0.004197700481428654
0.00350261622035556
0.001034682129650619
0.0011380610987360678
0.0013149284054753514
0.0005487708307479039
0.047142079462396055
0.00040240407098569375
0.0016740119355838875
0.0004527939557202111
0.001742773464705728
0.002674836384069426
0.0011437066123065615
0.001544157378496023
0.0009225980468946966
0.000460483831981975
0.0009406286370738548
0.007218569103643143
0.02767312240017235
0.0012535631296179733
0.0006348972442778877
0.0005056213561542609
0.0010214981597314113
0.0007378629943426679
0.0006766925936054015
0.0028559345230898593
0.004600670124995304
0.0009620258200964129
0.003666137433538844
0.0011732359341460534
0.0031752579427895807
0.0015169703769325655
0.0032711670583375294
0.0010126081474182724
0.0010517939299148483
0.0010468302797964875
0.0011488687630716889
0.001998186796915626
0.0019154810394898464
0.00039687173406361645
0.00046038171395468606
0.0015085778273419596
0.0008455509830026472
0.000713408259553615
0.0013259262874145584
0.0013430186519812622
0.0004328715117113044
0.0009927069395510356
0.0012007907034486793
0.0014039990800100003
0.0032402931050919204
0.0011874639310526232
0.0009747153446759114
0.001514421208398858
0.0008241050335914744
0.0010401320889343024
0.0008681872091928215
0.007259096691945059
0.0016453357429146542
0.008241758531669518
0.0006594218980130995
0.0011686776565824528
0.0011637860341873775
0.0018138237648229266
0.001290968421563868
0.0006910560121853168
0.0016510682067840219
0.000870538958132237
0.0009049283941768536
0.0009928716830803236
0.0028568865975769388
0.0006435817011975202
0.0013955303198534778
0.0012516155887369906
0.0004966049438741929
0.0010733126876490823
0.0017379313379046381
0.0013089548721152298
0.0011872796917911511
0.0008178138074025276
0.0013255638428394576
0.0004584784875804428
0.0009094393381474033
0.0005245758697239917
0.0012381323759548116
0.001780527597762441
0.0014772399563854437
0.0032638948489026247
0.005568175680716088
0.0007307968848401971
0.0014143710972720483
0.008612817264060098
0.0011934441093432225
0.0025884443595544098
0.0013475999019920205
0.0009760506775858505
0.002794272537007599
0.00101582019326112
0.0006729224054490568
0.0024894355735354764
0.0005193995518081542
0.0009480349504768887
0.0013783148219437562
0.004647175571221262
0.0023890018855198714
0.001780983744925049
0.003962129427085698
0.0017911850078449656
0.002279625787654361
0.0009864665736866705
0.0020867243383186794
0.0038858563881130487
0.0005016380499097853
0.000610540973319054
0.0006109044874937669
0.0010116082892963106
0.012267755597683977
0.0006012867184894614
0.000873009987492319
0.001375968850189927
0.0004786276924100089
0.0005290556917932242
0.001234571465209704
0.0012911383381130131
0.0005402481166262044
0.0005514717465214092
0.0038819348130561732
0.0010174529435072245
0.0007143294583876469
0.0005166589896623729
0.0021390896595157435
0.0015759605138800864
0.0015114537981929174
0.0012254660108619055
0.00035763531437568805
0.0031366964733802885
0.0017667446749342981
0.002492021623813056
0.004143145274657828
0.0016087540160524573
0.003297055821066018
0.0007923250427719534
0.002365798385780071
0.011305777387838636
0.001150491849937919
0.0011756684679466818
0.004435512703200559
0.0008896406840305173
0.0016446488982971399
0.001192658951663154
0.0035786093811680814
0.0018028591308321565
0.0009151908678606927
0.0021397148993216658
0.0011882499580362373
0.0005411438634192259
0.0018230190999632663
0.005336473738644948
0.0007255913201629096
0.012078098525805681
0.0029255273226708816
0.0015824925084494353
0.0006334167655760751
0.012991226095015957
0.001655302901475048
0.0008751067943848379
0.0004996006918821108
0.009116041459057995
0.0008205057573886739
0.0096878600933816
0.0007283726825140372
0.0006397936154754586
0.0020552598849126196
0.001386495763999704
0.0005125689994272721
0.0010350534595384155
0.001117039147506378
0.0014693944537826629
0.0024462144145504803
0.0019025234690697487
0.0009063776497871773
0.0009292083776719714
0.0010445487230621713
0.0006863223943688921
0.0008315129112416523
0.0004726661984570359
0.0016230318857702478
0.0017576657380527596
0.001107539826745458
0.002855988557491943
0.0005328579044846421
0.0017065361717742667
0.0009553560477788839
0.0008582754730215488
0.0004890209793084215
0.0012584025613698595
0.0028527642690411837
0.00151647451936815
0.013831563668484068
0.0014240959440974751
0.0006992633230413181
0.003188178881572368
0.0010959612946786768
0.0008606583247589865
0.0013120627660197918
0.0010356093365390423
0.0007546302959459867
0.0006467894481494493
0.0005733537088465224
0.000855300889430706
0.0005836083147148191
0.001115562099327913
0.0019637519723720064
0.0022005639490868057
0.000946107159762267
0.006361452358274706
0.0005646114492105366
0.001318063566154073
0.0009184261616970474
0.0015071701300031334
0.0017766085969413473
0.005568346508038227
0.00182307089036181
0.0005461335760605344
0.0008434415224870126
0.00109022956059314
0.0019427612346697965
0.0007000964096653513
0.005888813177695021
0.0018072615283173596
0.0007525961199668116
0.004206442490194223
0.0019057776591563302
0.0009827694994176512
0.0031423921948665716
0.002131329945109124
0.007783489852962795
0.003913036275494747
0.002937722544663995
0.0020377627435080358
0.0006850641872386999
0.005603870000752614
0.0007069523198695299
0.0016652856712680365
0.0009469752151658851
0.0013179894811549931
0.001909751993848244
0.0016342764634059155
0.0050525700169494975
0.0006666372770372316
0.0022927077582012715
0.00043147109665805163
0.001172278633113013
0.0005508629926918254
0.0014855275278199591
0.00885179503784932
0.0005266170769491216
0.0027511450880810095
0.0005923903948355138
0.000492769862161023
0.0010774250891513553
0.00126758653179598
0.0012364031741240139
0.0007689236297484134
0.001222554759606681
0.0013538948232641955
0.00041573066179388044
0.0006041975159183454
0.0009772964044605444
0.0017226824711819347
0.0009324658999760958
0.0013623789240446809
0.00044738819365773786
0.003097388323617817
0.0010265153938760587
0.002977384853991891
0.001420764255898149
0.0025986681564027546
0.00047992592788659305
0.0009461013646356163
0.000605913881651735
0.0024747153779834767
0.0016556816773889789
0.000935037583400198
0.0006652829320977749
0.004315125751475371
0.0009739130958578404
0.0005359490057091702
0.0004651304142193044
0.0037245776234007505
0.0008696371393042294
0.0011146715339056413
0.0010777142311548594
0.001659588404936683
0.000512980594407445
0.0007140831211639464
0.000888767039920903
0.0005232504642420906
0.0009452199228063064
0.01430481809519182
0.000555117176492755
0.001899008580150157
0.0021910387570751107
0.003481224200405363
0.0008863658202534568
0.0005842843082223117
0.0006488213078316814
0.0017061144950723394
0.0022985592787773974
0.004223451752435789
0.002414880112072388
0.001710308451931512
0.000676502376312707
0.0023689293929702675
0.0031700245699487263
0.0019385992335400235
0.0011010757185143303
0.0008707616768662623
0.0015452808216638865
0.0003773257579160697
0.0005782465615207562
0.002071417481717348
0.0018666537948729112
0.0034799462219935154
0.010090493303032003
0.004355583523478151
0.0031690153468268366
0.0019440529499077715
0.003006212530950351
0.0006265203016212235
0.0009462151002611687
0.0003715836821111865
0.000764434310734457
0.0008149115869353897
0.0006889655613067701
0.0012614385467147025
0.002190173502545771
0.0005883538431536166
0.0015322284296939328
0.0008766181085300537
0.0004679723756451705
0.00574276872496065
0.00064102592235014
0.0009716291699903148
0.000591933738186713
0.0005520516447326394
0.0019847754825503988
0.0016429742578116815
0.0025722653402415036
0.0005596348213336837
0.0007995424560968199
0.0007792485274949151
0.003437948431153627
0.0032984524275736127
0.0008595596974744438
0.009193159706117284
0.003979617345464712
0.0016640370300606254
0.0005175233974114096
0.0006376734166907968
0.00494988513308211
0.002582566417601911
0.0004078940376160769
0.0025741194884669268
0.0012933929435272394
0.00334219455430013
0.0014486789027867565
0.0011910452648904472
0.0007188846869711018
0.0018665662172449526
0.0008049797739553119
0.0016106788501315525
0.000742986783151635
0.0007989695423741497
0.006325637107255642
0.0010762084362832757
0.0013777504370690568
0.000863744355650766
0.0018044515707308923
0.003809172545021423
0.0024351433759262076
0.001159956532088781
0.0023172317381979276
0.0007786454286174938
0.0005719242870271095
0.0005237186767292245
0.0009049958118667228
0.001113529629869395
0.001290820576619179
0.0017007018027492388
0.0015096323158142967
0.0018330248646559483
0.001797854610016758
0.0025241426022295944
0.0009227047952223999
0.0006865031348060306
0.0010833099531514041
0.0020190403340881536
0.0008996114246378388
0.0010007302185655136
0.000790007920263524
0.0007809796593335559
0.0014644422881787001
0.0017056260920501657
0.001544019642871373
0.0030754457432113215
0.0006743313213111206
0.0012789798348289637
0.0010524215725125114
0.0027912041185515464
0.0005750813818445822
0.0007197137299297694
0.0008439938614406325
0.001979374751636601
0.0012172592337963521
0.0015157498000668754
0.048665149464214325
0.0010494660813845913
0.0016215837958412091
0.001164320363438767
0.000422351071130483
0.0008950764877285396
0.00223350599832858
0.0007018741500505782
0.0011315821738320903
0.008357844761030698
0.0004945478694890535
0.0026676874100189304
0.0009892888562953912
0.0007455431947838986
0.0027151390222820374
0.0012666166635534072
0.0010272376596712144
0.0008746895415449689
0.001978736840467226
0.0016459755279692515
0.00907428968836024
0.0008620721481335929
0.0026041019519176638
0.0036124433051775108
0.0008050039762961208
0.0005850711800730856
0.0008958684679250085
0.0011606682882224805
0.0003552239990724719
0.0023094577449667467
0.0007335445745860796
0.007831268494829773
0.0006872943647730996
0.0011436963364074024
0.0014513929658345874
0.0005555997755937985
0.0015884632000379847
0.0005968180687803553
0.0008301558695804416
0.0006990575347186928
0.0009051398299050465
0.0005384715926830893
0.0006973017905286176
0.0011918204073537142
0.0014028618895894052
0.0013769261248379836
0.001899936201929391
0.0017578096960363299
0.001364569835148599
0.0009733210805896808
0.0010829424384575335
0.0008378557015213632
0.001588612218170185
0.00112887088768095
0.003520338306725798
0.0006640391047641767
0.0010428355775222366
0.0004295282954059604
0.00084525075259366
0.0014289742568281778
0.0020194672191042535
0.00046528341232385544
0.01142830178638492
0.0006799051288667229
0.00045025397810940685
0.0013417892137868477
0.0010793767306728503
0.0034421460407608913
0.05416257374109421
0.0019505645862141676
0.0029854939799334123
0.003507726441908569
0.02014768193078587
0.0007857086819753942
0.00136041822529649
0.0009791410616317722
0.0034793745833294203
0.004193093501029201
0.0015623315901436947
0.0005265493070414861
0.0024440351736353737
0.0040564413181091085
0.013865297682728735
0.0006347834873230436
0.0011136116429715543
0.0008506728579159287
0.000493942435371716
0.0007587449000215456
0.0005596493763881681
0.002242559344534744
0.010013011760494735
0.0033671135783544274
0.0009761503435871729
0.001146661439083526
0.0009134476847132937
0.001893747999977519
0.0018809854763442834
0.0006352954168483798
0.0006075063998491072
0.0014682560352827908
0.0013887787946297839
0.00041575919331717756
0.0017642270717894166
0.002857515258041809
0.00045503366067641704
0.0005872171713215092
0.001258393164743748
0.0013273462965935879
0.0004088027646139039
0.0024443354133610556
0.00227816674104282
0.0009684402030639889
0.000843731774478094
0.001299505712581438
0.0013080508759242355
0.0025866443559479065
0.002607437280923202
0.0008663336122324043
0.005909449073147783
0.0029084748234229517
0.0018486820212136206
0.0013904431198737697
0.0010635535607968966
0.000809089043245661
0.0057778336463557645
0.001044864422068205
0.0008627396529706542
0.0019387196589832549
0.003437494929008536
0.0006780148539551236
0.0010434954785082425
0.0007229598815087552
0.015937034066743808
0.01530308224593121
0.0005419390216574707
0.0013330106926449912
0.0011673417588509703
0.003065418762512643
0.006629121536186732
0.0017569206473006306
0.0007308857404671596
0.0009226569063633295
0.0026322283317511126
0.0027632327652662874
0.0023519441056825807
0.0014098580187662827
0.00041518759658737024
0.008329410593243446
0.003474901887154099
0.000686490040433449
0.0008320150039495643
0.0004558053376053596
0.0016417215840848099
0.0007654190852406995
0.00040688770192860794
0.0026020248418327494
0.0006206412053967915
0.02758204592321932
0.0007271437973404031
0.0036773000560862356
0.0012457392401266456
0.0006877725324408397
0.00042271739213111927
0.0010801889194920647
0.001072440529861499
0.0020221394884202683
0.0011567776226970089
0.0021771660224155233
0.0017692317254789855
0.0006425280244100684
0.0010420711825463126
0.019516022136269993
0.002292593950865552
0.0035200103497616954
0.001619300554884634
0.0019681233973786742
