0.19313844980012393
0.5169553856274117
0.08223280041212201
0.23097242128890128
0.1641603421352064
0.31636451919639785
0.1432163252032536
0.18906422559035016
0.07667623628656682
0.12289404989174009
0.03604126834166432
0.18172510868686972
0.018755566199702024
0.2534769127457134
0.4335666938887376
0.09157798320396866
0.1821408748925258
0.06513300010250489
0.0452999739047133
0.4404669125465328
0.22335003657335453
0.42720291047103365
0.09067523824044624
0.21395417709270526
0.1833790966939852
0.13827930396194446
0.3562248429962659
0.3352165086001841
0.0704126596616221
0.5833105400199026
0.17893870482131063
0.07129045486358104
0.2736573359556535
0.08353371410790893
0.16698589185616447
1.4192205182071158
0.04115514483618111
0.08028390348954562
0.5957897848414928
0.2474855900133589
0.1547840030508894
0.023867747987360844
0.0644531879524358
0.17252877715540194
0.04955839572938989
0.5529867013409315
0.13866414978144673
2.0220215504695833
0.28095347210955435
0.06987226496654943
0.17324821730772644
0.292724192501876
0.06646516362853545
0.13859606482455342
0.040349664041549736
0.16200393276750422
0.5896958412514587
0.2613559375071439
0.2691511792936963
0.6629997529896746
0.07969096928944525
0.16696233010943257
0.05859797454073733
0.19781310977050387
0.17983907630788348
0.14947961666836776
0.913371480559249
0.3119421108549588
0.03529515854453699
0.13626368454361218
0.025828584491715083
0.19098254562090564
0.019297391289695185
0.6144246799430516
0.0149513919602653
0.05214145260034156
0.030843363375550145
0.12914235684752756
0.06639626097738716
0.13219774880799628
0.3549058768223113
0.11657302094084261
0.165930338856785
0.013985369366204042
0.00674759438420347
0.018406486722218264
0.9539810538430497
0.4547065077927725
0.1025389156117863
1.14241212944514
0.09376811412357881
0.22418714705839474
0.028276178090246636
0.552056849741436
1.5482864361907238
0.27093225167376056
0.010995105319548367
0.21983412832975188
0.2584818106082622
0.1498958758235504
0.09853789965307741
0.1415812244519991
0.25973311512456076
0.2918119786774046
0.2773401321588485
0.07473889622455479
0.055817289836555
1.4656762312083078
0.08971198426536321
0.25851668782197995
0.21248541746113445
0.3386138049697164
0.0417819661362008
0.2501483843465277
0.04927256222894228
0.06444537539287286
0.035683274037349985
0.4023051178983764
0.3766824369170112
0.2631809498320229
0.3652273206726533
0.4346711253764668
0.73445002140822
0.03328834986382724
6.816820426976439e-51
0.03784494088945249
1.2699782179867996
0.29087740424342035
0.34080711387971824
0.10992924779276562
0.06976391920884133
0.017293058672841193
0.1380374770882162
0.047748410702386807
0.09994243057886078
0.10411004805752103
0.15987755966419312
0.057264405781137236
0.05434512414005263
0.19256861632893651
0.33458349978596136
0.16666221563707234
2.605052447942554
0.076337871542438
0.11616469743647564
0.1526227528603104
0.0541832237272567
0.2410992775957595
0.19774856356666182
0.47775818376207674
0.1774823655361581
0.11900332101841853
0.06458738398208531
0.08075080481369591
0.04869412273725179
1.3377405515888863
0.02851048628765399
0.16301764085483664
0.4069740058682679
0.04496585546373722
0.14934805243235633
0.10777931171441957
0.0077145912064866375
0.1379381112722416
0.018404881643924346
0.21448240647912678
0.3450200160196682
0.0693647462131302
2.9583397619277227
0.05270065395743308
0.09881160339162863
0.38372472731931095
0.8314408456123351
2.122560070325893
0.4956477613732849
0.02530086341925771
0.10513463702785947
0.028435546290358868
0.08536226727055385
0.7082429360912014
0.32284845335122087
0.20276194019691549
0.03263794944822823
0.4851724334324042
0.09877614376911546
0.020642415088810668
0.4417131225816349
0.32613938546632565
0.022858592717431066
0.03448340878229135
0.08961286521584849
0.1851828409629185
0.14497216010211622
0.06852823497513988
1.1257161718894322
0.04937321766968738
0.12800968993391343
0.08720067602254612
0.13222477283084794
0.6451840874994672
0.1318361168022376
0.014260030200556646
0.008128731047907728
0.3323075528795912
0.03191045890445804
1.3758137900984762
0.10148109871783587
0.08845441624992094
0.029586894461825015
0.09728132684299173
0.1145995747240402
0.07901965379969028
0.033305277069160186
0.1686304892279748
0.08242908869591703
0.16596806329411795
0.2587109990937657
0.1455684240347809
0.05456774890868418
0.010334835633662153
0.05123704577694138
0.03385024671014874
0.3896789743237631
0.03701953163556628
0.2333264724177206
0.09698699884842163
0.3942047384809487
0.13982318389386597
0.5073711488348177
0.16403734403865716
0.1819345453577856
0.16810642605831608
0.077667418182995
0.10313058700369698
0.06997195080649975
0.01910221680014634
0.7299245586968365
1.442235994416142
0.14472446798555166
0.12104858000310183
0.13393583852210786
0.04677681377207729
0.02379311315942024
0.27401095660254704
0.0786529336145219
0.20666115688252173
0.04883228550668076
0.4627546490290321
0.7634446008703671
0.14602796636809318
0.2804706037506502
0.07951154727959851
0.48933538371891616
0.07577776659919194
0.23999442690121872
0.6308389444870903
0.09614832403245038
0.03633852632582752
0.5994221415821883
0.033587755024216175
0.34205990164796807
0.21448744808914982
0.009090592888489263
0.7173199790667111
0.14742308380197286
0.04849735929172354
0.11367767695909953
0.10993027023423843
0.516616504630741
0.1505122361899759
0.052638918879378035
0.2645437831279396
0.012273599870971312
0.2749650087644858
0.1019963331969267
0.3199642822438949
0.10800634974849337
0.19603277677973407
0.14309660554368767
0.17098302359435805
0.11769441606067169
0.1419592867450222
0.9759456774514996
0.07322537024439774
0.83515337823763
0.10741023565050227
0.02402810296489558
0.07994798144499952
0.1268996441166487
0.018015765901129972
0.17030501173417714
3.4857509879851483
0.11133634675916641
0.436371644704133
0.20691758190913193
0.06092049746896008
0.05474503751413568
0.15368837818032943
0.3036541089605947
0.3332155377490096
0.1037255182693019
0.12954124187222815
0.12673424820064025
0.01169630246714383
0.4748600109769927
0.10518191149226201
0.5004490440205757
0.09360055916611534
0.8539877299226032
0.029908572761156042
0.14167439637081772
0.10167324077265869
0.04233507948413466
0.06018413671831159
0.06656599099105519
0.10414190283068828
0.017910558938621306
0.10771723255275707
0.06757020351162502
0.2570503598824436
1.580007196175544
0.14141636012527486
0.1789609627407641
0.7958040001756339
0.8841609337317675
0.0023182132648769597
0.05510376425664155
0.2732146773969383
0.012902537079799051
0.016165762224381087
0.009876555015666031
0.02071424093230263
0.06058439427945404
0.18892080650054247
0.5137822572443087
0.06269464167887041
0.03830422112122219
0.09254986165691376
1.3798834491622778
0.005076095814284987
0.08568617819102874
0.06781207531413
0.4965337809799757
0.16756464351107472
0.013473124983734675
0.04098676500690002
0.011474335157134124
0.2494304108908205
0.15751552887876047
0.06540886691819812
0.13101417380289562
0.17525847256491153
3.989436091776795
0.036223349218631136
0.591942430166174
0.44393977177126226
0.17944221030674867
2.2058170330214875
0.47509686723652755
0.14187432106818293
0.3466895091885017
0.08015185524314122
0.058903453838849665
0.09472615635145636
0.014992480953861043
0.010139504632227863
0.1145038147328601
0.10448314625051044
0.011585842847036211
0.30085442758162234
0.027155423000010195
0.10808912574574175
0.11697941816889607
0.9660551679770104
0.12798954959120215
0.04377359019784021
0.06748747780746825
0.34620598025430127
0.03203378848127912
0.0516510806205039
0.028447528621214177
0.15982360634308534
0.015230827819601578
0.05280572424022622
0.1411550309450926
0.08813692086889408
0.02911108966481723
0.15305784470484196
0.07140101285110662
0.03491152427189035
0.07358983434731292
0.012505605263965805
0.03874976388686192
0.1450846982146283
0.025473762561836137
3.1014057582757575
0.006590814264408906
0.1722078299080912
0.18058508608709228
0.3926996307608296
0.2537836292274023
0.18270792183720322
0.4378882012320052
0.19568175639420635
0.043989794920165366
0.1541416119479772
0.19977264360746988
0.481788243311258
0.05409730241506579
0.06093138276372635
0.29721265373436806
0.04629606144768647
0.16507441808319517
0.025881499337758948
0.4425040049023908
0.023014700713781512
0.9782539094860778
0.13520278644414735
0.4127371823439479
0.15946178453146262
0.13318347501446023
0.023911570227574782
0.02208977756578956
0.2410972531190759
0.02400961819383931
0.26081075957438965
0.11153659783163918
0.004117148883292231
0.1478321736436058
0.6609247482963295
0.20804497932369345
0.004405906562612045
0.15640454219360858
0.13268650474746949
0.08151361442264601
0.04357972462967871
2.294486558399298
0.04784891060603123
0.0378536786786107
0.045226318282184486
0.003183532522402795
0.006752496151971496
0.023779038447080802
0.03999622002038371
0.2740928491922639
0.5122498926222679
0.021387459120610536
0.030789900743634885
0.02967575649763358
0.10489672254212196
0.02202097717076256
0.7603165692286366
0.19726604247348156
0.07002748195306407
0.12195960433273068
0.018439860158553277
0.12422786973206083
0.08873758891373161
0.034150753390459095
0.04176360553328689
0.01671923202529566
0.23651586360524676
0.007888370343319464
0.23287197459777836
0.03112424412121157
0.32125702618799096
0.151920313015702
0.29668448590439284
0.008189797227940492
0.15200162241583198
0.18753032394213212
0.09962276150531063
0.14298113256530304
1.740195130798761
0.5505628312867008
0.03131106607192054
0.6439882085594604
0.26951154407015426
0.03122334341887281
0.736234695671401
0.15801716076618394
0.07167327865969114
0.0712620670267512
0.23404622588803983
0.014476897461214742
0.22658928548245763
0.35510553401511336
0.51618179973171
0.16402569111359733
0.15261915980397522
0.049977911432356796
0.0029983812718496084
0.1968626722198568
0.3119523468219366
0.330612799148929
0.12106942353150212
0.7935691409431337
3.7642893128720565
0.13157355149209823
0.0022087932778966568
0.17211229447353713
0.037011699634573667
0.48579082898146897
0.12522843609447978
0.6062965565993249
0.044333076297138736
0.03632373497436812
0.4671114989143611
0.3116498346800547
2.320602787368389
1.5162647902458488
0.1449946090889822
0.42660808845408416
0.014900663858383453
0.06821070779340009
0.08045585463774381
0.12896873011583232
0.08456279296558723
1.6056949938422338
0.07589884893976888
0.0406719600981877
0.1602619173907859
0.012488021966043398
0.17893973081362752
0.009156892792981633
0.06901541170599299
0.385968231501665
0.07810673930731242
0.017539950736407368
0.18956410862196274
0.6610971066998448
0.21909236555725708
0.028901523699314816
0.5402514586427123
0.7668214596592462
0.04146007651041712
0.3887676011157352
0.2730240882431342
0.09187172550476513
0.0554543787646568
0.047664208810461954
0.7126695909865525
0.06646663331767226
0.28180107737600896
0.04087264169133036
0.004724829696727811
0.21305007096692213
0.1625898306270988
0.14155320086159623
0.014067927933914003
0.026171256293681163
0.27580480856741746
0.03837434693342195
0.04246311016372966
0.10619932587661951
0.02579686356045436
0.026583676359784654
1.3603055011783683e-52
0.0012537921108609351
0.018382442119752627
0.06885823503732183
0.020546285507031994
0.05191040797641949
0.35450706963000456
0.04609276379605341
0.002907709731347021
0.44179021335567087
0.015322841319200364
0.03050452966220773
0.4188658548090992
0.0008294880194139767
0.13032820041762078
0.23200908631638223
0.007083262784370187
0.13353516890199213
0.05725975292830669
0.518558377757229
1.0
1.0510831035589767
0.38836542977755634
0.016500271340770954
0.173364033038386
0.07710558799355863
0.12057530553114246
0.06334768968568792
0.31467300367192436
0.03519621506563895
0.015026442978293012
0.4254337064258792
0.6658220935240828
0.04166943710153613
0.1839492495209088
0.30528586958445125
0.0525769090276097
0.3955833104583461
0.14829481567020755
0.6386727324074138
0.16772522012999924
0.1070625693009057
0.01885788173513989
0.026022643610118724
0.518735533137403
0.08093234484547954
0.6706776900571976
0.39129081534855575
0.07442033840773178
0.2069422061091562
0.17989449275048097
0.24975916506275206
0.11622894398751153
0.8674586510771704
0.6831433323942397
0.5368720967997884
0.028236423286535473
0.5896884023519375
0.22142764894876768
0.07822682852280766
1.4986659618142664
0.08390046291510583
0.678500328168133
0.015996099028575676
0.012761250876021894
0.11664309549227343
0.11339574203063743
0.4156782667581554
0.5261942493912458
0.605663435122512
0.45591054050324586
0.08578611399316131
0.02517119277401916
0.05909464731112173
0.07444087676888923
0.05918428212167825
0.005958661324652397
0.048723530547716394
0.560760471742509
0.014042826418413316
0.06744423728782553
0.17563154571366937
0.27952587702024667
0.6929985906771504
0.06485955030677766
0.010298970301327058
0.08823000135675428
1.4595573397696602
0.13077807441365769
0.028272722246308134
0.39843043405846107
0.4739643191991108
0.09898632245243963
0.12572561086290965
0.08541122795957908
0.06177410784356617
0.5196358668248193
0.10571510219227599
0.041443036956293214
0.026691086595985992
0.2654432156524774
0.24690022745609325
0.15637727847550464
0.06098983999133242
0.981929815064688
0.05152346851110202
0.1468154864039072
0.10271638803025163
3.8177991585959354
2.1001518791955243
0.1924347798197776
0.060918385176972706
0.1688585906517461
0.03976400579795071
0.03262897074570693
0.3366869538570656
0.694361898174127
0.27233978492948957
0.5652376108262549
0.760608877506713
0.03982057775948617
0.045959639897967836
0.6042927819354995
0.3895245143078457
0.14287023439411842
0.007574040308332082
0.2409017437133047
0.10797323448101553
0.15923280245414728
0.21190793035131186
0.15346873587149723
0.0456391799969943
0.04748698018850101
0.25174340096551173
0.05228320997687183
0.06131283780949206
0.041440592676493984
0.06762942692298483
0.6913111794271077
0.28577718493480114
0.0768397954981774
0.018909120306483895
0.04053486011348721
0.02079359235681932
0.25918840816761035
0.26882317770598074
0.3190947093303536
0.017852037699054333
0.06925181567234033
0.024359104777453587
0.01139832446066678
0.07493811517004599
0.029010174268837733
1.0774909917616895
0.5462765913459287
0.6480974698209098
0.036528312969252914
0.010899627058392309
0.01540993486763553
0.16807966697942892
0.025109670611736586
0.04514542011719325
0.09458650250051805
0.22440306234286922
0.03112851872214621
0.11344566936000697
0.010267224021528885
0.5643225089020922
0.029597310137990322
0.052292500534026815
0.4172340287867829
0.9408991910673901
0.21388182356955038
0.019910666793556825
0.16015878556292945
0.008835690386700698
0.07881718529097641
0.004976703200920907
0.03848270165552475
0.10136215497906002
0.017420027217102934
0.07461664323828716
1.0
0.05604458141603128
0.1881794854760769
0.21207572418102993
0.038747285404085174
0.03814394273646667
0.0006755893918985649
0.06476519396675627
1.0352487574957556
0.01722512070099559
0.027617031131459652
0.04063157491250042
0.25354616946098474
0.9639722899708052
0.0471636731508579
0.13449705072857823
0.03754138994369754
0.06816567260853384
0.11460182453493006
0.28819405123112657
0.06460503286075725
0.1325318367614212
0.49713826761587204
0.0671901110406854
0.019431358602486817
0.023230984299273595
0.7128956505896394
0.0077580701685737745
0.04850110643921334
0.08485899646535075
0.022974781460981787
0.06754044776251696
0.1260520820213543
0.1717183720022968
0.003743745088338726
0.4458570161431672
0.010047643589626119
0.006094084490811985
0.09793471842910997
0.8301058349543173
0.056122226282092645
0.22682223056789197
0.06503158551181855
1.9830658518819069
0.01060213284896652
3.4711970381222826e-50
0.18399467082763188
0.11534856078460684
0.06645769130771347
0.026731262559973115
0.2931208778403407
0.07605127064427036
0.07027670231641905
0.07480722772207445
0.04363764976235416
0.026104705346006903
0.264409518567916
0.21031471385082925
0.021409657382959933
0.10243052080718643
0.08800502924686453
0.19922731108829403
0.7507428903406844
0.23407669283863125
0.06979497353946514
0.36760083567978385
0.2665027438357752
0.122715638423836
0.03609428845169976
0.0071715144013755954
0.021219321765475824
0.020071952890011634
0.056092440851230684
0.4556857832888846
0.12603212785199627
0.03533909737584029
0.043786389077192366
0.0037794821408748034
0.5454375840905485
0.08478947604555823
0.2602571573639609
0.02140172774995372
2.7526083392103238
0.3183769040591221
0.11819431156939136
0.04814929523547213
0.06406081747498284
0.3010417931556941
0.41689365730866645
0.09230053172636787
2.623130174539843
0.20178439102546758
1.0069549783329723
0.01629171356309847
0.3595400516997189
0.033914264320508584
0.012755318171266138
0.0881369857408284
0.051893289801858124
0.04595951556033035
0.04164317120615282
0.13784352935902264
0.06351783024100037
0.4009965186343955
1.1471962456589806
0.48545457337966763
5.458640071678594
0.06364829919458428
0.1295429660492333
0.039842324034557224
0.12424190542022062
0.1676318253269611
0.08811072405814592
0.010506253113697992
0.15013816974113095
0.07318854764070029
0.030487324599107128
0.06112888246464341
0.013298571281547218
0.01008983640064559
0.2592940086603545
0.21143982792323585
2.830655985680378
0.06124376116489321
0.1721394272626927
0.011824833131650015
0.25384958233553856
0.37351017532599007
0.023594405261504598
0.015483816319625336
0.004451618496554156
0.07918815542055947
0.4660392250673375
0.7676615970759386
0.044081517213969586
0.03593201915230093
0.05872555085631058
0.3946347497233356
0.006875608588864351
1.718336229406822
0.007918443941059563
0.050330460058896506
0.009884804551028309
0.012368250541179583
0.06545665486636722
0.003102665977807146
0.3044769667421922
0.32404583126412284
0.02821906404270485
0.044022427682265795
0.00758261926262318
0.22051324102933142
0.17813718058327058
0.14511742243385292
0.04286762753130257
0.027886508934917755
0.028677369193549185
0.7155501789641092
0.3292267586451733
0.11374469186988548
0.08514488023939082
0.5810068384460525
0.05466033771046761
1.051033548026332
0.0737542629489857
0.0571538823356507
0.16843021531783844
0.1265032172323183
0.04591222470153445
0.0216618035179466
0.4588380593427576
0.014238736252144031
0.1434768163280293
0.6410507434330107
0.003915763454596886
0.6504464275751405
0.05542044092601938
0.8980191852042716
0.099516964784923
0.8484420018713866
0.2842151902373866
1.0072048820619541
0.05390318129521681
0.07542494997587584
0.051843755488241224
0.8927098978341029
0.010907881058896188
0.04384723335560001
1.059233897271027
0.02297220079573132
0.0563284086613828
0.042996332483922324
0.028403102438892866
0.4060742117709542
0.2231710029684776
0.0030629132725728406
0.5109390960454125
0.022763732257749154
0.090254975138259
0.009504977122397578
0.02275716372500493
0.399866957110166
0.1329711965177907
0.017296481476032396
0.06474745477786553
0.5002701321971742
0.0049147498581861545
0.002397548765829038
0.38020588277904455
0.009552790200249656
0.04322974421584845
0.08950957931495869
1.4340128759582802
0.018409429009359855
0.2535990497862619
0.06634017070835305
0.025583158063995293
0.014446993085834199
0.09502751748584162
0.023774467148550832
4.4711143769252774e-7
0.3579171988697041
0.019657487274622448
0.02345121729343703
0.01491350207927914
0.1652032713687827
0.22993086177826275
0.0007810892179200044
0.1179435009528986
0.2002929685993267
0.004096921402932979
0.020972730868898993
0.08039786789769324
0.05399422369149994
0.01365652060045036
0.10538288623438181
0.23941273842748834
0.005685097956950383
0.030270277875131275
0.10211176814126709
0.3969855246101131
1.7092528575759312
0.06489508004124975
0.26239488509426767
0.8256780665713185
0.30425909276888274
0.12923718817125593
0.021990943946111955
0.018857555193616954
0.11422542056845696
0.04229408265997664
0.001113553766456194
0.04402080409120218
0.7072406418786754
0.26339249084434674
0.11249093749777182
0.07344364771703506
0.10320751616224239
0.2715852520969053
0.13491712061487363
0.2817157618109701
