3.8810298312037053
2.5534964426508413
0.41446886576796654
2.413409250521583
2.3136769832919075
8.21267715544952
1.4875823624080748
0.8242763642458313
0.09407844170544587
0.6192224920048252
7.366482116277538
2.5037961905886585
1.0809567747900815
0.288746024864847
0.029489440913470014
0.05637964927970622
0.3258551954126548
0.05808401497112109
0.4361806258208515
5.465149989500807
0.10436358493918274
0.3592428596296467
0.23954015875217885
0.40543136398335466
0.28343522685346656
0.03440243421263008
0.534570467896746
0.3929549683529774
2.750120569610652
0.34432534850205887
0.24116952834383912
0.28722325641488067
0.600861598265308
0.1261821932215311
0.06696239045049604
0.48074432778180576
1.8432068586375596
0.21963915381350355
0.05375618233763579
2.3631855745741284
0.2862289938384607
0.007425742497998201
0.06492587515446503
3.289243923396627
1.0319032746789183
0.07291445853561743
0.20481761139458807
0.3942637264375877
0.15965509472864092
0.2328221938998605
0.27203298454023883
0.0034251683649397006
0.08993345809664158
0.14615408833302038
0.7042509577603843
1.426680976908444
0.07395808719036565
0.09845052776930817
0.007062377384653497
0.17045081508964272
1.0
6.462491988291487
1.2595364609224653
0.5088505722955379
6.678391496538417
0.9032595863280489
0.06690784955955724
0.9388645978687304
0.3100843094427064
0.8237162702148335
0.0859436539834913
0.16624202736913704
1.2380655283548478
0.02719217666389551
0.9767490157527269
0.15196461172651848
0.462280502666954
0.28600807021661023
6.223353634843329
0.39702284017581824
0.16337699719448656
0.15071171204856643
0.5318162928115671
6.611938862718245
0.004264611500689976
0.062045564451079914
0.047064052960138894
0.027115501179561657
0.014023247209217226
0.010607373198096915
8.661116016236805
0.11485527030885209
6.167377586784581
1.6183443954420338
3.267378757994353
0.007044694890331826
3.3250534681521753
0.12566143609458771
0.9811268590964219
0.04206291662592473
0.25697016300439124
0.5270526042939131
1.815066675603606
0.3839934269689667
0.13414079770332435
0.23864951701133624
0.08286658851862384
0.7144167103303892
1.4139070418003536
0.13405629908549976
0.024130084928337507
0.5925637908981701
0.15374261160851171
0.012641254797754282
0.19938885426659744
0.016809104572038457
0.7181067769321992
0.017456516616328462
0.055696624909254394
0.4124573941316837
0.17480678688941556
0.34556969136564925
0.3535649300690871
0.39444042437056975
0.21170848355491867
0.03359111214882796
0.27332249682906307
0.5959003631971007
0.12494719178183944
0.2708134632913615
0.056407929961340315
0.31525908048578866
0.0005748658812903941
1.9737147551267251
0.03176179684900414
0.09710380829634949
0.581635059113004
0.0971679026985688
0.9325532485701377
0.09837893766489789
0.008357729328468141
0.0023809673540444508
0.0053893353224928565
0.20335999752086875
1.3425513290755327
0.04444812948861673
0.0029697296285768975
0.17799968183991022
0.18732475789993683
0.012012929175700817
0.0002433971814382519
2.291529246502898
0.03694666281522537
0.40270741893181716
0.008303511958335013
1.0185816624663735
0.05176959415511864
0.7304840020332828
0.0010593758460056054
0.00022753665671816504
0.016965417431021437
0.025050229645650582
0.6726959195828199
0.11581486460055954
0.1371936062007521
1.607377451206707
0.008042001111267188
0.21140705771548424
0.3301553026312674
0.4993369698674164
0.007079847182346378
0.44535630784799074
0.3736189862847646
0.04625979180467573
0.9546708519825525
0.02601932480154452
0.4858576516945432
1.4228399269686882
0.17656533885570194
0.1870999775518182
0.006968158045540563
0.17363384424819403
0.00069405393694916
2.7997677860726524
1.4499424163632975
6.302125095056315
0.0019613030718397258
4.2361069579892385
0.17141722654864822
0.1966584078845
5.34715543356994
0.00750879318915086
0.09060848638098216
0.12124595452369057
0.7659622127184954
0.015664884629646894
0.25161488866950366
3.3399374366539045
0.007307605732867961
0.0022118208837527244
4.374448845882833e-5
0.02379409682618907
0.23652062535866333
3.1329228979742383
0.004504060297544699
0.16133181942082087
0.0036256528061509377
0.05536933712714132
0.001923292529720321
0.1812825295786586
2.8407551120747643
0.052543819733911395
0.04460807380316908
0.6988369704610694
0.005390693640099051
0.8526301646682108
0.05891754320756615
0.0582161810785539
0.03910619793547431
0.4717070321650138
0.07137110788930003
0.0017432442379529895
0.0031398202895106322
0.0024699940620577935
0.036477920872579755
0.4758360669828888
0.06209302959463466
0.2519154486999932
0.09274393024174869
0.9902886874128283
0.8081544569916508
0.06732844172854194
0.006464856576839114
0.0002336061928895374
0.03680253386794761
0.21754446457522564
0.0012206656553694498
0.391916641703
0.02661111980484324
0.02136364012236743
0.002027661460394118
0.657592979561973
0.04626093877185899
0.5022595625200653
11.451719792815581
0.6444854116530989
0.008004040811152068
1.0457218127316574e-7
0.025820047844024658
0.05777020509420514
2.0064151128449934
1.8969156254720878
0.21061965861668833
0.02641396021825162
0.22336702228372607
0.05165159709984838
0.10593740926043871
0.1212257361616437
1.433757117589025
0.07919909994440937
0.051366844169008455
0.009349756802382293
0.00565995072748116
0.7736585324999452
0.10837641651278651
3.080932499683292
0.7254766207312557
0.07768137135641077
0.013603665884433203
1.8870625971729504
0.2115472530063516
0.009053746870079643
0.000698588283764959
0.012950996578700589
0.03090384503185317
0.00018734997904892295
0.10803771398136706
0.0017348177356235656
1.8823851767292894
0.00042401897973518785
1.0
0.9914663818332888
0.1514957034242362
0.00105698026013718
0.287381079794985
0.7856430641456214
0.013585506425324786
0.3794356174199631
0.014514757568689658
0.22268419427698544
0.005100575411264312
0.01542096861438746
0.06368869450017033
0.00634000438507725
1.7442355166642762
0.09333569434389848
0.011227661534787216
1.9114935318186388
0.008630410791260012
0.022194023869175322
0.8749770087100697
0.11464266362542513
0.8683621826665421
2.417700026969707
0.15161618351363365
0.02796999438477852
0.00034791091103928844
0.2549173136798626
0.378259229803888
8.772717931530246e-5
0.01529294842436306
0.48417234012209953
0.06600305732598077
0.022091295729327155
0.002480998188491167
0.0026326586225001707
0.006405601551930595
0.0014977303563473768
0.17294930963564387
5.253928196862517
0.0014473044729362004
0.0653839875232674
16.987246363746504
5.43348563728381
4.982333883742973
0.07285280725642358
0.19135195839493266
0.032208980896025724
0.12066439484252448
0.011954010009682612
0.14467764452161705
0.041645326211214986
0.008083817630347812
0.00204785501386012
0.0012128370291665566
9.654663591882124e-6
0.979689892541267
2.06970516253664
3.3273383817360114
0.002164320805092383
1.0352324854037889
0.3945860495711471
0.05579354432174865
0.057207440240645495
6.512136994629631
0.06212968127733006
0.03129844509425673
0.00041234894919133316
0.08542996954089194
0.028446295141442784
0.4653302294716686
0.004083255412545455
2.0922667242594417
0.12551261303676223
8.055476215162732e-5
6.251407808910295
0.024090230481611873
0.3050387432986147
0.00030186501915688074
0.0005197111907731519
0.13495571866910397
0.025234688436448233
0.04753039898931327
1.1121035322866109
0.0010386850948300062
0.11790497960191428
0.00019951002179446995
2.9210182206502098
0.028508546925950607
0.2448326152415551
0.5258376340783529
0.31343577728064037
0.001238506182106173
0.00824419591598844
0.1568710830229685
0.014482227551594493
1.1535078305702144
0.02419865478851238
5.948958061153761
0.26500005805296645
0.7498600401988516
0.032291393898961726
0.005078082560268029
0.05230013058442934
0.056032377988625794
0.63535994378953
0.01868171211167252
0.022808324006491798
0.5195513082251254
0.057735366034417236
4.064773205650246e-5
0.0001354669499941077
0.02154249789300377
0.0075055976696042775
3.4676555274737804
0.05955071207453064
0.12464664626475759
0.004794385990855695
0.2743903057009238
0.9534282240649429
1.0941306818286753
0.0376023941266047
0.012244526864433438
0.8854629967842347
0.8995396364763205
0.1070577272307208
0.7149997799723302
0.051521992996676653
0.15362023003197034
0.15409353931685518
0.009460912051858743
0.051938274278338956
0.005442195363833554
6.052119036722026
0.00038912386623552093
0.008285924574282085
0.005120318580461359
1.0656963814047136
0.1366345028741537
0.21827037748798211
0.14476853119024047
0.9927801509866662
0.0030665364411446468
0.004389954128347063
0.036857778072147025
0.002413317400305152
0.03350699686571183
0.5458127078102596
0.00024092538443161668
2.5216864130953396
0.7332427974438301
0.14572291776131202
0.033758798941591076
0.010297340949198302
0.15616366885351615
0.004508972305552006
0.0010750312228469977
0.09465313088010616
0.20693170191384588
0.12343272096798422
0.005088517735281921
0.00128935108940565
0.3800143989191977
13.692164326759697
0.058975251864338794
0.8086813944772724
0.0014103554219929168
0.4586388228002235
0.11930490681957812
0.5349772972915686
0.07410829411492097
1.8400244149926281
0.04574800698809571
8.187809098425129
0.12168865099090573
0.000441418889511248
0.015849495627874063
0.24575237191209973
0.051177886638296484
0.10583651819781405
0.26765572612968974
0.41997647876427674
0.15074270951192253
0.06530051090714989
0.09957614524425222
0.02747483389279071
0.01939016706317884
0.2741441714994665
0.008129942124814472
0.12969601138996242
1.3032345614381168e-5
7.721946051904306e-5
0.14236877345526208
0.047401600412153314
0.054501507732601026
0.12672873853663
0.1248362981073665
0.0016988328565927374
0.015115554457884981
0.12632226202827593
0.9109261848712218
0.09534840172409692
0.004920168435392416
1.6458852840118385e-5
0.05552226160933024
0.0014136044769451895
0.0025388619045339945
1.4860516810630302
0.5046587997287535
0.07656543156332304
2.304974017770612
0.6705751972615409
0.387613833294312
0.010243548074250975
0.1052133609460575
0.008531115336298738
0.0796999528466034
1.180564918012909e-6
0.5112818354845998
1.0844053274620604
0.020846514610630147
0.48338724364642555
0.003582558537657223
3.895291006788144
0.2937464296386167
0.05603725138025347
1.3291373596739897
0.007854346435091057
0.02870897109936625
0.3583914482859764
0.004959923941380831
0.07660276241031955
0.10838006469114098
0.005102158507299956
8.385596534031459e-5
0.010141336962577989
0.6400753360288916
0.003926463388341119
6.630206879904842e-5
0.00020663536320005227
0.03388270036217357
0.21126876027347655
0.007041806932762318
0.01407235519691896
0.007577323850392946
0.02397735219927389
0.45781410254056615
0.008779972814478995
0.00024385615875369555
0.00529519149814404
0.00029494949138884717
0.650171548991097
0.08290155834659654
0.02010697370776233
3.25002512107273
0.13983588160778748
5.108008222101476
0.004310938879691195
0.008765003102439493
0.003263460221630654
0.0022801987646170166
0.007512327788453765
0.04303944498078365
3.5795931769310068
0.03327666238785367
1.2223283338454354e-5
0.6062658008069132
1.9107945372239525
0.001223358683641997
1.3072284932288853
0.006167738381018292
0.008356035429004724
0.09863397057551312
2.3239936165742354
0.03740841015239776
1.1870589463101715
26.907120403489305
0.9241820954275948
0.0018195921407471551
0.04941658969999299
0.029722502626896585
0.00024045753724206195
0.3045792844573574
1.5036306904247043
0.03412914428023619
0.0003306731881793922
0.08960805507709993
0.05410287646084945
0.586943179350255
0.07033308024352045
0.008449704749820063
0.009616242932482746
0.006107876891148001
0.01664600259093935
6.593221237003696
0.04352261607457513
0.000208011905311113
0.00014608007431221587
0.00829205399114022
0.7471640373889918
0.14569303955782648
0.0045864117054613095
0.22564913247502544
0.002689089748633778
0.0592234025896421
0.002791157983874844
6.261298222750956
0.0486604257273766
0.13107029960834693
0.33498688547470334
0.0003428989539436324
0.0045225783443369185
0.05614476201798267
0.0018531807848828931
0.2558986062928525
0.006125338957095621
0.00027859938370939215
0.011774578177567979
0.017060561498193582
0.00046478608307692134
0.032196957264384964
3.6023679937606294
0.052226488381204625
0.010291267889549264
0.20097747664699311
0.3948410844635847
0.008930677965536019
0.2260167065693737
0.026826400883442087
0.0415297946474769
0.4513955314641901
0.04103260435944752
2.9689386785859817
0.00020431917069760864
11.035033196502614
2.2810244754707143
0.008008211559970758
4.647637725457003e-5
0.055052781317862204
0.003396021146112578
0.0689976238658152
0.29478569937831056
0.16443984686033403
0.0041211038588081
0.00043543402482851674
0.0016799768441738464
0.00015002854030507625
0.05921959634433237
0.0480948960691695
0.027444213786323335
0.8861003650566197
0.009886078688377719
0.7511307776239932
0.24955920652044167
0.559228252457752
0.0008363598895664518
0.04884587908993633
0.00214661634512673
0.08147557620732743
0.023597286400331638
0.08835053560263496
6.887440202345277e-5
0.09243775985211379
0.0008351329932781154
0.04455010824179672
0.014302443214602572
0.0654947158504677
6.540842156185302e-5
1.0174882648484562
0.0517915656074982
0.027521069013220077
0.029753419607556585
0.044166456487524444
0.037100372219246516
0.025414893007328722
0.014849426116565353
0.18615814767243097
0.18330515535583497
0.03897030484894131
0.47175677270624544
0.0645911976345073
0.04381092739592356
1.1693905525022567e-6
0.013113169354253442
0.010703088076833733
0.011409930494445728
0.00034260361610692207
1.0595817047039362
0.0014758715380370087
0.054848723040087255
0.0005862548661054709
0.1562792633769876
2.211524062973329
0.07982389647630496
0.9557592594272211
0.045339950933981306
0.06870905893691566
0.0223151755473294
0.0066441719167686705
4.1246709698647104e-5
0.017583642415460267
5.518897711990071e-5
0.004019335327764044
8.44030859687055
0.015774389651669447
1.1045508899841702e-5
0.4079993072683314
0.4875239682006741
0.01852950155767427
0.08621022319873299
0.02645391361883355
0.006615342165405715
0.7002419732510156
4.178271595970747
5.171236467077743e-5
3.8157891734906086
0.10133064640337339
0.30823613346368683
0.11113456903147692
0.09701390963157613
1.0
0.048048089134026466
0.05226509951479474
0.019446993912411514
0.4966487650922843
0.3148800730087786
1.5070636441352128
0.0035314713274377557
0.004132410216159958
0.0321017294877926
0.06751657083703101
0.015227791530685136
8.913080544959543
0.05474645218796722
0.006316919830297434
0.06812210181036324
0.006873518736659289
0.2529704648269667
0.05795747929787894
0.27943598367449435
0.00424023656057206
0.03981918107995504
162.97970825854128
12.190659863039222
0.025698726341979214
0.015845335500913008
0.8905730856981646
0.013014741590489636
0.3152958590500821
0.002507191879375935
0.03763697514576487
0.8066275708380086
0.07170871905486491
0.00025459027075913995
0.10196309173579568
0.011918193117575259
0.47412194303406885
0.08244370262438416
3.0340242565069773e-5
0.5387138682106783
0.02350787806877781
0.01276219663762498
0.04318300778688234
0.013616990095537967
0.23852291092894665
0.0012198055338375822
0.1592328541290595
0.024040140601394592
0.004149250045286979
0.23654465152227183
5.630089457543381
1.6311891596128578
5.331888347483869
0.23524399990752778
0.00011867883888072764
0.044575533520389315
0.008702787667581988
0.09585353123072644
0.00014552756994001934
0.6477821926704029
0.0012949471370780478
0.8311776851258514
0.0005969617319881581
0.03815800307662882
0.0009167591801941189
0.001309819086910021
0.6321712359802965
0.0013123042555125974
5.47244068332206e-6
0.0023784355376646484
0.02061587341538355
0.06673063114167867
0.36577930163323413
0.09165364711925197
0.2793009265914875
0.1762392722262508
0.006321118285722428
0.09662427480738282
0.0006265195789540243
4.673617627473733
1.2941848086792118
0.0002999419530391405
0.7254650359574704
0.3782690279645262
9.020217643601318e-5
0.00037740685926591813
0.06898313016913564
0.05707754320927991
0.021032538971580503
0.026652426584470555
0.1895143618054115
0.004394076920360955
0.07392522731110725
0.02192040762846518
6.414790967323315e-5
0.057406225814161126
0.0009392201751135449
0.2239498287053642
0.6400620342838597
0.02066659285073215
0.0008046201714457056
0.02968617548081513
0.9661616090271782
0.008437702143553253
0.2083964277139236
0.0001564674181580188
0.028396024036602067
0.062398362880032546
5.0424240590037295
3.6234022001504727
1.814613826304851e-5
0.00947876574636222
0.3871906055349179
1.1277191344127593
0.34021472881501197
0.19979905008440557
0.0016916422406257413
0.0011988936578888414
0.2428182824319671
14.311110142525045
0.004766880711307108
0.004189388631071322
0.10087205386499191
0.08354532356579188
0.008128003870126623
0.012409269105187786
0.003004867744681859
0.13352232760850977
0.017382862265674922
0.009488650031777608
0.5382301075212261
1.0340999730585985
0.12085077769479166
0.004221175040335136
0.00015306359928904595
0.049169716480322735
0.13537584600633595
0.016708459908822144
9.628867444523596
0.000129320172993557
0.0011323242177477565
0.00035998060414255763
0.2820268426949027
0.0036574145809192076
0.025261424720385582
0.10762240854525401
0.003111625403921374
0.10189400230440368
0.7977381296056785
7.755498625699118e-5
1.423068384381213
0.6521025874388584
0.006287848188745268
0.5469505717297389
0.00024358002285102277
0.03166369078836873
0.7928748567005671
0.02549901273977568
0.0036559386438918184
1.8536600560543408
0.016314432114342012
0.17413336339546212
0.3806213821462135
8.927092880633219e-6
0.10979685407627161
18.07972893522266
0.02390604058134127
0.19022744581844256
0.04930994924391956
15.971439897578117
0.2182360568236936
0.00023871538951764776
0.017089669840413574
0.015013393222007697
0.06518455586405754
0.31162292339283887
0.00025245753604413924
7.492771868522091
0.010932764286044961
0.0423331304684619
0.004660756884192422
2.103055201972661
0.0014526735728222753
0.17570378621378765
0.09773725229440387
0.008848427882217473
0.003866123701648969
0.0011643905897130403
0.044551380700118395
8.68240511233464e-5
0.00195833205272049
0.37204873699028307
0.008565316789422158
0.20735740752520587
0.006650710155440724
0.00931250336134908
0.007218911744277927
0.003235606830487216
0.0006196343343912871
0.17513916790812975
0.0003857803415786107
0.014771231937417825
0.9285742437264478
0.00302633912935427
0.008236773714721183
0.010345603478732805
0.7583241309870714
0.001080528315214495
0.12742013440056293
0.12723785138398272
0.011191558165544875
0.08491945208826611
5.491479674497018
0.033716059893218894
0.006233480461564713
0.11475159867537388
16.24415097660992
0.0010800826358322298
0.019014303432365782
0.03298853489729763
0.0032842471250631275
0.0010371500989938285
0.00011101041802041178
0.046213542197273194
0.3023071125826564
0.03981734828548516
0.004532596596142977
0.0011135516236769952
0.005030584018046196
0.012806334974423286
0.005499296797974345
0.000825007625631077
0.005043028460388529
0.0008716269141042473
1.01070680954098e-5
0.1117717340149656
1.0
1.0
2.9873516739864094e-5
1.308959991092594
0.04839389575997588
4.812287085996132
0.45581894301176606
0.10262631703988444
0.005849228882592698
7.08609052091873e-6
1.7645746250276405e-5
0.011805342879393553
0.03768402763776268
0.003358508419494698
0.00019480034269072393
1.485946148430062e-5
0.012281262444473296
1.3759909440743279
0.001203804444050776
1.4238549374269578
0.0013201113237186804
0.015750834817185644
0.24199675939395898
13.022082451548755
0.027590924490429936
0.0003655620275515004
0.09899965787679657
0.17401605300882464
1.2661603201169394e-5
0.0389476236775248
0.00437204078580067
0.0015872333588635916
0.054084421053699566
0.07581500498873037
0.0005489705290924665
0.005065744903197142
0.00660413458620401
0.02690638426072613
0.0027381250271993713
0.005306661645549763
0.004951004374655517
0.0094826367041599
0.6502360661128647
0.014280751828818208
0.0016917679346259234
0.10173656831258265
0.006593821387093366
0.009371112701926249
0.05513537140276186
0.2276649159292174
0.9726969982779484
0.8185403018727035
0.010954254239115262
0.007434190081629837
0.2598456558509774
0.006418642566157985
0.001834619982405767
0.0019439402392300558
0.0013274957265395103
0.002836385632987868
0.06645549528011996
0.0014459453733541782
0.0003136336183077896
0.0028414338632591373
