0.05616865868859414
0.0582612440108909
0.04680828923522706
0.2487426156203616
0.03616106793850193
0.14307791625414323
0.5163148122521273
0.055654179948764856
0.10760027574066446
0.28082301712288354
0.025193450019654826
0.0816908535842553
0.06220663918586909
0.022109263666667302
0.02894495619790986
0.015283307741859481
0.16611613317372753
0.017071461439731404
0.07854709379407054
0.3052568870045269
0.045079386354859786
0.01584519635449101
0.025216887667797224
0.01973916291571797
0.01798027938599018
0.015305844345472728
0.19225995660271228
0.05384430282244014
0.04761720154768876
0.02588401240797429
0.1896783903938201
0.08763209238859918
0.04723115011561435
0.06335527519568117
0.006479029749049593
0.06244661130155716
0.014987853764927301
0.10076727940666107
0.04032394718788264
0.04788500677128247
0.1441150121765605
0.4445963932533127
0.027791869980824724
0.04056587077652417
0.02443073850427419
0.04554689185136002
0.17570384359794683
0.0795310068877979
0.07162505776061835
0.01576707304958787
0.16893920878067958
0.04175381779880691
0.07233290487259152
0.08820859756472044
0.006942061574232187
0.14240534862098653
0.08389929126855451
0.0076254533555282136
0.032865181191845096
0.018841186747910472
0.018784424054089036
0.07610342106133465
0.47540031187733695
0.017915122014542487
0.0909198384538346
0.04423732863652054
0.026015480213870804
0.044904589297499464
0.011763110394646637
0.021517758373240867
0.14902180917398664
0.016903279287370232
0.037589202806389804
0.03425736477030121
0.040221372368332724
0.5791864117868754
0.04903430094927959
0.045397967842541465
0.010976557030663144
0.07959645569440658
0.03599203547952979
0.01309896364589777
0.21006201133860533
0.004411905069620569
0.007107001701120166
0.042462028564544
0.30808643701357874
0.08264807398212216
0.17224475014723067
0.139022322323392
0.029782611573682505
0.039851268357299525
0.05834967073934983
0.09528208313226441
0.03555323503015376
0.029164967961167028
0.027138699884817714
0.02304652198032655
0.06372767280892742
0.025269247344369538
0.07165322122789926
0.021308062859745912
0.012724722460680422
0.012552055809917325
0.1362182443079692
0.017793501131265425
0.04598366336392228
0.04255037209263749
0.09967971480734467
0.013181561972815876
0.07472917375066093
0.032441556439345855
0.21417053958994642
0.01862324131222138
0.020097318878308047
0.007697925692208376
0.03571102977008085
0.009791359805275852
0.06162822386528748
0.019444456463890793
0.03657185193356052
0.08910443328557531
0.13704498863306566
0.008474148445491393
0.024149399150464386
0.016893431193789252
0.09496807574529251
0.028282156357295984
0.15440016615001884
0.01361961778914784
0.015380012795505762
0.009067175272816586
0.0586574345756091
0.01609234380724874
0.038410130551656735
0.2777177896186845
0.04246813238871663
0.04346881989993385
0.04157629856973628
0.15955954031781913
0.004498991201382616
0.008048606655431499
0.08508541219626929
0.005659246952290056
0.02554409735195084
0.32057737311271106
0.01540782586152928
0.0907343275579777
0.09602772228301368
0.009899881928699323
0.028352342085681558
0.2014532504995663
0.017512568249761804
0.05260633606796051
0.03495968847722308
0.046493389008478374
0.04684444780762567
0.019474632425069322
0.28038844326121554
0.02247305719706148
0.09178339651312664
0.004918927805602522
0.05067807435024373
0.04799641588205125
0.07664763423998647
0.060541928172701896
0.09676914806888157
0.07814357551174815
0.055539038228970015
0.05103326957301786
0.011475889898473236
0.08610070854502054
0.0684202568970215
0.055525580226941366
0.15567923943512285
0.04952341567256962
0.032484899569942605
0.03482528666296972
0.145716597564974
0.07562790269689607
0.2366824451300185
0.023678897853624568
0.033261806049150244
0.07136301360987715
0.011835042864713494
0.06045912821817197
0.028118287713073366
0.010197853769323355
0.054262890842118355
0.015624493632965194
0.033188861310049764
0.012440931066553541
0.020342970510918313
0.033077155452326194
0.028230832441666878
0.047644292040070375
0.026189540344220594
0.024467666419461388
0.026506731678843726
0.017803717845762512
0.02416671830137755
0.02879515434933117
0.09270894799522669
0.05084717148619115
0.03651035291791184
0.005138067636178954
0.006865466926389825
0.01825674994943477
0.01792457395482105
0.4464846835785414
0.012663492274937604
0.02931644060323637
0.09281527772760378
0.0019794361894261195
0.06261692220646234
0.03979374221230932
0.06799635253614748
0.03023776903454064
0.011287170974933647
0.017604046527550002
0.027299635477593263
0.12569396813901176
0.007150889153728457
0.010343076735331833
0.08097222261825196
0.036256456447883
0.00712803541991129
0.08782602159859615
0.016255323905731478
0.03608864437192233
0.33980367860144933
0.022612424565351293
0.03139092119851873
0.05158890624095064
0.02450748508618706
0.10369735928514741
0.08252550891069485
0.01566182898033036
0.22804680243021638
0.016603497180871212
0.06593859653431765
0.014792051633596471
0.04721835239895255
0.040637935144121735
0.011049492076474484
0.015492035873310585
0.02712812637164089
0.027488583379646356
0.08305119777066663
0.127436606014325
0.01072444933967791
0.2577274054193285
0.005822487440011292
0.008278005604103538
0.08121082498201561
0.040123783736633195
0.009294647558300763
0.009339297238431939
0.03325699413134732
0.042238275729317966
0.05464813180667473
0.0670210710667011
0.14245118188696487
0.4332201239643422
0.0876419857616461
0.006389000070917566
0.01481061349843409
0.015710112286789764
0.39481253658775767
0.015169449529360867
0.001818294519223142
0.01758980819687806
0.18211036028840513
0.013780292978231962
0.1141514273800196
0.2314744572459448
0.051917470739201596
0.05553435696614672
0.6412868094481184
0.10162659092373572
0.10762789114450753
0.08695685246129581
0.07328396277920622
0.013217815339711255
0.0058283574184494966
0.005385461811010761
0.3104898167013434
0.03739616835960194
0.061771929224406955
0.009811666999768294
0.0453215968467225
0.01214526770593168
0.14536385188693166
0.07713373178243868
0.10310037392056938
0.005342624750291206
0.05629109275065673
0.046250087394390446
0.01531431575686735
0.1257492672824901
0.01179251598904415
0.05103829009158411
0.012046298623799459
0.39535941723279056
0.016868956374172166
0.018826722253326263
0.004422645808110889
0.07216262286571454
0.04375756094912255
0.062286225922931406
0.02449051883246323
0.27635159096087525
0.023798912803946044
0.45788534115801205
0.017668962091536605
0.04705816459143987
0.043360084378219296
0.06256044628987201
0.012631158067104643
0.006874283772397285
0.052379254102441174
0.057766328714562463
0.019977046600991668
0.04475964700850397
0.023994065574387026
0.012130870154930461
0.06735790486580337
0.01619837530722946
0.03455195159146045
0.0669238375208207
0.02840094114624493
0.009729729579896693
0.16306018939917744
0.028790778448619086
0.0824577041467638
0.16809984805023273
0.021566998106847268
0.03502393609829877
0.00431133579264681
0.004481929098973622
0.03043793388545679
0.004270563954317367
0.054794772660918534
0.04159435313268489
0.08682612918611238
0.03603282480330492
0.01340494333003602
0.001991880370327738
0.023811567150962585
0.05270874337598779
0.10045112188143197
0.08881053099044364
0.018478384907441994
0.0154980750623307
0.010065655058463362
0.006909884008558802
0.0562422482127124
0.3807835791034983
0.012089886491066128
0.008992311701773692
0.06621342303099494
0.019912636912985657
0.07615937662897905
0.4923716774094775
0.3028328032106233
0.018602462027749508
0.03203531079865038
0.043061518088870016
0.016961310944416216
0.18131862003732424
0.04266492418218853
0.017931620009403484
0.15598786209508747
0.045445816391660634
0.07264249041857843
0.012156311888509302
0.028105198288706616
0.0905588188391185
0.09945256419130996
0.08741928092647629
0.04563578525663059
0.07715436109748174
0.034885530668028575
0.00903802319735383
0.07592354327533149
0.051618981081471546
0.006850562927951422
0.013769779399179444
0.27676947505782923
0.07380089629741061
0.19838961686340154
0.03451320160610419
0.05179790442936413
0.06154116090433403
0.014632767824646595
0.03213765306793209
0.19663832510052381
0.12076509029915851
0.036810451794309966
0.12991380245122225
0.027949891440867392
0.03560867958764825
0.08483451334519267
0.03030859647440572
0.08041069899420741
0.0863239173638416
0.007649872106334924
0.008133317253611598
0.007642438769321944
0.08390019769266867
0.01947843029488773
0.009113132898266145
0.01594011467727028
0.10313977188897602
0.023894488137270978
0.27239099592978955
0.004981013549494667
0.06977066057771478
0.03476200161815507
0.03205473893644726
0.014595892253721899
0.08904196691039505
0.052203596801051196
0.11824962936318043
0.17833383920270382
0.36070194507749914
0.0025603279567554876
0.06531554920138845
0.18183371132000917
0.0018781043598812492
0.023355804089276958
0.04222530623543102
0.009591216827700129
0.04082158002349859
0.06369966053329633
0.016471815267107545
0.07052652318578603
0.07230818417172691
0.0031191180922836444
0.04040911598097639
0.26054933630980864
0.0447721411334618
0.07404535217127457
0.006218955983743675
0.024144450860195874
0.22564367597158205
0.49866760084725364
0.0033394119496510596
0.012708223523537909
0.04366845573635089
0.013737883359116682
0.07408610185717544
0.06121825438732445
0.017768135917344392
0.025575087614898868
0.006915944996436448
0.09860244075138078
0.0051125996418308565
0.03482994982200322
0.047952922731410726
0.3217947577451872
0.026123791606797824
0.009101594082348945
0.013676734745625412
0.009194348657138137
0.10572975633321705
0.0072150184945883955
0.025319608683157014
0.5495235857240364
0.0032618096446617967
0.24556131199512618
0.019106656815261473
0.006642478830749731
0.02698415335214176
0.15918790394404433
0.0938629743018071
0.28425976290953076
0.050682758286988
0.0041722423492378275
0.06310302249307694
0.16121465230447007
0.006306075245222593
0.3032013655840831
0.007234896143044988
0.004834708075218756
0.033805474171343185
0.01291637080844099
0.007330551586411412
0.08958664178820076
0.15657647013389747
0.08197332138830447
0.005673951020861023
0.0640182168469582
0.026473271847365917
0.05787468891381723
0.02603205630972384
0.01582268284870648
0.021579958705136175
0.05457692379867726
0.026591101833690185
0.014996658873100338
0.012237486317826828
0.01920782202207072
0.016685889423959353
0.03246793333836559
0.09898773908977898
0.06891078402031872
0.007013209925821504
0.2441230688876424
0.007965094719440268
0.0979265581257661
0.35767300167515265
0.016219702813293047
0.016937874796786875
0.08338590121637007
0.04734716413910275
0.16222530419208636
0.02082468328632528
0.03467186431560096
0.0023700902276906554
0.03915785651901594
0.09427263834990099
0.054443050790681874
0.04382156576732355
0.165210002404886
0.016994076350177488
0.012765660121598011
0.09898144663546507
0.06314121412415867
0.008948997327411593
0.24944734068393595
0.010171401823654442
1.119274713146915
0.005000456835966745
0.022933277216235472
0.040499373328189904
0.0027816973266030884
0.018030783070990233
0.12603216442027973
0.002907664042271677
0.04844642538296989
0.0049630078712876455
0.03624701030594685
0.24627486886787686
0.10683761460391382
0.01205828462927528
0.13568065339177543
0.15046459805924126
0.020111384100648392
0.03562857123771972
0.345420742500462
0.05759672113276242
0.08943564874887061
0.05986691116072348
0.06233746187964938
0.21305000535819157
0.10837432971604087
0.009446476831979836
0.26315722789393503
0.22476841347978907
0.0053748427657836495
0.023982961586211566
0.02327818624961496
0.2670638993631669
0.0272444257957679
0.016763919621902948
0.019543029674939885
0.027827511517322916
0.08948377610882945
0.0024562770155743883
0.06601029177232205
0.04163003950788067
0.09706977820379857
1.016868942399597
0.10281973094324073
0.11874802307222311
0.018820428800142456
0.1586918943509636
0.02562268393486834
0.001990553642420545
0.11969026494325201
0.03363433669148498
0.007368380004389146
0.10671999803631103
0.08570831351057703
0.02394503675842224
0.005855016021959838
0.0435603804416174
0.08374837357719349
0.032024133671049955
0.030618676223749867
0.13527687611163036
0.010105370208451023
0.22757979068823087
0.026352741378395005
0.030419049223261874
0.0009986565499748555
0.07588164130491894
0.022507829451052785
0.04498199659388714
0.29413766745032055
0.38645758093280363
0.02047858706543532
0.047821993823999126
0.1594874527987181
0.0023092992921973495
0.11618993671385028
0.029945824534580782
0.054413172880404266
0.011449628471053947
0.016757874975401366
0.013428777263814846
0.007177174904259191
0.09552417713305991
0.2191646850265484
0.027347647191170533
0.07483152111183007
0.007889991889252919
0.04177221559112757
0.01830220466440412
0.005739061949659032
0.11846456631134798
0.16777594057345396
0.048937080461788095
0.12065329007799111
0.23716928891768393
0.0018969238202252957
0.003020503203734996
0.04213366911015653
0.0044706687541590006
0.09273961504028626
0.07060996103677666
0.009794058571872056
0.046463292878597066
0.020209425784551857
0.07533207427418148
0.01335818511857252
0.002868257904674557
0.0541875249656933
0.01453465115345839
0.004611364791565822
0.04931173591332974
0.011513814707746674
0.300353014587231
0.01432578281970047
0.05638032568489411
0.03750888419155974
0.03244924216588849
0.02053171850844434
0.03715082562211226
0.180805831947006
0.6708038306844812
0.05403592555788402
0.31903060842223924
0.021898110021138097
0.06759088767859796
0.12020319288063702
0.007189928688339146
0.02665848161971094
0.051919211298092974
0.07943804704864985
0.04654698794691439
0.0030369777662034134
0.052764882154038135
0.007163041272254098
0.1017769928132196
0.09751706706616635
0.003999621403328621
0.03957948239421072
0.084072578750665
0.013092740863338115
0.0012600502325147854
0.0032397491915194527
0.04149731351181468
0.00787960036038045
0.17325348711610486
0.19499222511411357
0.18034893668837426
0.0598484530720685
0.002066106586334567
0.08685250474106511
0.07730651595682722
0.13783235646517417
0.00416640974932192
0.005941800560253537
0.006320095491019796
0.06313428612946596
0.03624437171917232
0.041569829599574316
0.10856871573404958
0.040591926337902484
0.015715495426958697
0.12941001009229025
0.03757988074612176
0.020005322381700833
0.03666261847293937
0.2852336345800709
0.005465581015620413
0.28403696516091853
0.015422756237688712
0.0038584934376040196
0.005779346957684292
0.012047114129516966
0.008607318030233553
0.13346426086066465
0.004730845110602596
0.016819830542222868
0.03149993660961289
0.25540868103195247
0.4728216419636988
0.006216565235312725
0.0025681081269430697
0.008126759070020226
0.04269005413122017
0.015361632199520425
0.20550569815575592
0.019740751967437686
0.015932768215929358
0.14677973052299978
0.025238522011671993
0.3105328250302042
0.030966182406846125
0.0544614593100281
0.11013379289480849
0.011175775454471657
0.11151638078111284
0.24556369364134378
0.24175136177844736
0.042566020133214734
0.01930637885521775
0.002864188301974325
0.03966421136116498
0.025062693984516465
0.2130476237226114
0.19607633328802954
0.10277575988494402
0.02030073684954143
0.01537853175787247
0.006401120194220014
0.007438835680699447
0.05046709045415746
0.02789857260520762
0.012637580855803139
0.00960746796646875
0.012151061920654588
0.032203676887432815
0.0043761546685939234
0.011433495125027197
0.04229362485599297
0.0011946125496531165
0.5275462691803271
0.10249233851582994
0.13333370747422835
0.08689183370015177
0.09150254854452135
0.025921737937183064
0.015522736913169877
0.015322853303626377
0.013421326524086128
0.19742090977135018
0.0138608059434539
0.056383538464478106
0.010747212102839361
0.11768060289778264
0.0028682772376465576
0.20242560733694825
0.04781329808051524
0.34462960860429376
0.004231294702027121
0.11719872821546201
0.065336381864731
0.004674352147037733
0.010361543971276338
0.008269295554929524
0.08004181887569606
0.07959164559071051
0.00551883757130569
0.01944490668515327
0.027206560263682303
0.03648236113139445
0.05595426100644302
0.024070820410019986
0.013640062266053512
0.12456161040872725
0.009569672417317392
0.016663875554282438
0.039392814768600494
0.01398377340302398
0.062261535029160035
0.02009346972315605
0.20036274801790152
0.006035685868231143
0.05528200606979111
0.04708795771653506
0.08058011330980211
0.028977731866708337
0.11983068286907193
0.017200538291660676
0.0010844656564073434
0.05973442789554122
0.042732071775171694
0.0056447181137877864
0.006691848107627593
0.13008508968771346
0.015763356887968538
0.07754688903488247
0.16373004160827723
0.029758835417773053
0.011508004806428237
0.0016578012855081624
0.0521100843674614
0.1383256000833196
0.14787153081759033
0.0021799168519887986
0.13934561999399858
0.003174703265041936
0.046401604207374644
0.03511095169266775
0.014301237811045427
0.014621596335268163
0.1282202147309175
0.12745622887149136
0.24103525970752562
0.04673277117132141
0.2855274181735889
0.610126594599827
0.0010265019537874056
0.3192974376731986
0.0752628147564938
0.0010416542864207306
0.0028418565774417075
0.12171516123470334
1.3756105546036792
0.10944526328442292
0.008148227473117138
0.016793728476751514
0.4490287263338533
0.004183386225485098
0.010198227673089848
0.03796203011533234
0.011876810178761832
0.271825619350179
0.1484526493041918
0.0071976557794229965
0.016156479278633496
0.001978050174057846
0.01822828795740234
0.31658700172054627
0.15870861092627156
0.09440253921839473
1.0
0.032008511280323705
0.12263939349767908
0.006918897243976258
0.031183601067466597
0.19507911105139455
0.003518323878739253
0.19467565145391247
0.23447445062797168
0.036727206591725056
0.013699605138177976
0.137691425406852
0.11947767950631129
0.054065614307232106
0.2447938352835331
0.3040666103248943
0.01396905538555423
0.015293716767387087
0.042631046165493514
0.024887922337141027
0.15231761000916508
0.06177451232403959
0.015667673556420653
0.02964594787671709
0.09057054865272318
0.045951956194713234
0.03933342164377121
0.02200675948438548
0.018330488038996246
0.016283520526697612
0.2394057083188251
0.4718862117850881
0.013848029067746013
0.02961414982608389
0.058537152691052634
0.019308276669953835
0.1686931577887663
0.013707667215761573
0.2883785616573675
0.04854914213857271
0.001767018558788179
0.04868003881096611
0.01690535675209689
0.014022790324314093
0.1531993542400042
0.003725180792537632
0.0021422478211300133
0.02339415835984402
0.006023995950547964
0.0017545855578983021
0.048340531534332126
0.03051669920442115
0.026309641033452617
0.09363927180558351
0.06769147901606855
0.021247682770588687
0.01616330537763505
0.05163977662942854
0.011887521770686041
0.5828267787594362
0.012355667572941351
0.11364713361695887
0.26064586909391974
0.009054029166120397
0.1959686943702465
0.3693504532838246
0.016814586361182545
0.002767644442087897
0.029153052096078057
0.035888198247818956
0.027616836642927044
0.04407687572154009
0.10763985062442336
0.23711030256591586
0.015517260884694581
0.01931323729107456
0.20469989516790663
0.00586504490806613
0.10640770339308459
0.048784555094475525
0.12364159324728928
0.003804594699798996
0.12170823298967547
0.05376674252016738
0.006544343863578495
0.14413681692330732
0.176565971662019
0.06172282135510475
0.03882062945124254
0.005948301755813841
0.06431225902539732
0.19733041227182765
0.04379723232564042
0.10346988890284287
0.006349686322688957
0.03998037858233131
0.042898956128672235
0.009479267300807667
0.03025916070880463
0.34479722546622593
0.02550530753691513
0.8164085117200698
0.0028950699437442226
0.009862159246024422
0.0049246397010861845
0.002826591268616312
0.08942628127847699
0.040272886135162944
0.00437310418984228
0.18451482830114757
0.021064220029206517
0.05260878420534433
0.006287747095970396
0.13563811729128475
0.007945741150530716
0.2859283640957882
0.0018047400315843733
0.0606928953468895
0.2662413547295064
0.03291962829145122
0.020015781925285123
0.16324355048876724
0.06440082976133982
0.07815541175950785
0.009380148642845716
0.015054425634460085
0.009313901393219472
0.009279795628298365
0.02875560498495002
0.19627394088685413
0.04624613663088838
0.007123848687964415
0.035041251416611414
0.026421131901629768
0.04564713675372232
0.0073183074282326885
0.04813515263338566
0.38195132140353266
0.016680218300101878
0.49258710949620876
0.060615260374915
0.0687031388715166
0.15776461494882502
0.009966390356853245
0.24189499748515275
0.025019492283428826
0.17043960324742885
0.059403808009725265
0.1215150337809614
0.034868133861173795
