3.0160888711043715e-9
2.753684410642837e-10
1.6198456212052125e-7
3.5363759329902763e-11
1.3928016503632525e-8
1.714691869828063e-10
3.559212817662093e-9
4.382779788767681e-9
2.297403425259133e-9
4.0265782456395573e-10
1.9362720594406585e-10
2.8565042128343284e-11
3.7089355806706626e-11
1.2783333600239084e-9
8.222973514514731e-11
7.231219291234178e-10
2.3671955080666705e-10
1.4813210104376023e-10
7.017561905828003e-11
1.1012932403651899e-10
2.08213583131991e-9
8.427012404140772e-11
1.2081652018854353e-10
7.448921226871216e-11
4.305918610632473e-10
7.051983826434078e-11
2.9994044734544557e-10
1.001591810487561e-6
1.3611987372964412e-10
1.260986701531722e-10
1.093413889784487e-10
1.0852344539788584e-10
1.2255407587849356e-10
1.0024190769154467e-10
1.9027845917227764e-10
2.7090774836226035e-10
2.4902644327374313e-10
1.0796677202427014e-10
2.1813038676019186e-9
2.8706862536981954e-11
1.6588145581943403e-10
1.6486511478761592e-9
2.3813879978379422e-11
3.859057167102974e-11
3.6496967582878264e-11
2.384120510196585e-9
2.4003608929334303e-11
5.280671607608481e-8
4.852940536110967e-9
4.7980624049227544e-11
3.989434129390115e-11
1.8723496788496325e-10
6.465226486506665e-10
8.764053687086255e-11
1.4718372496687407e-9
9.577984893605745e-11
1.047774120176523e-9
7.19335238051052e-9
1.4266687957481652e-10
7.189871644464918e-11
3.360286675811047e-11
1.815127588798563e-8
3.492775846016062e-11
1.2243384781870308e-7
9.792132727038713e-10
1.5893234952952912e-10
5.691617268368011e-10
6.65163308509339e-11
1.883560580038148e-9
7.128740800226401e-9
6.386405885670557e-11
6.387141686747787e-10
6.16855453595519e-9
4.460158515560506e-11
1.253647556391565e-10
4.287175012784629e-11
1.6515768643939083e-8
1.0082413149655825e-10
3.8764822454288133e-10
1.1968221486435173e-9
2.6980018026720786e-8
1.4024774282552019e-10
5.032586125932101e-10
2.442981299251375e-11
3.128286752525644e-11
1.0425270769961442e-7
1.9534477427295128e-9
7.961435650399026e-11
3.787776480209379e-9
6.14378351903067e-10
2.1371519790341435e-10
1.197357638170924e-10
3.562165757287815e-8
1.4152622843659082e-11
1.6314958493845248e-10
1.0398033237112374e-9
3.6324366910722085e-10
1.222144878415332e-10
1.99150423812075e-9
3.1093311075844886e-7
1.0717588453996033e-10
3.4315932673004307e-11
3.079400643668886e-10
8.437115826596379e-10
3.2795557895091095e-10
1.3120371385523045e-10
5.278717425867245e-10
1.9883521362011053e-10
8.578868523884683e-10
1.584469032755661e-10
7.071047737367712e-10
1.0232283619305238e-10
1.123131757011082e-8
3.6698516829673158e-9
6.433393319379257e-9
5.569479921664797e-9
1.1059674483533693e-8
8.225619265303947e-10
1.9470291944309912e-10
5.025654626272819e-11
7.880500818814404e-11
5.831449195835441e-11
8.595570361056595e-11
4.505541968192759e-9
1.1579507185779052e-10
3.7863846195208624e-11
2.1782533957361664e-11
1.224810355581999e-10
6.517579950851878e-10
4.4575635550525194e-11
4.189863847137908e-9
1.1223364236362479e-10
4.08316549521964e-10
9.097269447107643e-9
3.06426851077708e-11
8.651543793987612e-10
2.989425658824072e-11
2.559615608912251e-10
1.7689076582035582e-10
1.6523621549497506e-10
2.798345365096847e-10
4.322411028114356e-11
2.598412149454537e-10
1.2501844116786216e-10
3.9375426566850246e-11
1.837953970776204e-9
3.506016634802646e-10
9.644554826258767e-11
2.56549545992738e-9
2.3259758293512734e-9
4.848480426491007e-6
2.0189093772022012e-10
3.399677292594795e-9
1.3309387405991922e-8
1.3008651649835568e-10
4.0748439691828396e-10
8.607198423906174e-11
8.523371863474699e-8
5.568738118220774e-10
3.037921934874267e-8
1.419308565404683e-9
2.83283039216692e-10
3.255650412621685e-11
1.337528725059362e-10
6.166738741317725e-5
4.4616841066410456e-10
8.190778156072677e-11
2.806852528919728e-10
3.5384072446783794e-11
4.298540177018742e-10
1.1413375796488123e-10
1.4880818431342225e-9
2.5263234920573524e-10
5.150517020403008e-10
2.2352750102168418e-10
4.893719538548032e-9
5.246176821695317e-11
4.714338755473214e-10
2.0016570623223937e-7
2.125399252185793e-6
1.2896436632584473e-10
9.550326742073593e-11
3.67126378049163e-11
6.979517118543242e-10
6.691722691638342e-11
1.4388688666484402e-10
1.2143783607151355e-9
3.8345482656921683e-10
3.535965314518742e-11
3.713435308658767e-11
1.8697945489624266e-9
6.208940733373268e-10
4.6519659348091407e-10
1.9249114318244693e-10
2.7702084427195765e-9
2.4655351750214663e-10
3.733585829667774e-8
5.757129678160981e-10
1.1349786245281472e-10
1.8470285791495405e-7
2.1013539631052242e-8
2.931046666493045e-10
1.2333042872890162e-9
1.453072654111968e-10
1.799823313859896e-11
2.632084440251102e-11
1.603078870936627e-8
6.926384199658629e-10
2.6511533258826407e-11
6.120517107577067e-11
3.96776640203182e-11
3.5386682903798846e-10
4.50078938190059e-11
5.1888482209835265e-11
4.885327206042162e-11
2.25891176737463e-10
4.246351999929531e-10
5.94220493155412e-10
9.558569880085127e-9
1.6398041846874672e-10
2.902295837621391e-10
1.0874560926204277e-10
1.8659414898852453e-10
4.714142198928964e-10
2.5714586995521186e-9
3.422581322268835e-10
1.0697679177395292e-9
6.007997582030034e-11
5.6530951307491394e-11
5.013786041813519e-11
9.140127263925706e-9
5.811838219946888e-11
5.4487771103946634e-11
6.326789812014418e-10
3.3217570653104193e-8
9.62501863579376e-7
1.4390435793356047e-9
1.5826615766467598e-10
2.4945519267601465e-10
3.629656643640568e-8
3.2126426931661035e-10
3.3378187406318935e-11
5.9163096088384365e-9
2.420240049903714e-9
1.3030776582208695e-9
5.21124148451535e-10
1.8177853834815645e-11
6.495819443320019e-11
8.638987842673973e-9
5.3058540114454725e-11
6.206623894801057e-11
1.2105336023237487e-9
2.077550779998862e-8
7.714857193139071e-10
3.8732759269645035e-11
4.443572317599528e-9
2.8820257645435975e-11
2.150896025038405e-9
5.3345998760050995e-11
2.179913634147072e-9
4.010834060759251e-7
3.323215278436104e-11
1.2022532748467664e-10
6.757885657651017e-11
6.270437574585798e-9
7.792119506564006e-10
2.4408252597998623e-10
4.288207312331911e-9
1.797359508090282e-9
6.031173618911594e-11
3.062899360361898e-10
2.352910497352094e-10
8.766894227881329e-10
4.536786730782946e-11
1.2445993058778336e-8
1.4548728746574133e-10
9.985745157632414e-10
1.255507030991794e-9
6.484347173179688e-10
6.164292687591105e-11
1.2248701984794546e-10
1.3671297493495634e-7
1.0999069564256834e-10
1.139289867092399e-10
1.7316431362086616e-10
3.240553142209277e-10
9.4937140552556e-11
1.9737399455838375e-10
4.082303569192445e-9
7.0295567636653844e-9
1.6297522890566622e-11
2.070296943311574e-9
7.473461250026524e-8
1.290976291701834e-10
4.768151705370562e-10
2.0130311966811677e-9
7.919998577848739e-10
3.1172504096706874e-10
4.5731332768903535e-11
3.636947635299461e-10
1.343431785235919e-10
1.552705419538833e-10
8.90098726622619e-11
6.240846063640692e-10
4.215081047820106e-11
5.491882556070981e-9
6.952957341445885e-10
3.07851679745827e-11
3.145980842095512e-11
1.2662059300901027e-10
1.501108940196343e-7
6.847833043252682e-11
6.125543716469543e-11
5.266387756589679e-11
5.033619735099074e-11
3.130496180758751e-10
9.996287605260598e-11
2.662397553391236e-10
3.025827148596021e-11
1.8993198162335266e-9
6.285868035961945e-11
6.219653420338768e-11
1.5661988574297164e-8
3.9873879624783496e-10
1.1759635374433454e-10
4.575366934194219e-8
6.697930194531998e-8
4.379014161855865e-10
4.3565640507392796e-10
1.651837041267667e-9
4.844580750716383e-10
1.9416866311643492e-10
1.4353948525154313e-9
4.141703267242312e-8
2.142041096951553e-7
2.898438972840094e-11
9.263252804462786e-11
7.589651644003011e-11
1.885563181603344e-11
5.440036465902229e-10
5.31537120378069e-10
1.8782489992161062e-10
8.456284509870743e-11
7.069138604422618e-8
1.4150819882742004e-9
3.297272538376552e-10
9.596479918551993e-11
1.0094434823375973e-10
8.192839795031096e-10
1.4667306973037145e-8
1.563699452959206e-10
1.212162366067967e-8
1.1443263250547982e-10
2.2011450615556566e-9
1.6975264253449102e-10
6.283545127224603e-11
6.782081431022059e-10
5.2629744934000175e-11
3.0913421947698536e-10
2.6535864057971522e-11
1.958227908944674e-11
2.564971890810055e-10
4.376415135883142e-11
5.342643347252784e-11
6.161319290774345e-10
1.2325156387631514e-9
3.332173664508812e-11
2.058724079271132e-10
1.7938978592149943e-10
5.091440885069684e-12
3.5407287357462374e-11
3.724774657595645e-11
3.0726641438964645e-10
1.184249468974908e-10
4.824521503954252e-9
7.086753316865177e-11
3.4887060264114406e-9
1.1234157225271126e-10
4.896131357537228e-9
2.750304243405716e-7
1.2687609446450566e-9
4.357402730947195e-10
1.310208328454115e-10
1.1218524285691633e-8
1.5688573970483112e-7
5.843302371311096e-10
4.6835956246769766e-9
4.668021827714966e-11
2.9516014912422934e-10
3.8205068279597535e-11
1.4783684843930874e-9
3.991366165654145e-11
2.553754346946852e-10
1.3453073114738302e-8
1.5259071364294223e-6
4.062199994659329e-10
8.500886795176721e-10
1.1381884071206955e-10
1.3073696507447985e-9
5.236447832124715e-11
1.527681079219152e-10
2.842012501848702e-9
1.1195261397723688e-10
2.1932437256210603e-8
3.4425128946836035e-9
3.0179803382426763e-11
3.7601802296889663e-10
1.2067049819294127e-9
3.2408779681626656e-11
4.968805798066135e-10
2.810472792462244e-10
7.269979236623117e-9
8.869544298877218e-10
8.097552333476362e-10
6.155907547236508e-8
7.228055645584146e-8
1.021446999461327e-9
1.2741621437669654e-10
4.973344704447597e-11
1.4006443420056226e-10
2.2640451100831933e-10
3.7806879865096654e-10
1.0489004482036696e-10
2.3373715447598274e-10
3.1644416400859946e-8
6.987884941635133e-11
1.1516627175143252e-9
1.4890490471724796e-10
2.380653727618934e-9
7.991504817813211e-12
1.0519895786235727e-9
3.4569818108041074e-9
7.344179872851735e-10
7.920973630060044e-11
2.5668505883155117e-11
2.2653293362418217e-10
1.1097604735183835e-9
8.135729738794881e-10
4.8637355391961864e-11
6.614120247144637e-11
1.1830587821539733e-10
1.1700145554265386e-8
8.565343391397344e-11
8.734683804165756e-11
2.3936390789375004e-10
3.83117824862513e-12
4.5955042933796303e-10
1.7860493764693877e-10
6.305215641457611e-11
1.3769956312564847e-9
5.734764590070474e-9
1.0512615922143228e-9
1.8568280915010132e-10
1.3382634359774266e-10
3.4228458171620364e-10
1.488385239824753e-7
3.3506102919582696e-9
5.2313516564499074e-11
1.6675224823692376e-10
1.114074424220403e-8
3.3284917145838494e-9
5.378361722725883e-10
7.880201356102255e-11
2.2931849240895179e-10
8.09276746063087e-10
6.972479133513562e-9
3.5659839753142783e-10
5.756299977678498e-11
1.8368484991276416e-10
6.320130487509615e-9
1.2947902952665979e-8
3.6536932161722596e-11
1.300154646402469e-9
7.233860391422119e-11
9.751442889918345e-11
8.651940577782231e-11
2.2259607480913219e-10
6.40816398449875e-10
2.767970092023481e-10
2.1909717820688682e-8
2.234663652913449e-9
5.406633177628726e-9
7.675510523496263e-11
6.983803983949146e-11
1.587127354577494e-10
4.089104461030156e-9
6.762957152274221e-10
1.1555759134786936e-10
4.2575568432731827e-10
4.236748279543367e-11
2.6470790771178977e-10
6.865273362849299e-10
1.1441677411738917e-10
2.5861664390281795e-8
5.747698430087592e-10
3.346565516815655e-9
4.425940995504225e-12
9.122711392451599e-11
1.1037670682428415e-9
1.619844436525914e-10
2.265975693972435e-10
9.475767439099125e-10
7.871380417866943e-11
8.452115247995714e-12
1.7176271308595292e-10
8.685143051931965e-10
1.488287765753895e-10
1.7862386322903615e-7
5.096903517893755e-8
2.3245250241174313e-10
1.7027407064335294e-10
4.323053308884629e-11
3.584961889407058e-10
1.7679889905438825e-10
2.7066517457386325e-10
2.472206945417543e-11
1.6206165488038192e-10
2.067917491127783e-9
1.1347872413219329e-10
9.198886447640065e-10
1.36346362383397e-10
5.8183316864119055e-11
0.0012611251205254766
8.053062068660823e-9
1.0096709077512182e-10
2.628147290310692e-9
2.7837447904436e-10
4.328496313472637e-10
1.4046158991687853e-10
5.383206559645026e-11
6.744489323684796e-10
7.036595312618986e-10
6.725956627280203e-10
1.4094290386881557e-10
1.1635457512726086e-9
8.918892932364537e-11
4.419811807558421e-11
4.552103945695474e-11
1.2343237922482967e-10
1.7365119207943824e-10
1.267165958578049e-10
1.905085142390986e-8
1.568709717001301e-11
5.1413645523268256e-11
1.2125768396011953e-9
1.2534020472850741e-8
5.833241863463636e-10
2.517921653638338e-11
8.748447465463593e-11
8.177888353448975e-12
1.3067006105344763e-10
3.629225223018742e-11
2.500524185649098e-11
2.0536169622665061e-10
1.1110769804434424e-10
2.300679454398389e-8
6.99393667277547e-10
3.344788928623362e-11
5.15589854593376e-10
1.1974019448224944e-10
2.3116364613570908e-9
3.665170586474386e-11
9.097690290612268e-8
1.7235488011902788e-10
2.9034013236632154e-10
1.0794618509830446e-10
6.543482909394055e-11
1.5194514993823136e-10
7.238977680912387e-10
1.6291959650736617e-9
7.968027116965762e-11
3.002384248760754e-10
1.6688948637136137e-10
3.8001750900018237e-10
4.698502172204086e-11
3.274229205863575e-10
8.955617024598672e-9
1.7811999101296868e-9
6.814605795448687e-11
6.407807648895271e-10
3.358807558374078e-9
1.6401595794608274e-10
8.478160854362554e-8
6.271928971401142e-11
1.7124336123814433e-10
2.9123523270186953e-8
1.891704459979543e-10
5.152094511193269e-9
8.590201829458877e-11
1.4861964704750222e-9
8.183129948054335e-10
1.5126292176735628e-10
3.1905416838986206e-9
5.152263978551551e-10
1.259925940203782e-10
1.3716623155792997e-10
2.5856424140618414e-10
4.184103039043908e-10
1.1908096804991555e-10
6.412917841375045e-11
4.371137533115822e-10
1.6093179004008643e-10
3.381287573006669e-10
4.749054974658135e-10
6.815444975994944e-11
7.517966465555687e-11
1.7458492890312524e-10
1.5843299314986528e-10
4.064994173974706e-12
2.2619573768872936e-10
4.0958638370410894e-9
1.9804696501426857e-7
3.5990789354010546e-9
1.4219221896764578e-10
8.62237585399772e-10
8.890327697866039e-11
3.063667926875165e-11
1.7189713418125058e-8
2.9878896979100235e-10
2.7368214030090204e-10
3.2993162737936277e-10
5.3456523749972173e-11
9.336248732941868e-11
1.7024215715363207e-9
6.797395681279489e-11
2.8275744400360905e-10
7.34531434645096e-10
6.238809914062536e-11
8.734044095728907e-10
3.457084372037013e-10
3.7569220324697653e-11
1.4482328765537604e-10
7.984925346299359e-10
8.521299877064103e-9
6.538662961517665e-9
2.5196050617590657e-10
2.039939922146617e-10
3.612780717291388e-9
1.7995767890969442e-10
4.635792221816277e-10
2.2560887682397238e-5
7.306518505780647e-9
1.9066560403140099e-10
4.656616523090714e-11
1.0371077949059981e-9
3.774710932274158e-11
4.976738211885326e-11
5.34036192999913e-10
9.788847666668497e-10
2.0566605939360614e-10
1.4167951881888064e-8
1.849415167342829e-11
6.971269255947856e-11
2.7433615656091294e-11
4.266409483211943e-10
8.836636532914988e-11
1.0718489876902542e-10
4.459294206917647e-10
1.2920949826525863e-8
1.2133342346550085e-10
4.361038288176748e-11
1.126276765604471e-10
2.4440347949147815e-10
7.226104706639708e-11
1.0794214609350692e-10
5.172762836734302e-11
2.2169813794862626e-8
4.805857979761498e-8
3.753823218735232e-11
5.295528105413734e-11
5.2077128029978e-10
9.39855814734465e-11
7.777977481073232e-11
1.4665320022757393e-8
8.331897111470006e-10
1.7077367443307996e-10
4.636783381314243e-11
9.900916510711275e-11
6.884309391574413e-10
7.835718443135922e-10
5.110462936568584e-10
2.0909026741704544e-10
5.993917407800026e-10
6.46582210532901e-10
2.7411663744420813e-11
1.2548418742311416e-10
5.436798108128596e-10
4.601176013417543e-11
7.474437290220884e-10
1.533297186425688e-10
4.936675010649478e-10
4.3094596074757695e-11
1.2912196246050326e-10
3.836255031123249e-8
1.918216329746683e-10
1.5186308691232176e-9
4.841247754557198e-10
1.9532388886540845e-10
4.66400446092484e-11
2.1391835413854612e-10
1.9204138165101116e-10
2.2134578672201243e-10
5.909150665408206e-9
5.0770392430072e-11
2.1122921997419552e-10
6.324433129014857e-10
2.0134646502332792e-10
8.667965067619233e-11
2.7479351189178156e-11
3.1393602594024996e-11
1.4597777284280138e-8
1.5657330023425956e-9
8.165670857889708e-11
7.352657739785698e-10
2.254792676983571e-10
4.908466150631574e-11
8.995382361146976e-11
1.9019915446772446e-9
1.343356505166433e-8
2.965086086417935e-11
4.4766578085852025e-10
1.1271929584624305e-10
7.545322887738926e-11
6.266583933213511e-10
1.4279050371120536e-10
3.3931816261916725e-11
1.3512116951834623e-10
1.2638184209929065e-9
4.5897995354342355e-11
1.2953776918971042e-9
3.60161917253927e-10
1.7323375000714783e-10
3.1820560452528e-10
9.463115637307982e-11
3.266132059114074e-11
6.27605481782862e-11
6.438126783922275e-10
5.6569439935270227e-11
1.8352989707676135e-10
8.219997238074986e-10
4.717027979993721e-11
9.981542711791796e-11
6.944560456116214e-10
1.4167890183566162e-10
1.4356826254189022e-9
5.51568905911867e-11
1.265823703883126e-10
2.2345567757103024e-8
7.262932596281263e-11
9.204131056804786e-8
1.2509675929507718e-10
6.457989951167686e-10
5.866984068648252e-11
4.4162153194306935e-10
1.926711628793297e-10
3.5521181358648285e-9
4.049900248057924e-11
6.826070097840087e-10
2.3597365496390076e-10
4.027794797720804e-10
1.0346105083047182e-9
8.334878708688655e-11
2.9557083531327666e-10
1.4248321940656094e-9
1.0748150012651088e-10
1.710497156492512e-10
8.545574836414438e-11
5.102667877981688e-11
1.0362442550133982e-10
1.2813184551588814e-6
5.896456356466041e-11
2.5313535349951098e-11
3.2068211480338696e-11
5.403145766797139e-11
6.182285058612065e-10
7.802132614405867e-11
1.580105669853948e-10
1.1904048358700646e-9
1.725971669939473e-10
8.771288957890843e-11
1.301574473253614e-9
6.904513274949444e-9
2.8093287995569206e-10
5.7501498851500776e-11
2.885523209564998e-10
3.055908908702785e-10
1.0618937382363615e-10
2.844851029536855e-9
1.5308285974939374e-10
1.1237029531301768e-9
1.2467919391098801e-10
1.0234321187641679e-10
2.736352251173086e-10
4.6733182589707274e-11
5.233150539154606e-9
1.8423926477778926e-10
1.3851216075216725e-10
2.232371717188206e-11
9.846232107039349e-11
6.204174743333073e-11
2.4177232400303767e-10
5.601801869827152e-10
1.9667602674866416e-9
9.495219465430675e-11
1.262469496419404e-10
9.49959394023024e-11
2.1568728195881645e-9
1.1034478935712177e-10
3.9687221652505174e-10
4.951578214622438e-11
5.959622541938095e-10
5.24166228746767e-10
4.903857913935763e-9
7.204552402571926e-11
9.678797069402503e-11
2.3270240064831084e-9
7.245547703744149e-9
5.3331138010459e-11
5.397081166065649e-11
1.0082426747319916e-10
2.5270705902862137e-7
4.400179861960724e-8
3.62023007776569e-11
1.3613889456583603e-10
1.1400017659223954e-9
4.0154083105337064e-10
7.366494847489597e-10
2.087759627309356e-10
1.4364521337771736e-10
2.6266451785672167e-9
3.0252712936573933e-10
4.751043633478827e-11
2.8916387794549844e-9
7.928250068055029e-10
1.5617106317904222e-10
9.398021991741211e-11
8.41588482886457e-8
1.0782155528475855e-10
3.1030113152202825e-11
2.1450369343574796e-10
1.9230107687579265e-10
1.2023515978584881e-9
3.136294956406908e-11
6.256428916466015e-11
6.595273213495868e-10
2.6657418227380234e-8
6.788767678815233e-11
1.7830470800557036e-9
5.478438775316116e-10
7.004454382483715e-11
8.025343283262648e-7
8.240929786473604e-10
2.2715229965693741e-7
3.5023525478234844e-11
1.253671725443261e-8
2.9381638617165967e-10
5.721145132267714e-10
1.06363740848627e-10
6.734031758357082e-11
5.581951147865602e-10
1.2025780992044373e-10
8.808011973214178e-11
3.9832663789542684e-10
1.0907943093136494e-7
3.013037207180828e-9
1.145126843542545e-10
1.0270843670701707e-10
3.578191017289581e-10
9.387997153938175e-11
1.4294252007925751e-9
1.0620021741460439e-9
2.7574446683376807e-9
2.0515201468894813e-10
9.616781067226242e-10
1.0510211534784973e-10
3.2236911037354097e-10
7.526131250817524e-9
9.979472047749537e-11
3.4622545726103536e-10
1.297759242673736e-9
2.7081707856463753e-9
1.0249803122483754e-9
4.1854556531406606e-10
5.87228372285136e-11
5.791923601581203e-11
4.0974253411329817e-11
1.591254455703264e-10
2.1768674947606675e-8
4.0946913657393027e-10
6.48351634938135e-11
2.382761817286029e-9
2.6441320778738027e-10
3.568058772774576e-10
1.0166531271341959e-10
1.372918699575973e-10
2.6493303283086185e-10
2.7812174121109e-10
6.026061303295954e-10
8.465672977481733e-11
3.34927632466185e-10
1.1210419515653264e-10
1.5577523060566237e-9
3.744093411245024e-11
1.7471596640262718e-9
1.1052089916366662e-9
4.193140438641381e-10
2.4913470568240917e-8
9.465173637221383e-11
8.157295627224001e-11
1.5835185032830472e-10
5.766831631244431e-10
3.800387514548373e-11
2.459631746775707e-9
1.5910203517094377e-10
4.9254955020562786e-9
7.860846584698403e-11
4.409143964441597e-11
4.245174277953141e-10
2.1581392997964312e-10
2.4929819923017303e-11
2.4450981178118925e-11
1.894517776786669e-10
1.0413873179384137e-8
4.229362133095511e-9
9.28779340688192e-9
6.622689011627338e-11
8.80089621357759e-11
1.0644847409846746e-9
1.1694105170509152e-10
9.163836385544537e-10
4.445100667892677e-11
3.38577728557759e-11
8.132238641867509e-10
7.760641597802605e-11
3.22637193639407e-10
3.5134376219758364e-11
5.076111199207831e-10
3.7555510972503583e-10
2.494001009297363e-8
1.151401732806257e-8
1.0212609414040301e-10
2.247505406037044e-11
2.4098744327384276e-10
2.3277191933327569e-10
3.133964533648317e-11
2.149610855442189e-10
8.257697443863162e-10
1.2415164981510672e-10
1.037514922547908e-9
2.6068618829556846e-9
2.5222098307718814e-11
2.973964413605081e-10
5.302674440117312e-11
9.735292819482923e-11
6.608879193269634e-10
5.241503810686556e-10
1.2764843703983393e-10
1.9223090999386776e-10
9.020862147406047e-10
5.7511945937468864e-11
2.0390991107772042e-10
2.6147405768666376e-10
5.86618695836105e-10
3.869959114160877e-9
7.34150055672586e-12
2.1188753591573093e-10
6.856323286312422e-10
1.966340032135855e-7
1.5544589826716183e-8
9.662776523154634e-11
7.195699668588336e-9
1.3388677962682033e-10
6.943073783164804e-11
1.669866307537066e-8
1.3199384800939188e-11
1.74038235897036e-10
1.058708594533467e-9
3.4342803860043563e-9
1.092771341697164e-9
5.132775982074159e-10
6.253108807780523e-10
4.9820676502805533e-11
9.513631650248643e-9
7.347905218265028e-11
1.6573782142609176e-10
1.2068214659637618e-10
3.6223106273323777e-10
3.241958284690921e-11
1.1706873174869763e-10
2.2072075097932208e-10
7.366412747610094e-11
6.713139512275129e-10
5.421379068729582e-11
1.1247788819427554e-9
9.310619428782145e-11
2.98446172405064e-10
5.370086693443106e-9
2.0896332756142538e-10
8.355249077865914e-6
1.3520131787405537e-9
