0.000542355605843633
0.00011423617099262865
0.0035833789510276138
0.0002489968522149016
0.0010785375070351635
0.0003580118390044921
0.0001565137888161277
4.92927293072621e-5
0.00015620862384416477
9.074283675603727e-5
0.00015246544091598922
0.00012999166723881675
5.397685859133579e-5
0.0004632789340335382
0.0008524541887086491
7.930659729541505e-5
5.426479917271622e-5
6.989590426809913e-5
7.759762594659359e-5
9.82498502862122e-5
0.0004382100922179957
0.00010618195347134428
0.00011281508694165086
0.00022491687230667042
0.00012495985717577687
0.00015376604368891686
0.0001191333746973941
6.214204629853903e-5
0.0003377368605727219
7.363968631104709e-5
0.00015035304162453562
0.00047718394734107294
0.00082551899606827
5.7204960456532696e-5
8.972328310611107e-5
7.645488336771681e-5
0.0003144458355413671
0.0001959900519624511
6.275433952315974e-5
0.00010900162441660239
0.000256449513405836
7.65428524451422e-5
0.003913419144673344
5.341480231658281e-5
0.0001702161816470395
0.00015087148798433958
0.00011688864410355762
0.0005010353312907642
0.00011901280877457394
0.0001457544848229254
0.00013444840534839573
0.00010272440322883967
0.00016769685936510864
5.9571412559057984e-5
0.00020374027480778067
0.00021103671775635885
0.00020066052475965315
0.00016901813342398725
0.0001734785109103577
0.00013586181406191624
0.0006134169370082205
0.00010482988862781288
0.00014790904719318423
0.00014629962232365817
0.0002352429261216275
0.00013071880135661764
0.000199576213312947
0.00013259151014190004
0.0005253069078235715
0.00013498204179487807
0.0004024251794817388
0.00013577872766860257
0.00037307433610695963
0.0002216052137959432
9.185075568357385e-5
9.10478074508159e-5
0.00013666502819307071
0.00012859319802354364
0.0007727597177244512
0.00021001489098557832
0.00010385905983650229
0.0008267504688826359
0.0001193825915586378
7.751288717407677e-5
0.00010459439331745793
0.0005267966332096514
0.00016832963312381482
0.0002157669917969307
0.0004824334447566566
0.0002413792371775469
0.00027368497579154956
0.00012454798857733167
0.000337395827781413
0.00021509847918728083
0.0002580203662467232
5.95532596242237e-5
0.00016033660720100084
7.291026443366254e-5
0.00017953017678201924
0.00019320332382546072
6.800527010518985e-5
0.00026379356467576216
0.0002018462924314613
0.00012021213204984691
9.028618938979315e-5
0.0002501984982485745
0.00015801335219693186
0.00038571371352496745
0.003350005351531278
0.0010026945935406833
0.0011568451665975748
0.0002492955596715033
0.00035044703433099637
0.0002815657896764083
0.00048101748821534546
0.00021507749842805045
0.00016555793930777882
0.00011445363493032197
6.421725534163022e-5
0.00010172451243200726
7.545683082187117e-5
7.619014022731449e-5
0.00017470482369711006
0.000307033534447813
0.0001238897335020065
9.669166208852752e-5
0.00040175683614422517
9.000198506344007e-5
0.00033098938865919707
0.00010521812653950597
0.00018639202358362283
0.0004850104688289481
0.0001418282421462418
7.01131307775971e-5
8.652406718568596e-5
0.0004630217346703913
0.00030052354228895216
0.000332879054595061
0.00012319169762431995
0.00020153124973747475
0.00029732121840030237
7.834304166646233e-5
0.00011124255688076572
0.00040743122390787123
5.1791817725317824e-5
0.0003944178584575919
9.835046047606993e-5
6.0877786151352106e-5
8.44691412978762e-5
9.236554183170829e-5
0.00010470603538546539
0.00024913743375632895
0.0007054513385729024
0.0003852625780862138
0.00012666925850063002
0.0006039924916144408
8.566211202039817e-5
7.675544131065472e-5
7.604802438125079e-5
0.0004537346241383866
9.298610232439097e-5
0.0002176733450256387
9.813023493133639e-5
0.00013905608393361942
8.48130457085784e-5
0.00054538479912707
0.00015399464827057938
0.0007235469916051396
0.00012613434626172705
0.00010467636327217113
0.0002393962380784591
0.00013757224703318582
0.0005709845133138456
6.473946350851219e-5
7.690679181713868e-5
5.1562644644261724e-5
0.0002874199530858654
0.0002579955315760156
5.9798060774882576e-5
9.205914511346566e-5
8.99880510392626e-5
7.438863659282632e-5
0.0002470975996143603
0.00016602327624846297
0.00016573993961790234
9.496504599067227e-5
0.00011091252206061503
9.503916482839962e-5
0.0003300705626177602
8.78425236660135e-5
0.00013271225752211824
8.312219771233535e-5
0.0001230347181536578
0.00011818070700974201
0.00016577525552857923
0.00017689838038295198
0.00023917193965490802
0.00024261882685169866
0.0001225685798937018
9.641214242447544e-5
0.00023764087730814126
6.57039606347323e-5
0.000168089101122021
0.00010474804182377138
9.452964877669464e-5
5.398793682501921e-5
0.0004920617913689093
7.056353847717888e-5
0.00010601180056168981
0.0005276396576953831
0.0013659474813463655
0.0007004496098088406
0.00023570872341593745
0.0001425981306298293
8.004965075761849e-5
7.620716938997246e-5
0.00015400231903463834
0.00013959847300011737
0.00020587241833924674
7.536186293887903e-5
0.00023462448736757523
0.00020892801408696913
0.00010877975050283988
0.000326523285856428
0.001438403927035315
0.00013209892455621678
7.97939932582742e-5
7.774925512475679e-5
0.00021079657547972504
0.00014053627339358148
0.00014900308112349378
8.619605206187207e-5
0.0013942007177437925
0.0004462777733745764
0.0001775433914365538
9.45271295321281e-5
0.00043662612418735286
6.709887952609007e-5
6.230045365141646e-5
0.00018782509552165168
0.0006820737591592293
0.00015083387697947898
0.0001390297256337507
0.00017636412691988753
0.00021869258101995032
0.00016969473759715584
0.00020080370181962812
0.00014119519174382838
7.143789311840584e-5
6.232326904979799e-5
8.314564444298207e-5
0.0002487784636078128
0.0002784449666101816
0.000123113015427864
0.0003100840779521467
0.00017989131364447235
0.00010618905641691673
9.778078366446125e-5
0.0001978249506619398
5.437471205370733e-5
0.0001587106079303657
0.0003326632758448216
0.00038511887501929546
0.00034285430841008466
6.94975514024927e-5
0.00017030149832318435
0.0002566825570289679
8.697829247193937e-5
0.00013364629978043386
0.0002611916863766713
0.00011472909814525137
0.0001640830781200422
0.00019268223820083664
0.0003143363881033938
6.698366485432538e-5
0.00023758208164543072
0.00013420231358309177
8.129764336129611e-5
0.00013358981309675403
0.0002592634282315004
9.610419949857135e-5
0.00029374409303589764
8.414770421322276e-5
0.00010386836735236951
0.0003581858714285056
0.00013428367789575417
8.436369208924727e-5
8.454875858525461e-5
0.0008736050769541008
0.00020723178150007046
9.181947869173132e-5
6.377052177058299e-5
0.001014195200710547
8.519729824012311e-5
8.277414666099948e-5
0.0002710140520245368
6.456527884250464e-5
0.0001269755193970498
0.0003777147588808961
0.00018387650247254643
0.00015402989204853524
0.0002249714488735484
0.0003403349577616546
9.121462616004958e-5
0.0002460085789643278
8.017852747683882e-5
0.0012964955273419634
0.0003489611121073286
0.0001003602638264224
5.289731550698583e-5
0.00023651187639711518
0.00011583403544914193
0.00011083349522956634
0.00010968542509500872
8.180671103807695e-5
7.325425739004194e-5
0.00024181767748888462
0.00012634835813673536
0.00014850498105991965
0.0002179773621646293
6.952266053750386e-5
0.00013619881108541278
0.00024971250671726366
9.761634269695882e-5
0.00017916317135622435
6.148334418120313e-5
0.0003571931824053614
0.0001903890702242892
0.0004676911598823293
0.00012048392148935309
0.0001246737979893708
0.0005919197048884688
0.00017007837731799894
0.000928199908075332
0.00011482928026692862
0.000377821248005669
0.00375573246558174
0.0001104702341057332
7.401535632773509e-5
0.0003262264885186036
9.117917289786673e-5
0.00014491976974383142
0.00019705238473201136
0.0001377569161206676
0.00010848811767581336
0.0003212431593815989
0.00048573407306049855
9.853658431493513e-5
0.000181137742970871
0.00027773106035055997
0.00044591569405388214
0.000128794854216742
0.00010149177372591078
0.00013072979580423157
7.582486199401401e-5
0.0001355671651755731
8.028997204126356e-5
0.00016890748452439433
0.00026812638377734046
0.00103739511240963
0.0005086275602061859
0.00010091772913770736
9.742299415496311e-5
0.000599769987607215
0.0011885244407967188
0.000292381448774937
6.935282588590613e-5
6.111131067591958e-5
0.0003556817959976846
0.00010135674606169523
0.0002892299159126655
0.00012925829657513526
9.933699713440288e-5
0.00021526214605112798
0.0004837461133943222
0.000221955943449069
0.0001259979153919356
0.0001535262447910699
0.00017189086733760602
0.0001445141932307367
0.0013339249191078354
0.0001209134674551898
0.0002536710113058559
0.0004455218496762703
7.608122717472915e-5
0.00020107272535606834
0.00038298894944317286
0.00015600145804938348
0.00013829261730068887
0.00041980689682636566
0.0002844652615575861
0.00013315133736980193
0.0009051065186303404
0.0002789243547169672
9.658643154417183e-5
0.0005331900331217209
6.60905804535217e-5
0.00012168352541802823
0.0001660032547131456
0.001021281344773836
8.28057397342578e-5
0.00022510584123369752
0.00035318252675421496
0.00019372415888263463
6.181697853945216e-5
0.00030848241295613224
0.00010976575460534413
0.00022191598050897208
0.0009115839197736448
9.224281013527983e-5
0.00033174586202991163
0.00010392784461152049
0.00035158895208333845
0.00046484573059749854
0.00012672590727642362
0.00026543664607858676
0.0003808463869558834
0.00015279975563749839
0.00032576564031105667
8.053633759480273e-5
0.002556091829889259
0.0027361152363030395
0.00015660317673440473
0.0013352487164209786
0.00011168747926647159
0.000254081551528659
0.0009985899745776176
0.0003231372868188297
7.660310416653961e-5
0.00010858144281572788
0.0005048411201323407
0.0001133900351377849
5.825690094820392e-5
0.00014098005364216457
0.00020251681989565947
0.00012028968140434334
0.0001238505048502577
7.3426862888379e-5
0.00011295072003868186
0.0002644857175041855
0.0001471351554637656
0.0003060378247972731
0.00020099331945743425
0.00013678571766597444
0.0002802033310659864
0.000627495736167257
0.0001237491952687499
0.0003206954739401823
0.00022207747814436226
0.00013780846630811133
0.00012005221810518128
6.762679963227194e-5
0.0011738467808506431
0.00013675200463747093
0.00011109500668967062
0.0008641902406786685
0.0010067509871937695
0.00042796962339567503
0.00044500843175793544
0.00011600043622062303
0.0001027014845769813
0.0001674056111812477
0.0002866207755809381
0.00012630977190711701
0.000141351285364697
0.00018943986669299744
0.0001444786954934678
0.00012402313068876915
0.0004356602365220668
0.0006157744273455018
0.00015896628557455329
7.01741269280709e-5
0.00043554557726575464
0.00029403780675503184
0.00014910962959901856
0.0003095625797250707
0.00025860163788762246
0.00012741724261950427
0.0002989782006646726
8.313005477799956e-5
0.00011865315660589129
0.00017486824280381845
8.082688309755723e-5
0.0001420041040791735
0.0015684908477077975
0.00014153197343105042
6.368534816760476e-5
6.995310598253395e-5
0.00013635727484304623
0.00015766247708436294
0.00036695038075270525
8.705007580463273e-5
0.00022136952213805693
8.348452186170752e-5
0.00032561379145564726
8.764850479070752e-5
7.942601747855704e-5
0.00019426670875699104
0.00023228518471015544
0.00011568053543011377
0.00011035547354486254
0.0004483741409434493
0.000272734274097418
0.0003352160870520115
9.805997753432068e-5
0.00017728941338895397
0.00010411676041017229
0.00010651904670502959
7.515076713843455e-5
9.442581824627035e-5
0.0008979406627911515
0.00040216994782679136
0.0006767796413208372
0.000222965214346004
0.00012112622839318592
0.00024094394777307706
0.0004092792020088035
0.0004547663767511311
9.103542929704241e-5
0.000578519825193184
0.00032542966334893065
0.00026782094984033783
0.00016353493749372776
7.129048241854751e-5
6.359212779714886e-5
0.0001296744022024536
0.000601670844255008
7.660694802413153e-5
7.275585732539094e-5
0.00012515369091276697
0.000291766142794948
0.0001799873229289743
8.910476938168725e-5
0.00015536169403762676
0.00017666923825448698
0.0005012016895269727
0.00012215352245235957
0.0002975198733138444
0.001642947078653618
0.00019698785327411798
0.00013834073339499042
0.00018709122361597149
0.001555219289735507
0.00015697526614212397
0.0008122428221369856
0.00029945502711517893
0.00013823876633843032
0.0001478797588545091
0.00025662920076634525
9.937851904615992e-5
7.034689001173795e-5
6.0705951571199565e-5
0.0001577233099761228
0.0001324499167944375
0.0001290012831919919
0.00044678306172029003
0.0009732118344463924
0.00011763041174025266
0.000103021453097588
0.00020239298302161422
0.0006138202615760844
0.00020944872032729108
0.0008965258549270406
0.0004347307043190116
0.00041743188867163916
0.0003504587418033824
0.00024747720672670744
0.00017667177177104376
7.50639050510051e-5
0.000724474983476191
0.00016946386012406975
0.00012287615919676027
8.457692363511399e-5
6.435918251075889e-5
0.00024093530436122422
0.00012831704446697597
9.82513848184062e-5
0.00015094620057440303
0.00037037505291659644
0.00022899503280402923
5.819093437666917e-5
0.00026010911660227293
0.0001749024778079647
0.0008991153274552425
0.00020318621278046849
0.00020551964058195416
0.0005099303509226925
0.00022636579124911754
0.00017229376557922448
0.0003907866405102037
0.00013467783605698117
0.0001007905240709677
0.0007737309130507055
8.133523488558786e-5
0.0007230723662302237
6.979266451489125e-5
0.0001696245872888626
0.0004173702943230034
0.010137665399795888
0.00018145696017257795
0.00013722889019476833
7.435009237243486e-5
0.00013557094032267875
0.0002152357751182042
0.00025428513707783377
6.495401991744918e-5
0.00010867839605078972
0.00020662310735308377
0.0001457754891411577
0.00013275957581913525
0.0001979613560271197
0.0003297596251288945
0.00013042680305764122
0.00011239020886450224
0.0003441579270297568
0.0001306045028315132
0.00014229782656411294
0.00042904945735986345
0.00016517748200152343
0.00029908127526601005
0.00016722707714361478
0.00026346151337122155
8.667327877070638e-5
0.0001955866940908707
0.00010240623304361215
0.00043126586102681214
8.768740863072567e-5
0.00014124548596480612
9.087302997738892e-5
0.0001938795431351651
5.104741599676862e-5
0.0005093491391264319
0.00026690429934536034
0.00012289428574027518
0.0003885720130957156
0.0001783525989251688
0.00048503081304847345
0.00012700067358604287
8.410061192171563e-5
0.00027429458623424394
0.0001524285224237396
0.00034802772381818117
0.00043462365654204315
0.0006035038133427632
0.00018745943317048308
9.541975534251013e-5
0.00010239746403147754
9.097036174184647e-5
8.103277143414406e-5
9.998646422497271e-5
0.0002421870176021762
0.00042406795365250124
0.00015861501613791078
8.011313880347147e-5
0.00030622751288625507
0.00025002317810464365
0.0002153367477486591
0.00010576751892151034
0.0004589536422031716
0.00010235942028921914
0.00017785159660335797
0.00024417728415920175
0.00011272447827064969
0.0002786990316526753
0.00022642000677818288
0.00027468612430148984
0.0002533573390902133
0.00013484204696019846
0.00039525354445158996
0.00016843183058083696
0.00018021156304853973
6.924241434397548e-5
9.829239327168724e-5
0.00010129302490915912
0.0001744810016792966
0.00047699293986192687
0.0002833884442150766
0.0011260032651731562
0.0002240320734501525
0.00016718197265283474
8.867107837515598e-5
0.00011806819166554526
0.00022180681277639026
0.00020018609993159055
0.0006493718739472956
0.00011431059527216859
9.483507047788646e-5
0.00022100068090768834
0.0001998550488116784
0.0017360248375518491
0.000201082109571805
0.00024194087002573367
9.188849013401282e-5
7.514437010794436e-5
0.0004246751028913819
0.00011065532793218048
0.0001574056293847818
0.00017644178447511852
0.009006590987676777
0.0001451305724016024
8.162755870418456e-5
0.00010375973921384071
0.00020231290198275236
0.00028424179677705505
7.18231052906354e-5
0.00015689985763741403
0.00010176832544727492
0.0004395947160906445
0.00027996088327629276
7.295913192277527e-5
0.00018440234089529353
0.00015726965805556485
8.585247638617482e-5
9.906251461167098e-5
0.005303922178248542
0.00011516882076400687
0.00017674239468050597
7.984923448694782e-5
7.654377464667591e-5
0.00011696292130970773
0.0003539761712656261
0.0005497463805012062
0.00017262791526760022
0.001427417994770543
0.00025037602988570905
4.972421629989594e-5
0.00015669395293377108
0.00018168288813324434
0.00021841961032484163
9.625370522379844e-5
0.00012802394634757184
0.000986949396403231
0.00010505142877387149
0.0001857923539819089
0.0006071743058776303
0.0001501784416227348
0.0006797506781519925
0.00020683886059637274
0.0001116632764279299
0.0003244027647392801
7.172700338631899e-5
8.902150917623953e-5
0.00012909987733630124
0.0006213532028681865
6.548977404278234e-5
9.551331057740279e-5
0.0001544287268768826
0.0002310260998263822
0.00012960673388101723
0.00022050128992574436
0.0002475259616414146
0.00012140988243138426
0.00011521376356585126
0.00016305894460934297
0.0006990895286183762
0.00028695050193054136
0.00010651905834992191
8.60513987894025e-5
0.00010441920887166986
0.00032734190278578323
0.0001364769459140687
7.920934091237965e-5
0.0002442611057071082
0.0004233141428014328
0.0002859278425265744
9.045575891390848e-5
0.0006189658515246146
0.0006771377755055588
7.160618064631283e-5
0.00015085127263411127
0.00010319164591062258
0.00037725139305329623
0.0002455432704556788
8.330592186440624e-5
0.0009267112124089118
0.00022016900117750345
0.0007829369464261802
0.0004445054694592389
0.00014406585444578794
7.191248438368541e-5
7.601106981714106e-5
0.00014223839237697937
0.0004628244478907393
0.00019832139627153314
0.00013911413196720439
0.000615512192817771
6.743122721649062e-5
0.0006846777477628182
0.00018593602329872546
0.0007716839258206019
0.0002757547086985258
7.692397755301829e-5
0.0001888412889702932
0.00026808893375513803
0.00016051850390207624
0.00017044047934394396
0.00016661287154716645
0.0010376011189446642
0.00013111050892521895
0.0001094045522692159
7.734255850150152e-5
5.57922350576925e-5
0.00020440972434724921
7.948264224192405e-5
8.180014752252825e-5
0.0003477509356459311
8.14872017479873e-5
0.0004266551406829499
0.00013959986600871997
0.00030900748154532806
0.00011227372060808586
0.00023595859493341184
0.0001730710601231155
6.855398890060365e-5
0.0001291319702237646
7.692269998208422e-5
0.00016550469918294038
7.582667900174496e-5
0.0001265774397030453
0.002095587953518314
0.00038789248993725616
0.00010919453083106927
0.00012378617022484854
0.0003558564809875769
0.00021370933531961002
9.073450175020606e-5
8.214887442479487e-5
0.00071371128259015
8.590321733611083e-5
0.00022982653221571443
0.0001470516758280959
0.0004118097166961542
0.00020750202785026453
0.00014218675567165482
0.0009685431781416315
0.00013090222319055478
0.0001704683104547677
0.00010541710127629351
9.567087644617524e-5
0.0006127898120048375
0.0001204277605609915
0.00047622532649112606
0.00017942874069745986
0.0004048539852114985
0.00014389641962154445
0.00028306021383942557
0.0001009941288564899
0.00036012534435276975
0.0004402404621191645
0.00010037511821586661
0.00010787137147335289
0.00026978820661697654
0.00010927720451328247
0.0001719454338712396
0.00011187985573732748
0.0007039086989737106
0.00023751916993316091
0.0003621022986494777
0.00014780720504995297
0.000128637325505319
0.00038148903049374424
0.0002498563005689653
0.00012179371207926378
0.0003739517181684771
0.0001963968626571879
0.00019245365391384333
0.00015282210753485547
0.00015126421261839467
0.00040396001068725466
0.00033738164496795864
9.84002441156856e-5
0.0004091745044193836
0.00037338551953768604
6.555011878190079e-5
0.00017467958890045137
0.0001260092223184943
0.00014833686945013672
0.0002091707621115866
0.0010341405082508219
8.42359093172481e-5
0.0005043671091386678
9.963317304960154e-5
8.201473022939727e-5
0.00032097326386097
0.0003491529520785034
0.00011249079487865829
0.0001816073984511691
0.00041456800103604287
8.672849993766725e-5
9.347367250221288e-5
0.00029901486789256
7.819877966836702e-5
0.0011325925143007454
8.914683628920041e-5
0.0001721029704826646
0.00017601834668388587
8.393349422425596e-5
0.00012062378165022192
0.0014230811417711995
0.000269781406778932
0.0004378622901630453
8.211366143680467e-5
0.0004356158398287966
0.00028332621472322334
0.0004920054173355352
0.00021639299210825727
0.00023038799213479267
0.00027130326087169857
0.00014286632297148236
0.011141720851095212
0.00013604521392219788
0.0006993073195077561
5.784904287313911e-5
0.0002236446216276477
0.0002150116069750631
0.00020334070496663852
0.00013776503270267385
0.0007888453806976664
0.00023276011349452548
0.00024669787236763504
0.00011982087891011003
0.0003970442374002525
0.00012134318077478275
0.00011998041484791747
0.000496022609978937
0.0003454041596447471
0.0019808160555694334
0.00010694187774708936
0.00047893712768078676
0.0004739564436623483
0.0001834942426090966
0.00021158522934599193
0.0001838053097183019
9.379860821548585e-5
0.0001993026682233148
0.0001260324499890242
0.00019736611081330353
9.77155357948284e-5
0.00011869547371899115
6.939186113300186e-5
0.00020330244808238344
0.00030534540164888624
0.0004920266695007442
0.000193481796646271
0.0010649819779396858
0.00010288862405767325
0.0005299681954664526
7.957311496581784e-5
0.0001615694888160059
0.00029212634206073724
0.00029353987524631314
9.73348696239668e-5
0.00018119466155925893
7.068531767998114e-5
9.652682901114e-5
0.0003711163697235906
0.00011859281463117578
5.149269601268971e-5
0.00023867312456640435
0.0002902295715844388
0.00010031998817195012
6.94843595492114e-5
0.0004004507278851167
0.000248338109577749
5.684458496036183e-5
0.0003838513119059856
0.0001065317197488263
7.987947287009723e-5
9.560590692637023e-5
0.0002491623191469723
7.671881034475474e-5
0.0002327530457586458
8.802051578927399e-5
0.00015125926676897962
0.000670960062597133
0.0008697045091289496
0.00011665229556026529
0.00020284495132502137
0.00021447976783670354
0.00018486792222091925
8.632787389244482e-5
0.0001422614971341564
0.00027188606322750195
0.0001457564477292491
0.00011288256060406448
4.9446346938418546e-5
0.0003329322689799767
0.0003084589760515957
0.00012045354931878556
8.146476772137886e-5
6.471484874831598e-5
0.00018428036983187478
0.00017906312165488945
0.000568681563532121
0.0001372783074169807
0.00015567895392605473
0.00023368561472327028
0.0002172663552486907
0.00013758102305456152
0.00015621280307920424
