0.0004767414773168254
0.0007982577255433279
0.002382861085236015
0.001424179218927115
0.002687082802697967
0.00038407991006143903
0.003060668934251393
0.001344365637992161
0.003118357879655316
0.0020893667894154476
0.00041792968776692283
0.0005146802434132553
0.006053531970928814
0.0014573727085765676
0.0004704686126781203
0.0004893620556497252
0.0006550785389924796
0.0032392527408612645
0.007177365314850881
0.003778250005048289
0.0007870593120783079
0.001869203766570714
0.001161998626382108
0.0015790460105278464
0.0016963929864511934
0.001179771986696384
0.0008458408059672879
0.002979332142246148
0.004924221814869704
0.0003409897562804545
0.02724915173083869
0.0004619814191863178
0.0003115986839676002
0.0029538530958885855
0.000547098315123406
0.011267525689901355
0.0017285373599410779
0.0008501834027118083
0.03431430464111472
0.003092713917542155
0.001022454621005425
0.0201332492283949
0.008175140978001308
0.0030206807925072755
0.0007167650705442951
0.01056305186233564
0.010336342420227731
0.0030792846348021872
0.011879512228849474
0.0037289210949844587
0.004125025268388856
0.0005241065031476878
0.01246054219099995
0.0015082398632348872
0.0019021114344861532
0.0014996733249001133
0.004527792705304126
0.0011966780844311934
0.006006835281700907
0.0006626268951858358
0.0017946176780712887
0.0007232614112591493
0.001866319218902276
0.001481588790036663
0.0005087079265588367
0.0012000082797068623
0.0007192979554939949
0.0003190904083746818
0.0011776363094133538
0.0019545972651687994
0.0016408497118241335
0.0017394518683203014
0.001107539999060033
0.0030572411682847555
0.0010143438651998241
0.0035651064635619885
0.0004399231708322264
0.007825685149318235
0.013537869374989322
0.00740296603644881
0.0005704030085486348
0.0005521242497667868
0.006639235083006157
0.0018138411610325097
0.0037099004007581002
0.0002742548706144709
0.0006747552625400279
0.0006291678651203961
0.000768323686432406
0.0003535374652383193
0.00043108796576748804
0.0005811573301775295
0.0004887604387279789
0.0013031837490329423
0.0004452813357814385
0.0006922657252311418
0.0020469194071100092
0.0006254417120148546
0.0005516137588058835
0.0005221740214186974
0.001574365133561774
0.002137633213094103
0.0010447211050707706
0.0005627731959551535
0.000629227503473423
0.0011107372952310597
0.004026494311737226
0.0003361713204888288
0.000564830244012848
0.00041690323386217435
0.0009207830256363988
0.0012018090504409445
0.0007492101642901003
0.0006157915106063436
0.002040985425459266
0.060879098931983254
0.0010628943364825076
0.0014814431029006778
0.0013270097330315238
0.0024645604837887423
0.0012067443702046174
0.0031839224541886126
0.0018681821146377103
0.0012023676223507321
0.00196320636319393
0.018892773356048456
0.0008479543840295935
0.02035758528790279
0.002235005435535049
0.0011181775175704957
0.0012372905059803373
0.0004557178462896477
0.0010669532039229033
0.003010034233569593
0.002669163169066643
0.0010471007239156336
0.0018524798877566637
0.0006177943373951539
0.0020890490085516554
0.010146965367592475
0.0017471807930496677
0.006730944277192434
0.0008659445544955288
0.0008676325757874784
0.00033807456892538716
0.0058470164248586995
0.0030124790512413985
0.0019568450539872244
0.003135815950367526
0.0015341281568565853
0.00133033562995986
0.0034897734428795
0.00030004749540831323
0.000935364089270195
0.003284174561044322
0.0008799124132422434
0.0011822774011755596
0.007502647869856926
0.0029760460138329773
0.0012290671629631468
0.0023191131461657516
0.0004499873959055681
0.0013102042474943767
0.001778844392225395
0.0007215483045561507
0.000444490572261397
0.00032061061296830847
0.000472824473213165
0.0013881524478992586
0.0011488380023982113
0.0007909451483567491
0.009358039732008668
0.0016622923632722277
0.002778094208201926
0.0010734916427496018
0.0010906428376117713
0.00760888352181285
0.0025273796551299123
0.0028657148387373336
0.008782620900927511
0.005730240907429548
0.001320303983418753
0.005191318441615734
0.0012565368130433765
0.0005680519532397051
0.0014008633936222917
0.0011165405083530075
0.004536606380699739
0.0007802637898263482
0.0009700503908884109
0.002881219742080666
0.0003089920325806676
0.001366739075103535
0.0018998404005178184
0.0035876642185182855
0.0009271486525060009
0.0007175657061952352
0.00330797673624205
0.0005078516611145367
0.0008642350712284064
0.0007497149903333762
0.00109071256728932
0.0016124417665915212
0.002748151764172734
0.0010970410824931189
0.0021426240737605256
0.0003747599810318715
0.0007496560996779808
0.008282532116199767
0.0005627286817387063
0.0060777478388495875
0.003711614627641555
0.001077011965011055
0.0005152169562198963
0.0009009781973534817
0.0008186307252025027
0.0004856854693933105
0.0004533915450311474
0.0016807707867409487
0.0010079712951231536
0.00048312040652684124
0.003136423560000496
0.0007687704265271277
0.0015634349499252505
0.0010503373855371165
0.0014029901326685018
0.0003201836915701181
0.004744815258511685
0.0004148309456928417
0.0020078570932948107
0.0007586121629230447
0.0018118755144025628
0.0004484509244188113
0.0004949508296376775
0.0006468681815519787
0.0012702930032402373
0.0025527594285844513
0.0021513302921554443
0.00410017110375641
0.00043216487662844303
0.007537808547994007
0.0010857364299317058
0.002385083818194365
0.0009261747342936927
0.0004980566613037398
0.0005273192328401303
0.002981367800039712
0.0010778712688502478
0.0043825069687444705
0.0009849517421261372
0.0004888768866709844
0.0070282803250721095
0.0017628798611649982
0.0008480182951617431
0.001865016564758108
0.0051862051844422255
0.00220971189316197
0.0004944498500141476
0.008431279147341191
0.013629330509918257
0.0007064215866970872
0.001685829670578744
0.0015831309534791703
0.008220072164770371
0.0005112339423133452
0.0011795898292496492
0.0004942151745336062
0.00569658003786468
0.00039460624999826263
0.0007851709806419013
0.0008590634472587927
0.01968341352992244
0.0018729969473685046
0.0008484939156968181
0.0013177333363016057
0.0004368896476065449
0.001120477882811843
0.0011705151899590483
0.008362522723009658
0.0003518783204255616
0.0018036006086125133
0.0004781456338117982
0.0009396325315067817
0.0010092468155144308
0.003949465340827182
0.000819721408096039
0.000814290704393881
0.008255345194229394
0.0012244615549870047
0.000882949668738571
0.0025311132320390015
0.04381905222023579
0.0007143283396143062
0.001068355027634636
0.00044433468105240854
0.0034766200310338245
0.004279716114959872
0.002198027497890483
0.0008971685977956205
0.00046635071651647124
0.002372212942562376
0.001778714420866886
0.00037956884107090416
0.0014526286851131085
0.0013357729955996505
0.0006317479293735935
0.0026704714873788944
0.002356255831931106
0.0010012429764843342
0.0005716337630366072
0.00801397273156327
0.0012664809315850094
0.0018177822330067424
0.0007480611812357564
0.004138560156481809
0.0019580099560771304
0.0010087050174795407
0.00151265449849368
0.00042703604134471004
0.00038331221241691925
0.000831560967979415
0.0010836406610956297
0.0015675850526791569
0.004704949202730984
0.002028131072680016
0.0007862701058528671
0.000782973844769508
0.005802517795346448
0.006214655422372002
0.0004745419177139619
0.000530152514687415
0.023355400567096802
0.0010392551403392636
0.0067348725768823624
0.0007890606991652825
0.0019828967987039286
0.005016004512569976
0.005584561972587097
0.001503366474452335
0.0011250104793687976
0.02875792313638277
0.00034120455385937954
0.0017254175572357225
0.002033277907636073
0.0008546766251308259
0.0005633050639903731
0.00031583814917328444
0.001848344168879975
0.0004513257228565002
0.000464748411019614
0.002881876679427752
0.041257418663335856
0.0006886055871996511
0.0005472203090625203
0.0009620954126339149
0.0008145134843830328
0.000376800929319308
0.0018453545766814819
0.01708906328366616
0.000739404402944476
0.0037731394218783313
0.0009523134749160315
0.0014463151027891013
0.00475280841046621
0.00040048397422733935
0.0014882322365299594
0.0012446334528289753
0.0004723608695972805
0.0025432800673856944
0.004587848952576419
0.00042506071172775524
0.0009367727232607156
0.0010528805363895076
0.0005721186313556412
0.0005071839024863678
0.005150834506653371
0.004842391189752198
0.015381603809976375
0.001070098388214716
0.000974015932368586
0.002559439201579828
0.002487888380876116
0.019222648935662005
0.0009492361986750378
0.003040001909813908
0.004933636799737999
0.0011983342453941413
0.0007562705551524031
0.001297760988155812
0.000573146727542969
0.0003793162823764694
0.0010012862541624145
0.0035829549905482027
0.0004690787199497863
0.0012508590690710132
0.0008967797987094736
0.014630920816344626
0.017611087414761972
0.0008657389845705728
0.0007647298956824127
0.0005156957254420323
0.0005191978664889131
0.00270457525564534
0.000788158693806784
0.0006865462918008645
0.0007291103995730478
0.004216085913659276
0.0006032770606209067
0.001250684317516431
0.0019277031622242974
0.00490516002671033
0.0011238237015831153
0.004163044349749838
0.008463051956746624
0.0007870567165655632
0.0008054056748534919
0.002936047323837754
0.0012912224983820523
0.003296438258803527
0.0014043271930587577
0.0038400292215928647
0.002173611853089292
0.0005311963114788958
0.0010417332882266188
0.003243505094754419
0.004658511348887439
0.007101441127419342
0.0009477610327303724
0.003775564375639719
0.0010404219759845644
0.0006055581758928054
0.009743379812325143
0.0034674231987300444
0.0008201118997826186
0.0006913351275122572
0.0007343181167877419
0.0011100143679910188
0.0063717678091320075
0.0006110622060530709
0.006938820766268903
0.0007817264821613198
0.0008978807421198796
0.01148655892511504
0.0008382438476500113
0.001884686842266149
0.004047514668301587
0.001403438678431145
0.0016166703704226751
0.002343720839932956
0.0033337327986496246
0.006138379593691934
0.06538565353068936
0.0028658309034261995
0.002193880818624721
0.0004603360285208217
0.0013726134209221775
0.0005551448386454279
0.0022182751702246734
0.001474871170296247
0.001682608481871879
0.002755227899111939
0.0010260725330447687
0.002189719431366426
0.005433377872419944
0.0003785045703459458
0.0006960331532600679
0.11245281191742673
0.0006061723290140101
0.0016909006642074277
0.0006182765012929449
0.000492861342015604
0.004226967509953862
0.0023058024807257656
0.005104582471940919
0.0017031111790386459
0.002050733600538104
0.0019300347785333345
0.0005085609549643159
0.0014608020587276802
0.002744327190123188
0.0011081843161862815
0.002611543763388758
0.006127636836988908
0.0010654377734025907
0.0006588944572350409
0.0009821096311437196
0.026945776134297373
0.0003344336112443322
0.006075288385621146
0.00040251220045165327
0.0007203173643222966
0.0005250288455469867
0.004663830917434134
0.0029774087331453833
0.0008498677886737929
0.0020826550741764307
0.0025037511585916795
0.0019466180988399848
0.001187615010462713
0.000522563844142595
0.002467700104643096
0.0006843713957691603
0.001162959456323994
0.005567227683874302
0.02954154406337964
0.000324286214543093
0.0004666736122889259
0.0012644744797710287
0.0004457821502886082
0.0015811434720688785
0.0029767233002719324
0.0018628991377206635
0.009330718553744592
0.0009286929892492484
0.0032933016587638935
0.0007673887072784002
0.004820583101065793
0.0014003855704562839
0.0020159564846650366
0.0014526070965569517
0.0006057779351630436
0.0007688887612713326
0.0011327711680350879
0.0012224741173073152
0.0013416721511777308
0.0005336057118038052
0.001231432007995199
0.0015385716955142732
0.0003865992817809112
0.0006159712785789195
0.012162278569096756
0.000576854200626098
0.0023659864022091974
0.0014646840488564768
0.001208800091936523
0.0063032942753475305
0.0006282059629351489
0.0005167713356199585
0.001419536261002179
0.023852268792825013
0.0007073632082290137
0.0008850201916563849
0.01371541920549818
0.0009537990544280261
0.000574102082958245
0.0014698902372418503
0.0004529955387580282
0.00045623896966074745
0.0018964749444521584
0.0007891241099836355
0.0018789630798729424
0.0010301311377710616
0.0007548878261884809
0.0006426258255617111
0.0004090211780275891
0.005345026097962193
0.0005858914291815578
0.00482032950190336
0.0040041884743767745
0.0018330917441836362
0.0024505158407065516
0.00045789967910306203
0.0005358732645440711
0.0011924777894317998
0.02566683218715292
0.002977414932232921
0.0010685428051223631
0.0014206117176128804
0.0026477400489246855
0.0007910595972353198
0.002350002422643776
0.0007359508380625604
0.002103135171115679
0.0013789856156953956
0.004182579260993548
0.0006443981729345586
0.002015894369333096
0.0003381235690735515
0.0011418433828915624
0.0014516578475089177
0.008863619472095165
0.002004603685729528
0.001999562220425348
0.003214297005385199
0.0020054738708694285
0.0007668101342283737
0.014923351091356264
0.0005724386044249347
0.012511137495822847
0.0007419526436856466
0.0003645171683502388
0.0011081614658834226
0.0020676167408284225
0.0004258478315828873
0.002822661505175265
0.0019626613492026335
0.003480064531078852
0.008002838298651721
0.014637839771655487
0.0004669674450088039
0.0012131905708371736
0.0038195426698166774
0.00035978518642381855
0.002680195410139108
0.0022814153355830203
0.004237095705629686
0.003718165965587955
0.0004287215441349883
0.0021680125917721443
0.0004850314281076385
0.004425609039737415
0.0006708279405282037
0.001822869523549269
0.0008033712506196187
0.012078446694780988
0.0009771708898902002
0.0008039651391102822
0.011646579641348484
0.006425141577597736
0.007911184223816887
0.0033671161794839133
0.0008187324118592181
0.001322812179283238
0.00111687295957954
0.0030566227545271744
0.0026519967024971566
0.0020421042725373034
0.0012344398809189382
0.005091974619917975
0.0011309015126167046
0.0019679211160783844
0.004439972605681184
0.010864148093660538
0.0070453718318302504
0.0012132887625694983
0.0014566017883485272
0.013141959773494569
0.0021132553440357574
0.005939344233524163
0.004561754538314935
0.0006969418678554658
0.002571637798692675
0.0009956060906969539
0.012808875373540671
0.004236894246832422
0.0008070844251568275
0.0008007302753625327
0.00046827363870479864
0.006228997115970826
0.003922264792346094
0.00038544962574008285
0.004843724619817069
0.003179039638668717
0.00029344456052908833
0.0006078237871575305
0.0007775189232548628
0.011242496814262752
0.006425813290300296
0.0008727374913439505
0.001057562900659378
0.0003427042030654877
0.0026558908732928544
0.0007506802284180242
0.002540420398223406
0.001760849866218682
0.0006944661500506312
0.0007400149534944424
0.005581179591902602
0.0003929584461358405
0.0005456551358659832
0.0006092240567072326
0.0023547252347315343
0.0014883133007225924
0.0004462945726142546
0.0013641398741970573
0.0014930366972892985
0.001896652996689637
0.001885892891854566
0.011372309052789256
0.0027352388815545343
0.0016490023007269799
0.0018132689477848608
0.0017616154147554297
0.0009305533632183953
0.0009058700964729421
0.0033103829303975695
0.00035410234108887364
0.00029309702816658525
0.000617378910347776
0.0009443347722044346
0.0006920295621209154
0.0015239627714207298
0.002255483355595269
0.003299726831855857
0.0020085395628757787
0.0006008134268930376
0.00039552519173727507
0.0007540101099124793
0.012228784546831245
0.002924645992448286
0.0027511419674997404
0.014969033258518798
0.0007033285695571913
0.0010846622280661223
0.0011106636394946738
0.0019672276873728767
0.001039884915516259
0.0009181356774864282
0.0010199433148458472
0.0019642643189291516
0.00041556856324921816
0.0016352198117101126
0.0018351856503115778
0.0013795799430556593
0.0007280083811030288
0.013118715084311892
0.0019373943556287624
0.0008604155594703204
0.013621075384090622
0.0013852499811026302
0.003162166717849953
0.0009473244718090697
0.002104625420963735
0.0004234647629888252
0.0023562141018216042
0.002487672438598805
0.0008904631156430728
0.011293172339913829
0.0014417491125194755
0.0013283629289249233
0.0014540811996398598
0.0010165556414529846
0.0011650436119815368
0.0002768798424832526
0.0006590822701312288
0.002165387667059103
0.0005883925679452225
0.0016148855536333362
0.003973272208303767
0.0009483399579007847
0.000815570347024041
0.0009006201279077639
0.002705696796337232
0.0038731112858154866
0.0011726369094057004
0.0016877472930641063
0.0007020929780617718
0.0005532272392714584
0.005664078312253376
0.00037949048544439384
0.0017964252077402713
0.00079658486118807
0.0015418085291256
0.004211167595684466
0.0036356145484044587
0.0006305202907840835
0.001343902790501844
0.03472909792315986
0.0019094708617993642
0.0008319136720478428
0.0006760227145085097
0.0008484111517131185
0.0018592272686102152
0.001061990694545921
0.0005289481204320621
0.0006081635528463525
0.006487999646927864
0.004674202005397774
0.004390620111657057
0.002191062506625082
0.0010130508725736947
0.0012797373839857466
0.0017784895014399545
0.0010556487103305953
0.0007906435686012774
0.0006491875997190145
0.000873033375065479
0.0014763707171784165
0.007233822311698615
0.00175381745016184
0.0048788432547070895
0.014682208701345947
0.0009898941685508728
0.0011816564754379775
0.0013085891487756005
0.0015417984711220594
0.0008270566026591215
0.0040018894212263244
0.0007751407073453391
0.0007730062172910028
0.0006022760198672793
0.003621070085997621
0.0007425242496500646
0.005679180022834549
0.001264846103517257
0.002604907795642394
0.0013759116818866744
0.00026751706069695847
0.007470602218650455
0.0028086225595176676
0.0016686283552904493
0.0022644074058745496
0.0015951678721235765
0.002390814404561618
0.0005234629697616869
0.0020309721827551945
0.0015776178957989122
0.0004520194232683024
0.0006182349409075928
0.002917108023745176
0.0004887823509508439
0.0005410365210609219
0.0004157626576248734
0.00887873045503462
0.0008349433334406895
0.003426974719085553
0.0005402455779717071
0.0019115959267495552
0.0006313049176138369
0.0014124428561991013
0.005471942150253941
0.0006856692820105846
0.0013789194182038172
0.001810129878049706
0.001184223844084871
0.011642219606715618
0.0008814689388220317
0.003204327083378186
0.0031088170071228364
0.0009902390356312293
0.0007650064448182082
0.0013334863417285286
0.006281615410522939
0.0016600024757125202
0.00045002377873409465
0.0013567052549721627
0.001020301627617353
0.013440796451299067
0.0014488694763508756
0.002062336251156424
0.0008685252164407355
0.006559395384754846
0.00236091319594452
0.0030365945035669686
0.0009483505557430341
0.0020592509491752673
0.0023653914031484115
0.002064130830323951
0.002084584032068639
0.001346066875363596
0.0009402556577500072
0.008580348871239474
0.0009686877094167623
0.002309169443331354
0.0017162808231574417
0.001171784343011377
0.0014552792549622328
0.0010356241815666538
0.0022369197681915806
0.0022815014782311084
0.00046718375459822795
0.0008181782030482459
0.0006469718500673109
0.0008102917644475035
0.0011527420541280423
0.012133719238628686
0.000697117948739629
0.019691717613393066
0.0013669921011181384
0.0005443564741133852
0.00043435193826676683
0.0006279256841419971
0.0026212753066695003
0.0008866495757316818
0.0022848818839392945
0.0009479113224164129
0.0005424432470662763
0.0014973416855738244
0.005229362906678876
0.008609873875339649
0.00029604341827088083
0.0015181050914083946
0.0005998578150548042
0.0015442978013761523
0.0010795270194704951
0.0005511437912491016
0.0015618845747947274
0.0005089136936458444
0.018771770606065153
0.00580380098918761
0.0012093643238176269
0.0005042590733852664
0.0024281475214897033
0.0004887265570860535
0.00514728650844169
0.010887052676318837
0.0018002374446182475
0.0041015590295946395
0.0007121551334756004
0.000537833006099828
0.0008784285121726709
0.0033606219817120695
0.0006691324701334108
0.0005038986760422235
0.004700634260826712
0.000703986566097386
0.001132911700983004
0.0006247588035492328
0.0021616395828478402
0.0017177071318115237
0.0017401054038369652
0.0020368198093822522
0.001166453012564537
0.0064065397625403635
0.009184146330856194
0.0017919920790588609
0.002065449189208228
0.0012683949150699922
0.0006663845013581912
0.0008846768220418648
0.0034980917946830854
0.0020327558399900175
0.0016964751556230377
0.000677174071247352
0.005425585178528139
0.001001255576519158
0.0012283144269055006
0.01078788423700963
0.001893278469700758
0.001762111212483512
0.001692832312201929
0.0007178071284447593
0.0007463988343267531
0.007625982585343195
0.007277859303742386
0.005920493440280035
0.0005782807445106306
0.001630568463259968
0.0006199495456714556
0.0033339544190695864
0.0004201351147713419
0.004000711883384764
0.0003194590164779715
0.007182432300035231
0.0010353010925391428
0.0013536686927522348
0.001758242996208786
0.000764420477630228
0.00464167022507491
0.00032333388394405123
0.0025896534289090887
0.001718687382855432
0.0038445222088580666
0.0006204114926647067
0.00061460131904059
0.0005701834380392146
0.006362381375970342
0.0006663174925782168
0.001177326633965635
0.0013786827704760074
0.0015643300926135835
0.0018124414818279648
0.00408313704668461
0.0019747581558077153
0.01877529767155844
0.0008073024388317215
0.0023523208673524943
0.011832852979099051
0.0005356424701753156
0.0020100239960869465
0.0006637049252981899
0.0007685077537050583
0.001840272229188137
0.001320169123572474
0.005559898566474997
0.005814202377621778
0.007821271114010462
0.0009269174148284258
0.00039584212257865424
0.001128505265112081
0.0005239930522852537
0.0006119648543741407
0.0005602898877379105
0.0011031977040933038
0.00698634106915359
0.0007338071528403532
0.0017856563714790073
0.002185162033022675
0.006360646354372352
0.0008089996624308205
0.0014639633803608036
0.002080633244798759
0.04333109230308514
0.0009350606910719226
0.001352293754756587
0.000307413430333409
0.0008357823488239562
0.0005211256403689217
0.0010237437708801875
0.0005918177386849982
