0.19801099743306314
0.26360518692747265
0.431692907220263
0.19872388691736292
0.7490752269184029
0.478254124296028
0.12136764796768641
0.21993930439043907
0.006574477730462861
0.09995435633120311
0.7125942214087555
0.03915073381201502
0.20523435521674643
0.41952626982456215
0.4881103301624223
0.3152890043852758
0.661890158694841
1.3579739942635713
0.02962622280014634
0.07591531802330914
0.09170078421550228
0.2634776286045408
0.01773031443744036
0.07591842887283148
0.6139986192679425
0.04097392667130273
0.42752790740906105
0.06841727889744291
0.41270633182897765
0.1995277283649498
1.2099195058288335
0.19359633937155202
0.31804277427552946
0.021362911124146865
0.05669231164255811
0.21257491320260757
0.0655295958763262
0.0539094519335895
0.0296180346224092
0.11788120100809955
0.061582509845262534
0.12447831857065789
0.02354245032971822
0.008764630856610839
0.1017569574250149
0.680016499407454
0.024004684714520306
0.09593454192633444
0.8997939788744896
0.02876385268656684
0.05843006114607896
0.08719504404232722
0.09379289133825083
0.08425078117504975
0.2559603951467753
0.007320790150544606
0.2490808604459083
0.6481706779575505
1.5064960716879843
0.09037950133700003
0.11649614313968353
0.13296435815705712
0.2455443769662765
0.4346407928558312
0.048593373553519316
1.7758502129258837
0.26850260317915936
0.9956571426887982
0.12284520148596932
0.026276807295219532
0.1337519565223484
0.04437829683701777
0.011115943181983709
0.5603029434187238
0.02237474090640918
0.3513460023573791
0.023292069618804163
0.23978061102964904
0.4375440788425427
0.09710344788991984
0.018668047619216595
0.6180310085779871
0.06080324700554366
0.09179147388344111
0.018104741588310987
0.225846798781358
0.0371391253035338
0.09601426791832433
0.010924598759430582
0.12910934973986057
0.012125917161429673
0.02835671080840586
0.047757578181315714
0.11584646326263569
0.6360433411882407
0.02512266758533359
0.026221218202423693
0.035446917049700315
0.7965351579094957
0.3340446496155652
0.08291842800899694
0.009370007716581296
0.6759424639770556
0.004843170417643556
0.8222605728169707
0.04404854459144723
0.09314367223490652
0.47532592772241833
0.5455186899229005
0.4459865226058987
0.8502828118075765
0.42060294463985937
0.04409049181238379
0.35254991528154955
0.3073013101568447
0.07295330108931218
0.04147027665851339
0.02552235791376678
0.0015877187703330143
0.08733978608305419
0.00935171139260804
0.27090297922702505
0.017453714761027573
0.030353079614263343
0.11893096468837573
0.016029284753326378
1.9236035691302409
0.011665005043459147
0.03226599452601078
0.11043502779601068
0.035628729293345554
1.9184456012970146
0.008232404337939548
4.436271335315697
0.024778396336713648
0.37086159721662065
0.253571152423165
1.2239679019250966
0.07337108522138942
0.04227966172778402
0.008882235036523526
0.13024900865916245
0.00919992953304387
0.3651030545770526
0.02202041971526905
0.011594548000573798
0.00782151812025797
0.47243136897660254
0.0168474069391472
0.00816493856793398
0.04070139635439243
0.8130592861731518
0.4352001045897301
0.007391096881215051
1.0388608415486575
0.005820827588323724
0.0567817813586967
0.07308128486212742
0.007380200756066037
0.13532530167736423
0.17998318896143697
0.1591732185587709
0.6562917038792796
0.36889182372932167
0.03168649671065316
0.012634902545011989
0.11825502054710146
0.12854436576489237
0.03151122834862349
0.016642049861468663
0.1582047518680643
0.002623131454457318
0.08404223352553683
0.004346380214018832
0.10508537596407798
0.20705047690284073
0.36714682655479064
1.1977604499435837
0.0638490439642693
0.08146587034540619
0.4717529068825884
0.23744620949370548
0.6326851672507039
0.07541185442121215
1.2707676290855905
0.002656697066706158
0.032947192695371025
0.10163300156001855
0.1550016364686379
0.0076949837639543
1.0
0.5119512674389237
0.07843603311424066
0.04984285361255476
0.012497749028974056
0.8975380731679296
0.012874747359714615
0.5515013596791506
1.6747654321791872
0.8020445351689762
0.33045860584548176
0.5477861007261291
0.059189045122578096
0.07555967000573546
0.0021411755224225847
0.11810394965202262
0.004757833304924572
0.003112404705884719
0.14021581472681785
0.013018618818890106
1.9522702286109714
0.0066633766038821
2.6154160641221043
0.011251964705987653
0.1511171481419354
2.3818199681404133
0.05057504771511934
0.010452485574015673
0.04711052560984842
0.08067383676854564
0.03290083487474089
0.015482838268619762
0.2640578503803536
0.011096161845592077
0.41579279159163834
0.03575519788182879
0.21910895421598373
0.3450102431757489
0.13468356749225116
0.17083181990519056
0.04424985719041949
0.2955253598849855
0.22503753709577876
0.11490105110594699
0.024021381050643893
0.07523917963593522
0.022226327923658216
0.03583645737647327
0.01623421676512013
0.053616664973847275
0.05686038263270427
0.10511450290384931
0.3045829735927547
0.02689164658918718
0.055625576483906584
2.1534191903007898
0.05519010760929626
0.005078827974109596
0.055863184863192306
0.019397620004218633
0.15211158842215464
0.025831968604358064
0.0424585192827139
0.07270994594942982
0.1017522315811926
0.04822421757029749
0.3346897869062738
0.0003492078768647094
0.1592930302565705
0.02878073378777513
0.0004883751800479451
0.43171285766193335
0.47055238190559917
0.1271578204491301
0.13329371588144262
0.20902652412718709
0.06471627466349356
0.036061061904165054
0.03804392467796241
0.9165129502093775
0.018765809397179072
0.093375135545818
0.21008915764656144
0.0504754508229751
0.01929420021023506
0.05925841910597851
0.2542434765416883
0.17934891832390817
0.12392141871581755
0.14094248408551
0.36395106839201236
0.01754978241234209
0.3896039434167907
0.0124983577011472
0.0364446818815119
0.18075274514663714
1.4220856875391095
0.07173336007612623
0.009315409050946369
0.7711747033065685
2.2597698921621205
0.2553136083896929
0.19420298266253885
0.16705323581303694
0.635593288023877
0.05753850986108703
0.025178555844199688
0.05514705312791764
0.06408783531827039
0.059228935411785456
0.0026973026378734025
0.000701261781936935
0.012469385889119574
1.1668121001045062
0.007255495293503266
0.0027104049876354587
0.00659067151252564
0.054392872660707116
0.13525395151075068
0.7754564986026052
0.07827789264356227
0.6799058680536298
0.17041338553702162
0.676865387103862
0.024604895431974524
0.10969924845127516
0.03737648906296862
2.1668974974493693
0.024535222078528623
0.2076106546196136
0.030978984790366638
1.4230579238492322
0.031210889151510133
0.00709872245922592
0.030960049104861092
0.23923131295849567
0.11371965378792988
0.017169568881882518
0.349092188486862
0.007012865834610628
0.046243029882728055
0.42055680453612165
0.1705652775948796
0.23224017155410406
0.032863072395073634
0.0020850239442207564
0.014986998245226955
0.16894560786433166
0.005347339909109593
0.04478148900884519
0.5088824850250334
0.05567631235393469
0.024839970020482452
0.08809193103643384
0.00860823657045511
0.07618609803336271
0.36683992059738996
0.004348365333972122
0.401651474841179
0.06057972129599516
0.8678406881946958
0.27657499886270265
0.01360575417068536
0.03148856604009167
0.47394147439216855
0.03449871625334665
0.0866167496684556
0.006628050586848501
0.10456935256115528
0.07044361493523532
0.014040608223256576
0.013845691072774988
0.021250729108640953
0.035358018396075115
0.16830033473980097
0.02250062646579201
0.22274165552353378
0.12380646254444909
0.07810914813340163
0.005124446073373026
0.020539836157510483
0.01507157820055066
0.02038322209624122
0.607663229629815
0.035810161846311764
0.10439869354500171
0.008790575885232344
0.05392269361715306
0.049385290416709
0.0597224110328294
0.0023023441832207905
0.18643191136926202
0.01452502939287897
0.04020779774980526
0.0019770596707478494
10.804198170497296
0.007280681817357084
0.027907073960062284
0.05611188933020899
0.09054325639867963
0.030574792007350367
0.14643579816391727
0.006471792681301864
0.059399933239347065
0.005088683247562577
0.874859309818899
0.39210587458415364
0.012195492178739092
0.03456589927081138
0.011861003233583661
0.19150630360095186
0.012084481558693605
0.0963877992951013
0.07186974098974577
1.163479520640606
0.10087987655055677
0.20474913062246008
0.0008857899660836164
0.012900513333118313
0.1842566786925287
1.0129790394710219
0.0026097676671432177
0.017407859763313462
0.010981568280375671
0.0038006347083492462
0.23190998115141362
0.13694241430159523
0.0017515163832680523
4.3289460557893324
0.017025868333022668
0.05588181627327233
0.006838366759031744
0.05371421945936404
0.02483710363750475
0.03678996629370646
0.10432767252340887
0.01739567421566271
0.027218557788951298
0.022262043360623176
0.21129520154955037
0.4604184066928626
0.20782491022008304
0.7966312530930979
0.004116193546370322
0.017680508793835016
0.4192595344716378
0.3823404111183632
0.017381172431688314
0.30370719795583356
0.7223957672143038
0.01758437064854258
0.0003405420555290314
0.1120255379028868
0.08921860620663496
0.004612991554057239
0.00327664439358955
0.0143004726042895
0.029994076900948817
0.03161768806812063
0.041047783532880834
0.009767444190251854
0.6607649466295878
0.0007921643972834961
0.04949298768947166
0.7447428425509531
0.017227130154278625
0.006276862686887206
0.000597229659876225
0.10899544838938258
0.004923923394520267
0.006119153530219701
0.4600821522221977
0.001685189799425282
0.35903951222830677
0.05239776986025266
0.011989872613814165
0.0270186654399397
2.0461326290172814
0.0768173871867678
0.05319320666353231
0.004066235316563549
0.02580895727376472
0.002841794446232142
0.023243689653372555
0.0004336409459511272
0.010309797714673788
0.33410487960049795
0.04828759989157061
0.02452622324533222
0.004816932429369549
0.012845458986708243
0.03580553508876252
0.09886192677564105
16.64901874503361
0.0009614456745570588
0.3061639493513261
0.01562922110304987
0.013757874760437033
0.003462365987022531
0.12329942124756121
0.7536331708819606
0.922693638571572
0.0033149790335018133
0.3620585440202242
0.024074423145717696
0.06761023462895141
0.48569554122691294
0.0016092781458852967
0.016848473980448735
0.00639347022567982
0.05802441381906517
0.010662689837732876
0.7945537109994859
0.8206746779509582
0.5961541821194619
0.16053265137073564
0.5913038624117052
0.14888612359277342
0.41490287938970477
0.27527190032097393
0.028783916583027595
0.0061112124658831155
0.02968961563620851
0.02142023777111451
0.025150448812064574
0.022908642673872475
0.26841780030250867
0.036778964341289584
0.03345371324807615
0.0006519902509346647
0.3527280280285758
0.005580147821448839
0.1561677028580192
0.0014616170496157066
0.007815608652853655
0.03315328006047415
0.8110684915921317
0.8993144855340773
0.9156060839306914
0.0370970786793452
0.33189970690351644
0.0064922526135786154
0.008858666008384457
0.0624348870092074
0.09650911424177273
1.738869582123004
2.4312720369669023
0.05031496635903952
0.3314163273558064
0.009913748770139534
0.006527603510045108
0.033931443551782
0.5654535924947482
0.024014764859241547
0.2756777360994259
0.06745583608050691
0.10439229465623345
0.10430368229733045
0.10293606852284207
0.16522435783660425
0.006088831388867957
0.04535714584628118
0.05638992051146093
0.1422911781677867
0.9825312919566469
1.026310289456828
5.9021011307625075
0.328832018649981
0.15615903801407005
0.002794444195254394
0.077126792757399
1.097367812435078
0.08925242899343051
0.08096357973265068
0.002857751737987322
0.02841242900270879
0.011351915149035557
0.05224166680420017
0.02505523667258998
0.5081313769052203
1.5460911709886358
0.02460990368683775
0.3073721602572049
1.6986717560918991
0.0026730568152577103
0.8070342471708709
0.03204814186184749
0.005194016261790006
0.3428275936052907
0.0013208469104740268
0.0118390907525526
0.0685074912042421
0.05541614071111409
0.2708362883502754
0.001139505435115263
0.06784044534777013
0.0062794203048587025
0.016534689044663056
0.0047339845538069145
0.005872016151548241
0.008350986099731821
0.23721581264936822
0.03923552157235162
0.5940881647566778
0.22839996491086145
0.013649707502688265
0.8339763166251833
0.0936533174838589
2.061401857827207
0.011036116496753824
0.6826176064122811
0.14669764887092326
0.08608227070490476
0.03945981058950344
0.013349557569999662
0.00044126614870024927
0.25570625643142714
0.005575488317505261
0.09639093857590275
0.010674906215180947
0.025642092771217543
0.08186057271569501
0.13386681128060096
0.06182974134578612
0.009145136919612046
0.009960858082369283
0.024734115657990954
0.0015861773177137685
0.012631385141411763
0.5955625975454811
0.09123998255972193
0.03574621449208525
0.06624472156917088
0.05334843978270873
0.4099674175868402
0.0076422940967973
0.0018375149237160437
0.19905845991535517
1.5034372121578357
0.04474980579130528
0.3198709239317076
0.020057354970276053
0.04792750657346657
0.0028789620415215805
0.012170148508117517
0.014370406747475601
0.11647820028495694
0.09725482481280115
0.005959806449771683
0.006320854108741089
0.05370192815457495
0.02839460849840642
0.005837788359376795
0.8690836547711007
0.002177751316618527
0.014877940269080455
7.643294885148292e-5
0.014174696996315841
0.32477370045189424
0.0037362538002588142
0.011897127746775139
0.0217289935104
0.008790176450547846
9.488030230573914e-5
0.7092613583505221
0.24201714155517773
0.050572671765503126
0.11229726194876713
0.07995023462588166
0.050473136331349665
0.7876324878203351
0.0011319794477808152
0.05064688915456992
0.016377139077059708
0.007505691834678608
0.05954241965063734
0.004107582334108185
0.01261210408346383
0.2581448403985701
0.00014485201736202
0.003649927056869072
0.3239626975709703
0.09306971365761174
0.03034688403608088
0.016327472847585105
0.010604832726082907
0.0026588112273737232
0.08487303634301807
0.01092277873347972
0.018043811180130678
0.03315242501526013
0.003417960441402166
0.02734007819582457
1.1991879042346185
0.00024566820083833624
0.00024120651103273937
0.00589845774555061
0.0012702209526506954
0.002955246340425985
0.00015152175437697265
0.06089399352295968
0.0317096155379887
0.27306426820362956
0.010989623381618917
0.02977691155903917
0.00873550605228493
0.04672860386421274
0.058071497994152
0.0008894107011725547
0.30183777168013615
2.949896328243558e-5
0.0008536879459281391
0.0008531920280609399
0.17451021799376618
1.3644026761010615
0.42019599845187666
0.0002446950413889158
0.09610467925121632
0.007948503751929133
0.003602101459545656
0.028643999799935607
0.42540472870853746
0.04800925357433675
0.23628201244121738
0.03593652147857696
0.0059074353088558644
7.048102620104272e-5
0.01121565601280789
0.013706465832194793
0.0005102615657080737
0.012905693683917132
0.03468058919551518
0.05688174405437707
0.040082068754249474
0.05517696014479757
0.014976371331166987
0.02576399566860132
0.05371875176643554
0.12340492799781723
0.015134473506179866
0.06079657859866285
0.02180220868720817
0.40435716115290865
0.02752698227711095
0.026988201610336396
1.1822327753013109
0.15108569972033195
0.026906251313715435
1.217401333504012
1.7670873326278158
0.0007328140722511685
0.021416291309923584
0.058165292234667654
0.017250539484441982
0.03529125719060753
0.0007345398189946685
0.06497759013752769
0.01636868537942575
0.38161234724867726
0.0008661662542981526
0.023438669233665266
0.5629239313093968
0.00860452673026308
0.0006121607352724901
0.007034895730570335
0.007600914822715031
0.0005341844745983303
0.06661542661267643
4.1135852254338884e-5
0.12822537298062286
0.8527450557899648
0.006564006895879617
0.024710051250166738
0.06649666347224438
0.052646358663970994
0.01942285690011892
0.12318248528447555
0.0002021019321041088
0.12770849601857542
1.0598052265069082
0.003476275785373364
0.0163232462854054
0.9107649856129496
4.8980615481575605
0.08233706412394651
0.09606554505758096
0.11553528887255687
0.0005278371690304327
0.05774788841507646
0.9693337039620962
2.8667369820248725
0.015947996290119573
0.03226524971362903
0.005982779918900132
0.015326431499571719
0.02073492859212325
0.019603598402817873
0.011488687444003491
0.6252173262983913
0.003811499996977466
1.2377439538418613
0.0018680291049605455
0.00011294557578715802
0.11069555626806449
0.09906018605456066
0.016656861380841013
0.5993003646584126
0.006931458869074977
0.2162300911070333
0.018235510105921466
0.0006651839605447415
0.23409385992413764
0.05868155936437006
0.014444442749666093
0.0004267774931101368
3.8704798668209928
1.0
0.002808003631841298
0.05904374292414039
0.5043204567276058
0.013276471347811902
0.14133181079837265
0.0070954140925356965
0.04410277405944573
0.2902711941446313
0.11286546349632597
0.893448572621776
0.0009803326255280955
0.005087049521952622
0.058022880291632
0.0009208044369325056
0.12671917374371577
0.00567591921279822
0.2512688369477278
0.03366979140273398
0.009216996351122496
0.3060137688475989
0.2628590816263796
1.7914767796734012
0.01654439548746528
0.9913916611560288
0.00040188661740692686
0.010310798815154811
0.433026100396077
0.07127153313860071
0.0009093278219929159
2.7626008442309686
0.03847257370961273
0.018948259630435997
0.00038986649742858665
0.12757846550580593
0.09998681669312283
0.00833558059143406
0.2507937416990818
0.018784679811883354
0.2682274544108563
0.7668539006119622
0.384305448048454
0.11129481754933641
0.14635956670227593
1.7327849160743927
0.11505884708896551
0.0031834322665135386
0.32260901337157105
0.15794974472658876
0.025880844790142507
1.0405400176065596
0.0013803066280598211
0.524531606055719
0.445304582729468
0.012933314004252667
0.004852996268665063
0.05734319497066871
0.019626311396741238
9.256783013188577e-5
1.0383305899291402
0.004289804519832179
0.021016350804696743
0.01306457744174914
0.03278616083842914
0.007171561773292416
0.030565430592102698
0.0019077478988208836
0.0018714793421708991
0.016372504384927773
0.034807549549188625
0.40003892483373793
0.033961478383128345
0.024599639675962758
0.020943211565337207
0.13491095246787604
0.018112684848659005
2.966919679887055
0.00317920951307347
0.03862417082259708
0.7850491465050149
0.0011569264120538745
1.8746930653978062
1.6817009741817774
0.00013632485071647687
0.0023780308095329803
0.0011200492724845817
0.005485318849822695
0.018821126875822037
0.03985952253454345
0.0009624980420068274
0.000191053040619937
0.10228678125204012
0.0650140674955617
0.0004913079713541726
0.018149537456115833
0.010560758892972588
0.03244698644305271
0.4320789754975181
0.8778111162862676
0.24433863355251095
0.02823683644254602
0.4469988187620376
0.00022671806817679992
0.7405442942461451
0.6326195401224622
0.00608100264015931
0.07193640705128258
0.005758191813551348
0.1370622889278971
0.004548616495414649
0.0313977332678149
0.006504729944995804
0.07086999201891503
0.05291617174345403
0.010269690563518692
1.0447551235681216
0.04158956641299444
0.09616402018983901
0.13306541574606462
0.001391549103143657
0.11374656075477824
0.08690821817490921
0.5521335473915835
0.01702902736367951
0.018719853842075723
0.0005923735116497973
0.02836550788486242
0.6640445074436396
0.037364405829933535
0.0751478615317618
2.033795346589081
0.011869136047660264
0.00033104177525401595
0.13889725111524265
0.09573775018574018
0.05049814976500806
0.06608690724612425
0.0024325091417951683
0.01624991948845528
0.013819474386463576
0.07243915455507845
0.024565837151543018
0.2770831042777218
0.019249896659435287
0.017037812920357595
1.2158561103825567
0.021199429348869165
0.007191440353536951
0.05311961731913414
0.05824568998769321
0.17487837528089945
0.07560167816389181
0.19561522446825075
0.5576745600856988
0.0142970623066866
0.08117647974013106
0.0007694991511091055
0.007811496460910227
0.004437317343929262
0.01192404273512868
0.10673246213406752
0.264793908216827
0.1455629361052161
9.55959665966765e-5
0.06944762883845255
0.45076582261862247
0.23030262258873677
0.01217670905190625
3.1599904015676388
0.003621048556918743
0.08042122084329904
2.2802649244957727
0.38905706125238204
0.008809039901228553
0.012477542794941827
0.057014724436383064
1.4653874100095765
0.041986344382918206
0.06344913941228815
0.004981712170182877
0.004904501807661082
0.007038685623680232
0.010584866297044523
0.009023893814076783
0.11820567819601521
0.05295318555313277
0.009003608895176034
0.0005353330670177725
0.05377109292991221
0.017883252106836493
0.002803786297098677
0.012836054018878582
0.003782469212638208
0.016154173822463046
