0.01732186670438216
0.028600060716414046
0.0374348195738539
0.012693370749898212
0.014099948661856912
0.03921790294136317
0.03402259403277481
0.03201691675433569
0.055824609391452416
0.027510522138788858
0.008229260613425337
0.028421224564909763
0.06041592559406994
0.059160951967029585
0.010782925486300957
0.007268315105221288
0.009833366681656214
0.0782450849702985
0.010944331845978985
0.11169649168775601
0.03917186319462321
0.14916050300891406
0.05045449889138254
0.01925054968296111
0.032502197118481194
0.03185228944715469
0.08889805203368478
0.042766950865751024
0.05737346725487119
0.061812690834568515
0.01537668423930514
0.1493061908265036
0.05394642266099195
0.020045058238875157
0.021368984200458185
0.03262269504401357
0.008477912565568433
0.01726098667063237
0.18127305610051334
0.018306090601925985
0.018080357494580517
0.022620004435164636
0.0616955406462758
0.037822240934685794
0.026695122673649593
0.06887027187049426
0.02295181234163387
0.008337791867446627
0.05368735594769123
0.015139064116424584
0.08563551779200194
0.3038345831629913
0.018612611920117872
0.057026470654014866
0.03520368183419416
0.1536298621883024
0.016931779703222207
0.025928673755157318
0.05861969317971325
0.04842689935763615
0.02206750176614426
0.0261292128705477
0.021552040307926536
0.0958687801043651
0.031384193995715313
0.013304140824202707
0.05399575006208724
0.01130065166993567
0.03980894884930461
0.023206439174595465
0.4689111492974009
0.06586662112681757
0.017291661405125464
0.018805409665202534
0.10954502050629096
0.00874396442857776
0.00801292095543139
0.016332895135461146
0.009592260207867492
0.014880080519147609
0.031080061749333178
0.13961926793535392
0.2638927918348737
0.35045083414111833
0.017368482662764983
0.021558988335044618
0.05884821656542665
0.02870361241166082
0.06193876541511172
0.05743869644326749
0.041984784108065595
0.015684798999199383
0.006564978062601139
0.1291872330252175
0.004841952740073859
0.10345739372896923
0.047796109342542345
0.008661203966677031
0.015945042667749727
0.12203161021974851
1.2246913876330356
0.02996115693197671
0.09753620918636059
0.9276634741389046
0.007209098846070025
0.07552501928484164
0.01062534235270151
0.06373019099238664
0.02307302433468001
0.031625650289986644
0.036125535408206136
0.08957945909418909
0.004962836465795782
0.021249833683211615
0.10217397156473533
0.020398269355402694
0.03238551841163119
0.015209458241382246
0.026046494647417765
0.008907176181865931
0.047773474823473196
0.08249369791250444
0.02879809936451378
0.021799497606405063
0.08872759678831224
0.093112322758252
0.026910823686753724
0.0554863690326452
0.0581148664031313
0.014795525901028594
0.039332602007051035
0.008776443814276365
0.025059313328242582
0.020548638299757692
0.22152973829682773
0.044780281012206734
0.01741333982167158
0.0301908221493296
0.06133559015786355
0.07355061782386209
0.03682926502915317
0.010012553618497753
0.026188344396837968
0.030829420487023744
0.03641336763645305
0.027453704340678363
0.01831232279016704
0.024513136597729954
0.1407656487596059
0.0473196371752995
0.005383501170355555
0.05910772656642006
0.03163797880943002
0.024878159617292988
0.0262599392534
0.017880015703377904
0.00588048511740936
0.011541357775081309
0.1399746725300835
0.016550318341886146
0.022076305397307375
0.025105016089113558
0.005970313000480402
0.015188201884167904
0.03364164629046307
0.07578851901714344
0.023348087015902963
0.013586175081724564
0.029577235936084665
0.020450375259463388
0.003539041439327906
0.015265990489723503
0.052814731014800324
0.013986078863310221
0.029538121226385727
0.0037413315739327243
0.0886818082283033
0.010245070443699263
0.012718517815896108
0.011412930004647555
0.00903825474817861
0.03312340909085207
0.01880351692782892
0.32610937663882333
0.02344877750549124
0.05524816240515278
0.1947096200518962
0.026984071471057528
0.013241772463271581
0.02446607731910858
0.026939015199776817
0.0577117503531841
0.01962207523651669
0.0355251530588112
0.012045844021837426
0.020236048603783592
0.02462170042278718
0.012220609196608063
0.04553845504973406
0.053529266797353724
0.02753444071298359
0.055475905413521404
0.05524392997407537
0.11418252492237929
0.06986448476128232
0.03981880571285247
0.013389796159275763
0.029658622638641864
0.015091901466310426
0.016516420914975218
0.024530782712454548
0.13059580642914337
0.5298956169190312
0.0691000215402682
0.05094074408966324
0.063065715122238
0.03752252009392032
0.015049506364813756
0.025144756976070465
0.07581212640507869
0.06655044727675685
0.027448916114857273
0.05727336104658456
0.02389577202767341
0.016210685354249
0.07785037042667745
0.07568379097556605
0.11103498059870183
0.022904386702100973
0.028258119154540063
0.08380003540656078
0.030471838184181144
0.0037282753703475158
0.22427144666628748
0.05704540595723781
0.09407953000578442
0.006053842463378087
0.057033859687825386
0.027095712801156014
0.1538132981820642
0.09459227089131805
0.28494176674718424
0.3292621097572032
0.021192290669615744
0.11967216424325867
0.03552028585195206
0.031062233722269673
0.11499596892221653
0.08321583417735967
0.022910432759759358
0.12959537836973578
0.027365133149780844
0.023525917066783517
0.007199326618894675
0.014410515832139132
0.04005650409254264
0.012427230985541687
0.03596943734784457
0.20202435499880972
0.009571532525426928
0.5161920780884536
0.051648927965326705
0.005816615674587438
0.040732327996236585
0.029152147696136322
0.015705264447473482
0.04017103716808033
0.39452055120796176
0.02741346611974343
0.032521150036156576
0.012224104113843243
0.02702038502939341
0.013304392764303149
0.1506737049818253
0.2333413768226039
0.009014623073226553
0.009540556222282505
0.006356362331607445
0.039994567176519634
0.01101419622435419
0.016911573593701507
0.38047235995861045
0.022696321691838026
0.0032302077856664717
0.16627564950675064
0.03252245577339746
0.05633288274491619
0.02535474152686751
0.017381256006761398
0.7071883175511188
0.01958434085885174
0.007711453806812031
0.04025968382691554
0.027010458219712683
0.04852843734729225
0.02044240366682328
0.023135313064131992
0.0105232104147856
0.016692303513890127
0.09019156560712885
0.013800681194931604
0.008881922389330256
0.052361468307225364
0.010109954565638924
0.040627397983620674
0.011381143282733139
0.04973975964206987
0.04463404085191577
0.02511249316741642
0.014468047149962915
0.051931508556546775
0.012784092009124096
0.0022818460149936523
0.02942776776917941
0.006585871306274945
0.012700003818073314
0.020348193783311774
0.08699374568675967
0.05741991043785257
0.006243648402949338
0.008502645259875352
1.463818072399956
0.12019305984779796
0.026062678003109754
0.6589267638557993
0.08641054120635647
0.061329773599305595
0.013746168571730902
0.026936249223617915
0.030813324244904818
0.008313250470459093
0.02159852282762403
0.03903036520477233
0.11280246846234077
0.0703364412748233
0.019118411733825814
0.050903652863188695
0.004891875784047577
0.10376805430659432
0.02374305330059681
0.16879058742094352
0.012078719131424604
0.024510677841032422
0.017190076289074218
0.03739731921159529
0.004931610499835351
0.0926115094468446
0.022351301334185242
0.09617986531932808
0.003406000368588713
0.09279070928126192
0.005030434690542635
0.0660781678668666
0.033595303260178455
0.010536757538575916
0.014481564598439805
0.1404849465317203
0.16312368985151418
0.03478227733369878
0.005114027097936653
0.06711395920438112
0.11797670461990546
0.028919056036071932
0.019211009227236363
0.08258177376028572
0.010469961027603966
0.031825723449568834
0.0036599485559794054
0.018100646297436393
0.016183184879844107
0.012788375997573539
0.03300996526196073
0.020847045554881902
0.08716077147215158
0.018662255539817145
0.08758558616132987
0.010443639163140613
0.008195333489564601
0.04213757280908715
0.05964871249778277
0.005947840129083855
0.007912775435336653
0.023617338249971802
0.008681994051318415
0.013234640865490933
0.09793009639419223
0.0574917086848698
0.041875803330117284
0.011398437748753983
0.04339280377717768
0.03694934009084629
0.014334778148789595
0.011698380266942353
0.01862550574238058
0.017498929928660145
0.011535784345410893
0.285252605336889
0.007982871453369088
0.037599697400503736
0.05780681994388107
0.015920459460083018
0.039011735368010156
0.04704608301885698
0.06995688329237759
0.0034298991787195046
0.021365284727941296
0.9701787027220056
0.008686400923256751
0.07745499938608945
0.0033215197474359102
0.18203545044025557
0.004707327787166287
0.3315966757081503
0.014801046094278753
0.022158022910096574
0.008713084148892866
0.007619130641760932
0.030223848948317034
0.19056988062806335
0.004784050687684608
0.10522307532039818
0.02848548094245084
0.009977998851691743
0.017109758489598684
0.009978709623060716
0.062135458476751
0.10809771945293688
0.0028009349261029614
0.019056423499424536
0.026012584762963798
0.013742969177811268
0.19421569180755732
0.028685006658330865
0.006697910009629822
0.08005244795590045
0.02085170866065833
0.01304603978607387
0.1501762142774112
0.041792574286133616
0.04216280586344781
0.015775622103785688
0.006668252105493999
0.019196267471499648
0.003444968032924178
0.004404767125717383
0.0967720507923514
0.02406872718518629
0.005757756810320656
0.030786282932295458
0.04503951101625624
0.003529258269616315
0.007942544881794049
0.021049004706241606
0.02644567277902424
0.08475155041979308
0.006931620407971379
0.0336183104768097
0.056484340658431394
0.008498317456294988
0.011552300363500466
0.04506119972803903
0.059233150350941746
0.004851120205431141
0.014067396805302357
0.09762251086505402
0.01873301460341643
0.014848193080926315
0.034603339922060224
0.03723384025752109
0.046439413213747706
0.03184128883273501
0.013592298199145043
0.026101007066305776
0.04802281588894564
0.13656419886361745
0.07749942381988377
0.14696847403631677
0.01936169885142459
0.03375264074881117
0.02692717481866854
0.03364153523869056
0.012510251583921052
0.0035897161845043686
0.5608346486253806
0.009043872979573066
0.014214793928490434
0.09094870504562752
0.06479521519761058
0.004201874507183062
0.05141937999550326
0.03611545186607889
0.03575804474796419
0.02863381675421229
0.00881473595339191
0.08650598865790948
0.038257409746785716
0.18219761035777732
0.03296456921997945
0.05539357662031877
0.05287744690596687
0.005762132474447946
0.003195816018273265
0.05759278421495237
0.023593657295957252
0.01671953446059706
0.11161384047439496
0.057602820392764875
0.059779818594244576
0.05054795241483819
0.016156124290585033
0.03031140038942339
0.0796370297113282
0.003279504266088458
0.02259154695567495
0.14295056156407965
0.08266137202547408
0.05434809448489189
0.014747028887550848
0.022890931274225937
0.049929157170504196
0.06343993121679327
0.017636560350875356
0.031007028019362982
0.043550427383516645
0.014012389532649031
0.0313331209436176
0.052239646751090614
0.23050139858402396
0.03590748245420126
0.0044586049909663165
0.006467359620732102
0.04236266112336711
0.03050232542887152
0.04679937396591474
0.07857212483416101
0.18019702058809017
0.020818312672017943
0.039650871655868
0.05815317701002455
0.041955933553431884
0.07078046140937627
0.192496184220758
0.03628173748349823
0.036411092162089084
0.021045175579268462
0.07479455793797635
0.09754376818340067
0.2243468493402314
0.0065326409721967
0.026390975163151194
0.03833170883502445
0.18710036781143397
0.006586432020733639
0.022639105603736557
0.10333934904329727
0.0065693234477813955
0.05212776509501925
0.024931263162014723
0.024203678905534983
0.00289057770991704
0.6355637762797072
0.011176522127665395
0.07439529548396502
0.04197685499041949
0.008464566231265097
0.061056981911776935
0.02753708079966786
0.17700620801907516
0.04976325097186929
0.04750507306674561
0.029659210629530017
0.014908050655117484
0.02778055616359249
0.0041286791945927175
0.08719623850178906
0.04292905674190135
0.05280577395017399
0.006035831667081371
0.011408377828331616
0.015206407161786995
0.17244509625288695
0.01648762958276033
0.019689004089004297
0.03274782783365391
0.007723845317894063
0.05520179601783842
0.0090703871473843
0.008261357610650551
0.002060847323343994
0.08271492205160148
0.06185063448054805
0.02912011010829832
0.10161933277490533
0.011316921688001655
0.02996770318288659
0.01303915938002263
0.05685437923799794
0.11181637384632845
0.014107832474965977
0.10524183264614463
0.015652210899071886
0.07172947620807513
0.0781446214582294
0.02948457131532409
0.02835800131627975
0.09410428983196477
0.042685679848799354
0.009011001678538175
0.02213090830388725
0.005741840698528477
0.027575291615000795
0.09491418172448879
0.027815400843223478
0.055481037082668
0.010680027603245367
0.03745182847028172
0.5965384367014772
0.16376736289134589
0.025598624436020085
0.0070466590325121755
0.023323385223475143
0.061442549227705714
0.04777993110186492
0.05011630380860213
0.0022165703613465505
0.05543917445755889
0.0020934161864189075
0.010235984275970375
0.09033220954026933
0.1375694174801591
0.00556644600846535
0.019640284644375065
0.09296285856231627
0.005993913316244357
0.010530621309457254
0.03666264580170488
0.02889012099709916
0.010154277111321643
0.3236964419785847
0.006903835255775836
0.05274753102628269
0.07248522591440638
0.044414683243619274
0.0033858986935389763
0.007040036726317054
0.06482471155772869
0.1365486302743401
0.0041354999277778345
0.07556215607195456
0.029615609664580156
0.08981596515676823
0.013329289516080468
0.030552837328346308
0.08706780673257876
0.05754526645459277
0.015073340341386576
0.16213434165532328
0.28788815857807337
0.023353338140124382
0.08693045547771579
0.004157699210675013
0.10817444503935818
0.14892766301693774
0.033085863367102786
0.03751117760793391
0.007610361082295327
0.0681419624592671
0.0023968311379863132
0.09839271044118426
0.026299076439412268
0.018171089867054343
0.014916567575031443
0.014307345309284496
0.003430247054753861
0.03484183830840971
0.0346435829310604
0.07286874291111604
0.028534648442119337
0.022175338606581947
0.08057908410533143
0.08058068511372345
0.09091899321366148
0.03759283148277175
0.03893178819316188
0.1459451877540761
0.046323043257331324
0.02207654111965583
0.035792562641217336
0.031486527074844534
0.041931967432650076
0.006368079590712092
0.007253135812436752
0.005523675864570249
0.0168361936750658
0.1535926870580864
0.011382340406097391
0.03026547015045699
0.05894119923858218
0.01306535550182108
0.01973735682326431
0.08528586943441474
0.03665001731509887
0.005893689771779119
0.054211388954150654
0.021034268338624942
0.5072453982818212
0.011742951018065181
0.07547048030858286
0.17482561809224736
0.016553836558410102
0.01624635018859909
0.020130367685409368
0.01115861464227356
0.016411084432337533
0.2822478268863443
0.006468461551446336
0.039345909742211235
0.01409993378177862
0.024240813079220894
0.005912011259024015
0.018199020697946846
0.033645526436015115
0.0042677565062657526
0.04482311486620624
0.016698384851085758
0.043969807761854995
0.03671208519461335
0.07859007439681163
0.040913778614636784
0.016108531103325045
0.012734972412330474
0.13952593256458334
0.21413679592385043
0.004485118367644304
0.05466203493025376
0.027145791659329975
0.3594912695777339
0.011544888199453842
0.004127925934950419
0.03101269753695574
0.01495367045951599
0.01998538617792871
0.06196820008256025
0.254291803219097
0.04470183726264857
0.008047430769127274
0.004367114133563326
0.010915810957297677
0.1478075063963263
0.00700729766491944
0.04562199178421331
0.017879218933938783
0.019190726197804653
0.019861952206485248
0.002571889537187856
0.042142590839604054
0.0068928802219256225
0.3439216383444449
0.007800046358844253
0.0021001258327893635
0.01310368997321806
0.029635893303320286
0.03482894566987602
0.019652913649916354
0.024222716842449848
0.08448862766129354
0.09396878523340439
0.07678077007610956
0.18626391623318128
0.036728189440280896
0.03872821976798774
0.08137822002138932
0.23137583900669023
0.1687147737129636
0.003725627322839253
0.0540619673866486
0.028514186712552684
0.05775897713583503
0.02383949280477718
0.013754017920914399
0.012482670820120004
0.01846906655367845
0.0358971376485164
0.009927819162458003
0.013537975908812462
0.014406023443645739
0.06063571693422456
0.019553744861637468
0.009227373897129708
0.011405488709979447
0.0045333215577842015
0.009981849909774616
0.030358087843512346
0.0167807809926306
0.009057779492995143
0.07286551091741915
0.01708433822465846
0.08772002898732723
0.01901370151854694
0.03820985569634997
0.004600498744397873
0.012635723558756971
0.005849999981977604
0.005260221160228277
0.01945539388791898
0.0015281601751101477
0.002571617664455418
0.03655331929287149
0.016438657607100535
0.008692304318348236
0.015474189351817507
0.027772687937266484
0.004685754110899357
0.04730097784092677
0.006269767654595963
0.09272570964737052
0.13718512155759346
0.008374291248843339
0.08841236525836002
0.0056054966646044355
0.021075122708623273
0.048493445281260025
0.007531399647653897
0.011335088634871903
0.018584200567048754
0.07349003871647
0.037176155143311546
0.0121613512772377
0.016554526228618416
0.033416190856585044
0.023124647845994706
0.28168002760495425
0.06872036221946591
0.03157557395168247
0.09015498866721411
0.03576304296780482
0.010171627682719122
0.9125473656756565
0.03613170041249841
0.05446355991646863
0.005162305077539455
0.02214801019358296
0.0038984578625115536
0.027477984023033433
0.09745966144234439
0.16499894514461882
0.02480184970387773
0.006168886759037992
0.04018444214324987
0.02918365037804564
0.06343459750930115
0.10631080252194412
0.01364286825949235
0.019583781888247692
0.07530485848989388
0.004633277870111594
0.2035180827056579
0.011040294488784382
0.0408014019568588
0.030960774389180008
0.21571523945152113
0.0032799848980371925
0.12246594954128574
0.059742085132261445
0.06881168070166113
0.022383702378844267
0.003330324090140576
0.05059201257494207
0.007668834001895152
0.026368198738257187
0.13279864516021736
0.021541149407360655
0.00634713095299267
0.10244036749845128
0.050376420097823255
0.00481735126683926
0.02957551077484572
0.00928083418802142
0.010005409695650043
0.010288525752602834
0.06145505371896227
0.031964842054744036
0.006431929611842664
0.02298816878508228
0.004499397043287466
0.315791586287226
0.058549077290128114
0.23441361309702566
0.01218740833692294
0.04775250343862571
0.1133053109284493
0.005313901134929366
0.17328518915825278
0.1406873910299411
0.011320071866798126
0.060216572140247
0.11287640632851394
0.05292389217125265
0.006561207482640161
0.027613652814198995
0.04066263214121585
0.06723143970864448
0.006930445108445916
0.0568908271143645
0.11679333729371592
0.020439278100243853
0.05497883124713977
0.03489616590001359
0.12759718685857346
0.008157048210627146
0.03257902068330115
0.02676919608448888
0.19957245513809643
0.05202633716172389
0.03532715326330816
0.1270507794365205
0.006011082834664794
0.0012498562731370537
0.0251595336747039
0.011357391775787692
0.004458038019725903
0.037972124559113654
0.004761379484614282
0.12562210214550784
0.008740580480752293
0.5162556484011372
0.00334050612149434
0.028855118238166708
0.029239224227974446
0.005896962850269582
0.31212051894776704
0.02953556801459246
0.13565307364921975
0.03859896107136045
0.011660842801437836
0.09567803355273213
0.02433813861550617
0.14235451228432117
0.017971159387881172
0.2166489921721211
0.11132849068649911
0.0037334502421694435
0.004705761761879308
0.013650247109790906
0.03264297710718398
0.021850302093160346
0.15070575703155425
0.009440277543557788
0.026490344130801573
0.005225058154048285
0.00341206301125957
0.02833952741082671
0.1937197538430599
0.015195373731374773
0.09358394210501697
0.010310453068703108
0.05739810472732653
0.008610525083644942
0.0026710960091076517
0.07340070758213739
0.03821131663369994
0.016641182551362918
0.007927316734142554
0.006471477025832954
0.032228104606577095
0.005379482906176388
0.037959328235736514
0.06064788858033595
0.02474185610358192
0.017055243418745453
0.14133639506000234
0.006016596989521442
0.25116100639456007
0.005200556767242368
0.004669811586835443
0.19294178143145105
0.013171392808267297
0.11810154185396153
0.025595913463946497
0.20856823400925606
0.07971626546523472
0.02877532875795509
0.1643802722276202
0.004476828428791927
0.06506506745628575
0.009046403135338284
0.08440991854080214
0.006489094159117348
0.03508277738405463
0.16230230714038363
0.006119309936374526
0.005134922580610596
0.008521395841287692
0.030015182128695667
0.00747911763429664
0.02083098295526627
0.009552321849193418
0.020823330684993573
0.08717573913690747
0.006381524105201201
