2.6000720245801525e-26
2.100015519281943e-26
1.5307817036933288e-26
4.820127458778642e-26
2.309694544665387e-26
1.0178938851852367e-24
9.927146721382009e-55
5.339075624335377e-57
1.2335649335503798e-26
1.0961693365260583e-22
3.0363113142901975e-25
4.179642638758818e-25
1.3923596491328873e-26
1.8430206895534807e-26
1.2548098303326865e-22
1.062049844828663e-25
1.4808520563888902e-26
1.2758084430672807e-25
1.063639169132853e-25
1.4066101233260222e-24
2.0346140524821075e-25
3.095778996514515e-26
1.9231969736133134e-26
2.807482794562736e-26
6.750217279980039e-26
5.309416568701767e-23
4.2693057612578605e-60
5.559463156802788e-24
7.584549396226746e-24
7.065129579630465e-24
1.1213847555901116e-25
1.6464612259597898e-24
2.134151680940204e-25
1.4583355243449194e-26
1.28534782479007e-26
7.52457380343147e-26
2.5721606913872368e-26
3.5849014848938e-25
3.828938653354996e-25
2.7714302071009917e-24
6.764785009423053e-24
2.4502538214073488e-26
2.3870891347120588e-23
8.764892614708021e-26
3.656603368630487e-26
7.7334827058276e-23
3.9871240727996567e-26
8.370386170566037e-25
1.8002685464536596e-25
3.619264561873618e-25
6.14016289505894e-25
2.3003166464045352e-26
2.619332984799937e-24
3.288000316086971e-26
5.395014965948393e-26
8.055538796129553e-22
2.1304872175108985e-26
4.3501945189414424e-26
2.9365729259511042e-24
9.904123818797191e-26
6.589302597170739e-26
6.079471830521776e-25
4.436955639486078e-24
6.486082942424867e-25
4.2526091274095445e-58
2.178552207549248e-23
3.6706093723821326e-24
1.4571389136643954e-25
3.712513853202674e-26
1.0718604385383674e-24
2.8462380129937325e-25
2.6708746100076677e-21
6.221121405165336e-24
4.425073492629269e-26
1.2641771450419666e-25
3.121595404910475e-26
4.908133323329086e-25
4.368540795689849e-24
1.2264664319960475e-26
6.866101441203568e-26
1.2210542618335016e-23
5.861488608647543e-59
1.2942764866422356e-26
5.826246571661366e-26
2.083637156853346e-26
1.5590294819008996e-26
2.0756110035259755e-26
4.237047519583056e-23
3.5839034836715907e-26
1.3335723848721836e-25
1.960862439900021e-26
2.262092770102384e-25
1.6535812780686223e-26
1.592892424659482e-26
7.17727115591557e-26
2.4482458206596584e-23
1.3430514471599718e-26
2.651100282579069e-21
1.3189583321286216e-22
1.511264046062457e-26
5.798113422208476e-57
8.945988222801528e-26
2.4088147879555293e-23
3.013081250121393e-23
1.5431176070166728e-25
2.635479864256769e-25
2.0246527400631434e-24
6.434857851614481e-26
2.991083071005862e-25
1.4979348880180272e-24
2.5429264566942414e-26
6.033962012085612e-26
2.6701189731570578e-59
2.1013681935861862e-26
8.201537949987355e-25
9.687776538391468e-26
1.1305596490214404e-20
3.3007663204154183e-25
1.1229449917076653e-26
3.701803545939225e-26
1.547737690160776e-25
2.741704863834448e-60
5.715179326044986e-25
1.2162682830887084e-21
3.2717081474735e-26
4.720177329157568e-26
3.251747160001711e-39
2.307465099796756e-25
1.2408859540650878e-24
7.004706535635991e-25
1.818546504024249e-25
1.292905824816567e-23
1.9311452913942784e-25
3.119251334075559e-24
9.73144633093438e-26
1.7180929906455734e-58
4.34320687161511e-25
2.606709328935916e-26
2.2999269138867926e-26
4.0888750052439626e-24
6.150952491446292e-26
1.595749204042208e-25
4.0298253053287585e-26
3.6399540752011514e-25
2.456234194238845e-25
1.9419076621239732e-26
1.105392237119509e-25
1.6508122203947546e-25
1.561628246187995e-25
2.991188036590358e-24
4.388960537712054e-23
1.7158182324602522e-24
1.8022111065958456e-26
2.774492923629057e-25
1.6976309891631068e-25
2.3640238000123523e-23
1.4685355850654605e-24
2.583364782158749e-26
2.0347366773288627e-26
1.1362478368000006e-22
7.530968968882412e-26
6.916780662196161e-25
2.1638946782345752e-26
4.0166261942410576e-23
1.3047092734307806e-25
3.8506870522400215e-25
2.7020374255677006e-24
3.4582534375004463e-23
2.7740874210943187e-25
6.432464417749015e-26
1.3485407755752278e-23
1.3077749711016074e-25
8.779555208588207e-26
1.4949215721990515e-25
1.0789645456181922e-24
1.0650796885104018e-25
3.8832490497865084e-25
1.754408971337329e-26
1.3104280601752763e-24
9.722593939329674e-26
2.603707158146031e-25
7.057892935690735e-25
2.095822545340037e-25
2.7207096596284404e-26
1.4100361560308717e-25
2.857590279180709e-23
2.0120851824599593e-25
1.0309466591485893e-24
1.4491991406790402e-24
7.74584266300374e-25
8.689847507205153e-25
6.459104791529253e-24
2.478338045634086e-26
2.7165079484628186e-25
1.6292240993420108e-23
8.42177493189812e-26
1.4325270922937212e-25
7.353778881873134e-26
3.7925925687244464e-26
1.7115568415108673e-26
8.152067941741495e-25
6.490887929007378e-59
2.358929029167406e-25
9.920056603828149e-26
4.6405373342076465e-25
2.767065176704429e-26
6.889007823447334e-52
1.996502742011534e-25
3.97683364964743e-26
1.036861492349327e-25
2.699456867973253e-26
4.876475783700877e-26
1.9629751744968052e-25
9.186636725436853e-24
9.435148884018441e-25
7.180090998472818e-25
6.009831221227481e-24
6.988502561916765e-60
1.8894295425282265e-25
4.798313703486938e-22
1.51768159030147e-26
5.919168128010946e-26
3.9976996841125056e-25
1.8499615323594366e-26
3.706523483552335e-59
2.558891499550254e-59
2.4624485570393498e-26
6.44829578235067e-26
2.5648188346394294e-24
3.337944719648455e-26
6.353050304212261e-25
6.623894382557773e-25
1.089866158913343e-25
2.391835692073066e-59
4.9815352514374595e-26
6.036068139054761e-26
1.2668000662034034e-35
6.071563472180522e-25
2.1760163973288488e-20
2.972216529426162e-25
1.204938408706864e-23
8.953216016094374e-26
8.375421923612708e-38
5.202493513893111e-38
3.646384313220758e-24
1.6826224958302176e-26
8.874637847486712e-26
1.2278343824319371e-26
1.31904905022357e-24
1.5598559051454157e-24
3.5237435659668657e-25
1.6693160955340977e-25
1.3190097339328211e-25
1.8211943964549743e-26
7.805879233169523e-61
5.305919148414444e-25
8.338200860109553e-24
2.7229993469730683e-25
1.3976069063039768e-25
4.829196610263995e-26
1.1347072056350798e-23
2.207397812777567e-26
1.0848575157581615e-24
1.7115618107057452e-25
9.742867227168788e-24
6.8496345058309595e-25
1.4154105549373668e-25
1.2684820998260898e-26
5.833306072578522e-23
3.712813256622071e-24
3.5448076171673034e-26
1.7516799670780715e-25
8.91388873140361e-25
1.749065198877638e-26
4.700701870930418e-25
6.0572291328651555e-25
2.173674689118901e-26
4.319029262649469e-25
3.848022181751674e-26
3.7839733387407456e-26
2.3265584296812486e-25
1.9878480639358064e-23
2.491899065433231e-25
2.9066587658692217e-25
5.6587646005954795e-24
8.179307709005137e-26
2.097930160545666e-58
2.4265618994015953e-10
5.144225979862987e-25
3.7592485903334227e-25
1.3500139811931247e-25
2.912891278366103e-57
1.026536763738502e-25
3.5407558654361e-25
4.2024966086952665e-22
1.1468943334858492e-26
1.345071493757593e-26
1.3339871952696064e-25
6.2037353605325356e-24
8.881178243416677e-26
1.7450171095761894e-24
3.56829320900528e-26
3.2133767684925556e-26
2.407185640017253e-24
2.7786355310504657e-58
1.5844862789802804e-24
5.914970108512818e-25
2.2477301761946142e-24
1.9978904262730026e-21
1.392761406368185e-25
2.018156134085445e-25
1.9612142577145313e-25
1.619143465556153e-25
1.4337930097569326e-25
3.0964282293547135e-20
1.5291666475477904e-21
2.67684143692427e-26
1.3692444715295705e-25
3.6342958061187347e-25
3.0693157550469963e-60
4.947925350822147e-59
2.92461156017244e-26
4.31217733292355e-24
2.210852404087132e-24
1.6953860319572303e-25
2.8343542711013824e-25
5.056591959513123e-26
2.5605055681992373e-25
3.0446145919966117e-24
6.843185869613011e-25
2.1123725241335104e-25
2.084000166070715e-25
5.803159675770303e-25
1.4459672718476226e-26
1.59241644948764e-25
1.3346380808582649e-25
2.69672719610471e-25
1.1331435547641047e-22
3.34953884583857e-26
6.28061263096061e-26
9.94599204872997e-26
1.490843855375233e-25
7.991580163822084e-25
8.395777463561245e-25
2.7435712401702885e-25
8.533261905838966e-26
1.2113143705175623e-24
5.657700590521782e-25
2.733483161834583e-25
8.1212935894231e-25
2.704987735511008e-26
2.6813026501086746e-36
8.473354827106126e-25
2.351674152982396e-24
2.8370280375065645e-25
1.2461075561524604e-25
1.0326313274849126e-22
4.22271175143566e-26
9.663291150671716e-60
3.6851462022331525e-26
5.110889601499429e-25
6.87160973195944e-26
3.2386449767537197e-60
7.792549355704502e-27
2.8419639916040206e-25
1.5078524466657553e-25
2.7786021649732717e-26
8.309438505461287e-26
1.7495211635164255e-60
9.420151647740006e-26
5.841956701947283e-24
2.0059049383511972e-26
8.34155005030761e-24
6.095701971606346e-26
2.622562480419055e-25
1.6767548606273897e-26
2.2170780910911142e-57
5.233270450725479e-39
2.7614727400243476e-57
5.007644919337184e-59
2.1611261563392113e-26
2.8484732898076457e-25
7.613857441677579e-26
2.785886488289861e-59
1.1735653601044527e-25
2.193912498931298e-24
1.5334119215214992e-25
5.202635521820633e-24
1.3675424031211572e-58
2.108021578024946e-23
7.515860350243232e-25
4.5012728711207074e-26
6.926126763354941e-26
1.7102699443480482e-55
2.2907724778195982e-26
9.775847487397756e-26
2.1805143657663817e-58
6.0025852683350666e-59
8.784244686815103e-27
2.5464369711930933e-24
2.7110938441065053e-24
2.8715433353856523e-23
1.7335066155054804e-26
2.442291330411301e-26
8.751253474255029e-60
6.532243903436367e-26
5.517334904276328e-26
7.553314362680671e-60
4.2246305192943065e-24
1.4380858878036722e-25
9.710544195383898e-26
2.606090901336617e-26
7.88996660197069e-26
1.6842880978332722e-25
2.394092788523554e-25
6.922161935064881e-26
9.287126123961742e-26
1.2509733043122635e-51
2.709914490085108e-25
7.605970633667418e-23
6.44379130622803e-25
1.1489021082416614e-21
5.457268706958613e-26
3.041395787281917e-26
2.907962621360626e-25
1.8865382251476038e-26
1.9837866107919288e-26
7.606308972056082e-25
2.4224107732006972e-25
9.232338107394664e-26
6.885771627134014e-26
1.788899243337255e-26
1.2968235888577166e-24
2.3888787525372745e-23
1.0826450384824437e-23
2.6990311048623405e-24
3.279240236567963e-26
1.806857413776299e-25
2.4288474249746824e-26
1.3274793317752695e-25
1.707432621256618e-24
6.640903268810616e-26
3.5725719887721995e-25
5.205439485100074e-25
1.7735092738618605e-25
4.6517636294580875e-11
4.0216923013978297e-26
1.0665331286735106e-25
1.5899411638358661e-24
3.8830050919471395e-18
8.421280387227997e-24
3.843976473232161e-26
5.759244164593774e-25
4.188950989498334e-25
4.979892855373338e-23
1.7491116977828564e-25
2.609119499262373e-22
1.4382452773815487e-25
2.473979741334622e-24
1.7530480880475593e-26
5.58547883643607e-25
2.291358830497017e-23
1.772539336457149e-25
9.394607895496405e-25
1.259518784825294e-25
2.3130160167541645e-26
6.550027591936845e-24
2.5710881185767615e-60
9.637139026137194e-60
1.6700991669396727e-24
1.0716033850114942e-23
9.084726382623887e-24
2.1493471681570625e-26
4.8284897341864987e-20
1.5260916838755967e-26
2.4858720922030697e-25
8.74780714125306e-26
4.044362350872654e-25
8.581017561129488e-23
3.868152656134364e-26
4.8190829188010217e-26
8.421376339758785e-26
4.162647233642151e-25
8.9788721036442e-24
4.615828932022356e-26
2.9439189138778507e-25
4.865833604692443e-26
1.2517807664566611e-25
1.4201535160097084e-26
1.4331773095268684e-25
8.069416803609839e-26
2.723709332199872e-25
7.925988389157648e-26
3.8016484826023814e-24
3.850740115776078e-24
1.3385436960018123e-25
1.7187347567374596e-24
3.101715355143917e-25
6.852619780097034e-19
8.197147353789135e-55
1.4671980422501987e-25
5.531881673471179e-57
7.172257238298754e-21
4.390024509033296e-24
7.271095612841891e-26
2.3705286718198008e-24
3.862216254087304e-26
1.3247053673026685e-24
2.5267464611449914e-24
3.7757751495133065e-26
7.113952162818267e-25
5.14848113751593e-25
5.599352275267295e-26
4.065747114575664e-26
1.996829014474734e-26
1.9096558918782054e-25
6.929443531591234e-25
1.1011070231564806e-57
6.85670256820786e-24
1.2875560635751966e-25
6.264302255419513e-25
1.7670511359516357e-24
3.30317868453817e-25
1.228413171419823e-23
1.3399435963668344e-25
3.173564349116706e-59
1.797458604423695e-26
9.427142159064151e-26
6.979895588335024e-26
4.937520038516667e-23
1.8900685211175267e-25
2.1105720804488845e-25
1.7996617190420073e-23
1.2883022773422737e-25
9.890280518339274e-25
1.4088159252103453e-25
8.601558467303701e-26
4.0221298038602534e-26
1.8425178953039247e-24
3.975572690675453e-25
3.415828095540718e-26
5.498053427037275e-26
5.675221225814785e-26
3.2546915645586818e-25
2.334099725688314e-26
7.971632342117754e-25
5.815531579104725e-26
2.66169953874486e-25
1.0915277863966881e-25
7.183548719774964e-26
9.146690839337853e-25
9.562821965886132e-26
3.869886109614799e-59
9.186120342571744e-27
1.076576429568907e-24
1.0516682346087008e-25
4.651929786240215e-26
7.562436563108699e-24
1.6999021790986392e-24
2.642639335740758e-53
1.3677355175158697e-25
4.362374284249796e-26
1.3913548548229452e-24
1.5951226447410817e-58
1.363242549171066e-21
1.747556745291443e-25
1.2697131003468199e-26
4.145280159324802e-26
9.589616637536496e-26
2.3216013152785748e-26
7.329885822956993e-24
2.4848897593267107e-22
3.77475803796537e-24
1.6468519748769499e-25
1.079995376081959e-25
2.2017300475672076e-25
2.523019606673275e-24
2.432387626388123e-26
1.9042610608356826e-25
5.607952994132978e-26
4.99503400168163e-24
6.323129867317152e-23
3.591906777937793e-26
4.0387402253512127e-26
1.341893706377945e-26
8.173940164519584e-25
2.6315219373966823e-25
3.5024552486747407e-26
1.8464592442942084e-60
6.931123425087332e-25
3.9610456617116334e-25
5.664126448217205e-23
3.2542574808353463e-25
9.733793813085952e-26
8.76204490494116e-26
4.062390633542716e-24
4.054326757690233e-24
7.477651429236783e-26
1.0866115957411678e-26
6.233688489381761e-26
1.8095258790713762e-59
2.9219045930266467e-26
1.5858329799698222e-26
1.513198039148652e-22
1.3151822840622135e-24
1.0717893816347208e-23
9.183495131209263e-24
1.2028037909163522e-25
3.7061644476931055e-26
1.4135762903326877e-26
5.972287475570328e-22
3.5474933954307237e-56
1.2669449813616262e-26
2.1679411980308888e-26
1.9143533571808702e-9
1.4492894856363641e-59
5.549024413072902e-26
2.20928128454653e-24
1.6497235008615412e-26
1.9091987100465997e-53
1.5156611852667912e-57
1.338621922121635e-24
4.018654998331674e-26
2.702813541997137e-24
7.370765060485564e-26
1.4269624661763337e-24
1.0399707072938135e-25
5.658646704388842e-26
5.8464380073991444e-24
3.3682260841397483e-26
1.6097022519903144e-26
8.269075589778355e-26
8.269981708692374e-26
5.717239345089679e-24
1.2908641342112428e-25
1.175024564467978e-24
3.9087170697140784e-26
8.36371285108322e-25
1.6429189241596568e-24
1.1728276259748016e-25
4.5658780031009494e-26
1.2938412000715218e-23
7.73011041193125e-26
3.1725790864577946e-23
6.676597326715337e-23
8.351949615252413e-24
2.926877571741589e-24
1.0661247267530902e-25
1.8816003312786946e-26
4.8556341356932325e-26
4.501806307944055e-25
8.261004353526319e-26
5.163804471404269e-26
1.8618937575818586e-25
5.2629481532009166e-24
2.0552076601338193e-23
7.39068678845531e-26
5.093102938783579e-25
5.825660018334342e-23
1.0332337103132357e-25
8.006380453173443e-23
4.595242219219252e-25
1.5271614230760533e-23
6.650918386578674e-26
1.3438673361030114e-21
4.2579287727206815e-26
5.926318785056456e-21
1.1496491084527894e-25
5.246514385061132e-26
6.012684536762899e-24
3.093113290019702e-25
1.0997670438588207e-25
8.930899479691413e-25
7.933706594982431e-26
6.831276636490849e-10
8.005635570810775e-20
3.5367163946802166e-26
6.925009449409319e-25
1.2636380492109546e-24
2.3304035443263243e-25
2.486069637583355e-25
2.803363496268105e-25
8.0709848934274885e-25
3.2780288852119386e-25
6.985229616543733e-24
1.3722398525566923e-26
1.708192682196816e-53
7.900379814925395e-26
4.868206382090272e-26
4.1011804002328855e-24
2.0532753496692724e-25
3.508849525583264e-26
1.3439560690897531e-24
1.3425661645241382e-22
5.772303156927484e-26
5.457573348032376e-25
2.6037210404511986e-26
4.637423648929357e-26
5.584589342673326e-7
2.1932162005604945e-26
9.385869304367272e-26
1.1366073438089144e-24
9.287663160803664e-26
1.2752373879404822e-23
7.459971684209685e-26
4.330875213090626e-58
2.3798276311616145e-22
1.8204055454093737e-25
4.3126832997067123e-10
2.2899937623972624e-25
2.7905136217543495e-26
9.95207746378393e-39
1.2055015770214634e-25
1.3620469090836988e-26
3.2485795732212867e-26
7.435077575541916e-58
1.0537423390047598e-23
1.2504480824681854e-24
3.853608922775989e-26
4.207303091508525e-24
2.0270603378592043e-24
3.899001273031354e-25
1.439934453729117e-25
7.320692582770976e-61
9.856740783361296e-23
9.27277700597662e-24
2.7400245891273844e-26
2.158873499108843e-25
1.5473511162838297e-26
2.032815968226607e-25
1.1410940644706545e-24
9.038117826649075e-26
1.519171927271619e-24
1.7025677370103616e-26
1.7097133775119601e-25
2.5247801302387517e-37
3.336216417998566e-26
3.111236994592065e-26
2.1971804092058685e-25
9.879680161800646e-26
4.431363086530251e-25
4.453768757341442e-26
2.4461234292009297e-24
1.4716845415155666e-25
5.321814447041216e-26
1.1857504489303047e-25
9.884896898863797e-26
1.690653456935176e-59
2.840267133016593e-23
2.5202876801914464e-26
1.6340585218884497e-24
2.1180372980729586e-23
7.384326843032689e-24
2.311530216096517e-24
4.459718438678667e-24
3.51436725672162e-26
4.7864577338675356e-26
2.954473448027439e-25
5.175656402962368e-23
8.04168448557525e-52
7.028868042351461e-26
3.965725699454144e-59
5.944441505815002e-24
2.3933452361993987e-25
8.098123627077354e-59
2.3986277134602193e-24
9.055065520896602e-26
2.389639660710715e-23
1.3060635239110395e-25
1.8959093397558565e-25
3.3157858495724944e-26
8.219106726053189e-26
2.623681865595164e-26
1.1267165286983198e-25
1.743168188239369e-25
3.865687738783045e-25
4.3869699751474404e-23
6.404857950155703e-58
3.45773196700133e-23
1.3543211786389808e-25
5.953659242578108e-53
1.7200429813300794e-24
1.2644893529614371e-26
9.29717456217312e-24
1.0469436961411849e-24
4.6141060946381095e-23
2.2832655917548354e-23
1.4247813056656121e-25
6.793286435768372e-26
1.4464804903256642e-25
4.2553669121203844e-26
3.209544024987291e-24
5.1718642020993725e-25
1.0554140890741115e-25
4.445101351163362e-26
9.43113342649953e-26
5.674805844692772e-26
2.4465225475300663e-24
9.009924230556163e-25
1.9268932857183507e-25
4.4858891319777513e-26
2.717985544798256e-24
3.239477427372123e-25
4.099511016818832e-26
6.644170860890697e-26
2.960047727479308e-26
1.8626589207394567e-26
1.0421568369640206e-23
4.251489747654795e-24
8.100931290097074e-26
2.21985362832531e-25
4.899644084790502e-26
4.684923292518121e-26
2.1418119981576313e-26
2.7217499929710543e-23
3.4482870318356286e-23
1.1699985361602508e-26
4.3109377334769165e-25
1.6160977977530854e-25
1.461193084327249e-25
1.5345193870806747e-24
1.3456964145992469e-24
7.114883485206557e-26
8.373236294392986e-26
9.271919962809127e-25
2.28852220706853e-24
1.7746491904897365e-25
3.4050801186663854e-25
4.567268727189376e-26
5.2656743715539206e-24
1.1225604510734732e-25
3.283652871948719e-60
1.3087530993173083e-26
3.760160103470371e-25
5.122389872612611e-25
3.175974419163348e-26
4.283832802443213e-26
1.2231868201458082e-24
4.218177158504975e-25
7.362537511148687e-51
2.6140432482100317e-25
5.931085863100317e-26
2.9265434865655424e-25
1.9119713003388494e-26
5.012447397136775e-24
1.0255385385479544e-25
1.5818805472368018e-24
4.1620119595363304e-36
6.362973591945533e-25
2.111150542702457e-25
8.730858252849254e-26
5.012576070266151e-26
3.94783167119274e-25
1.391023778672352e-26
9.226011132285649e-58
5.442641217422294e-24
3.155717517178313e-25
2.1267402961345938e-26
5.851615670930524e-26
9.038789719576368e-39
2.940410488332816e-35
7.538855606871156e-25
1.336213502143207e-26
1.1768824190788515e-25
2.868826114677088e-57
6.769442821332748e-25
1.5785404867989416e-24
3.4319721962689605e-25
4.7650182055180715e-59
1.215289504538381e-25
1.3181318407632025e-25
1.2272475948464332e-25
3.972519979709278e-26
8.306768737541877e-26
2.0520422111572675e-26
3.098286288312071e-25
2.0442441946911518e-25
7.467363134398054e-50
3.104416358326614e-21
1.2143814873662563e-57
6.473310277275174e-25
5.634689252142883e-26
4.453113390882187e-26
8.123971477823315e-25
3.0299296208720117e-26
3.408728497150074e-26
4.6045414580404413e-26
2.936499714100447e-25
2.3740921877558203e-10
6.503441614948919e-25
3.9223969425504406e-26
1.0139820285927348e-24
1.1305657137736253e-25
9.804554104462e-26
4.4337517608635523e-26
1.9847377514967004e-26
1.1498723350060223e-25
1.148034251701936e-24
8.022982797867341e-26
1.14586028446843e-26
1.3989837768090088e-52
4.1159825634218735e-26
3.5825457859959684e-26
6.47165068618425e-26
1.19730210310764e-25
1.710759608087522e-26
6.724919761652965e-25
3.6670732627480263e-25
3.759059302416333e-24
2.62284780401371e-25
8.773410517149299e-25
1.512372135423271e-25
2.4285653053948626e-24
1.3385895560294512e-24
4.104877227016515e-25
1.06611682325887e-25
3.9000717468156064e-25
2.8051688767686693e-25
2.4770932788797575e-25
2.9557784698599447e-24
5.094915572896765e-24
1.552283665092307e-25
4.145558479756297e-25
7.726347196656518e-26
5.424846848530049e-26
1.2342844100869363e-26
1.7720566785235033e-22
2.97479950556275e-26
7.604438405481819e-26
3.3644531388539924e-26
1.1081682088532813e-26
1.38068540930848e-25
3.984459701841687e-22
4.232364573759093e-24
9.226038881033628e-26
3.000693663275991e-24
5.824136752205189e-60
1.0639787516074418e-24
8.591670958821761e-26
4.7769337884230037e-26
1.2201907974184472e-58
1.6872077479799692e-53
9.642466068361436e-60
5.0411066648416714e-26
4.161103030553981e-26
4.8287994448200083e-26
4.026558551132633e-26
4.8186437569439076e-26
1.1335340187448333e-25
4.760026029547691e-24
3.2727407679225727e-25
5.659821310279626e-26
2.9207968951605633e-26
2.3932864854012294e-24
6.1682743892469875e-24
1.5936001649068748e-22
3.720677688120289e-8
3.759346368466624e-25
2.2889391606629242e-23
1.297276746625681e-25
1.4025467277949288e-25
8.835047136773523e-26
7.070193185985505e-26
1.0787077999655428e-25
1.0612277101968267e-24
1.448228969543944e-24
7.250360459654383e-26
5.645448293829723e-38
7.6648959377335175e-25
2.497373316606532e-21
1.97116822633399e-24
4.774809284287047e-13
5.940482614438133e-59
1.6627929934680912e-59
3.9989312602178317e-22
3.578483769271932e-21
4.598794168814029e-25
2.0426763307899594e-24
2.0807432291830616e-26
2.0728829646438368e-26
1.728804485650202e-26
5.653682371905352e-25
5.95075433698444e-26
4.293002712544842e-25
1.7696161591186994e-23
8.628799809817122e-59
3.0700460730110297e-22
9.21306148078659e-22
7.081037391223466e-26
1.4889509930659324e-51
6.012208055471878e-24
9.060279978788195e-23
4.2145127672642845e-24
9.541980596783645e-25
1.6228449395357573e-24
2.7188992215067324e-58
5.44999543930207e-59
6.689047061066728e-24
3.6892683014156602e-25
8.503478048723338e-25
