1.0365091361053465e-12
5.484478485890442e-14
7.579850533715976e-11
5.759108007567994e-13
1.230887690264822e-11
1.6920531499421836e-12
3.858359355911463e-11
5.765517524956091e-13
1.242002158191228e-11
7.928476984285328e-12
2.2650715886694252e-12
2.1054131134461502e-14
3.426634677648621e-13
1.7772660318348107e-14
5.714432587830415e-15
1.696152462337147e-11
8.452374875254641e-13
1.9303980244865432e-14
9.534142592697244e-14
2.1156045969405526e-13
1.0059691800461648e-9
2.3663914857795956e-14
3.339767017116518e-9
2.8160578903574368e-11
2.691074665503428e-9
2.397852900005101e-9
1.18983505055143e-11
4.710154598707736e-12
4.959174432048684e-13
9.254990339651532e-13
7.476839624908736e-12
1.0672974170381009e-12
2.7628689200218806e-12
1.0977872371035432e-11
1.3983460644683383e-11
1.9763183413999664e-12
7.682692690919418e-12
4.888594957466176e-13
1.1044465888540303e-12
8.196596496952878e-12
4.3500553455682956e-13
4.5877447727526985e-11
1.6138877098228372e-10
1.76689830172664e-10
1.55094171464422e-9
7.246118703741397e-12
4.031302531142042e-12
2.0322428067109577e-12
6.730547981754214e-12
1.2608805805012322e-10
1.6746901384932263e-12
6.068992637948542e-14
1.352941113963036e-12
8.697778149602636e-11
4.818003871229465e-13
7.58229415869925e-13
3.4219736463027893e-12
2.9944345975167526e-13
8.333780493553342e-12
2.4363287394540837e-13
5.0541253645600145e-9
1.3900721026009672e-12
1.601502901727734e-13
2.454245452341722e-12
3.4102388746294174e-11
2.70567749471531e-12
1.4721535894811365e-9
4.577986792554105e-13
1.7700736888093795e-12
2.7780580270904256e-13
1.6619333155227676e-12
1.858955296106428e-10
3.590567172645835e-11
9.390857953638568e-13
1.3265274809444982e-11
4.807350482298255e-14
1.0201662368496165e-14
3.834225708422382e-12
9.391667118694689e-14
1.700219280722743e-11
1.1454220975537583e-12
7.217898813257854e-13
3.5977111829588517e-10
6.228925183636308e-13
2.1924667607849254e-12
4.657822205537281e-13
1.1887549079062114e-14
1.7541592517558407e-13
1.128733394465388e-11
2.014433126454175e-13
5.067278492916466e-12
3.349122507254726e-13
2.2420299148254948e-11
6.952386732394743e-12
6.497809140676969e-10
1.7110584749146268e-11
6.35736658013327e-13
5.081594183557837e-13
4.263480445365946e-13
5.388872384520345e-12
4.26980320702709e-12
8.729944473317789e-14
6.789745165769148e-13
1.3870002155748764e-11
1.825921133973549e-11
6.682935928095392e-13
5.436806612509477e-13
2.085816629721491e-12
1.2071368668369891e-11
2.2262983608125549e-13
3.3823776601726397e-14
4.82484690751561e-14
1.1335924015231555e-12
1.9712440187029106e-10
3.0216069037446175e-11
2.526667281850887e-12
3.271200482879664e-15
3.030896291957763e-15
1.398869510973816e-12
4.865509055087267e-12
9.398487538200834e-13
3.751042477260668e-11
1.907609598786355e-10
3.586982819358511e-11
6.833861040830665e-14
1.89764592266702e-12
3.092513986669845e-13
1.1312705442869085e-12
4.885671707112125e-13
2.4122388417917276e-12
1.1282290029139961e-11
4.8821399743312216e-14
8.762170988698009e-14
3.1903667143833998e-12
1.0928778425972964e-11
3.4689650565991803e-13
1.4811294408875037e-11
2.5141655449388895e-11
5.795443273920508e-13
1.927155517021472e-13
1.170219513115403e-10
1.892854253736118e-14
1.72743376660568e-13
2.53084916840223e-14
1.0804311125590886e-12
1.1457799609903378e-11
4.813216683410627e-11
1.7195294819493736e-11
2.6539562308603206e-12
3.516662726462465e-10
5.2448610074778944e-14
9.006323043455917e-14
1.386107109740907e-12
2.787192409966787e-12
5.010450862605377e-13
3.120296910184539e-13
7.36924371255851e-15
1.6022148046379975e-12
4.651921835846133e-12
4.2652059655032416e-13
5.920696848724403e-11
3.762650350432981e-11
2.8865265440414315e-10
4.015988890642436e-11
5.4531880361979966e-11
2.7123296972906868e-11
7.447301117707603e-13
1.2899774213608402e-12
5.904821049123719e-13
3.9680882005039997e-10
9.159651708432996e-15
4.43227889060249e-13
4.381021831520122e-11
4.171101323372166e-9
9.328057732883936e-13
5.1457715840991855e-11
7.542693335036703e-15
1.475164643481677e-10
2.58547055646856e-11
2.2368046310627141e-13
6.519717682475105e-13
1.0023503519320462e-11
1.630747980501341e-13
8.527525759948221e-11
7.166924338702372e-12
2.6357727398864737e-13
4.491751262032182e-12
8.579366617262029e-13
4.992532710535099e-13
7.649404765343357e-13
5.592268338696181e-15
1.722316393362924e-11
6.163560802186921e-11
8.007976965644537e-12
6.042265506996738e-13
1.6477144354788078e-12
1.896337377788315e-12
8.772325615325188e-11
5.768623272926098e-14
1.5610230083643517e-11
1.4714505257839005e-12
7.92508293378883e-14
8.132889271634566e-12
7.415114813793975e-13
1.6595229580119983e-11
7.947884855433225e-10
5.04264737156877e-11
1.6446377847318368e-11
9.772060130630529e-13
1.2238122634445335e-11
1.3697995730128765e-14
7.273018698589634e-15
7.936931345492321e-13
4.315744536276633e-15
1.2701594250230063e-12
1.6052453286964104e-13
6.8939477559638955e-12
8.37082210373574e-12
5.1345172849009336e-14
2.632187226061284e-12
1.1288559022333354e-11
4.560878908036165e-12
6.142062362278271e-10
1.1402253223678707e-14
5.186082714359516e-12
5.314705768957067e-12
2.9681507399064036e-13
5.577094903879786e-15
3.7307782735040784e-14
3.621472000067814e-12
1.640961939210844e-12
1.3160396675324307e-10
1.1565687903795161e-10
1.964056130198427e-12
8.517188831861982e-13
6.528658830045537e-12
1.8243202569358331e-13
9.961001314351334e-13
2.9547113728379147e-12
2.478375332314348e-14
7.308330688720746e-12
6.133885587823852e-14
4.150434684791144e-14
1.679984550001659e-11
6.739915443569844e-14
6.09464261910162e-13
9.968710275701042e-13
2.0378937431716483e-12
1.901624112069649e-11
1.5607659588943804e-13
1.4886594998149617e-14
7.385577760249439e-11
1.9341242271890724e-14
4.171007494035263e-12
2.0041395752293667e-13
9.21585649991652e-15
5.355098339265772e-13
3.438461726890706e-13
2.016093593030941e-10
1.1138297595513814e-11
2.9317712727690877e-13
5.462552658016309e-11
9.821333477886284e-13
1.3198943463440982e-11
2.5259819758495406e-11
8.350566549924663e-13
4.632413150371816e-11
3.708145428471495e-12
8.763499443641152e-11
7.123697225757302e-13
1.78247251919242e-11
3.79438812193875e-12
7.797873596005032e-13
1.6960286983838297e-14
9.628552704902974e-12
8.825004913809664e-15
7.217773626967351e-13
7.489885419558001e-15
3.219014264451843e-12
6.928393306414681e-13
1.442596777306634e-14
5.284398030118018e-12
3.191456692846028e-12
3.159098130093798e-12
3.9409054954770126e-11
7.357222494391782e-13
8.823173805711766e-11
1.2914535205883304e-9
1.5479736617573553e-11
8.509540379371592e-14
1.6453715253632615e-11
1.723188649894826e-13
7.747459175913411e-10
4.199101169437191e-12
7.333564184702784e-11
4.188311894788028e-14
2.3869378952580295e-12
1.36566191976753e-13
1.388531643834332e-12
8.66289326333967e-13
2.9924206972039303e-12
1.4220670750785884e-12
1.0128256941671781e-13
1.5904995212574386e-12
2.5697004907066586e-13
1.8257292053940574e-14
6.307032985079202e-11
1.2668423121140496e-12
3.1695842250569385e-12
2.8253830519104265e-12
8.637185630160979e-12
3.5389860681117607e-12
7.911153212578171e-11
8.953623442542898e-13
4.711194025746272e-12
5.915722227910687e-13
3.924873176022764e-12
5.134609458243195e-9
4.4892788849900904e-13
9.924396938137196e-12
4.8300767922636904e-14
7.707439888441947e-13
1.789762660294667e-12
1.6916927693745892e-14
3.92047612055042e-14
1.547171053441863e-12
1.1559159613477603e-12
4.5366375771607736e-10
5.069256161049586e-15
9.50670750416489e-15
7.803116870194273e-13
1.9155636476965658e-12
5.776019519468799e-12
1.1044580951206683e-9
1.5137197608944183e-14
5.363325343296698e-13
5.512639940349761e-15
3.776607291947293e-14
4.019729918136926e-14
1.466420968644545e-13
1.259505255366012e-11
2.4716077617849874e-13
2.965158263365162e-14
7.636341989193724e-12
9.058368405775325e-13
1.3755907766484813e-12
4.3236920652109974e-14
2.2526017938872342e-11
3.9198577243302244e-13
1.3432890944492012e-12
5.333076901630024e-15
2.1098487437667806e-14
7.63650584832097e-11
1.7290642447550922e-12
1.2652568042521442e-14
5.364571640202711e-10
6.708789637260907e-14
6.059877874725691e-13
4.203641142428696e-12
4.113341740642449e-14
3.6765468758791414e-14
3.760253692144917e-12
1.6305042766853782e-11
2.2870073985014958e-12
9.879008734842803e-13
3.5290659534184245e-11
2.1700258261139627e-11
1.316050597050663e-12
9.46247144987791e-15
6.753635001507903e-13
2.3692275490551767e-14
2.0349999543542086e-12
1.3577834854586318e-12
2.4663053108271502e-14
7.617614075172907e-12
4.6664448360858306e-12
2.6061376695724323e-13
1.5534779126241126e-12
2.2360159644022044e-11
6.165034044950633e-12
1.0034272760880384e-14
2.566831081523128e-11
8.527337453917677e-11
3.5305019625562463e-15
3.654636686232731e-12
3.784321275495668e-14
1.5109231878494036e-12
4.84403619937041e-15
1.2595682687445382e-10
4.431742132230887e-12
2.270523327508065e-11
7.16430184167135e-14
4.765960371050828e-14
5.178064213074049e-12
8.969966761775669e-13
1.667351208576081e-12
3.1368159723805788e-12
2.1745033002005325e-13
4.449329513591955e-12
6.555055722787326e-15
8.052956425238189e-14
4.640919435213489e-13
1.2991468729768008e-12
7.918631862221591e-15
1.7332733101422508e-13
5.760541673544816e-12
1.9462776755303636e-13
1.9520237292289563e-14
2.05365400256892e-14
2.724547925737437e-13
1.4597204012739982e-11
9.919214994210446e-13
1.9991811626039887e-11
3.81665442028728e-13
2.058237840312333e-14
1.6274063224537068e-11
1.511435498845776e-14
5.289072837642955e-13
2.5301948278026718e-14
2.855942592643491e-12
8.463902845845808e-15
1.3450990142735461e-13
1.3257893426760235e-11
8.3179679796423e-14
3.210765966812108e-11
2.390495624831591e-14
1.273020039120457e-13
3.2223989234367137e-12
4.997101650470637e-12
3.922399851976789e-15
1.7831180250794728e-12
1.7364602139569748e-13
5.7318563519816446e-11
2.6005531316577433e-12
1.1661217001390558e-10
2.6849932164184896e-12
8.959567517270774e-11
5.923793190862449e-13
1.028589176810974e-12
9.2925631056245e-12
6.727468544307532e-14
2.9829919887598913e-14
3.793333508448406e-12
5.6065559137846413e-11
6.433289748613949e-15
4.639468350892361e-12
3.2936637849205056e-13
6.861262089276534e-13
6.10240117086397e-14
3.08618045966424e-14
8.435727120168356e-13
1.214821686033135e-11
1.8266866012131406e-12
5.0162858673843976e-12
5.193661690162418e-12
2.644987253117209e-14
9.721235129944963e-15
5.16389033669951e-13
5.882612723031256e-11
4.3238190419079994e-14
2.3603374527937045e-12
6.514448144236845e-15
1.3662349080818219e-12
2.5548446091225613e-12
1.5402145053514523e-14
2.7676270569445623e-11
1.8650033351313087e-14
5.199218357684858e-13
1.2698320524050903e-9
1.95503880202536e-12
3.854897473734533e-13
1.0425478814065338e-11
9.781994784774857e-11
1.888614363035551e-12
5.302272717674129e-15
6.277694114322192e-11
2.143606131984884e-14
2.6340424965655312e-11
9.586270067447051e-13
1.847937638639783e-12
3.4744447481167255e-11
5.2937764528111835e-11
2.0871696524233186e-13
1.2449927245519102e-13
6.269459569504564e-13
1.1527576142511535e-10
1.663963092159394e-12
2.528744782374083e-13
2.7159994877676163e-14
3.5825280676732673e-12
2.6700476447337556e-12
1.1710198337562853e-10
6.54218048306045e-13
2.7961512757236343e-12
4.8451550277574104e-11
1.377753069339832e-12
3.025993440705771e-12
2.8420060447261897e-12
4.9674993233681265e-11
2.6736028764445212e-14
7.852233853364803e-13
2.2208048648990104e-14
1.498933341845386e-11
2.0033313915645195e-11
1.052383304584628e-14
6.055370179112428e-14
1.7689424687166554e-12
5.550405036917986e-12
1.0902465893782618e-12
8.572352765788283e-13
1.543450199032902e-10
1.5188200000739828e-12
2.912090512107786e-12
1.2724890387127863e-11
9.130232518473687e-12
4.746005002868194e-13
5.21569465307427e-15
2.07117319567594e-14
2.3582913312340455e-14
2.5638578063574274e-10
3.6308986104429096e-13
2.1815610439019507e-12
2.0588248104094337e-13
2.883575117334261e-12
2.9413651315153854e-14
3.670448509325003e-12
3.559040370875991e-12
6.226892258086907e-13
3.1081011801605738e-15
1.3612839178045922e-14
5.138128586497604e-15
4.502135427640722e-12
4.968800624103509e-9
1.052717827540283e-12
3.190963350030042e-11
3.2193781991335943e-12
1.6284865645676942e-13
4.3093166915887145e-13
3.801306332924158e-12
2.984258884031907e-14
1.606106529073794e-14
1.456716634016112e-12
2.5938797786574594e-11
1.034304281101733e-12
6.526779551284636e-8
5.265623743559715e-13
1.799321050207221e-12
7.97618819724135e-12
6.557402375402994e-15
4.4940359765918095e-12
2.410134270108164e-12
8.292392980298491e-13
1.1601823870164815e-11
7.559996900291874e-13
2.569991851556915e-13
1.0038344177559001e-11
1.4742278880610486e-14
2.912437779569021e-12
1.1014379397242628e-11
6.279505184192683e-12
4.695906486794864e-12
6.602856732995989e-11
4.4662215601420304e-13
2.6191051375952514e-13
4.329245278923054e-13
3.497867290877539e-14
3.963752066426155e-11
7.143951554377677e-11
9.176429205913425e-12
2.7745944281727305e-14
1.1223794393162527e-9
7.850074454664505e-13
2.1072042440935703e-14
2.5738127084027994e-12
6.6184230627667594e-12
4.576344996033871e-12
3.366001837802404e-15
1.0733988914591526e-13
1.8735737683411056e-13
1.7427944694280757e-14
1.8685007999978742e-14
2.565805592126046e-11
2.849941805281495e-13
4.109810750432822e-15
1.1896069649258702e-14
3.070618780164639e-15
2.663637539772383e-13
8.750181353873419e-14
1.8654853932397057e-10
4.538120866594308e-14
3.6062831794828466e-13
1.6264185586862517e-12
1.8903196089563239e-13
8.776962945610355e-12
1.7588678200816363e-14
1.0702318197728063e-13
9.443394848857453e-14
2.6035912601465433e-12
1.5893735059696163e-13
1.4406713986722678e-13
2.6248550665626183e-11
1.1094408462711348e-14
3.832425628400592e-12
8.417684189109257e-12
1.450506629793385e-12
1.8790142476541632e-13
6.510765072304793e-13
2.127355433874759e-14
6.227986533818656e-12
2.5857918432884538e-11
5.58069895896965e-13
1.1870807402948798e-12
3.6085482975672494e-11
2.641727611255536e-12
1.5501799958770517e-12
3.2361083215196125e-14
2.852638367288613e-13
7.660974261690664e-11
9.689609966441236e-12
4.654428315391058e-14
4.9152594261231364e-11
7.910716619607139e-12
3.683203174493174e-10
3.933566252261473e-12
4.4925413150168445e-15
1.590166167799385e-11
2.5353743805487678e-14
1.4416449856259432e-14
2.222122846521209e-12
4.2761553589314174e-15
1.945120030235633e-13
2.3760625230599743e-10
5.2508005277457135e-12
6.0172979007798785e-12
1.5374018922082342e-10
1.1149563296095902e-12
8.663706536456053e-13
4.333172421600498e-12
4.483513969866274e-12
3.9391129377546935e-13
4.992076858129336e-13
2.8849425972645334e-12
3.608381629367388e-10
1.8419089056425428e-13
1.0420174826287795e-11
1.2994413716665905e-13
1.917275256232034e-14
6.145565833221981e-11
3.97293887605043e-12
5.898308541065005e-13
7.587737530350571e-13
4.800616584897172e-15
5.472252535328976e-13
5.772778390121495e-12
5.662761022513484e-14
8.754376606766546e-12
8.202284693283593e-14
3.471291594973212e-11
4.907328660431356e-12
5.716584787340821e-13
4.2994734432260844e-13
1.647067422397058e-11
1.0667544196880733e-12
1.5571428407756384e-12
7.060010810283979e-13
1.0463521014704914e-13
6.329900103717106e-12
9.315689144727389e-12
1.8268359516239557e-11
1.0172101459903962e-14
7.452197727839687e-12
8.950950302368962e-13
1.9506587644325362e-11
1.975117635949855e-12
6.510265545148446e-12
5.383607219800401e-12
4.3055852366844344e-14
1.76475985013405e-10
3.5168994936700696e-13
3.9510621031244e-14
9.502498405724137e-12
3.373278860767721e-11
9.12100258049174e-13
3.626916361337382e-12
8.555751440444861e-12
6.954594947932791e-14
8.486021081632402e-14
6.541576638199833e-15
7.76595370889376e-12
2.5348831246364854e-14
1.682404720739019e-11
5.690499466492831e-15
5.196679015687112e-13
6.144208606363529e-13
5.056629489985035e-13
3.793162819399016e-12
7.922306935372365e-13
1.3616621782886313e-12
1.2984861525296903e-14
3.186899894028661e-13
1.1926814338225691e-14
7.432606921669849e-12
8.293268174193051e-14
5.10735496178091e-14
5.425585872158954e-14
3.7775835753260026e-14
1.0749748193861357e-14
1.5194964865609782e-13
1.1513823545370233e-12
3.109579117400104e-13
8.42206570480874e-14
8.159734416976369e-14
5.140500341743481e-13
5.4964664746771284e-12
1.239959691160287e-12
8.876885633927951e-13
5.441225020747576e-14
1.181107402016128e-14
1.5465506984038865e-11
1.2199185091047298e-12
6.129038197906513e-12
1.442280589388215e-11
9.765575812650648e-12
1.2503173807982234e-11
7.684248818853775e-14
2.5924761951055264e-12
1.6836370327192494e-14
5.406656954697566e-10
6.497658975578998e-11
9.549399571509864e-13
4.312179619148297e-15
4.0019235628598193e-13
1.8465514326494063e-13
1.0060725196143107e-14
1.2913006324816256e-13
4.4245117267074933e-14
1.837747153377075e-12
1.1883256989347855e-13
1.8134844599749947e-11
2.0717158931679482e-12
3.8634084396727445e-12
2.4197743933043356e-11
2.653276409930448e-12
1.3930699046182814e-12
1.9289194459115027e-11
2.707174107419275e-12
7.240501694231154e-12
1.3669778534849515e-13
1.1173031225556346e-11
2.7155308968286324e-9
7.514147513977849e-13
1.1326596248727684e-12
1.977225986322471e-12
1.660898891018434e-11
5.023234952040112e-13
5.7349878459376205e-15
1.0151795487026279e-12
2.960479353005949e-13
2.78203272408013e-13
1.8521996040955985e-12
2.7853067039430955e-13
1.9936001252409578e-13
1.4953387713244215e-14
3.0775018951245224e-12
1.5896447425493809e-13
2.9547256022049284e-10
4.776898753267903e-13
2.229357018894909e-14
1.5912456220496917e-14
4.82292571166511e-14
5.6227929572026475e-12
5.0640822533572515e-12
1.4918679994272609e-12
6.907485785558802e-13
7.017599184370194e-13
2.439539165536475e-12
1.8342442456085213e-11
4.0813513701042776e-13
2.2345878382462595e-12
1.50249741758219e-13
9.075445718935436e-14
2.6789127555787296e-11
8.408840694484028e-13
2.5557924944901538e-14
1.0297247284345101e-12
3.365743367251717e-13
2.5719894270172147e-12
2.882528075365516e-11
1.160164598880321e-13
5.558323789987387e-15
2.0701950715272014e-13
1.281828041550932e-14
4.524568227220134e-15
2.2597789718148237e-14
6.487304953712269e-12
4.080790075488628e-11
1.4459604794983134e-13
4.367532180027174e-11
8.915723743927011e-15
3.316868769599717e-14
6.419351450232237e-13
2.4014045053926313e-13
5.620739247763677e-13
2.048130351086687e-12
6.074801305536727e-13
1.996893339380084e-12
9.497401265969809e-14
4.830700330957782e-13
1.821280418731001e-11
4.708626331222645e-13
1.8668313317198398e-11
1.0243575289834627e-14
2.9623817790679764e-14
5.5988380404345265e-11
1.0964928948574128e-12
3.1012670186652874e-10
1.6566855881139333e-14
2.7657131466870287e-12
8.313729653434268e-13
2.4792706804166214e-14
3.2789418342887827e-12
7.702481562111074e-14
1.4567526647400558e-14
2.194133856895075e-10
8.896025436095277e-13
9.256838457944691e-13
4.644289173637998e-12
4.731967976024908e-12
5.872752996037162e-13
3.7725554433769115e-12
1.0893527968585283e-10
2.04650336727379e-11
7.243112972057905e-15
1.5012042662881632e-12
3.606190592694531e-12
2.256571427791297e-14
1.2236162725297309e-11
2.279041259932877e-12
6.796560745594517e-13
4.618969366164882e-14
1.9982959100103465e-14
7.491553266031628e-11
1.6684751161690224e-14
7.254163485563704e-15
8.060822895889236e-14
8.491620441954003e-10
2.610695916913066e-12
7.870922382880774e-12
4.686922103560722e-12
8.64436971662782e-12
8.867394867910385e-14
8.842001156767121e-13
9.432276869306076e-13
8.549892551557019e-13
6.02232992865473e-13
1.292301876282665e-12
1.5412198167005391e-12
2.945656662618664e-13
2.592233804653666e-12
3.212072026043883e-12
8.195300055440797e-13
5.567011283422144e-11
2.5796398302632324e-11
9.856801303754073e-13
2.7812879363507486e-12
4.48255925214306e-12
1.6063605026952025e-13
3.128512039342072e-14
5.6415318021069065e-12
3.257830136756823e-14
5.536080714104823e-13
2.602039471029933e-11
5.55946783448126e-10
4.248209896339474e-12
4.3202121068050356e-13
7.621625352025081e-11
2.9738591162562846e-10
2.9191149865232247e-13
3.5886864895543805e-15
8.28590693629518e-11
3.4620189324612605e-13
7.650891948247088e-14
3.042729921609282e-14
7.413907007972854e-13
5.948672461757902e-14
3.787593758168381e-12
3.5805357902865845e-12
7.635227084007452e-13
5.090891859778826e-13
7.815509916294128e-11
9.028154431005919e-14
4.553191085827879e-13
1.5857465532133523e-14
7.323985522882632e-11
3.9355723339011085e-12
2.2667430392982058e-14
5.219314399188683e-13
1.724809087384594e-9
1.4780368699073615e-11
5.5218435397213435e-14
1.2051168976045591e-12
2.2245912991971888e-12
2.3155999724692334e-14
1.2931255354582167e-13
4.880542649008813e-13
6.754549199086626e-12
2.8867196511010303e-13
1.832873951395119e-12
2.0580357271220784e-13
1.5266484221551866e-12
8.09965702813529e-15
2.179628136630084e-12
3.931184423535183e-12
1.973801700504539e-14
5.133698754870295e-12
7.644264095852578e-12
4.568306439094468e-14
8.376890014211753e-15
1.90423874923086e-14
7.215258166557615e-11
3.759591433704049e-13
2.3297102669916364e-10
3.615873583797863e-13
4.557406715214619e-13
7.665221301797306e-13
1.1580276976408557e-11
5.695169365588061e-12
4.264009331896317e-13
3.1567046209505465e-14
8.318424796647809e-13
2.3458216877290484e-10
2.1645268681568734e-13
3.464976563168227e-11
2.6604418211243056e-12
1.6655220387426385e-14
2.4383960072012303e-12
3.487799360929177e-12
3.059479875460179e-14
1.4144637703193292e-12
5.864312246009538e-9
1.682670706880892e-11
1.032688256702541e-12
4.003429580365587e-12
9.093546413866249e-10
1.4511858450234658e-12
1.096097984874254e-13
2.212963148958067e-11
4.951740011615815e-13
2.898858103566068e-14
2.065267512039087e-12
3.360534576176241e-13
5.290648142227268e-12
2.9527518558146833e-12
4.118230195527472e-12
3.6090745096824648e-12
6.451754965671417e-11
3.100379229255724e-14
9.39093941167835e-12
3.7500947405995047e-13
3.233212161509446e-13
8.814974765496517e-11
9.234567709478548e-12
6.867862114810687e-13
1.430486635037942e-14
8.069342344379442e-13
5.937239433517348e-14
8.43861683923941e-12
8.178809655403692e-12
7.281894415706334e-14
5.262757310052063e-13
5.95390497990797e-11
2.5977536339879114e-13
2.4956861670435174e-11
1.192483930959217e-8
2.224549809655236e-12
1.125478289824814e-12
2.99327251432947e-11
2.3329552101160106e-11
1.5196141373718368e-13
3.713642997269926e-13
1.1598388376271319e-11
1.5052965938747452e-12
2.318436967288086e-14
2.309358796806017e-12
1.2009911091229032e-12
1.0859604981622355e-13
7.229394545895783e-14
1.172849065833586e-12
8.108324532501333e-14
1.632814708252655e-12
1.5504947775612655e-11
3.6746680646476234e-13
3.8449796602398107e-13
3.4103813834565597e-10
6.252331284069848e-11
1.124394680233507e-12
4.77026251119919e-10
8.674507489114185e-11
3.718933522862492e-12
1.0545682232996549e-10
