0.00015145571694598933
0.00011789291563951271
0.0001035797787801937
9.428103340412751e-5
0.00018186284651519936
0.00010820469783803376
0.00031914555056689883
0.0001037023547207258
0.00026994740996347726
0.00012776168578360148
0.00017492563964661336
8.975409548178679e-5
0.0016411102901807738
0.0012484589175241782
0.0003081999268995263
0.00017213396435844934
0.00013578585448691878
0.0002741192018070857
0.00013159832553210553
0.00025221072197588364
0.00012203132530619273
0.00011146524947147544
0.0023253285228287852
0.00021891083257449646
0.00015139984103591748
0.00018722843942849205
0.00015737216526340444
0.0001711835633983901
0.00011095879682636446
8.073609272810978e-5
0.00012736154191662018
0.00030230321779139144
0.00011243622814041973
0.0005432344742191265
0.000388790206245576
0.0001437888486738951
0.00019896236971101968
0.0007071005975002318
9.883610687793706e-5
0.00014153045134993313
7.502691193177296e-5
0.0001717549495802195
0.0007136428679284819
0.0001227097366734831
0.000579262592361062
0.00013485553481636632
0.00024775011031587783
0.0011570172689361635
0.0002714896859716092
0.00010859108806233999
0.00019356818830973
0.00023956354559861114
0.00016488481249970235
0.00011567178908233942
8.626761236227628e-5
0.0002120786191775094
0.00025626691385423865
0.00024233374907622473
9.662017066339388e-5
0.00029848262455257294
0.00019790736926577577
0.00011233941068595956
0.00037183378387104535
0.0014895500152796001
0.00015289157533402255
0.0001040153155790823
0.00030173547876640307
0.00021242763278776316
0.00011650746673416037
9.380549421545566e-5
0.00022301439710813146
9.269419069555078e-5
0.0002378395891595937
0.0002270718350382305
0.00017510780063059757
0.0002493074303047219
0.00014716710180354386
0.000625643891228617
0.00012429308156054837
0.0003874002589934364
0.00016373598557887766
0.0007040062934465596
0.00021012771706814602
0.00023079238418943643
0.00023323471718024845
0.0003304492400530495
0.00024979788510285804
9.635598587942914e-5
0.00012360724632528588
0.0002770470432453952
0.0001500488684867047
0.0003002457928099727
0.0001828361613917101
0.00016739292152073457
0.0003874045277874433
0.00012131807587506096
0.00019017128323835456
0.000261673582076242
0.0001461339496993837
0.00012634638479097334
8.3144784994443e-5
0.00012876736944802134
0.00014461744196454942
0.0001579619128579697
0.0001567907580417479
0.00015714323107830558
0.00019340400135068762
0.00022747102983037442
0.0001020994410665215
0.00022571434281421282
0.00014743673456339267
0.00019140962192455485
0.00010092189370779064
0.0001150955721740709
0.0003013017808689995
0.00011676996735192151
0.0002973886418504806
0.00012284213710146282
0.00037392087724481214
0.0002116149806264922
0.00023922267759080249
0.0002681544082909636
0.00044613140357907793
0.000277425195534396
0.00010466121256499191
0.0006000793955466418
0.0007101819466778346
7.83630069530482e-5
0.00012390863522096282
0.00012863074657369695
0.000171191522503763
0.00021735645240754996
0.00022158030867652228
0.00013814552422043212
0.0003106846841523084
0.00011181673398211761
0.00019559478079872843
0.00018787370515906793
0.0003271066197034169
0.0001622856708600409
0.0004253222402255695
0.0001803514739807315
0.0002041073600804327
0.00018187723799689887
0.00015437521349282612
0.00011069947435175122
0.00015635128943765906
0.0003130866366142764
0.00012781229799169416
0.00014094039448766233
0.0004980237010125815
0.00013923124310266346
0.00014105049946369475
9.989941404009175e-5
0.0001747691890412913
0.00015647321271868155
0.00011703866084832157
0.00022069096174337992
0.0005250242095558266
0.0005026139148533693
0.0006077344263016412
0.0003298336695117828
0.00022736463738938064
0.0002957322424328728
0.00010267937244635515
0.00013406838867353283
0.00010764082587397685
0.0001457745839380048
0.0002722364181403866
0.00017449496317610368
0.00012465236174382324
0.00010232105817547239
7.736699951380658e-5
0.0001877389368593285
0.0003271067336798359
0.00013866949756526493
0.00015081777094724512
0.0002687094966682298
0.00013568043608414636
0.00012619960757206386
0.00016202831029467376
0.0003266541217094549
0.0010443976675113176
0.00013327817001381072
0.00013738143082794673
0.00028538389633710534
0.0002490761004707052
0.00020430135273812722
0.00021316628935249375
0.0006089452101553058
0.00018687242251768006
0.00010014690492707087
0.00022357591629276112
0.00019446056876381312
0.00282042173591348
0.00012843029360482273
0.00015374242134739326
0.00037199394634697993
0.0005532825490494052
0.0002228167810000176
8.502356667572138e-5
0.0004600989878446735
8.185988422816034e-5
0.00018451820814696646
0.00017860188335320926
0.0002954422131054176
0.00011162901340060251
8.782096921427065e-5
0.0004280674045910225
0.0005639243545948182
0.00014514193761515403
0.00015145657213003755
0.00014535467604675115
8.64713431039465e-5
0.0009481762706529638
0.0003271787605556642
0.00012083470337523048
0.0001556441387805347
0.0001988778733480025
0.0004593967699823435
0.00011254444064409722
6.731834920768344e-5
0.00021349246077260773
0.00012905924308026143
0.0008506786014371848
0.0002664918426006273
0.001057098203275459
0.00016483417465735855
0.0002503859079123364
0.00013633077543461478
0.00016251803622050525
0.0002175129968178579
0.00022248484759393802
0.00031786852357673873
0.00024298239811135745
0.0002446880099722684
0.00016717508565991087
0.00019920980817366126
0.00023347572799500363
0.0002445352404806799
0.00012414016596080186
0.00022661346861750143
0.0007235095488794739
0.00012698047052137485
0.00011822188250953826
0.000779672820368964
0.00013554481180169908
0.0013881168448050686
0.00026549297514097343
0.0001252119903153526
0.00010375667900481937
0.00013719597926955935
0.00013153683451501172
0.00024231680533906945
0.00017352341914434087
0.00025405166110519466
8.813086346607141e-5
0.00015986496226625413
0.00011489506204283256
0.0005526377270521585
0.00033462778231754695
0.00019211698305325264
0.00039314357638100384
0.00019303710839360915
0.00013484009616420255
0.00015222089193646905
7.219496005164785e-5
0.00014806695012294476
0.00013047332384712325
9.661274340176722e-5
0.0002226621207870092
0.0002757879723340601
8.646616686478776e-5
0.0015506144974351444
0.0002878911260135998
0.00011101933231213448
8.08691526737867e-5
0.0007140751878242843
0.0003048382813638967
0.00039650601440383373
0.00015466663012183958
0.0001851973456328407
0.00025086360503024036
0.0006252665461855437
7.468958234632073e-5
9.1929538058045e-5
8.864831714139833e-5
0.00426928690073718
0.0004754226571923114
0.0001590659789415143
0.003420186148318861
0.0004338696160312896
0.0001794322978993423
0.000386203760213887
0.00012264250873090992
8.531893152898578e-5
0.00014544702042168473
0.00022494610022649226
9.501394149581776e-5
0.0001764160943142042
0.00025385909692443164
0.00018024312037069232
0.0002471547542297014
0.00017090775521278481
0.00023453908480927887
0.00010056214780487945
0.0002538155557019268
0.00014545506492069692
8.484728816265691e-5
0.000844939734484447
0.00011274434946084986
0.00013232067810971417
0.00016165514093682154
0.00030562061759577204
0.00014420159228806841
0.0001070220923226442
0.0004591741932458043
0.00040679027590566846
0.0001487361932957012
9.857163235346609e-5
0.00016747358786686786
0.0015968305321452866
0.00011262300204343505
0.00043117508879216893
0.0001618837253615685
0.001985139201918386
0.0006315812010582909
0.0011136485849835666
0.000499288737738295
0.00016404145006087778
0.00017497693252830252
0.0009196961480811084
0.004418114280499636
0.0003270370024465628
0.0001091132864203755
0.0006238390474809966
0.0001337316436393702
0.00014257036604681882
0.000176297785304414
0.00023635712275739415
0.00023215006805836044
0.00015935799692773416
9.321111962325354e-5
0.00017450750706041635
0.00014069262095005213
0.00040096126499311943
0.00012246342011060476
0.00017633354205344535
0.0002128449947310891
0.00031584803552965206
0.0004256630031590139
0.00012149540066648148
0.0008066108248315986
0.00011156971779223688
0.00012932963903296844
0.0001495605890397142
0.0001175676185820006
0.0006367104348670593
8.685033554401617e-5
0.00018320321812984681
0.00028092593716140047
0.0002461930806557623
0.0002910642060989749
0.00015592976356407922
0.00014011235494790057
0.0003717909302594943
0.0003083270433542461
0.00017510717044382472
0.0001317635731682303
9.178517076199198e-5
0.00030826335755576036
0.0003203187748740946
0.0001350392217882157
0.00030616762620024794
0.00011659695516174381
0.0010635417371329418
0.00016212564308647881
0.00019429532653802807
0.00021265741738371217
0.00025979790115445925
0.00012529820972286004
0.000267485278556597
7.274697446668044e-5
6.764048558884714e-5
0.0006191792123125269
0.00011003892099318564
0.00018313466954610733
0.00016492851827250546
9.793996560460823e-5
0.00023310465916070913
0.00015015949771812303
0.0003839674746920077
0.00023951431982495563
9.17343090109052e-5
6.641575456682276e-5
0.0009252331211319284
9.1106821450847e-5
0.0004904913038473015
0.0002730632849479127
0.0001251798021948055
0.0002692491655403176
0.0001443396751086762
0.001339721190952543
0.00017916943121132104
0.0001163851643599047
0.00018769868692232428
8.763772134642148e-5
0.0001352287897207954
8.6940702658863e-5
0.0009630468204786641
0.00013292466955794956
0.00025156062647449566
0.0003303242615709713
0.00018435932276236012
0.00012684501626194697
0.00027658916046812527
0.00023142396470660607
9.468402337032587e-5
0.0002498035602845226
0.0002634410811014545
0.0007968625445947469
0.00012791905339907294
0.0004052979900942138
0.00012160221596946588
0.0006819984515825672
0.0007953878769387818
0.00033896329061728443
0.00026095174020386244
8.480555258354637e-5
0.00011805765262388367
0.004021190539410909
0.000166696049191803
0.00041691658520570386
0.00018150586804346853
0.00019158722915625832
0.00015580658499166934
0.00034128614248139246
0.0003128003074697709
0.00013857082947977656
0.00026358422845266605
0.002637711302293389
8.894669367113708e-5
0.0006719213696059524
7.446487644250535e-5
0.0002519897787494649
0.000267759726920985
0.0003277434336160668
0.00013728489180766195
0.00019225352938955908
0.00016222979456028192
0.0006785247089977638
0.0004912490913689578
0.0001422890702052736
0.0012817724196695017
0.0005015097811858128
0.00019348719000255845
0.00025460643751497986
0.00040268677822233117
0.00034215502703388215
0.0005926698257884875
0.000398160884832175
0.0014781967323149261
0.0007790070976219383
0.00011057251279622452
0.00011429218517185032
8.823133576407731e-5
9.790057222513039e-5
0.00015707021260293936
0.0008550296565895427
0.00011009692173961389
0.0002121071287872384
8.962582882242139e-5
0.00020114536833567694
0.00016468859673157468
0.00018675263507992213
0.0007855370925333152
0.00023577174733730499
0.0001156604458011997
0.00017952784665813758
9.713374873302491e-5
0.00046094369027994546
0.0009057223061039419
0.00010163320592308924
0.001644757896460354
0.00016415634211995218
0.00011590913382130555
0.0005333215613441652
0.0001684445319687224
0.00015766869146831262
0.00010465566221168895
0.00017443259199446622
0.00022160835248495394
0.00024519232988516826
0.00016528451922765027
0.00046730273870262463
9.524659187521643e-5
0.0001970590066619738
0.00021417070617746431
0.00019888053727609072
0.0018902819140336452
0.00015850729322116618
0.00012445061346098006
0.00012586650255341908
0.0001653208160373839
0.001323551589544458
0.00031677692717277904
0.00015414191058954582
0.0002492284478495497
0.00012832129007967573
0.0002602648747611813
0.0005838439084725551
0.0008847910405471853
0.0003504557765163486
0.00030408563350023366
0.00016676247865975567
0.00017437300799556465
0.00010932757091398947
0.00030966803370034886
0.00012644942795746717
0.00023452105648549246
0.0005867495832812986
0.0001183926332845778
0.00017359591305959472
0.0002985795880882061
0.000329502610197233
0.0015085469840626644
7.698088901738988e-5
0.000507818272007118
0.001070873060992233
0.0002585599737736715
0.00023945111608143245
9.067773372128982e-5
0.0003018728020301224
0.00010093373916070304
0.00024217760216197723
0.00017074533859881447
0.00021948450836757215
0.00047671927826550955
0.00017446432766445716
0.00021670262010557958
0.0010032116699736162
0.0001838976999360046
0.00014393126686924938
0.0001261784202264312
0.000125184770027167
0.0001619153709624806
0.001557748660319755
7.485447451536865e-5
0.001638855534107834
0.0001661409641017337
0.00028057262990917027
0.00013439547183169323
0.0001476910920796782
8.505048447070758e-5
0.0010477653996600346
0.00013592308511917964
0.000715157692394819
0.0003753378857756953
0.00017875689499041812
0.00026263169388624917
9.599237323104946e-5
0.00032547127005332424
0.00016896405987284132
0.00021661773380811852
0.0020748101883092925
0.00019583125027735444
0.0006340607827336766
0.000294690285813267
0.0008482748186872816
9.90437361697321e-5
0.00012939061361044794
0.0002271259926688933
0.0001514221799662228
0.0004478861445259657
8.832641403107831e-5
0.00015535317361392497
0.00019951702132618476
0.00014021349533863966
0.00022007042030026242
0.00016167839227523997
0.0005594297590550007
0.00017477140931601172
0.0004046801557265073
9.867258742564156e-5
0.001338856711949823
0.0002203364685288803
0.0003781945085092166
0.00015369572574966178
0.0007060562236994836
0.00023057403079989661
0.00015973290832918592
0.00015093350454193955
0.003823094315397418
0.0004735522693640256
0.0011070456434416557
9.431420691369369e-5
0.00019042210490980032
0.0002965476658062083
0.0002087106730601965
0.0035873456149453807
0.0005020190953591752
0.00019920482279197577
0.0004955717197560719
0.00024423334296276903
0.00022289056810448915
0.00016934197082955915
0.0001677424136648675
0.0003312196288598502
0.0002044570294066986
0.0020919715246095483
0.0004946677451121485
0.00014333683524717276
0.00032658669821710286
0.00016833900958581097
0.00013514928975435974
0.0002931502815008063
0.000146651035509145
0.0014158605596297565
0.0002305504351209182
0.0002726255802584742
8.67865957896071e-5
0.00022143170237814053
0.0010083025401209573
0.00016017883865750406
0.0001938660431888788
0.00047258183581163704
0.0008055677254162292
0.00013053044843628638
0.000129586302349552
0.0002872624985776946
0.00014887387985026764
0.00039685880371268076
0.00010879552618224524
0.00016322727040553572
0.0003315250203907029
0.00011250114461490019
0.0001680427058187053
0.0009848951538365613
0.00013646317290375435
0.0015062790612229283
0.00012713362434677041
0.00024734571406860454
0.00010558225282915573
0.002805849467016713
0.00015472854695923807
0.00023751049134061326
0.00019290524841082365
0.000387229319745183
0.00014584001313551318
9.244818167303448e-5
0.00011272059897066781
0.00038314459413448546
9.007864643251409e-5
0.0016923973825937841
0.00015546794067231885
0.00016335869208038934
0.0004222991552012101
0.0001915241373398466
8.696786599448968e-5
0.00010384756795354919
0.00036430973333880174
0.00012694909252750715
0.0003969743070442107
0.00049579988754947
0.00021259445595273884
0.00010353973849640379
0.0002316713842759335
0.00010488235668673828
0.00014668578788394284
7.315583824518263e-5
0.00021117286044178128
0.0005106343457649425
0.00011098814334568316
0.00012580678572246748
0.0001530760486722663
0.00039971263903240136
0.00038534615239259627
0.00016963186476581668
0.00041486886711811287
0.00014332904051275462
0.00010034138396083762
7.048110642550084e-5
9.371627620907676e-5
0.0006084377276347285
0.00025224827725548246
0.00030469833728484583
0.001350994172250081
0.00036653660957635927
0.00020053669895140472
0.00015185897519215906
0.0008652352882337105
0.00019284486146879678
0.0007831735449477284
0.00014289762271486593
0.00023804221540803594
0.00016156645403801747
8.644232942799146e-5
0.00012296938223705755
0.00015973460089342833
0.00017221161225068377
0.00012698000238959157
0.00040684589413055093
0.00014831264232997347
0.00021479598569370897
0.0001916223748422762
0.0001988800760717798
0.0011186232485578956
9.661654873450655e-5
0.00026073049928264716
0.00030533176705888
0.00017554358179989394
0.00024890168865389866
0.000478166684093372
0.00030055245915290314
0.0006475527941813853
0.0003048123988545201
0.0002750547844452075
0.00010633833086465002
0.0004891529456804546
0.00021783365881469644
0.000789980984591198
0.0001487555552932188
0.0003406615160938993
0.00013200209625924145
0.00026596983777387833
0.00030269439241610753
0.00012206488741630703
0.0008142344217378627
0.0002070515512727781
0.00012278372584009184
0.0013670840556100645
0.00010961336956146328
0.00023610315270975103
0.00040070460128238027
0.0005525565149018422
9.101597504383581e-5
0.0003051183841505108
7.628893946949219e-5
0.00012016739486908502
0.00019862116611043049
0.0018981906672103474
0.0002158364664732813
0.000152613434724663
0.00023001825418069957
0.0001209233046855465
0.00019424584176363488
0.0003859127862295495
0.0004690982372735038
0.0001619375597865369
0.00032176173843987186
9.5504143597739e-5
0.00014675577936611295
0.00020761394724622085
0.00016310576434573805
7.622756417712466e-5
0.00024275278969893875
0.0001950552313593907
0.00016882052643327986
0.0005094273736041776
0.00020109286805566632
0.0002141681738917901
0.0020512591646463284
0.00030717188370457443
0.00016013717374396597
0.0006717852189070823
0.00042539416621650296
7.269081216175171e-5
0.0003530899420665074
0.0006871137568411829
0.00028968635406696145
0.00021490052425593943
0.00015747257854439346
0.00015794731488266353
0.0001892315021914352
0.00118534298831661
0.0004341900673196619
0.00017097361083571555
0.00010392517657544066
0.00033982583302088885
0.00021663671595837186
0.0023932819108984883
0.00016570063065704426
0.0002414042830632023
0.000831866200977283
0.00012374179263155275
0.0004032699876418009
0.0004024448910764445
0.00014145537794953784
9.838873248642712e-5
0.00016852682692490483
0.00014206255326687777
0.00013725676177741148
0.00037220395057134087
0.00017346462045177954
0.00011129133499747758
0.00018478839465789205
0.0003687958429891673
0.0003755780778084757
0.00017582196112303928
0.00012084304059839496
0.0005281087092480463
0.00043076312589204063
0.004448803793195163
0.00012948554527329175
0.00021286591083494443
0.00029818657247416457
0.00030680323949588354
0.00012239184185747383
0.006384207194353563
0.00020984838612151164
0.0002600162135413714
0.000481562194707195
0.00020516949442526763
0.00012136430891148862
0.0009724160955038239
0.0001085606889154694
0.00021864310459789155
0.0001900075158090286
0.0004890164704050493
0.0003854044573317826
0.00021127420901337576
0.0002884156829930618
0.00021130201493245392
0.00011330709676346262
0.0002823721148397428
0.001806164459669954
0.00020674253186492858
0.00032891536130254413
0.00012870925549417764
0.0002095436212055902
0.00013805889800406224
0.0002487750576136622
0.00022462185536170398
0.0002881188558052222
0.0011385115154728892
0.00012518095090076198
0.0002121865655210172
0.000665619893783087
0.00015004416107381843
0.0001362411491143895
0.0025591095312871444
0.00010686590280267326
0.00027013619544917147
0.00013623593516735928
0.00017625139201800206
0.0001714933871557516
0.00017371093806678879
0.0001713121277204466
0.00018203266296319633
0.003856656363570687
7.249889645488154e-5
0.0010993567056386015
0.00020496255479176417
0.00017642287511077882
0.0008059547750993427
9.316628299147316e-5
0.0002683825808220529
0.00020254477366445588
9.830390719689229e-5
0.00012480590348787007
0.0006057615298350133
0.0007312044043208657
0.0004148133857893418
0.0006407942923053004
7.247550971194496e-5
0.0002913619806344708
0.0007257912961932938
0.00031063350131435997
0.00023704622398476558
0.0004222171975346346
0.0008074292453307644
0.00012703032509117323
0.00016666948819733937
0.00022431838972535622
0.00041608326163033814
0.00018248824293036595
0.00041323114885393814
0.00013951258939521414
0.0005098222469585653
0.0001665798500563496
0.0002024070460165078
0.00010554644638515111
0.0001114861558385229
0.00014199203348623174
0.0003546246972646706
7.867058954766139e-5
8.885762026178047e-5
0.00016103818021890248
0.0005207317820413092
0.0002078196039348146
0.0001755350172397392
0.00014997191636501148
8.110905922279851e-5
0.00013294124896004935
0.00010603584708792041
0.00017552669532791725
0.0001565212471890719
0.00040649989494397
0.0004732154509838169
0.0003525788516164197
9.279369586706894e-5
0.0012704790441128756
0.0010810956993592502
0.00014438456268463405
0.000275352322691421
0.0002980149372706147
0.003918614180001506
0.0001875136915131713
0.0006763890872960876
0.00013525617252352237
0.0036738147045355177
0.0001213805829930599
0.001965298358455126
0.00013016048805888482
0.0001009880169931795
0.00040907337812675206
0.0009159985647094008
0.00033092234777995397
0.00040519776874745414
0.00013259754448521614
0.0014334014145261295
0.0004318492814069353
0.0001517325747222943
9.924549535828108e-5
8.794257775543126e-5
0.00011342951731024831
0.00011532337617593501
0.00047019774440822213
0.00022276595534398815
0.00015710114740130217
0.00023797334432020654
0.0007528009173929907
0.0005784366565700215
0.00031633103679897526
0.00018220803958505965
0.00010499894770617726
0.00015704085289472587
0.00013535657947868807
0.0003363248996674449
0.00010101365602613552
0.0015780346884414246
0.00014912665788944206
0.00018314237510485453
0.0012318037568391624
0.0001325658386442912
0.0001904267183113917
0.00018464163773100487
0.00010937782757426569
0.0001010421803052941
0.00012849048235631845
0.0002629836927128196
7.532689684928368e-5
0.00020754880208418273
0.0005112542840726911
0.00035337101210435956
0.00032676196873057754
0.000273661520901528
0.00019088762795552297
0.00011509565927814329
0.00033088541120232675
0.00026241597021128924
0.0002444984778419044
0.0001152533412204521
0.00046052419208958255
0.00014449056589064914
0.00019926397660066628
0.000257310838320041
0.0002496568598544495
0.0015030370203105838
0.00012066639072102606
0.0002212403002604947
0.00020530909959832976
0.00018786726194404147
0.00020572312272188303
0.00010272754288140897
0.00016192409472182362
0.0002747808101001626
0.00033225947672159536
0.000261012322734594
0.0002622716555472949
0.00018319599616012085
0.00012373917988811272
0.00013294431159629002
0.00023613353588986628
0.00023602197515691905
0.0004147543260543815
0.0002088924961723458
0.0013388278231804432
0.00032443494286886476
0.0002141541216280067
0.00017697509305082028
0.00530937811991443
0.00019360727480777185
0.00023239934680828228
0.0019122620289247878
0.0004420839656549138
9.597950365105071e-5
0.00014134827670940137
0.0006635505353232698
0.00014728454907916985
