0.00011952611824174766
3.8667836913578045e-5
4.8100396258831314e-5
7.859627201286112e-5
0.00014292778414511133
0.00013949903300424985
0.0001763540050487359
0.00015150876362164756
3.889565070903645e-5
6.65027115324988e-5
6.149528101441613e-5
6.421812180893772e-5
9.175855191408523e-5
1.4451093406801207e-5
5.2242355149727144e-5
2.058143168712775e-5
5.6230116398686536e-5
0.00017329501803627727
4.304874372168259e-5
1.2917066004037376e-5
0.0002031366909943629
6.618634162485053e-5
4.7189390653164634e-5
0.00013980973163678782
5.92563123936642e-5
5.880403504458342e-5
0.00013047713609399744
0.00018440311514432734
8.054426937157773e-5
5.9175793581741975e-5
0.0001566646720753814
5.300653791338446e-5
0.0001224202578217491
7.787559727436957e-5
4.752616046818494e-5
7.286417332160056e-5
6.40524781735245e-5
4.44827053860849e-5
0.00026348776704792834
9.01944543606647e-5
9.662492591512737e-5
9.156842579495015e-5
6.191173315036163e-5
0.00030070367442106694
7.309835522487882e-5
7.250755375207577e-5
1.072913502127988e-5
4.533385806096871e-5
0.0002056604382120461
0.00019631495226133536
0.0001167884546930932
1.4445599583362963e-5
3.4717869608802204e-5
0.00011700921160885932
7.260692643602902e-5
7.123650570286643e-5
2.5450506481857107e-5
2.6083566186972212e-5
7.532286271033226e-5
6.85352989640289e-5
0.00019212044142262577
0.00013279262804223048
7.218022299112836e-5
5.326889305848176e-5
5.959579301040049e-5
1.4641230585246561e-5
1.6818742172902346e-5
0.0001392568687470099
5.3275065857141484e-5
8.233511713089985e-5
7.940077437567776e-5
0.00010530641510909388
0.00013888257156969712
6.546584932161676e-5
4.0895525559197e-5
0.00016588865035929528
6.626048345735995e-5
8.446226793701567e-5
5.571939556631065e-5
6.363545270065841e-5
9.070889715453494e-6
0.00010803864836401844
0.00010972118372782849
7.978270973134026e-5
3.74409547086828e-5
1.1452551842239824e-5
6.600447475292927e-5
6.877796680990391e-5
5.2997093791082505e-6
3.846349083246444e-5
6.660009109929909e-5
7.857464704684583e-5
8.037952341804953e-5
3.1189751220248736e-5
3.6125334542058244e-5
0.0001398167457124372
8.601721840942013e-5
4.268866342517986e-5
0.00015973123272922625
1.6476109952119234e-5
0.00034517222838386145
1.341420137918815e-5
2.8167650361692784e-5
0.00010734743727531562
2.9655638158638634e-5
0.002169751490588953
6.287911603600175e-5
4.740983989182138e-5
7.826460103561225e-5
7.347717716835441e-5
5.63293725087903e-5
7.118888000490637e-5
0.00013936964474889872
8.553084865652646e-5
1.2345843590552913e-5
5.7589082939008485e-5
1.2552064856960646e-5
3.9817330111049175e-5
0.00012887236767064036
0.00016008448532750644
0.00016784521378183446
2.0106067520111552e-5
8.567707716364806e-5
3.895157779620546e-6
2.860386466324925e-5
5.717053984132925e-5
2.8780056399925632e-5
0.00010968000101263
0.00015351296330489095
0.00021636451433573517
9.52102452729208e-5
5.6180947469818084e-5
6.493402634823864e-5
0.00010560952763321448
0.00010913857502435282
0.0001891957896614766
9.003454136277369e-5
0.0028675156629459552
0.0003476764026666845
1.5041740874340601e-5
0.0007216486685241033
0.00018928524279527903
9.692431969971319e-5
4.125902011288551e-5
3.858269546240452e-6
1.4228513607335762e-5
1.2550241315076084e-5
0.00012384873512160681
1.625625091859559e-5
4.605621026418768e-5
5.101126754902848e-5
2.7535718103293605e-5
8.036409850595837e-5
2.5593704739539607e-5
5.276052201406702e-5
8.707892647004633e-5
1.8042765653747405e-5
0.00011585393615063739
9.985492665187711e-5
2.399942459240724e-5
1.62420982161592e-5
0.0003691920365631579
3.0560490725341566e-5
6.624530216826144e-5
9.693744253196154e-5
2.508313923685765e-5
6.156402902224959e-5
9.464432660895925e-5
0.00019582214202451434
8.30271388804195e-5
0.0001611033855597948
0.00017727126201150709
0.00010039509911085259
6.410354344046761e-5
5.1177347051589745e-5
6.730450019668331e-6
7.339784513805085e-5
1.2745401156123552e-5
6.919827201657044e-5
2.5134591032724796e-5
5.017906257385367e-5
2.3031341653926345e-5
0.00012504628100609553
6.869871209863993e-5
5.825829638601736e-5
0.008788400994520478
0.00012949126158191157
6.059447886088276e-5
0.0011933627676664923
8.160210759047925e-5
6.432468534279032e-5
5.4808217904097734e-5
0.00010235221954664872
0.0002544576293294568
0.00010580973585942994
8.820338247443724e-5
1.0748822269456567e-5
0.00010328578086918223
6.669500986842003e-5
5.703095002408842e-5
8.524823987937368e-5
3.3667797237340355e-5
2.9654888742562136e-5
7.412311640867997e-5
7.085604856188375e-5
0.00021130842539603424
0.00010371034787051788
7.139897635926141e-5
7.86912031473266e-5
0.00013855849952324663
5.571325480241843e-5
7.466661454176605e-5
5.417377118914892e-5
8.567583031134318e-5
1.6932242230659955e-5
0.0001493896640304825
4.758858020025683e-5
0.00011674859401281681
0.00012908537900604213
8.067955135953407e-5
1.972935729356087e-5
2.5732258917828953e-5
5.7731537625923835e-5
0.00011448699063273675
0.00010027881217226918
4.570748143244581e-5
9.152846811728315e-5
3.160835664215165e-5
8.13320910057887e-5
0.00010287448406953476
5.089958068645439e-5
9.817856605881838e-5
0.00010237674922920417
4.50543766692649e-5
6.919690193155359e-5
7.714009036914818e-5
0.006826291296538247
7.7766318960075e-5
8.799126261775249e-6
0.0002780083124428343
0.00018300960433053145
0.0004142398004771332
1.037831976943295e-5
0.00012337537364802894
0.00011561313125642395
7.322978270174459e-5
0.00010887558875113644
4.925370502304823e-5
5.8048539819670203e-5
3.558507493219066e-5
0.00011708882079139583
6.048529389807184e-5
9.335133588789739e-5
5.639929377443614e-5
5.320682088938465e-5
6.401147307924598e-5
0.00043273944768949866
0.00010506555187758665
5.552211590619386e-5
0.00011877265188668222
4.574103814075668e-5
0.00010474931428324112
0.00011627567875755498
7.522854150957633e-5
7.256796410090475e-5
6.505713722791371e-6
6.634040025751869e-5
0.00014523822824346805
7.554560211690804e-6
0.00014345026224519785
7.48102867132681e-5
0.00011542961327457108
0.000145776323871352
2.3231040636714295e-5
8.602923189362538e-5
7.681441256080975e-5
0.0007225580459257256
2.993429379808207e-5
2.9138124468230605e-5
0.0001253492141678688
6.936071733623888e-5
6.110407085305131e-5
6.59239752726725e-5
4.3518942639005277e-5
7.916601918433361e-5
9.499506160503498e-6
3.089783343474573e-5
0.00012246098269903515
4.4773087719930474e-5
5.3375893545531454e-5
1.8952430555777162e-5
9.58433264278332e-5
0.0004923154332421973
6.697161470909436e-5
9.189812399578375e-5
9.525490223929846e-5
6.574451004782633e-5
6.882499671433288e-5
5.036359545563475e-5
3.0470902753953244e-5
0.00015397453013944404
0.0001391701407642205
2.0788277009849285e-5
1.4340463811793564e-5
0.00018426161111413338
9.778081927078408e-5
0.00011685148265938823
9.858470675042845e-5
5.213743281141479e-5
0.0033413346972427822
5.782283677242972e-5
0.00013358872143720432
6.546054429277275e-5
8.499608912565442e-5
9.746706468606834e-5
0.000100781381209772
0.0001007198721614704
9.45953116193019e-6
0.00011806294141976714
0.00015225296025319672
7.454029019863406e-5
8.220939381335615e-5
0.00010525754784054413
9.075462206333836e-5
7.828598982762178e-5
5.5692275888309886e-5
9.047224314491384e-5
6.295938750783343e-5
0.00010772988927599617
0.00011781567046902098
9.819585463825459e-5
7.338180173417661e-5
0.0008865176855851495
0.0003964812678874794
0.00019300369363674398
6.085276205717011e-5
0.00019485656146771356
6.124678358600002e-5
6.785640241925342e-5
6.139980732979263e-5
8.190303497599143e-5
6.282402670105296e-5
0.00011582498028461418
7.556990795331067e-5
0.00010797034864431764
3.3555705696920306e-5
0.00011687224349424128
0.0003445139957402519
6.144280821267628e-5
6.287819814138991e-5
6.482014289759246e-5
7.271593279651928e-5
0.00018721587563805703
0.00022712920714836857
9.028073454931018e-5
7.373818273324616e-5
7.436552189144481e-5
0.00014839289793726416
6.670629962164776e-5
6.179750984382705e-5
5.605667347451614e-5
9.56120224307037e-5
0.00012106735429214895
6.144810296524004e-5
4.8911180656472854e-5
0.00014025822683774863
0.0001285973385901152
4.641358922515213e-5
0.00010627373374370947
0.0001114106728136052
7.330664552308322e-5
6.469183465164348e-5
4.24371816644074e-5
8.64559117092808e-5
4.8038061540141e-5
7.044557299852285e-5
9.386178756425524e-5
8.452037931365657e-5
4.6051593798076664e-5
0.00010496607010299064
7.88223310569031e-5
8.393669294080423e-5
0.00012132592041994228
6.83000350331763e-5
0.0002256607618479342
6.645954006773537e-5
1.268437724224647e-5
0.00011357022668442692
0.00014729648999150792
0.00011038282134167093
8.00964460537507e-5
3.61503026022559e-5
9.555217829459047e-5
5.443215110366455e-5
2.12061329247584e-5
0.00010630102320691611
7.29163984718415e-5
0.0001394146869025143
6.406200101835357e-6
6.777794152285726e-5
0.0007136599660366026
0.000179115900125531
9.254962524827984e-5
7.097860636288149e-5
8.887417874091175e-5
6.26821400087964e-5
0.00013625135118973015
0.00018681268615600475
4.425221868462979e-5
0.00010364173304690709
5.347340870946837e-5
1.7444776538593516e-5
0.00013100880462012558
1.7468551469260264e-5
2.8032751665389723e-5
2.7496194594395836e-5
7.823568669661015e-5
0.0002936172749155773
1.4333158085835016e-5
5.557540814000224e-5
3.9696133164476456e-5
5.7926602579954976e-5
0.00011223985782520072
6.797513709764804e-5
0.00010451231017859634
8.868798423843477e-5
5.9112596885223253e-5
6.318362186459063e-5
0.00010338875572121099
0.00011722430924131036
7.448301492457378e-5
5.558334092786445e-5
0.000179631769777047
7.636232221644615e-5
0.00026645736651391823
0.00044280441246204535
2.0004761923412668e-5
0.00011641839608681444
7.663550937092237e-5
0.0002770337372983406
7.521374095324449e-5
8.923252637040877e-5
9.576317398672329e-5
0.00020913510897206038
2.2678875957684706e-5
4.4794852058959045e-5
2.0168388695175802e-5
0.0010623304094772856
8.469407045777962e-5
6.879407774303321e-5
0.0001456760010301612
2.881567039899051e-5
0.0006342238658625061
7.797848076051898e-5
1.4420773073244168e-5
6.160267258577593e-5
9.651406304415765e-5
4.1558814901356264e-5
9.817881553482424e-5
8.240375345333895e-5
7.124775238448623e-5
7.469703209173416e-5
5.506468877133069e-5
1.8542106039088463e-5
0.0003613958710313096
7.910979002618838e-5
5.543167228611442e-5
2.1312522885297725e-5
7.596392593386981e-5
0.00015492010592397566
7.43501364625429e-5
0.00013746261893733604
0.00012775696082996678
0.000209534973380768
3.178321496901485e-5
1.993393433948411e-5
6.57612711399332e-5
0.00012531922575274214
1.7413105769241578e-5
0.00014920252583782868
0.0001545652394732882
0.0005202843805895541
0.00010404675309980642
0.00021538602963343533
8.999745309458121e-5
4.063046907189859e-5
0.0002899536195783692
4.589422455049951e-5
8.914152408058617e-5
0.0001135978389291764
0.00014780927271918807
0.0001309075908167975
4.86483170435318e-5
7.150528244345297e-5
5.310061531564449e-5
5.991450954935342e-5
2.020202387953167e-5
7.460247852918625e-5
5.380127593872806e-5
0.0001228752282928986
0.0001186185589768445
7.45217844749343e-5
0.00014237598492807156
1.5189020965834957e-5
0.00015433437253937096
9.594803488292383e-5
8.0233056354479e-5
0.00023205816251043243
5.412969451963857e-5
0.00018818099004271332
5.432415578909339e-5
8.218161403174565e-5
5.4691746848441105e-5
4.750878169460925e-5
1.989506378037168e-5
5.2992989797846946e-5
0.00036911326077943934
6.918467137448676e-5
0.0006381296175926503
4.053570790945632e-5
8.967656985892822e-5
0.00015727959828274965
7.84639036570215e-5
0.00015133252495066286
5.53786225080206e-5
7.116253562879337e-5
5.597952260356289e-5
8.807355919337342e-5
7.118015984119839e-5
0.00022080459502271587
0.0007851041856754201
4.502801025279152e-5
8.774603184730021e-5
0.0036960567234396555
0.00019075207875985823
2.744972123166269e-5
0.00019417301184547486
0.00018757387597257325
0.00033790030105015445
9.330042898710989e-5
4.765087166962149e-5
4.1628934102217195e-5
0.00011400914013411502
5.5094870605333015e-5
1.5472179628165166e-5
2.006232881348738e-5
5.498013379681799e-5
9.688989312717871e-5
7.907348623702255e-5
0.0001284515413520393
4.631783019012883e-5
0.00023455475922571435
0.00035511001017311306
6.463317375651889e-5
0.00015644731398388695
0.00014478428474020785
0.00021355802663809156
0.0003307559347923379
5.061712165042563e-5
2.2526888618597496e-5
0.00017099568640528733
0.000194947820741371
6.506620805347797e-5
0.0006353914643774466
6.722696183076717e-5
0.0001081926818654572
0.00012239786175482212
0.0008701931623049793
2.2776401217953013e-5
3.572701376535856e-5
0.00020041543061377406
8.517751649239688e-5
4.098314003511836e-5
0.00012035455028097033
6.35220540016161e-5
3.3346996261959115e-5
0.00022294562497105082
3.8983043317722946e-5
0.0002201866873218634
9.035634692453456e-5
0.00013131057162432962
0.0003046015431798589
2.8998007447359203e-5
4.2822912641845605e-5
5.769009251565716e-5
7.767723130048103e-5
5.8470405095388834e-5
5.883025109751507e-5
6.759082094659634e-5
7.956678553877089e-5
6.808232472630856e-5
0.00018149176544968244
6.328569690882798e-5
0.00011046368106819441
7.867825593630825e-5
5.935271669184296e-5
5.3886169351486683e-5
0.00018425814612316684
5.1901426932519505e-5
0.00010624916632462201
7.559969365962733e-5
0.0005217925774529577
0.00013286955010758468
0.00015620259190124057
6.511511855066233e-5
0.00018023714064098858
4.648118075347868e-5
6.754134272786805e-5
7.911786099999126e-5
6.438162493304724e-5
0.00021524173794127053
6.373415249255653e-5
7.267633742026971e-5
1.7791656691892277e-5
3.813297551655094e-5
0.00012037952258867313
7.083156607106879e-5
8.954098169938412e-5
0.00010465177510492587
8.34823400952084e-5
0.00034303158712014936
3.965613756802053e-5
0.00032657593690129435
0.00014167288164311406
0.00010810635146541402
2.3331194052679965e-5
0.00027261279851250534
9.278738012171186e-5
8.950961939711635e-5
9.461233423804582e-5
8.720368315109712e-5
5.220282136035404e-5
6.478656232410502e-5
0.00021854949682953648
0.00027886891635962743
4.789078292877105e-5
4.258378371852482e-5
8.226685384113305e-5
8.549335803053944e-5
0.00019006033617926615
0.00010295155120956078
0.00011913431523012191
4.578039502273098e-5
6.209124406231987e-5
8.302237946858696e-5
9.683106951091884e-5
3.975878473246301e-5
0.00010717091227446935
0.00013924461993874393
0.00016308067474368035
2.5802912279690668e-5
0.00010038222919346834
7.992498802613046e-5
8.211530698814586e-5
0.00014541210601436063
7.628237214895156e-5
4.452365521770882e-5
1.7199211464144897e-5
6.478650485136501e-6
0.0001388265695078089
7.450320586926855e-5
7.193154759567268e-5
5.611140912315648e-5
0.0005856047453219022
7.370697488719749e-5
6.60182018576902e-5
7.318715010351474e-5
5.842344827475612e-5
1.609643693005478e-5
0.00010871989263506047
4.859238874348377e-5
9.926277143986949e-5
0.00028686650330920046
0.00015553069467121
5.489450265392434e-5
0.0001976064224134581
8.427590755283311e-5
2.0339122951555647e-5
0.00010459989829159373
6.37627181387815e-5
6.895313887348765e-5
0.00022339645578968854
9.673737040902093e-5
9.704760593664572e-5
7.131966650020197e-5
0.00015605519342496547
0.00016285842002685918
9.50040138105865e-5
0.00015446540056919818
1.0642856673235868e-5
6.756219970535611e-5
2.541624314761109e-5
0.00015510009461855445
4.4515050351228764e-5
0.00012038745230603133
0.00011717945023623797
0.00011403341605516494
6.622277650640944e-5
9.817259623749485e-5
8.199540490973214e-5
0.00025061380617576195
0.000270763478053831
3.9969644522947616e-5
7.164992520911859e-5
5.63039650383815e-5
1.7734296383421583e-5
6.497443706181554e-5
9.692251060337144e-5
8.060230684832036e-5
0.00010630590484433849
7.884536162010843e-5
3.6154926430208765e-5
7.943721028549586e-5
4.063449956820676e-5
4.0955523661637616e-5
0.00025925815419956816
9.354284906768932e-5
1.179486553724548e-5
4.6762930282955206e-5
0.0006337141546254451
7.301190787321222e-5
0.0010223839202224056
6.811570603134677e-5
9.95168272928047e-5
0.00012848013761603103
0.00014550391248508026
2.7301059367106095e-5
0.00013979206373864025
0.00012085571075878498
4.19320704690537e-5
0.00031495036721598395
0.00011241319156699161
7.202433061184546e-5
0.00022623306171677609
4.669578738698651e-5
3.353344450980011e-5
6.99924157166369e-5
0.0003517900080347821
0.00017197438491354478
0.0002535825797688048
0.0001589212484669778
0.0002131624563239136
3.461847248610477e-5
9.560760421159243e-5
4.4236526056131254e-5
0.00024455979032023833
4.7706125834483316e-5
0.00014729991260425512
1.2663666760800257e-5
3.7624725524514244e-5
5.2731826595992195e-5
0.00028041097147606
0.00013420100175384595
4.036718027550427e-5
0.00014008932690121707
5.168074903934634e-5
8.950893552624684e-5
6.15571535469664e-5
7.815901829809224e-5
0.0001705463467048157
5.819738725624752e-5
0.00014322495648250814
4.4128841577775155e-5
0.0001090418852926651
0.00022174657071281242
7.234208079664058e-5
5.644543997068766e-5
9.47477759584385e-5
0.00011936667207429932
5.6086343102885985e-5
0.0001495731651374694
0.00017638544677570477
6.960053752858455e-5
0.00011739166415724637
0.00011367470285254424
3.735218885291412e-5
0.0001476412195243801
6.764464416362548e-5
4.7983270599587515e-5
2.7680494761748605e-5
5.991922641537534e-5
0.000160038498265747
9.054749401337734e-5
0.00029048528400692404
6.233849620925513e-5
9.436926996288317e-5
6.438326509916301e-5
2.7484766168461364e-5
0.0005229139150318643
0.00023454944906207853
0.0001697071501623723
2.6152493770517383e-5
0.0002947636368198741
0.00024199944978509004
8.328072172961295e-6
5.595261214979463e-5
0.00019701282589734638
4.0200947059036135e-5
8.401790501887627e-5
0.00011758254659117884
6.996441623523619e-5
5.799481205860371e-5
1.803707392355239e-5
0.00017092495956306015
0.00016491108035435084
2.475769141535418e-5
7.172274412223478e-5
0.00011595574106355241
0.00018689953277203818
7.966266873480454e-5
4.3787600739757757e-5
6.218871138023772e-5
0.00011220156711991051
5.085348711652529e-5
0.00011476067694305567
0.00016065424271252394
6.464478043105405e-5
6.501660952957413e-5
0.00042128236885992295
2.624393821987957e-5
4.9496282306959786e-5
0.00010384582196024374
0.0001236186853358168
0.00015764683443799166
9.644666695825821e-5
0.001275783452495063
8.62903884031069e-5
0.0001157840004242496
7.299013931861418e-6
8.55871503309571e-5
0.00017332768394412307
0.0002664556540314065
0.00019209599784921993
8.960238391905181e-5
9.556160143967413e-5
7.919490503337065e-5
2.776973907045071e-5
0.0001059880923189234
7.373679143612052e-5
0.00016131079682787269
1.884755208119283e-5
0.0002478802951588458
5.011673591284278e-5
5.1072709104049745e-5
4.900504693286594e-6
0.00015755710482992264
5.614426136484731e-5
0.0002058561810901576
0.00011095514709061796
0.00010639092109788663
5.067868438716487e-5
0.00012821255645756706
4.7673399705330726e-5
7.169581113281445e-5
0.00016911828600182994
0.00015809612761855273
4.861930114499461e-5
8.216330420117176e-5
0.0017441052371975538
7.717328513921244e-5
7.015932075119948e-5
3.4804465537033274e-5
1.6465447610507947e-5
3.483828993341254e-5
3.6018969256819255e-5
9.392518475965417e-5
0.00011851894322550946
8.606702371962799e-5
7.674086753666011e-6
0.00027238654555526763
0.0001171209367282819
2.6711712084308767e-5
8.940856760268729e-6
5.213215850600844e-5
0.0003742198327725347
7.668112758620291e-5
0.00011932883248083406
0.0001489289383198105
7.552935505684937e-5
4.201975329606733e-5
5.191851573928218e-5
1.6586699329270976e-5
0.0002770897911537312
0.0003574991357064868
7.608310965746691e-5
0.00024031416556424622
8.300561766134073e-5
0.00014924710481719025
9.412787079962462e-5
5.8878015895597624e-5
8.237201204218259e-5
3.443097693048611e-5
0.00022550046076027155
0.0011819132279509924
1.1535425325002383e-5
6.518828722278875e-5
6.752576271349291e-5
9.535412327787655e-5
8.161932346290026e-5
0.00015089013333581755
8.431115942714404e-5
0.0002506468988366508
0.00011279381555465483
3.386043136557288e-5
0.0002169426764703333
8.003897500314605e-5
0.00012041565861970152
9.55734970165416e-5
7.205917762993073e-5
9.023119920893926e-5
2.6817146449027866e-5
0.0001362686756731417
0.00017244967392186783
6.67918949501871e-5
0.0001809031996582522
5.9566899516292295e-5
2.619700700113205e-5
0.00012035238633082837
0.00014268515330277437
6.236285300880155e-6
8.417891869262778e-6
0.00011985840559997122
7.21104903155258e-5
0.00022595329884487691
9.145490812638957e-5
6.262817512622526e-5
0.00012762566558581156
0.00013964467471571341
0.00018199891080829925
6.946242034920842e-5
0.00028671571528939753
0.0004357848194777293
1.5417195291866268e-5
5.607909099215559e-5
0.0001646965860835546
0.0002253653183890803
9.55828585492077e-5
7.759101017797912e-5
6.888830361995038e-5
6.0158522147961366e-5
2.4659457703162337e-5
7.778453310477257e-5
1.7336524218868097e-5
4.718183407279701e-5
0.00023688617959806147
0.00023046583629177038
0.00010124528295735297
7.353466307370464e-5
9.873782066314776e-5
7.695073035466192e-5
0.000474013563377446
0.00016669012693922193
0.00011558529559212864
3.4109137185326434e-5
0.00011837680649465524
8.773726742506402e-5
9.494614708238281e-5
4.4502058370326254e-5
0.0002650287026687913
0.00010962225798363505
0.0003226662363782956
9.809734986140822e-5
8.870477811379621e-5
0.00016795752169194793
8.237355487387064e-5
3.997349748905428e-6
0.00020789288556506596
0.00020229717089752125
6.338714955079378e-5
5.5621413355100665e-5
0.000199660953746674
8.72747458567519e-5
0.00042615962028050053
8.011569664979115e-5
0.00019280394482307242
0.0001108960943345
0.00029175659996796485
8.772667860904257e-5
5.87667386562494e-5
6.155333780964197e-5
0.00014448206305632503
2.2173272968681857e-5
6.753038868290521e-5
0.0003406098290791194
0.0001325093799365126
1.0379438459198116e-5
0.00010346279917176268
0.00019287686645774662
7.958210127910713e-5
7.305402272048226e-5
1.2816074600549046e-5
0.00011793859856402896
5.8786170406203975e-5
0.0005822951043644097
0.0001873919906595307
0.026470507545783766
7.641503091705552e-5
6.523410085132929e-5
0.0003417888570455846
1.8912327530755486e-5
