3.1553993376688143
1.260926640622848
4.094339516597015
2.875814633087797
5.800613322444823
7.532061304292501
2.6682749594370962
2.0470617795367105
1.8861916739581333
0.028569788273400423
3.602012018910551
0.9973492010053983
0.8454685362511417
1.5675925375913562
0.029191762886150493
1.261509983790125
9.417002889438074
2.9125214175073078
1.450616369480769
0.9951649060462094
0.023509659392795895
0.5724190464793776
0.03407984536859368
1.5404834379860137
0.5424714000071974
0.044330723075022845
0.43206616899369216
1.8634085998022896
0.754376437798397
4.524353225760813
1.00948153568085
2.2242613969569565
0.3163057719511211
15.585519170908746
0.1969191363361949
11.661726826137905
3.9419276692224314
0.2924339049303903
2.153699682884556
1.5824730533154217
2.8404186307961927
1.4103340594708502
1.2393839032521001
0.6486790970355459
0.7432811628250336
0.013050530103759011
48.78271085962206
0.2353018264721672
1.5039773656506912
0.8156806211586649
0.740648211827736
0.5177481662394244
1.2694199544945342
0.005303054365649501
2.2619121222332037
0.26650804654667265
4.380802393832352
10.317626786337161
0.05773007399548062
0.18507343911322086
0.3833037942704494
14.577506131132633
1.0583219373013377
0.6090055909508417
12.529937392380457
6.942452044950266
0.00022429122640090816
1.2701275870637527
3.2181021186546125e-6
252.57149022083186
50.71906583544434
0.11915245113619465
9.240409898642842
0.9191756274741978
0.2202127524551362
5.956560372307873
1.0640015481885519
14.062237452250283
0.33304684934165857
0.045280099146178775
0.004806107712032918
5.88590234798377
16.576201631664926
0.9184475955796484
0.15751459366362044
0.24034390035914985
1.5973749898835383
0.021526394440456873
4.84302023752303e-5
0.00825271302744603
1.58292420245226e-6
3.6707343328164304
1.3779225749481616
0.12286660522307405
0.1348480863325364
1.696780628617055
0.01609433097370487
0.13594713234430614
0.4650111707290554
9.214626471637836e-6
0.620098181636636
0.0009411665865339369
0.10694857045815108
1.458259912194299
0.44079586617963057
0.7963681754334099
6.496449010163103
0.3385224683631158
0.13793360916168132
0.10417592559617107
0.6321161452707784
0.84608466846416
2.802231322501365
1.1946033713348005
0.003601070193194858
1.4823340252571109
1.0
0.09345771506626116
0.002001791335488902
25.12193421053932
0.23651315314331364
0.01692624056483566
1.1354292602665452
0.1301492932059362
0.007972113943534491
13.85491165615976
0.10530947998859297
0.23330006111615403
0.2132883607280895
48.2933552198877
0.11249303156554763
0.5365448394795287
0.00224387042242878
0.003144420770632918
0.004700637158194826
0.13274713835444257
0.0035870006800952526
0.03148937263309884
0.06719357292198029
0.00023352970522296494
0.11484315192126578
2.4525874842095954
18.405727614128832
3.89994877795181
2.2136228531525184
0.06257244315339906
0.1685639288475112
0.00825144350747519
0.29398211836760463
1.559362847957032
0.0620193187518389
2.947967205677198
0.14089801837216967
0.6817860875603349
0.0014120774566046285
0.003987741607767802
0.05398921786538235
0.027557782692870278
0.2625964751370693
11.280634178290967
0.0066623010832901714
0.25478350526526516
0.27500939088564597
0.00010770082526746675
0.5617916942565218
16.695885026938477
1.1867415248086421
1.4089244879745475
4.339093604934955
2.1950873780514836e-5
0.00047357313306346647
0.034579727636738694
0.12403310575239664
0.005094373185262217
8.413639085631686
0.0010897815895949939
0.23575937177097242
0.0006767015075323944
0.12521294938916988
10.802514088717514
8.775394782845015e-6
0.011672242037109667
0.055868772697176536
0.7622804944197997
0.01595114794798946
43.07924259383869
1.8518662327607893
3.079053299075225
0.002073697861944725
0.11380974515199822
0.0044457565274395915
0.18375860736806315
2.519027190784617e-6
1.0258940828864127
2.9268151181057385
1.5885240921206447e-6
5.45582027467483
1.1987505958943452
0.0005673608029290553
0.00014223971331289815
0.0120139434998763
0.0010988516901881678
0.001265485991193384
0.015179770561711098
0.035384377866132626
0.034434571293975584
0.0020446024647885357
0.002809976614747784
0.0035719302347751295
0.006973203872880921
0.09486790676143476
0.49519411403469404
1.1429624757015519e-5
0.6969281481365683
4.835614466468457
0.09508005486911845
0.23974624585837878
0.33911084807945585
7.2480265756492265e-6
0.0027735528937192634
1.044344124743306e-5
8.330957517784663e-7
1.4732987502521885e-5
0.09268952710886884
8.85467829382991e-5
0.0008051698547349073
0.007783732586730729
0.16732410016706956
0.05169689295125826
0.00039537424916622155
0.08184294699772705
3.3491734866537413
3.444250997104258
9.520295762511676
1.192771477203523
0.0018159602368084742
0.0005378808470900008
0.0005700582422828189
0.010705147316426758
0.0003147283995040707
1.6505595384442745e-5
4.49209216923831e-6
0.016301568688834412
0.13348330595422433
2.301367540444173
0.01070910536364345
0.13760104747856255
0.7293207578642005
0.00011710281930152824
0.05010380402452975
0.09331114818351946
0.004320017401806649
0.008845048768314859
0.05552405494755531
0.0005652990103968531
0.6795110051479915
0.006721619730484099
12.970991971223368
6.318910946107857e-6
0.0018769087628579652
0.5468085273836503
0.4176543032093117
0.003867932088309062
0.007054746379299167
0.0011257422796335601
0.11828848467677722
0.0028165951403484636
0.3166812475409006
1.994052321056062
6.689220076704646e-5
0.688446334474866
0.28933111245623283
0.0001312055914271415
0.005982425223381292
0.23399209602406515
0.01962464368753562
0.025530383428610557
1.075881825584292e-5
2.3658798511774524e-5
2.4831011207226563e-5
2.5261026938768985
0.20577599280680195
0.013163100943724767
0.2058794214817662
0.0007859098275216651
1.9454452253929676e-5
0.09391231583508342
0.002832338333788672
0.0007498885403459986
0.01784752576553685
2.0907843136504088e-7
1.9412758322540304e-5
3.8314683088326658
0.3452962268628703
0.17528398031244388
0.29510355158361706
0.0007159383210096143
0.6031253811809858
2.9031046887440014e-6
0.012038953964699155
0.0019467042455663542
0.5861541329966732
5.662648407156314
6.379541164159055e-6
2.3872835482367773e-5
0.6415277340272009
0.0006705914512416391
0.06820375241737721
0.37531030148815414
0.013950105626082376
0.12386730889751658
0.08015343003127134
8.4165321626978
0.403273330102176
0.00034513454026902877
0.0028352855312310647
1.0320473815907063
0.12312095753970762
0.017082156865001773
0.07953416826493
1.3456496912142797e-6
0.013023231950508463
0.0007851333922173672
0.008210990350577294
0.12251543767486056
0.000276353966408533
0.04558164658800315
0.048818336172198815
0.006067726768031567
0.050443870753545804
0.005230541228808532
1.0
0.11864707993381238
0.09616553935711379
0.001958968642084532
0.28587129389092264
0.00012902383934199684
0.00012291161186090988
0.5400511536326845
0.011544605728105908
7.481651585370896e-6
1.8066739135532964e-5
1.7773830731541626e-5
0.001424469303463365
1.0
46.62886882407246
0.03837788528407837
0.47735068251533186
2.5312856187757703e-6
8.296818048731527
0.0002806977119407524
0.6288697265525455
0.053724848217777156
2.526243863011424
1.8233531555054684e-6
0.014812885393777401
0.01751735047476998
0.00020266177144133426
0.013021794892883402
0.013228648916870183
3.6177944130799814e-6
1.497247240363444e-6
0.9503044650309403
1.189070300783083
0.0006519010548258911
0.02310935996933465
91.52480077788172
0.0005633533833279824
0.0009154581099224011
3.149240856913531e-5
0.013000625343569843
0.08532025918652307
0.7223314219114495
0.15963760492467943
0.6593612358294663
0.009720665615882843
7.784965425091736e-5
0.017053793585516758
0.08454175226836443
0.001300998095117946
0.013394641388930213
2.9062215098128962e-5
6.382522288830232e-5
1.6901571037688723
8.543973649191923e-5
0.0016207389147316973
0.019941900854584322
0.1055040265610811
0.0027599634931281085
0.4418429179534973
0.011576030952307994
2.7062481035395605e-6
0.0027001111617295953
0.6506122864929477
0.6027110465558098
0.019723818126105443
0.0001515473382694135
0.004340574710652718
1.0246757383973937
0.36204135156153433
0.08163792679836024
0.008246448175180762
0.029595800287496695
0.014001648413793562
1.7263156236385324e-5
0.15030701608465413
1.6841059223653698e-5
24.882363856455434
1.473216135557245
0.05139554402901377
0.9470594738961776
0.06364251244876856
0.09071071927783385
0.01592826935699289
2.8479980179757685
0.02506363915275147
0.003388849477617383
0.001191620575773399
0.11026289015553495
0.7355990545362926
3.28874480297981e-5
0.0005841935399030193
0.00011637828428097905
0.07527948877001989
0.011521046920968631
0.26566305658959705
0.6669415554639234
8.983508768505486e-6
1.8712067440666307
0.000339583599750695
0.001162386450523843
0.09578980253743087
0.19858928757062144
2.818363786942551e-8
0.031747057308665304
0.0016873715805787314
0.008158142447621638
0.00015113946398578383
0.0006697193320363867
0.022679037783722884
0.00419345470613953
0.8057613379267966
1.3982565653515508e-6
0.00021030522778735242
0.0001341665878156104
0.11636802952834086
0.0004429722780484094
0.0009685170083995936
2.535029753517065e-7
0.8609422686981061
0.023215328038465634
0.00010564867929547323
1.2406089383869716
8.1895034669822e-6
0.010030025962114759
0.00023299982288141945
0.07389827864650711
0.01707073808713057
0.46292904278456476
0.0018347648559126017
4.067267154790606
0.014156071002557969
0.27198205814521975
3.77137662504971e-7
0.002442028157991461
2.0288531953769446
0.004800403439010532
0.00012503981694559697
0.0004870681980588398
0.05785249030687365
0.03276496446533591
0.004870524914787261
0.12308335880608384
0.018312081448372965
3.823727404285807e-6
0.0007959881933031027
0.00029604676679053884
0.1633321141120804
0.25023736816758746
0.01132983631245109
2.765635401245806
0.006349483232491548
0.9595301914790657
0.02704774534143227
3.600820307050232
0.042774926455747396
0.20018505183669794
2.2001810379740045
0.10971762042758124
7.101588478915988e-7
0.008953784189283363
0.0006991820894750521
2.204782880696959e-7
9.335807747988648
1.7954792345566712e-6
0.008018670549907922
0.021070708869561878
0.007769560845181035
0.0008119587726062338
0.00045006544603734295
1.60993427777222
0.004658196403287433
0.7536151727289967
5.620412518397262e-7
5.510031564631229
0.0507040855165882
2.5686929987249227
0.08133658084112126
0.07853220518756447
0.09419608996212227
0.031172160673892047
0.001266344081932379
7.193756190961893e-5
6.859167013903546e-5
0.00036644659040803754
1.0062834673086756
7.069761134107487
0.0006273022446503333
3.267172328655952e-5
0.01008078608380488
25.002878656912817
0.5701954283244867
0.016637066875410098
0.08719826665518768
8.73465221007193e-6
0.04202632990292604
0.07205214528508297
2.5182267628740018e-5
4.1703223093943684e-6
0.02324382607584824
2.185747176785315
0.00048281781987881455
9.490111286961644e-5
0.00012366047496964444
0.0006464636222105402
4.92613289865212
0.0003833836807214195
0.036654025289710394
0.0028306083976422742
0.006999531434657843
0.0048162435020146065
0.0009432217688497877
2.893951526726533e-5
0.0013097264901250634
0.01564472597538814
0.00010779132474544834
8.129517671775642e-5
0.08660210406050725
0.005884415850115854
0.0012646921545625526
4.893616945051491
0.2780213426430199
0.17181828780435376
0.008786594711180073
0.00013213581739441154
2.1877624424497437
0.1744729491922694
2.3605342860331575
0.2832049601951468
0.006375445391909975
0.00010057061796123493
0.004474745402289055
0.02506631973515581
0.5604293127799387
1.0
0.03171280897981322
3.729944981783415e-6
0.00022049414061982192
0.021403234903765368
0.4406412765375877
0.0016853925126507428
0.3084865922220568
0.0032823293805015284
6.279029303223885e-5
4.8613143337246136e-5
1.760250883304021
0.03638932478371233
0.0010515203427133798
0.03311485464343322
0.00017661667365023463
0.07895672014615755
0.4015473724462028
0.11528888762065913
8.195115712989489e-5
0.013977232796640031
15.6241750882982
0.03542278716786379
0.027624525833907183
0.01603339994734488
0.000753026429448718
0.07577278582739125
1.4851567491792232e-6
0.00232911790404003
0.0025595817297430425
0.0033817942056987124
0.0018353218174848355
0.0005662262925994575
0.004087793683167106
0.012795729166435515
29.189204289942367
0.02814237206247525
0.013660337571792806
0.01676550147762727
1.8423154851749595
108.9419646968325
0.07686254028115895
0.00013585804809747515
0.007917192232081293
0.5984957522917533
0.3980446737250435
10.041893281575414
1.2302159961749592e-5
5.327895485991978
2.124100589089487
0.0003463965611544202
0.00011583125642699616
0.0018624124050449383
0.08572186411386808
0.053637989474532376
0.0003639592474870718
0.071043425233083
0.043698359444514695
2.036990856338362
0.0280493376331997
0.00019449007276975159
1.0214042785221924
0.12821048460377077
0.000610240317013849
0.7990622366702413
0.0006223846444348909
0.13963038625248592
0.011011738792812703
1.6823472294248898
0.0001444158116723393
0.12500775283102586
7.154042703181688
1.0
4.1449135582553315e-6
0.001866721252328228
5.894416448941592e-6
0.13803180151655414
1.7363277703191484
0.13728689041934017
0.0001561313783228329
0.0008080757682358368
0.0004395181904139777
1.6718258711211524
0.30934162529316606
1.4858123855456478
0.03163994246322782
0.11700683793849087
7.846332483491667e-6
1.1521621002476996e-5
0.5595685837616673
0.0007591121460210676
0.00010936472037069724
0.016492353993859187
0.000402522932549998
0.2342008880126088
0.0014975340138395552
0.0019305134395306111
0.004061171807933949
0.004158183115145096
0.000745906745107017
1.6154908895907152
2.128680745985808e-6
0.010837707974625266
0.24863795358913213
2.034682052439908e-6
0.11368065216730473
1.7065010821477673e-5
0.1437076179488174
0.001970226220320084
0.9177728180685684
0.00015897648263788158
4.355208591561859e-7
0.011370187711246559
0.00024107113695593169
6.181209943497838e-5
0.016191239890807514
2.4135122756337334e-5
0.08621727158821299
1.160886674960606
1.1733792485591923
1.6013656825334197
0.32008773163574933
0.07566431976690847
0.053604251457543994
2.9812257951765093e-5
0.004947323656622975
0.00897200073942472
0.21312632401296852
0.017226208162226486
0.12070433319761874
0.21496342292222648
0.0002720713540564799
0.012493937346706712
0.029416030138734756
0.00038763369303132115
2.646210156278605e-6
0.02351896468548947
1.0893888402836526e-6
0.0026316623871291255
0.007738746350326662
0.02224699901180289
0.0003713823875233025
0.0005964472122269199
0.000527563497618488
0.03282454206721841
0.011645090427549352
0.016104805243914055
0.002181001246751839
0.021229605651735133
0.00408321276011943
3.7084743800228285e-7
0.005152254299242821
0.009649259931051698
0.13724941241223237
0.06613268439765832
1.0
0.0012269063344069785
0.7646809432413095
0.0007746500655016508
0.0035533058737625377
1.8081684304095922
0.17092773763517688
8.165102427764678e-5
1.4023656119607468e-5
0.001523484124087319
24.103347480477083
0.00101810123769048
0.002300413462235477
0.0009705552721047695
0.0011458461269636504
0.12516044537322182
0.17137260988097355
0.007258566535506357
0.0013202651158921925
1.32962940715167e-5
8.740945713684043e-6
6.07651505344879e-6
0.005951992143879911
0.028707269591547895
0.01805205484613073
2.73611938126955e-5
0.038851910735814385
0.0019213303968292487
1.464212102758882e-5
0.0021388428810608937
0.010488607650411466
0.08438456871593139
33.62303648647404
2.9831290248915514e-7
0.013034313830113851
0.008477925486282893
0.0005190412698357023
9.852717697812517e-11
2.647482031569986e-5
1.0
0.01865781655262011
0.0004098439403862434
0.0758011446229598
0.004284895126475013
0.003250664342881071
0.000114235712618014
4.181150252774588e-8
0.00029697186117968853
8.217971778034764e-8
1.1291200153935605e-6
9.125535990319848e-7
0.031000286119491672
0.0032294911717230686
0.004037719229557273
0.004474122325503047
0.02764860271784105
4.814160689453298
0.035947125879388614
19.343224127034254
0.0006961245650372079
6.012746962427271e-5
0.0012762429542549955
0.042353795913956625
0.001980700623785443
5.362414247715349e-8
6.270528569261684e-5
0.6967070686757012
0.01102845198720757
0.0005670580150500802
2.4208432012706383e-5
0.005360106938321376
9.576027514988399e-8
0.0007707219279907427
0.5001437121492771
0.0009470565593560461
3.293183339065054e-5
1.0402205407240169e-5
57.02145739277685
0.002054496893891603
0.0017200118905305027
0.02609650635937027
0.012221404578994038
2.2295659231142526
4.997269438110911e-5
0.00017481904876438616
4.4045786196551725e-5
0.0005716056291650068
0.07897676180165669
3.6621880958782524e-6
4.544044558649559
70.5533149913706
0.09773966891909486
6.67051926776948e-5
0.09198136711177007
0.019704755964036598
0.17326367250737576
0.0008005017149646529
0.00703719975016917
2.439709205295539e-7
0.003989193650724185
1.268234482366182
0.0001986520299097047
0.0243358360683777
1.9133994672839426e-5
0.04633826243913431
0.05290541633232124
0.026674108007060018
0.0485460143562431
0.00040038330611382865
0.00233758222461751
0.004478255451180636
2.077872664333335
0.0002156553283638843
0.004360477926708579
0.004791783660544846
6.48367024744803e-6
0.0003765549329559136
0.09095429562526292
0.00046440335877512474
1.7360833055450597e-5
6.734930500880716e-6
0.29825883098163863
10.336077182295746
0.010666067132723974
0.0010445572695750558
0.00023807869952084657
1.3445356783263673e-5
0.00022685128473383674
0.22957613655690515
0.0036259829329522647
0.07705024477491115
1.0600713059666672e-5
0.0001411201859402684
0.011916951530012182
0.00025755708496984117
0.013642853328181319
0.021445797644447297
0.037084436030634195
0.0033620294827153576
0.2829142614631738
4.972662976608723
0.13595337344687328
0.004503498229645446
0.0006261425906746495
0.0008008062221603395
0.020045389901042883
0.11373769353914098
0.014828802731099844
0.07626288606105087
0.004086550821527115
3.335638915167878
0.03134638259829703
0.01962407466677996
0.1051026649687047
2.8717045578980294
0.023031987248779355
0.012650299129472277
1.0925280863688733e-5
3.764482446898463
1.827299867401053e-5
0.003878242830248721
0.00017580714211227555
0.12453793075421705
0.0030286206216326365
0.00474039432252849
0.00042501168946382933
0.002183711573763641
0.005617694340904354
0.006552844488906691
2.133754594200015e-5
0.16599440426520473
0.0037966062926870154
0.01043253291737202
0.013046699387879836
2.8418507398848075e-7
0.04545134457750883
0.004709436519305045
3.083755112548173e-5
0.6433428226665296
0.17155233571660122
6.24799017561452
5.096727114015121e-6
16.382763381210403
3.8833226861294726e-9
0.021667555827690206
0.010502686864225215
0.4727268865073105
0.21434994090273302
0.055336265979002486
0.11869880382725903
0.8295826172659282
0.011341404514019663
19.263665339297575
0.015762114421158727
0.009759751173210788
7.843251124368425e-5
0.0006537674330068668
0.00010640829325450804
0.0025235708449414724
9.658812067827159e-6
6.6290068136885765
2.110803741780559e-5
2.0168025046091652e-8
0.0004520939940511024
0.005437168558971701
2.213656514387998e-5
4.4154723415266705e-7
0.0012521711409860458
0.23423842520957333
0.0005263892903393983
2.077420863951321
25.230209918169155
1.3546152861434205e-7
3.069197161527099e-5
0.0035242641795713114
0.07302137453429829
1.5470676327779452e-5
0.1388823036472831
23.95295912172018
0.003324047597757712
0.011054328056095087
0.01862624690077702
0.00018163550943692519
0.02585440065130982
1.8789119022795149
2.018893315444858e-6
0.51719095631332
0.022560014501986966
8.183010019293942e-5
2.1767239983628825e-5
0.0090922265164458
4.4963082642167696e-5
1.327801235530956e-5
0.0020658753682318144
0.0123939781565101
0.06428857010271831
0.04704338110279949
0.001964638287129075
0.0053444522823683
0.26452782775009254
0.006692276477917449
44.288279752817935
0.0002806429865102552
0.0026595965006849633
4.682475472875101e-5
0.008242372783562928
7.552847140107323e-6
0.003044222843293768
0.0020918098033258048
0.014368011472878405
0.0016351212074280775
4.891234400060288e-7
0.0006042285984778468
0.002189197555971847
3.786741852888089e-5
1.5572826622348573e-5
0.04252424678606526
0.00623563467947722
0.002491719405065964
0.007651569259984343
0.02245863577255282
0.01681103212850076
0.002612871443112233
0.008957779101362322
0.15785339148845146
1.1001671196059917
0.002410270568875505
0.012436946654730033
0.10890192500829361
0.01332332817420604
0.0075265671988544785
0.00031359596853200504
0.037686566358559395
0.00030362875365327825
5.285111786074684e-5
0.00016380874889997067
0.26476450113634
0.09646106778577404
0.0977274369534152
8.803284492883433e-6
0.006153344417945716
