0.2628892417033592
0.17478949997926857
0.09314160316122307
0.480894184228391
0.6623141497014576
0.22685596528873203
0.07753400789450095
0.08519247744422513
0.07489521030414771
0.8599845774577778
0.5240358027595703
0.13561502402570422
0.16498553780296815
0.08299330933381908
0.19731400023111315
0.6058742608211305
0.08721500546111999
0.09166143286443851
0.11263696646605079
0.04127411803476762
0.21890797058068187
0.2935916300447074
0.23175250834880085
0.03700840490887142
0.42797220025355565
0.04418678944332202
0.3561849462954035
0.07063869967910617
0.3390405904548904
0.32589422807576385
0.12199379210118218
0.6620072372200274
0.16119307702080418
0.11913647455506149
0.04857333423650189
0.11275548871606723
0.2666012310543418
0.23835540175849307
0.11018155967758009
0.24425138121141754
0.20700141076041792
0.8152259207430417
0.6851373970970315
0.03946890517024813
0.37520115479504507
7.653954338394234e-46
0.053367885537755164
0.05288406313727465
0.507469076136847
0.07219649900107687
0.09796009280160188
0.18505519661487976
0.3382220648872841
1.1189411801979277e-47
0.11756128836865068
0.14140494309153837
0.48652636796539656
0.5968548235208782
0.5503985736761576
0.13191532860276126
0.11782502632844855
0.07961089241526832
0.10398503518300636
0.07885336223493275
0.054599607395854344
0.5839455648510982
0.11504009918602844
0.45395712271942795
0.1508150192746487
0.16551266984944044
0.5158727823930028
0.2163371906131007
0.6359363139404799
0.11679168882111829
0.17593260388768994
0.16268998537553253
0.22821843420434568
9.344953641312964e-50
0.21138080593853162
0.03281163861473436
0.8694464598346343
1.742750922970812e-48
0.28405032886422915
0.2734303783651445
0.029314711651994774
2.612943992725201e-14
0.10897487703984912
0.3837925516565414
0.6817687895005639
0.09130862505965354
0.1200058677439981
0.18342505607507156
0.1579863514806297
1.8238918800362969
2.6146871802659795e-49
0.3014553279496886
0.08817993315009715
1.6796097368988473e-50
1.0274676810375996e-48
0.127927894693504
9.880454203778402e-50
0.9878205410493635
0.404499837466765
0.8333898883733356
0.2370110851004401
0.1344643478102142
0.37930037234540265
0.6570504163436306
0.3664708432608709
0.1291631057372639
0.1854625138979001
0.03993139546043963
0.017057071431924066
0.49745657788782965
0.43045189009472407
0.5248920384878885
0.6224519728205244
0.10993156850253122
0.8944201618128332
0.22281024614753675
0.47843971421569514
0.029246766658528416
0.3834548600166599
0.09471773330032121
0.23680375763368167
0.022791947681478335
0.05208270071822499
0.039765372539439264
0.17476102537542362
0.07450759552218592
0.7748666115115102
0.46184872505334185
0.07052803735944095
0.20925524104963816
0.562068145524633
0.23901572025656065
0.13228763582507702
0.3073755173090653
0.06865344483483206
0.4675914843983106
0.1123586809467589
1.0377007759117818
0.16732062054932567
0.05222897178047535
0.5103267983907631
2.290927717559557e-50
0.506005291862727
0.15640664862660977
0.031863984116822806
0.6669208470926787
0.044494008938663177
0.11899434776233926
0.2058767106746448
0.18046938552970784
0.13060209288874597
0.3163513233458704
0.06340955521544803
0.23931400674875716
0.032871612802340994
0.17444526901700672
0.022069528791891276
4.512704910043923e-50
2.6865223915508705
0.45401036374452247
0.13118887097894755
0.6074243390657574
0.10703007828519383
1.0339497933825812
0.01757097906435722
0.16113266629606052
0.24334609132441828
0.15224659796547674
0.3875950025337943
0.0624723876960811
0.12072732520236612
0.17541361526458008
0.26101132271361444
0.20189046952819356
1.9325267550059828
0.351172064987565
1.5683833792342085e-48
0.32095519007604145
0.45177869726000475
0.19600068920007155
0.22169229842547625
0.16250553554040859
1.1758176258990003
0.02496643732317532
2.1212322423141928e-50
0.035485974498858514
0.4760797462556185
0.024483282449483404
0.04200661610308926
0.05671564647508868
0.28499501529515664
0.009566677189149357
0.09568028123951684
0.20257848856676247
0.2028603607570368
0.020302793406649592
0.17210354124050084
0.15697303980011365
3.9858624998414774e-48
0.08349395349842618
0.03986374573138639
0.10579688831034906
0.03878039939851095
0.0036628254664939925
0.20159876215429967
0.05309742317348738
0.036297390212372674
0.017248527212209135
0.06892802369001359
0.22631549912323573
2.1592984497896897
0.10111295873292846
0.026276783202710492
0.6158027920173101
0.1616238924419397
0.09187375949370002
0.031574536473912035
0.08271858052659962
2.9868635503915395e-48
0.1526245089574138
0.08742196812301102
0.033163270022982
0.4232375988195852
0.06263685229701813
0.6277266616604122
0.22185972210384888
0.13909242856274873
0.2707707075593397
0.438132616053011
0.046281263491621705
0.49843725628207464
0.0182952710793128
0.10007004680055713
1.0
0.09719162349917752
0.025331232438104194
0.16478545744787113
0.024590988865679238
0.15868467556163576
0.02370958030486248
0.3768524184638314
0.1612785141688096
0.42456407499243004
0.05467560859732415
0.05710774441311619
0.7944786909683598
0.024802027392399516
0.02310855039359484
0.651440089064083
0.42861081798422446
2.3971363030322424e-48
0.006147280286371703
0.07927646170083696
0.28656040699240737
0.038456966034516066
0.4594719587168778
0.20576806508251286
0.02933634699485652
0.03237031280599205
0.02888067011914914
0.04374438439284816
1.0844535314661916
0.15203681411468903
0.09173584979800362
0.08998538735957334
0.3593743328429647
0.2544120129838999
0.08523418268799243
0.2171480432879148
0.05551170756662653
0.09608128361665234
0.1925859533765871
0.14637795117618174
0.1252995179299254
0.07010612004743108
0.2881473350778154
0.10972907058367609
0.13884401344470637
0.010752529050110107
0.2714139940723629
0.107349293389966
0.14319090593498415
0.32996776885527423
0.8056456946848273
0.02520873369702575
0.4980111078316993
0.15206325257607
0.1370194623533015
0.01576352318456669
0.44532072669181677
0.4403512178681757
0.14763680437703028
0.18010731432177304
0.030375327285490538
0.26448235875411436
0.06046079651074186
1.4307601013411846
0.05213629763979887
0.15698853452283854
0.049149047834024275
0.47402190720482557
1.5610554632761746
0.47447960093762714
0.8535385272823633
0.012994709656724054
0.5985699775599034
0.04611712167201068
0.028924942115023843
0.01977650770069699
1.067555517342412
0.14361038582184907
0.2186661984362768
0.005638999160150462
0.710468340420604
0.02394379871917224
0.01591903803271752
0.884777825598917
0.8489549590296395
6.257326851114677e-49
0.04838378108921598
0.6636490438540592
0.46230334354378827
0.015916656426498733
0.19403607087005853
0.04951694630779778
1.5692724934663656e-47
0.5259040472401108
0.02954905278783851
0.13865950671602126
0.03722505885322787
2.7050626677689213
0.003303943456497772
0.3260168634370609
0.5169429490930756
0.725481261403905
2.3918645416493898
0.42626411823705673
0.20289638214920264
0.031017592481435048
0.1298112191009231
0.09088872535507143
0.23653376810027943
0.5225652285308452
0.5651119303535755
0.02717457090700541
0.09240334563429627
0.15876485117336064
0.016528860221912956
0.030927212176087765
1.2100701711087476
0.294175919903538
0.22362039396961395
0.0038124718167008723
0.08189674234230027
0.07592437502740311
0.026995623213570123
0.04435917286825491
0.6946422633883602
0.9304277028490663
0.047424129515966244
0.18039686416150666
0.5358390788112896
5.012319603771193e-41
0.47192075321368865
0.06249290596980358
0.36957400400713725
0.04888822391816545
0.27230374846504535
0.06005581717813513
0.3002249627762024
0.0784086770801964
0.35217582130738073
0.3551604703423876
0.42673316505388303
0.3219598003362204
0.11452673035752868
0.6666931341905703
0.6476445642354086
0.34914583282682865
0.07668585065544342
0.3298487315550782
0.18433095174774736
0.04751789518615356
0.002127499677448811
0.3508324540911234
0.10996761629717491
1.2228205241081653
1.4098004688524883
0.17142374258257126
0.016026768879771197
2.941214539883793e-50
0.2933281226820526
0.21411744928761162
0.004476058057165162
0.5687944756149991
0.18849664652868067
0.011742840096530307
7.205060061078906e-47
0.02117257508066728
0.018229850928128188
0.19983608042749698
0.00981005832175082
0.0242983132584123
0.17944463813278097
0.45980869763381893
0.674921250300794
0.1241587328467502
0.12696371217352964
0.6854656114414371
0.15898839592807873
0.02565329021860463
0.4616712156163359
0.358053248071259
0.15077317565671466
0.16021986355002962
0.3554876774017604
0.013564490977586144
0.2574419066158385
0.02455478850093392
0.5194495132769726
0.28795294940603705
0.47755397093378427
0.010241898437779496
0.13632247221938082
2.258847275479378
0.02822997830876604
0.06277810754976845
0.03667222529567638
1.1547756577437172
0.026956855668846907
1.2456698140880098
0.1328820667076147
1.3070313130667166
0.15620049669913694
0.5444532846848896
0.15687699405669897
0.08347728129443267
0.06822108316253309
0.1461940460743332
0.16517688926519625
0.22098008139006634
0.0312682608643027
0.6644587196945444
0.1728510344804819
0.05228610347833716
0.9400697033270177
0.20528828774744856
0.019035869164357747
1.723139480264791e-49
0.11774945663498979
1.0685456673705094
1.1694953943904935
0.08029854157263151
0.009998064901373022
0.010488713558729072
0.2685490185493876
0.013251958958322227
0.10817359051005945
0.017350942529210888
0.07619517763441931
0.1344950417644449
0.19436888163632557
0.1728924774360606
0.014631836884802107
0.016901342156762308
0.1415945973155996
0.4985795528511572
0.535673263492287
0.16216983626690007
0.2619028030611721
0.41104672505216366
0.008300610247289706
0.02053780496467837
0.03253526366384893
0.49605329269023324
0.05608041043774466
0.12713879498352462
0.03841377534680138
0.06367315847076419
0.09899739594424747
0.07922440294566242
0.4137232034051039
0.03114200080932889
0.16351678242031023
0.015268528006262024
0.01760616262037781
0.14154487146077438
0.004344448053489321
1.6040342728325223
0.0623106368758498
0.25372756747558445
0.03218265686817505
0.06849441103882833
0.0321567446654949
0.08032090104923391
0.001785568978954529
0.08048521539623645
0.015714410553134328
0.003099429510349476
0.10430361186908484
1.150918083964055
0.9113432952922063
0.12517104756028213
0.038722944648107056
0.07667017684704114
0.005177588432936069
0.03901486663260833
1.49610647475409
0.0005536049135042976
0.05269361067825966
0.010765253683444097
0.004799202687605385
0.048289348081968476
0.0025132441087103146
0.9342006855423659
0.178549013676474
0.02911508018970472
0.1729184763116927
0.014160547476280188
0.05794146558652427
0.1475261843166663
0.226050354895233
0.08789068698976275
0.0645330501173157
9.188184730120581e-51
0.0717395963857553
0.9193032101880557
0.04012608012163756
1.8403064666184288
0.09596373876377835
0.13921131836768674
0.3232084140784962
0.0019388871658634333
0.020002128549927677
1.1504915184990454
0.6616895434584507
0.07181499629174615
0.13274203887081096
0.11765652188782569
0.04659970661465608
2.4409541413479645
0.02710882825405365
0.14498018300069782
0.016100902074389672
0.09022508927048967
0.2117728733136781
0.15737354649052918
0.4148100910452313
2.986983796612947e-14
0.007267124811008682
0.008714952141604497
0.09668179322045689
2.269082197804194e-48
0.01031113135327183
0.023034168372292805
0.10849973274651874
0.0190130252981241
0.09728103452731864
1.1144966408377362e-48
0.28305326686614574
0.20874573848637049
0.04771724993593026
0.015110453581584292
0.038400440026271215
0.0003091101832952627
0.11946022177192635
0.5011800283196851
0.034054201629461336
0.10852457181492627
0.043390704677325385
0.05594539543195262
0.07932170973577839
0.1754068624358094
0.035345981757597796
0.046269565548442415
0.08681091257398851
0.18105804342655296
0.12983046240962517
0.00045508514258323156
0.9777963651160134
0.015307805032707423
0.01191771071790726
0.36255415429410953
0.33717885941383685
0.03685417270424872
0.869614235361123
0.37448312552797197
0.20008312621653282
0.056330142202420136
0.4224254699956375
0.1012537109415269
0.46037824860935106
0.9208662845623892
0.0074036943645235135
2.929182387769463
0.13812900030449793
0.027564278321362136
0.20807740649734385
0.041174318398486225
0.402328432928516
0.15122981013536277
0.2125962002883114
0.003364048474681534
0.1749871123255774
0.23658521639607968
0.15379261183443554
0.04343053007109655
0.8026674958191861
0.009441234941927118
0.011297948404942413
0.1074832163571959
0.006362416297548756
0.0851125049184119
0.04236154316809605
1.0
0.4440084955919956
0.025685517055667743
0.19295153635771387
0.006819868389671689
0.0634881593899159
0.019244981171748356
0.026599815425436536
1.1423979146948828
0.021984798511239228
0.018891281644820426
0.07791408272753092
0.5288578120883359
0.008825524534186542
1.4689407167168507
0.010186616514782327
0.054608211977795
0.029444367634340038
0.0012193256288345494
0.016538972079329247
0.09600221397904862
0.06836884813229467
0.005743677000670741
0.0720941860108117
0.03440721443567921
0.012520830010181993
0.10674360908237628
0.08126017807327143
0.5683554010065994
0.0016177114785311168
8.694107447532569e-51
9.429303630348554e-48
0.034243643344433645
0.8693406035755065
0.06432346166735707
0.01793855308894564
0.6908357572339197
2.079711256250102
0.03938604781087967
0.01575904636400334
0.07410796255868635
0.11756690667241922
0.03047662362379337
0.01426158284131334
0.09016635744860622
2.803071851143678e-48
0.1571200268441483
0.012688949121044573
0.6414984764352872
0.10734256620881344
0.06170855861946829
0.7754219090746517
1.3965645295144795
0.05662361550018398
0.09119278961656603
1.6986383077346163
0.3355346773243275
7.446547710144115e-50
1.5109565364581948e-50
1.6856602122863316
0.3878024843247008
0.05676327004375052
0.5918142133842519
0.08532301544421796
0.22201873537013825
0.4827366443000055
0.09918749008988723
0.1557321197746179
0.00793760256237562
1.2999430400673746
0.10693590456933963
0.004562745030286186
1.9101060479904683
0.051400550535253935
0.07952188467416002
1.0396832500450195
0.6327981068158715
0.07360415909764673
0.051498425365911545
0.05972834606061388
0.5755817097683535
0.007139878753580439
0.09921297590701073
0.014289167102510493
0.011463135509232343
0.014101106886012535
0.01634868549935394
2.1341082383444233e-47
0.044601014053718274
0.021859724312716326
0.02682498522999398
0.040988964370158074
0.024521231814714713
0.7225102502980328
0.7240913892596685
0.24761938432160321
0.18379244488687307
3.0002228900819393e-6
0.8561932569769578
0.021561181858244023
0.009757941523352043
0.5515867555775983
0.1991102490643677
0.030077749283477742
0.3158978454337768
0.0015127477943512842
0.09173787026713516
0.09889811179451041
0.011619936796263525
0.012284002127575978
0.008536430323122042
0.3952734785438858
0.01870372537489839
0.06326506919034029
0.059491208592171274
0.23702099959608056
0.1955490005551843
0.5856668190656397
0.8296691949247199
0.12152438127849943
0.021272746152553916
0.03786387046880353
0.19895011709883634
0.003293831099762108
0.16080857156312026
0.4826273895935819
0.09511899067098034
0.020485212959385022
0.2464203000193678
0.01304485884145912
0.022152375208675343
0.3760943999113714
0.14858634049364253
0.2790995508968155
0.1751336725283829
0.3752631413220877
1.196235660404486
1.121883236924149
0.014228788140777415
0.015980527173368626
0.015058068809724306
0.1899126464817149
0.02587409015147675
0.0300092335493593
0.13844533507752044
0.9940948383403397
0.39818627467283624
0.0715725135107933
0.17513902953858831
0.774001297339271
0.0010933036156555497
0.46483206535192967
0.5036751972429521
0.009302820565534147
0.013298125139363244
0.11899770071404342
0.07432683937087682
0.26404583536318244
0.8079466093791055
0.06277844784194177
0.37383604318249425
0.585381812249072
3.811532776531351e-44
0.3284254281394639
0.041765079737904984
0.09224953265335802
0.23827659166635506
5.2553125268784005e-43
0.02358475897946224
0.050873747105411586
0.3286383175726666
0.012950784004988811
0.01257899321007221
0.05752721734763682
0.06345237101178576
0.0773324467465417
0.11342693962539883
0.13804902431975402
0.005860471501260145
0.006379740643797662
0.14965569345733415
0.4263646451986669
0.26741092910694103
0.07446487258681447
0.07153010505346004
0.03043290808828956
0.17376567693837194
0.05462136463818136
0.32314223208871645
0.09758470073304834
0.8235708154856166
0.12543213995225413
0.206516256337444
0.07743951673303
0.024233091069876166
0.14706016194853191
0.0052172266572251
0.629268115505926
0.043481447088992924
0.11954596118750829
0.0744883610147358
0.027936115363730737
0.09548558954781765
0.025050283611407077
3.0778696933758445
0.05332921373866742
0.07053210458631518
0.23763204468358842
0.08586867664513913
0.3453335577842421
0.005851230333081255
0.46475960980738623
0.011355831369229455
0.13393151843157247
0.05164092489540649
0.05497386798227788
0.4047756774058928
0.022684924909551707
0.029425093859488098
0.24355389299362348
0.0017438508788565022
0.06164467859404156
0.1998457409231308
0.13884161095467668
0.19775938463869905
0.016806018044986222
0.15742522930968045
0.057573245828292444
0.15017277771927037
0.014360625777161346
0.09257245509888314
0.041600130694647984
0.6031102018735542
0.9386759152816063
0.43169894361413835
0.06885569898883934
0.025808072436946643
0.3729663248725104
0.06096868401973639
0.036223507976143966
0.04306733550027749
7.191565500766482e-15
0.12558598848946712
0.8202069287628785
0.40949845564333004
0.030277713729800145
0.010316604322132111
3.426163627638024e-47
0.03719251612547421
0.6027557876252831
0.01991328062557386
0.07476533804165003
0.04914639197293765
3.3004979284209123e-50
0.0023948467899383152
1.9108030407174583
8.665996359943607e-5
4.305665542079483e-48
0.013963324790588082
0.0017516140726911184
0.007814193047762283
0.16765334015960767
0.35516216405155515
0.13150836310349445
0.04720812819449643
0.44923192445526244
0.5304401765278808
0.2830622368602267
0.02534450892763176
0.0003554440396271305
0.0043947929327319505
0.031153034831059207
0.3533304001043052
1.7965168191704666
0.03433769904088065
2.630341858222458
0.15680050763370398
0.6241441778510048
0.0032788966759386097
0.9373592030814166
0.03845298106619769
0.32360334095113635
0.43252808679061644
0.39167807778621644
2.647699911724211
0.1673789716442952
0.05291020965538692
0.03368098833661684
0.18478470340708542
0.004881983168765456
4.955611472451375e-47
0.9258299987765982
0.4022297883768646
1.3842211990027744
0.11219569450422719
0.03595905244996242
0.05170141812240547
0.01631510349339377
0.17816288457548782
0.048304092753255874
0.03191636591657909
0.11832785017400724
0.41910052550501015
0.001274904091882478
0.017659265955174246
0.07604533992309119
0.02327976275898653
0.014015153731836573
0.12089115757106701
0.1374244914250555
0.09545562795440247
0.09993910758000188
0.1456151176095901
0.022623419830965313
0.18418287692588656
1.704736494179355
0.02069407921975209
0.14749258307875543
0.000419940621255639
0.09007578330450387
0.1320319620868944
0.1616859571436717
0.052579202493046415
0.02356702417176848
0.13985772202101823
0.023681494360571927
0.293024723802154
0.19228704233293378
0.14265777073425862
0.021258144243201417
0.07794371331334346
0.06112200954379429
0.9921370089630601
0.03399686503740538
1.0952724185745346e-49
0.18938918375442337
0.01640762281129948
2.54975822874318e-43
0.19482408501306486
0.05374215169367916
0.016684385534364223
0.3690931934201381
0.0334080684618415
0.004580101950237421
0.11855870918737005
0.10308696262566006
0.09591029762919921
0.024283266765199794
0.027002540838164543
1.3191131898599417
0.05493437016685742
0.014029069055168772
0.07723362972556977
0.0354854792466699
0.0868093075189961
0.09682150803816707
0.05762566871629605
0.05700126337958836
0.0013039285926747662
0.05382095018645294
0.6429530146879903
0.32508307510127193
0.6627836063675023
0.04887458912184622
1.0580961751250486
0.16073350667488867
0.021768053801215735
0.6385422867468448
0.6513316152019365
2.5172288994981358
0.04381525754704172
7.812979889675758e-50
0.7579689578009114
0.009331022722994258
0.24646569035997015
2.414487145782185
0.05589018205772629
0.14794677606706444
0.23520679316528467
4.640173361999087e-48
0.04056244328431183
0.13597008800189128
