0.0005047673340881675
0.00041950223072545327
0.00029119400786998623
0.0025781727123676394
0.0002370222217488019
0.0009810569209221327
0.0008516842428246263
0.0005335857658665155
0.0009630367764483579
0.0004268034294881173
0.0005670829708576318
0.0003190858508153309
0.002021695312061222
0.0005678404586784446
0.0007992968266134017
0.0006418951238322356
0.0007765972089672923
0.0003417093280129812
0.0006502820211345835
0.0010865854436748347
0.0016666612707291672
0.00042819961568515454
0.0002972296538440068
0.0006744569489744259
0.0004029050709915883
0.0004209041660639958
0.00034951981716541374
0.0005058447424736667
0.001423941567112495
0.00049548474870581
0.00026104754334100016
0.004702918458049686
0.0005278928445801752
0.00043107686865999817
0.0006585820584708573
0.000949936282974805
0.0006888563915757024
0.00032074471565196106
0.0002351755929939879
0.0010615844291734535
0.00024900520323853153
0.0003909812663646156
0.002387193958778915
0.0016581861679218087
0.0007177778224423301
0.0014780444789092766
0.0004453854605516182
0.0005175199536645667
0.00265050112336471
0.0009027969211088727
0.0002618673576253615
0.00029977627502271215
0.0007881551740833367
0.0006278229831708466
0.0004991631463681487
0.0004304606223599142
0.0009949513738949872
0.0005481808217777529
0.0005840465968766871
0.00387523994781344
0.0017186199942623881
0.0002683404782437175
0.001404931932804844
0.00039566374494568845
0.0002580674693133954
0.0009399285024413182
0.0002497293707835366
0.0004017074822633138
0.0005706393337327842
0.000491016797012439
0.000337942319838994
0.0005073375232391267
0.0009514826422999346
0.002071561042446219
0.0005029466151322072
0.001132055413855092
0.027975126782953944
0.0006079210399384047
0.00030808660439766967
0.00042532583258456634
0.000617793540925171
0.0005795191914539816
0.0022768441117503625
0.0005781531702620373
0.00039366507839418765
0.00026641011078597194
0.0012277127878926493
0.00033390095359073707
0.0004458577536834176
0.0007016891514039813
0.0004411717694759021
0.0005588332478921196
0.00038091938046914747
0.0006922281128191172
0.0002934349105876082
0.002291308897307038
0.0013667319952933006
0.0007311170668273116
0.0004137591921908945
0.00039986673918293217
0.00021183366373286023
0.0004391290646822853
0.0004047970796728628
0.0003554778409026305
0.0002909153809737884
0.0017961398619890706
0.001709566820921127
0.0002470199168956361
0.00035137572212171135
0.0010122408680232765
0.0004454281207940832
0.0003143773989888012
0.00037087240927576823
0.0003588693306818081
0.0016950970005665186
0.0019894967860843524
0.00025444948341568445
0.00022331906407297667
0.0003746673138088111
0.0007807136449216756
0.0019210274671142542
0.0002637715881631636
0.0002811049065522007
0.00047168744831887187
0.0009697978498286756
0.0008942235462746273
0.0062014384543570425
0.0005001568587706349
0.0009270252339252547
0.013724411540366037
0.0006639020871547578
0.0002914373034915036
0.0006483859249385642
0.00023376133627669383
0.0005326323984730634
0.001230429130267024
0.0006685303973639796
0.002414069411676539
0.0007039523857480204
0.000339739402551391
0.000998158358653131
0.006643266198687774
0.00029437392554469276
0.003355934089844666
0.0003092849136628948
0.000288895106605011
0.00033468352049367356
0.0003653606159904881
0.0008211585770472808
0.0006477288183710563
0.0002649315037632876
0.000620903109640064
0.000768677609355737
0.0007479733241088508
0.00034420404446810083
0.0003778564287851767
0.0009826921928757968
0.0004043293392283558
0.000852730145831676
0.002939648108912623
0.000533824125513856
0.00022504865927217563
0.0003267028457923595
0.0003592134045853901
0.0005760222804258475
0.006162516787819069
0.0004630326553274152
0.00757595606125954
0.000751910116018781
0.000500915362701799
0.0005634965437972809
0.0006624753745485301
0.0005732388747357973
0.0003142667220290438
0.0014659848589630214
0.0009378973789403827
0.00047333500741738617
0.015997815104950155
0.00043278367069118174
0.0002850086931999759
0.0014795448627728776
0.0003276671391800272
0.0017037773718300182
0.0002509120223754653
0.0004486817767039595
0.00045892235709452074
0.0010672498921457314
0.0005183500648500858
0.0006183686896503507
0.00043914328524975114
0.00057400675182287
0.00024283277889877272
0.0003965963386204834
0.0008927276211287803
0.0016342905801954113
0.001238522088374853
0.0009658539045656383
0.00035958725148781107
0.0004026563082223019
0.0006806290826821267
0.00024870747641646376
0.0006347271739145506
0.00044062969816191185
0.00043024065379870005
0.0020492849763101943
0.0004216847482805754
0.0011089355351704487
0.001750381727531933
0.0014111380780567615
0.001120338045076008
0.0007457446077508156
0.0011880637495700625
0.0006220105366852677
0.0014648730291865447
0.00019515614106186126
0.0009665592829872214
0.0016643751492191503
0.0002712275153196475
0.0014664452995349043
0.00176981378694028
0.002011368581136757
0.000808769271221737
0.0008278073290458483
0.0003149793489433359
0.001402635272581759
0.0004246809232973659
0.0012271736718455484
0.0009587955828351458
0.0003688882446161289
0.0005687379756523739
0.0013503076310040398
0.000584762601778537
0.0008118510899206246
0.0003226521901408371
0.00036869772249537274
0.00026939017970195443
0.0004798832003890066
0.0017882154220679532
0.000612003050549119
0.0006290508290015179
0.0007074131648148619
0.001391653189729807
0.00031592170271342633
0.0005163573093937688
0.0007850474885517765
0.000998709541263189
0.0009760429014969908
0.0007269929017538844
0.001505281302479673
0.0005690246497859872
0.0011926628149140142
0.0002520241196245777
0.0003020159012198125
0.0007410362507989418
0.008359428348837985
0.0003198828164217819
0.0002929654959800986
0.000589691186340603
0.00035844353093548916
0.00023124991224011797
0.0003731525117644152
0.00036440303374404674
0.0002019976723570172
0.0002418606218864141
0.00032983045738898994
0.000489772712047677
0.0027394011902980267
0.0004965323742389781
0.0003530370078813922
0.0002526660710874523
0.0003009667191540457
0.0005486300504551421
0.0005495902171702074
0.0007804128129274054
0.00024979156309474284
0.0008161744745836742
0.0006131925629193539
0.0011515375726531374
0.00026318615810545396
0.00027060103653910473
0.0005392939449293372
0.0009524951055978878
0.000695870816803261
0.0020888666072888147
0.00036965690779940195
0.004820562338846482
0.0005455210680896586
0.001063315871960166
0.0005747790653005405
0.0038722013880798313
0.0011928876899402925
0.0035106179740453866
0.0006823503210191804
0.0006151533512064605
0.0005219897035606567
0.0006124001117724469
0.0009884698685796152
0.0004946944084885187
0.0003459320022075085
0.00021360426860185286
0.00129508072850147
0.0002775880112765365
0.0031428779032392166
0.002676427163138048
0.0006402462612848614
0.0031085715028941153
0.0019741351260624666
0.0008027834607952738
0.0003859341541260635
0.000245834862537526
0.00031147927709318496
0.0021793792444711013
0.0010756137426970458
0.0008031229999731803
0.0012186379268455387
0.0003427658523528116
0.0010385135148522151
0.0017474384043525283
0.0007412825115544209
0.00022331312513881678
0.00028983497858900794
0.0008115900623187969
0.0004241650206113559
0.0006189406516752754
0.0002589320728498276
0.00029185350595039243
0.0003210121791488729
0.00031501004373301597
0.0012884790700758019
0.0004149158305012182
0.00046168675511006383
0.00022450356760771392
0.0008935242761621492
0.0013801623774619344
0.0002786260213857798
0.0009650974750558299
0.0003994709852759728
0.0007495313310141186
0.0012758014500160707
0.0005973153430148861
0.00022030344183437297
0.0004941309834713483
0.006839404074634922
0.0002935376222476846
0.00041876813791606304
0.000550269631628997
0.00033799413633426364
0.0003264184773177264
0.0032159712761407576
0.00029350530920813805
0.0005602295994396075
0.000850911453564249
0.0013454991267712677
0.00798782283155998
0.0006510494402428132
0.0005920457999396435
0.0006094029367229876
0.0047819497885795495
0.00145076854250716
0.0013096753475009518
0.00033199774524142445
0.00043833629813030804
0.001309996079603234
0.0008154133574143772
0.0026480120751287356
0.0006273902935031326
0.0003340956645633417
0.000649773791941271
0.0008864936996199614
0.00018171934758999409
0.0005077493348592846
0.00031712164212283783
0.000605778311526979
0.0003458424193094852
0.0008293895181044554
0.0028179551976346626
0.002903168540166454
0.0004232780566806735
0.0008387967335768307
0.0011451543614277345
0.0007903448658695761
0.000933953442279266
0.0002397146332220399
0.00039800516827864356
0.00046737044355056205
0.0007740560749688497
0.0003924182271901373
0.00048003714740127093
0.0012759936031215755
0.003217629027137189
0.00030203737380690314
0.00024127740060696262
0.000886862348201363
0.000601077970889042
0.002046862679953376
0.0009120957998627023
0.00025160676961004743
0.0007444944313048937
0.00042126110945864146
0.0005706654857552133
0.0008667667117669707
0.0015764656000012355
0.000534125855936672
0.0002166694531234108
0.00023075157976421397
0.000572384390361028
0.0010116680036655022
0.0002344822774225691
0.000870687195710214
0.0006994336313583444
0.000326928223768748
0.00037508526241419627
0.0008382495770472884
0.00040215171346731995
0.00035047446071602016
0.00033676110510764897
0.0015324136945574043
0.0005481442742818924
0.008188234763559232
0.00039299860564650173
0.00023170427861937847
0.00030006716965082865
0.0002650335126772299
0.0007137820770875468
0.000979031135156186
0.001049835649405712
0.00021336626078651786
0.0003175583302771408
0.0009509850088545021
0.0008101403149898699
0.0007472226580019721
0.0015424588061638913
0.004646680416957004
0.00032660674953709386
0.001076367647908481
0.00048022577376468864
0.0029954208843619274
0.00030009049717647223
0.000774703646630485
0.0002611502248000018
0.00022440144903797
0.0030299427950717665
0.0010377416007592013
0.00028951092660820963
0.0004729367152126303
0.002174051957602257
0.0017024487771588157
0.00026195538479006317
0.0013588269812767342
0.0003338792455836557
0.0018468463576940776
0.0002562209931635397
0.004070438546895299
0.0012520326286176368
0.0003086807069129395
0.0008951271661136379
0.0004921308446139075
0.00043535391851227603
0.0006296649961120539
0.00035318865774728247
0.0005171950897281786
0.0004354824394921037
0.0012693216697278245
0.00023981421219868577
0.0008798733820786295
0.0007586728054095664
0.0004977714946206162
0.0010344912665875856
0.00025439059270108245
0.0002658552707832527
0.00480245014966144
0.000780966700453547
0.0011075348067463076
0.0003901375932390407
0.00046758776664079674
0.0011316784576845074
0.0004529566343851742
0.0005261557504589898
0.0016129711682605651
0.00039451696042458516
0.00018805860189290177
0.0011782751181461121
0.001964239500032503
0.0006521287169009598
0.0016363195532636194
0.0005849675293041623
0.0016019699846397154
0.0005223188340040871
0.0003845861254255131
0.003958282623897467
0.0030875271231466726
0.0050263889172291005
0.0004981846298530364
0.004183739488961509
0.000453887825558101
0.0009046222747106056
0.0002830953736744338
0.0019529813662052017
0.0008698266708779933
0.0005050207880655662
0.00038963923005359336
0.00052755601957302
0.0004576873745342271
0.0011127866088565764
0.0002011906569075757
0.01136021711999121
0.0002570007224765497
0.0005500754101864391
0.00037851614519860565
0.0004287633050492285
0.0009142400633341727
0.0019143147459190807
0.0008182729940991887
0.0003787451276352898
0.0009818094157307256
0.0008237166838450212
0.0003280991621035603
0.00020687593755453206
0.0010965652354617814
0.0006772602370023706
0.000373280262697439
0.00040809169173103743
0.00030851709022856416
0.0008736160325573263
0.0011167760625468391
0.0003810741262203487
0.0006655898196210252
0.0004645969344917571
0.029071600803152464
0.000691334052831925
0.0006938857175669429
0.00022896806473370691
0.0014958284123028273
0.00038150541993531436
0.0008309321976782423
0.0003468391878472777
0.00038701930171544067
0.00023446823751522802
0.0003895673692330429
0.0031672950081926463
0.0004394494034696906
0.0004505122517388716
0.0024336191370911923
0.0006248210207428025
0.0004090755278156774
0.0002466560979317007
0.0006288692506304962
0.00032301760345016526
0.0006098250343787099
0.002502637909239257
0.0008089227567505529
0.0006367181993406951
0.0005634256805603896
0.001459895435410266
0.0003667192924261029
0.0009698846838936962
0.0009185239922484713
0.0003828190356349464
0.0007205742173449514
0.0014574158555656794
0.0007108217526650296
0.0005744644732675847
0.0030264267042448517
0.0003139156141240419
0.0003815015033122991
0.0006694457777323392
0.0002914549072252592
0.00023287141349655525
0.0009629988177242169
0.0004771464964011391
0.00040129580466185226
0.002722405066722737
0.0020705422691098567
0.0007861565376108849
0.00028743048467849133
0.001785687284624578
0.0003062917109350985
0.0003425592053995298
0.0018788185084589685
0.0004215657312143693
0.000675369943648088
0.0016137024880385907
0.0003174255916713328
0.0005398251096238052
0.003687153961775966
0.0006634221002359733
0.0009691485139768842
0.0005504630653227745
0.0004306433885912997
0.003259394490850239
0.0003118935986744884
0.0009634322138710737
0.0030206452283336204
0.0005855677766406381
0.0003825364194666608
0.001301073255380739
0.004549770993840662
0.0010318993467230842
0.0027960657408854696
0.0006204159611509231
0.0008575201114971817
0.0007187059483504363
0.0004968841847844634
0.0006807555400328636
0.0010745514543868259
0.00029695258020999334
0.0010295311013620448
0.0034311868159724477
0.0005414952450901894
0.0017069256130355494
0.0018516012221411284
0.0003816990361404303
0.0004993077907259773
0.00044972737458334576
0.00023528395813873868
0.0012200956171294056
0.0007355152359596975
0.0008243815556749896
0.0004465386577362051
0.006336887588947209
0.0035364327666284577
0.0004755789927247733
0.0005261733854231064
0.0013241878879724496
0.0006295235947979135
0.0006172815606026295
0.001215806709257384
0.0003023227836799111
0.0009137023993599988
0.002768970602258697
0.0004869529397642501
0.0003966056411285689
0.0008637175303699403
0.0005466010155799952
0.0006483274264801302
0.0004878294146815229
0.00073347615271716
0.0007806371367774293
0.0005118986574817229
0.000623137935738387
0.0029230178137871136
0.002861354792100509
0.001015948852981032
0.000568666764796637
0.0024543064423776734
0.0010172285815302098
0.0003617674481320064
0.0004908089622234265
0.0005726435309942556
0.00175570208407791
0.0026288235792882543
0.0009030092537545864
0.00022741980043305374
0.002107005425491146
0.0008284883080201526
0.0019221404866715881
0.0002063640077559483
0.00020294068050557483
0.00020255896453061107
0.0009462905643552594
0.0005562261261288418
0.000577599764857735
0.00835767579727004
0.0005333056419797907
0.0002224068187646502
0.00044582791122323417
0.0008080655128994672
0.00030722017834667714
0.0004803719244163082
0.0007243946832304675
0.0005805827865856541
0.0005035355078877012
0.0044728487901261015
0.0008802934838825711
0.0010106959932294336
0.0009010888627691833
0.0003431558581858391
0.0037951712371783893
0.0009566316185218357
0.0004389175069179591
0.0004250848671219517
0.0010991109268633657
0.0004557278785517351
0.0005335913811001252
0.00137134700603265
0.0006507270764897499
0.0012166452777930103
0.0008138141272939745
0.00022882579393235835
0.0006278952763269912
0.0007602648616213936
0.000579562738315636
0.0011812948569112076
0.0014657261350712303
0.002106884797552692
0.0008638899304628312
0.0011159496014114224
0.0008153998698714901
0.0003057898008914995
0.0001976945852805874
0.0008109419303003674
0.0007181535621570903
0.001114504535790643
0.00022436718046167336
0.0009739104677457492
0.0010158268853978903
0.0005476666505980822
0.0005989391566283049
0.00046399737874073643
0.0003690795494002804
0.0008377539533879332
0.0003115103588824035
0.0014213658584066279
0.01893986225960127
0.0004821191928459505
0.00048637649682409836
0.0002460600048808198
0.001153477982819889
0.001765861372455902
0.0004870420094739212
0.0002353305132360144
0.0014465625740937172
0.0003350653649596147
0.003181268796814833
0.0006460142535422838
0.00021433972320293072
0.0005637037067950278
0.002092633621976733
0.001872929938937465
0.010064975739238478
0.0004245757857662834
0.0005852717049799283
0.0004214610776435992
0.0008067156705833331
0.0008930307100346807
0.0021817848617901228
0.001151450423719431
0.0010291648599660632
0.0013167107389094213
0.002232893604266145
0.0003231692220979946
0.0002242889988006451
0.00026749347189904794
0.0013165175592552147
0.0006511824633163502
0.0004910384220210182
0.0003834569644925882
0.0013761201532227103
0.00035710811751641156
0.0004317869810452517
0.0005638670048280294
0.0009582050106111436
0.00023648530816472156
0.0011604783154582955
0.0006585086387750646
0.00044676551156702025
0.0005772279769094128
0.0002876911299042475
0.00046150063329329833
0.0015792637090290198
0.00044910894852004434
0.000368941869012052
0.0004193849886041001
0.0007057219131071373
0.00044551038170297476
0.00128473984766321
0.00034440827110924637
0.0008669897283839241
0.0016555914254480655
0.0029738748572293596
0.0022335434136864117
0.0004861352790684945
0.00026626457336876685
0.0027023098698680855
0.005050169238849053
0.0010430933433789415
0.00026473364391265905
0.0005845032991020673
0.00023347970158676097
0.0029225030612977246
0.0006967753584215526
0.0015379307042229463
0.0011423116273003755
0.0008622904292155532
0.0011199152399613212
0.0006055048344057202
0.0004968867949615196
0.0004926614402965049
0.002172195546888448
0.0012878155969340474
0.0005551550342483404
0.0008176618479765359
0.00041545060755756024
0.0011100542636084557
0.0026340678410899767
0.0003822228065851396
0.0006058612646294349
0.0009623946057614271
0.0016395508147628926
0.00017765995861145157
0.0008245082676738846
0.00490228806256223
0.0012570597262554575
0.0004603377991307571
0.001065027259118056
0.0007705244097478793
0.00026991879914087496
0.00028726799419735477
0.0004577932593400891
0.003557262442789157
0.0007341023601948858
0.0010355296364617807
0.0009486370405781947
0.0004790650236625155
0.00035286703801781024
0.0007005352476226594
0.0005205148025395806
0.0014069016001116033
0.00045626633024730724
0.0007630092904139399
0.0005131782355066585
0.0005055008752737987
0.0010004942061030855
0.00025232329947401833
0.0003734122798828707
0.0006716475948948871
0.00021680180462391063
0.0009790992431689058
0.00032421769876687045
0.00021316747414247935
0.0005203258980548414
0.0005644836031245048
0.001084055712373645
0.000507685427077682
0.000490656126710402
0.00023870144700099022
0.0008249773684716744
0.000940867365460244
0.0008735042044801842
0.0007332473740766424
0.0005217322536047739
0.0018490570937380387
0.000868677187907481
0.0006895897480476207
0.0002885861687487142
0.000469401769574167
0.0018544034702768566
0.0004899565938347107
0.002143709003803826
0.0008427929876072281
0.0004281994336208202
0.0007940529789220593
0.0008695725824105444
0.00024320099002084772
0.0010457769736757945
0.0007534309450203821
0.0007221638252942933
0.0002580647763052715
0.00045545031638014814
0.0010629979631252334
0.0007241420508984855
0.0013774777483936092
0.0025197712582762364
0.0012912743526722443
0.001027886484032492
0.003451144672889218
0.0009254145719853464
0.00048609039752217805
0.0015139539789884757
0.0015628913161061077
0.000301268905163692
0.0014785713805994874
0.0012233075936381817
0.0006607809924596846
0.004834072909337313
0.0002894788902152682
0.0007631056843213144
0.0006017973346222406
0.0017389950935323352
0.00039010150138303596
0.0005759190609332822
0.0020887443630119313
0.00048658951694518723
0.00036693348738733666
0.0005452840252747649
0.0006292568656257335
0.00036075133704756735
0.000394285368043027
0.0010860857829845018
0.0005054795850790018
0.0005054555323986106
0.00022092985880694046
0.0015007302795573612
0.000645302248916517
0.0007240844988664785
0.000598789102917875
0.000272683286799913
0.0009703063650437332
0.00030055461167972014
0.0068029547748147895
0.0009869172402196334
0.0019221494164519408
0.0015765965688810883
0.0006437294453806153
0.002391630821871391
0.0005382083758213159
0.0005529433153016981
0.00025424622789657495
0.0006914953262678118
0.000342880293356824
0.0003824279516989759
0.00037809688383335613
0.0012520221468704303
0.00042498541489187624
0.000227452461213878
0.0004791180355963915
0.0007119134856799714
0.000584329553645785
0.0003966615690898052
0.0005245393418688503
0.0005290461869688444
0.00032709251030341196
0.000647069228414686
0.0005156425203782254
0.0008737001624335894
0.0005535864415790538
0.0004971596074484804
0.00043206708206889997
0.0007324049313700827
0.00039263486879821755
0.0004746003734626174
0.0009323024723964384
0.0006017598769777183
0.0009908787004552424
0.0008204883378057398
0.0012674349077179373
0.000797689778270186
0.0005116074463125262
0.0008552189250060283
0.0008990242004412444
0.00042436271712895075
0.0024669479775451
0.00033521557003719587
0.00018857558545237992
0.0009947545935252156
0.0005408825589567157
0.0019193911421532923
0.0003161517749966121
0.0003429236388749467
0.0007925147192410445
0.001588236699958668
0.0019273100568615738
0.0010014271024777793
0.000317124114861275
0.0022535157499723687
0.0004273506504435253
0.0005958230075681906
0.0016552140767982137
0.001008309823932749
0.0010586421268053469
0.0007984177785078201
0.0002620154656636464
0.0005003006380826547
0.0003359852407358594
0.0021688320175654065
0.0009138495987730884
0.0002643942106626289
0.0015467288987159702
0.0009259367953573015
0.00023593171508774508
0.0007702081831503868
0.0020904134347949936
0.001115268624812034
0.001754606832703161
0.0003419827204891685
0.0011957301472172626
0.0002390102686412146
0.000618998710829565
0.0002228986703426855
0.0007616357673965136
0.0003942882283172116
0.00027732376894414555
0.00042067769829194293
0.0011407657503223348
0.0011542186554877691
0.0036174778637937024
0.0014476614294113717
0.0005980949100203088
0.0010269397153088388
0.0019867025832531397
0.0003596839725503172
0.0007284956352420231
0.0017972250911092082
0.000581881061074343
0.0005464578836768474
0.0038575739974382886
0.0003504283028880467
0.0006952591454973731
0.002120100532664073
0.0003405617198257999
