0.002759705633312897
0.008924335660438893
0.060569333567458514
0.012064610621847067
0.003637308107765948
0.0022172433865238683
0.008493721438772785
0.01753092148517975
0.002138419528193649
0.009422177635919989
0.006080768291289739
0.009663972323423305
0.005559437612919506
0.016374608724242325
0.009244686842568142
0.03562267685218866
0.011275466584712611
0.006924887415391097
0.006706748928279176
0.007642780728017544
0.00488820191792784
0.003946995165175817
0.006152771825880035
0.04010150301507216
0.005619647469810093
0.0049750703361577915
0.028262802863109785
0.012386630339970242
0.007444955213925175
0.0024892172017722237
0.0037656296430471363
0.01600454553690093
0.01603367760973479
0.007521639815933255
0.0023404339683635853
0.0031603417167023642
0.009040872328732996
0.012282509544384914
0.0031383877601123236
0.007956543022271636
0.020916048976842423
0.009424224186048907
0.003765801776591362
0.010850947324635303
0.0032855408150091153
0.007118078522981059
0.03316652716561005
0.007296669190909186
0.0029121599585602547
0.009831074995420616
0.008977899902465922
0.0024568018422223723
0.00583773491019563
0.003271631709604031
0.0204170022188936
0.029639843703427295
0.0022539700023641164
0.0023131160766552286
0.0014088194369836935
0.0020217985994655224
0.0048372426941621135
0.0037537206318644946
0.021906065547644602
0.00257922262176657
0.006783066378296464
0.013300866172517679
0.005216324047743215
0.03207378106802286
0.013008739067759489
0.023466762082851127
0.009730608796115979
0.02445685576417415
0.007426005974148387
0.003751259462039263
0.002915589740418058
0.00570661793177979
0.01016816430464853
0.025005503181281544
0.003082697852836793
0.009609313191615279
0.002019258727775837
0.003545410853187819
0.009597738508048915
0.0010441989764747698
0.00417760549129728
0.0049495968596423665
0.009508104868182252
0.002324172234055484
0.0084157393373658
0.007153421300655976
0.003551397639712054
0.0035705754529804265
0.009333687552922076
0.0072512732261192
0.0072446813017774305
0.006985843661852793
0.0051185808334687204
0.007441253118966002
0.0029576862037076893
0.007943380325597082
0.0023997207811683624
0.0027129991932954736
0.011465449047587698
0.013280782943306096
0.004051496403908169
0.025940124277589235
0.0030384246840661024
0.0020872088643729887
0.0012962417361324192
0.0018272608793425996
0.1095673286048387
0.003451731178149111
0.00744777992818707
0.02867649602251562
0.002621270245633638
0.008008223227826032
0.009895209168216713
0.0018967367913223611
0.006988564437808098
0.006498746036219512
0.004475572943652327
0.01493251987889613
0.0044055829728365465
0.017084243196510192
0.016499093030919045
0.011465911798844262
0.0035984660299011894
0.007372434039269246
0.013068760036535836
0.003733930787319595
0.004028114748688353
0.02544975322148516
0.003915235189817736
0.0032599137010252293
0.015184190687149888
0.0023317314597931364
0.00814087271661639
0.0069130475068613795
0.002163670692223913
0.0041502171690265734
0.0024115399081854594
0.006122129125492535
0.004442985566348565
0.0018898688456228405
0.004109636216578449
0.005355236310993395
0.0033216706254600653
0.01320815692380098
0.006179035719532632
0.007551515779480755
0.0050562061096082285
0.0021554749172140505
0.02447466523776053
0.09395302573826354
0.011287420624778874
0.005916653053812653
0.0023335621015754837
0.00397608339456717
0.0035320887749815265
0.014384576354921689
0.0021192734545666648
0.004694970947437012
0.0036723484659587015
0.00918453826911864
0.005395511987102365
0.0030635219702769257
0.0031223308044347566
0.0013373044604773287
0.0065161670948249515
0.019670776732751246
0.018079439272438064
0.041882918287874105
0.0019634076400616373
0.0036719372677607057
0.08676468392131262
0.004409678646358984
0.008738648316595985
0.003870527925172332
0.003919497641015521
0.008966088206573944
0.007992807067394697
0.007445306839248695
0.0032392033239913745
0.0014578459604153854
0.012047139344044448
0.001857925876812163
0.017522916016460766
0.011180832928899528
0.024518796924009496
0.024365425555938385
0.01464825488044633
0.025880048909101228
0.022676968935082503
0.006158320918427686
0.002368787684993506
0.007197551759515841
0.022394909788067494
0.0019436015349987069
0.0027383609953672413
0.0014857988501793644
0.002023557072700209
0.010266472236670269
0.003375955706666867
0.0036288192469731773
0.022344974232964287
0.013396823621334191
0.004959068126513542
0.003964587816646379
0.016420170914277433
0.01299943631361078
0.006415814507466528
0.02030136832085537
0.0020064807920787547
0.008426384755545286
0.03181610822012951
0.002953981844817501
0.00682612993168393
0.004005898259207569
0.003479082239294779
0.003889174565451807
0.014923391266605392
0.029790630665288816
0.06143993638748656
0.007656106784464217
0.001993378128800046
0.0028421393416602782
0.007304174841387719
0.0037185638667542363
0.002872829618493201
0.004651675018792937
0.002401416764650992
0.003673095331372269
0.004435052707659526
0.24356417904172475
0.0015896784777799805
0.0025397366609620662
0.01649494575892728
0.05329702976077954
0.0034833119970915515
0.004216638439757932
0.0033286759683992576
0.05246285520589335
0.005912365140417675
0.07899337934707663
0.015400461370081267
0.0037914829010668744
0.004835802647057088
0.1293856184656684
0.01263024995023774
0.012003440339096698
0.009532758299186418
0.0028671963340894248
0.005348932668366213
0.01044312653549426
0.0235095390581776
0.002225016860475689
0.004538726591990062
0.020604823930186818
0.05393506562245471
0.0021455869294241155
0.00328472053054252
0.004194132180214768
0.01763507583877226
0.0031371995024532967
0.002346542312598218
0.002469841061785527
0.008989929220197005
0.03435954705740036
0.00854370508423781
0.039507278839337696
0.005142974435533727
0.014325298269921037
0.0016985214740608758
0.0015318667142548606
0.010631532101223534
0.0027808119706345183
0.00894859280877211
0.0045293655863394835
0.005908682404824197
0.003543436479321463
0.0028477742886197613
0.013203505927702806
0.05152448315956483
0.009791739838602471
0.006008220976199525
0.006208860008680349
0.020778156623295685
0.01564903612223149
0.0033095850775846044
0.012684605015494718
0.0017711697068083729
0.01624346358785634
0.005316843769680164
0.007247898091181708
0.007348083330083466
0.023344333700375353
0.006163109914288398
0.005194940537237317
0.005364572630912001
0.005144243718227415
0.0028713984407939324
0.0038136837247338914
0.0035968598085087556
0.024473678523304725
0.017337770843112305
0.005219528429910667
0.0043622868747800105
0.009878403779628878
0.012209772888309104
0.020292722431383133
0.011543991095770095
0.05025045546631274
0.029919181895672792
0.013887905455364993
0.008394043049490997
0.011911557170581004
0.009478271974549809
0.009967194660518626
0.005423783365428172
0.004229382804572582
0.019584811188991667
0.003965217716303358
0.027222307507023775
0.00695002756001689
0.024696729858177568
0.005598685913726346
0.004769498546490707
0.002408575501512008
0.019677534523022414
0.007415729387190237
0.00463302098997236
0.02128822054073597
0.0023605482990614467
0.002330337071773204
0.004057447704804418
0.01528662744603499
0.005940217799649385
0.018212969424043476
0.0055943592957684715
0.0048291173049807385
0.060891233319548065
0.09597361905644095
0.0012919575948902818
0.035659514751354315
0.0044813441630225485
0.03437649883761175
0.006729247488908397
0.0034771355979735996
0.002740694825091649
0.010177790254502689
0.011873556006037187
0.003958866769527418
0.03585451215092966
0.004080832498944242
0.0053892411511379775
0.01304632400862664
0.0012157349132755667
0.02299044776469412
0.015130190766342096
0.010520002455518292
0.0015459906975979225
0.01560683107931689
0.003207226859115951
0.010648808761441359
0.008240161173376432
0.0018810891341550031
0.0013811509617876045
0.009140539857321488
0.04268004915746544
0.005217765913967145
0.002142596849157892
0.008937579138547237
0.0019152054158926525
0.00192061833608935
0.006021867661790567
0.01984575782338287
0.014624388595544447
0.0030021909824207095
0.007312365735239564
0.018629520844402676
0.006026458735300373
0.00459978460455667
0.01879359836170611
0.004413782530804829
0.0031517834247630962
0.012198240866912857
0.011030128239687164
0.003757468377209447
0.04810692484240622
0.0013283965649204805
0.008864865142056378
0.007120968676133482
0.004877503041723838
0.001487444346373478
0.0044913900141466435
0.00658233604321566
0.0066921148110302454
0.00473674222483369
0.004153171643331994
0.0628981218910652
0.019200180585458297
0.021723829002725577
0.010409763305559133
0.007703470883675494
0.003927579035431584
0.005143431985849388
0.003573282434109027
0.0205536843015118
0.004459307922332474
0.0019109228777921298
0.04511269824186607
0.006593616179221141
0.007022334102874278
0.0012636287585655137
0.0017971925422140093
0.0020592368026169385
0.002083223916974204
0.0020861751304453993
0.002330797770061619
0.0030933670513469884
0.0023875501961520083
0.0017058943074108133
0.006654847856465866
0.06861626002095018
0.022902978743997583
0.004065366813642
0.006315075071490836
0.005630778541962489
0.004918891345757143
0.004364130469419887
0.0800727287677752
0.011653088788087407
0.004466164069046033
0.0259295128310481
0.017351729304230516
0.0033288061517168944
0.006614687868492136
0.0020365665265378867
0.002035436478515855
0.02047454060082576
0.011864452775663573
0.014734392884328667
0.011495671830406201
0.001966493187341054
0.005627494585335547
0.011209780806319845
0.09575789364336383
0.010512477091800846
0.005392291709354291
0.004162476465145336
0.0025436562861460453
0.0013068631015112587
0.019131299037542966
0.0075892350103187985
0.0020481970192253187
0.002459711605266554
0.015207690403019475
0.005662064033550844
0.005796776036598914
0.006365519175532881
0.0033728139985722163
0.03923818953564321
0.01470900027667821
0.012920463022242791
0.019868980728008162
0.004209358099476271
0.004679931703677242
0.008605191299037458
0.008553383642343999
0.021160422199556602
0.0009779326111810482
0.06107301069146699
0.0032748282823651825
0.00452049833788345
0.004336550208426757
0.002189474848095631
0.019428920707604085
0.004243121809068061
0.016687031940813207
0.014867433831416265
0.013057325468004193
0.01586981998907175
0.021835377164248326
0.004078827886252762
0.030065825444623377
0.01009704393269943
0.011044070556042375
0.016539832142109568
0.005583745050228836
0.006503856117609705
0.030417624301521298
0.007537620755693583
0.0033750829091234546
0.0038254362961897322
0.0020277533895435066
0.0025456509366971027
0.0032694437495418985
0.008400257300937856
0.0060830763206228275
0.01602879748111626
0.0022733699547122016
0.006505380859820093
0.014144246935545177
0.0023996574430373645
0.004906324945497308
0.0030164298631398918
0.007437107066715149
0.00467358400747382
0.0030462966964780415
0.018761868215211974
0.0026188189947331216
0.03660573996222177
0.014519322374409512
0.03320241364949931
0.014895471928944637
0.006884220649441648
0.003687804193532825
0.002913656199799072
0.006398480028051373
0.00288269100468089
0.011265109676314033
0.004701646579191253
0.0074749377655539155
0.0031104219982155757
0.007927233117425141
0.00771501542819653
0.004108276152796727
0.014074590013874993
0.008189768331570875
0.004560673864457992
0.014487549016042659
0.0061729623092721085
0.012941194338071822
0.005610822401158518
0.016664954526139635
0.022439467979329504
0.006508563129085972
0.005263237962791008
0.0015143368758940307
0.004164169701852087
0.0071905310851984785
0.0099371381306862
0.0024335425809166077
0.022241701160287324
0.007783568537662641
0.004076495496114137
0.01686476753880071
0.0038789922150907537
0.007317070847623218
0.014517029362732102
0.003886595690614399
0.03315740453811019
0.018547881097214416
0.007441690520244255
0.005512650642912387
0.00542704873209543
0.0017278915558250644
0.006916334364498061
0.00309275830517773
0.041745229482344715
0.001666023330026926
0.006736072668589364
0.030953995586924306
0.02620353722891518
0.005587959604747257
0.007634026682161472
0.005693442916080553
0.01235482289234843
0.0125837463868847
0.003455513731791487
0.002208098658630798
0.011427395023402368
0.023263044568998057
0.0014811175793577368
0.004487130339591539
0.004493947310270444
0.0014359901274968688
0.015214523435860298
0.0130902835136313
0.007493908579972385
0.0072850671249623045
0.0068554375655362826
0.008443080046755026
0.004471861866703037
0.04194540293097903
0.003294503742827548
0.011616409968116843
0.03500689562734633
0.0037804642979582066
0.012920298785267046
0.00609666272866359
0.0284755043351239
0.012114230504928132
0.006061857008884016
0.004574129620665858
0.0013135811243648679
0.006642074329806639
0.013251068929166943
0.019730232742594393
0.009199571214400204
0.006450681171485101
0.0031405633947837923
0.00217968234794381
0.000984530549485065
0.011605862778226011
0.006553248461155075
0.014416546828952596
0.02553375344248366
0.07416605401575407
0.00143555619575685
0.03962163782296756
0.032606392268375084
0.02588889715131261
0.007276614328830186
0.008144244331143701
0.003664387377047305
0.0022166212630655583
0.017159750918462814
0.0015107790802739438
0.011059343424763071
0.012121384206521691
0.007628579893494796
0.015226874592918459
0.007869605431378088
0.003327930616446984
0.014037624393054952
0.019728035516416772
0.007595801020185608
0.006163284183301697
0.007315194492423839
0.003909661249393785
0.0017965073532979182
0.014261951303106004
0.005870575754738714
0.0015720440967296099
0.002924668342249563
0.07400550269852764
0.1116640668694745
0.002641074636792509
0.002926452464368282
0.005526979527535805
0.0020076328838356
0.016302979809315707
0.005539715194758667
0.007490352541277379
0.02563987114823715
0.008478694617737599
0.00651187409153978
0.004124172206223026
0.01231788099747276
0.04342188510748839
0.004591552512849588
0.013932963963293148
0.048380308754995216
0.0029858399273920587
0.004875069533958395
0.0155183217831531
0.018045214734196634
0.002704162083234274
0.005875736233492627
0.011429301985716078
0.03525218175318069
0.004326064950617079
0.009440685565429388
0.012338219672339798
0.008601634947759014
0.007671880397982498
0.004387782859821974
0.0042804209427816375
0.008840708905748248
0.01152174089401992
0.023997926670189264
0.011886184109402486
0.014852916966956255
0.0037474042228512207
0.013367510567758012
0.015220588048022782
0.00697152922408048
0.005541434818983738
0.0053604872063585905
0.00955898797654889
0.006650986678026009
0.001912018104878902
0.01139136078810654
0.013616999144452326
0.04749711828048115
0.011802060283935238
0.0028771323936237995
0.004209204364646497
0.07149855560346706
0.005462352746879052
0.0011179664002794246
0.004213351093311407
0.006534801069172123
0.0038804583409171763
0.034455410531100794
0.009199329876781816
0.008461292666947465
0.00805676802574539
0.019043245363943563
0.035593037015488486
0.008078172936055448
0.4401379464347292
0.0012461103971636949
0.006756325305265015
0.004440806423088675
0.005933615130475863
0.008862437291032723
0.03963738619850183
0.012726489541715178
0.0063480170820011455
0.019127970202716373
0.0016572069028276343
0.003679173635107693
0.007783124572807463
0.0120882060715334
0.0014946998998585325
0.0023880397556751377
0.011662592536426694
0.015206880557842998
0.0018378296686310028
0.0645338311040092
0.011769210333374957
0.014474404459194545
0.003004242667322052
0.02419150195550078
0.006230894258040976
0.005088701021971201
0.001520148504850095
0.0017665420775762274
0.0017817411111944667
0.0046756788274271805
0.010843301170867778
0.002127643389826111
0.001100222387068539
0.004400232340444768
0.003668859911915433
0.017375212597728174
0.0012293384973522553
0.006924520074279343
0.006227176054401454
0.0017201392237688271
0.003132581536122061
0.04509550310297082
0.0038753512575597326
0.0014456673012064616
0.009475151969550179
0.0017740928512182898
0.0031249246498844187
0.013977580069642193
0.028775939712534764
0.0023984334069706995
0.009252323966803635
0.00376059527339251
0.003194716127834297
0.006214309902237173
0.0021549829990154183
0.026469054638812328
0.008800192119877091
0.008010258068721134
0.0037976685511588535
0.003814592435092458
0.010958017140784137
0.005342536425585598
0.0022364380558941854
0.006319178561191281
0.0160229103517023
0.0031795140230416676
0.005373647099746284
0.001279782855467642
0.02222481261289962
0.002128986905625172
0.0024348584195813907
0.003678237891762082
0.002056147697470061
0.005959259874149907
0.0016726635549716953
0.007047763628518354
0.029253517753751596
0.0031646630713714503
0.008772288962336009
0.0072291270039061
0.0011267254925757092
0.007601369083704841
0.0028276503992005035
0.06490330462306733
0.0025217292495392832
0.005380245228770483
0.009593094477661004
0.010073157643225623
0.00527159881314176
0.0030839123969994505
0.03002563986187018
0.003566528314659154
0.04524362693149117
0.003416345392932691
0.024630261115175495
0.0025484379337809547
0.0180510699163455
0.004098571414864882
0.009316258442275262
0.012344291113076352
0.0025003950023522793
0.0022626423211325533
0.03370861590680268
0.004082207641377499
0.0052397309124419065
0.014404513056201194
0.001997821809860979
0.012551168548580544
0.00353055265079532
0.0036061421733867556
0.006395841772418783
0.0045595216160306635
0.001987217622714122
0.00871995967569466
0.004643779812236879
0.002559852258174331
0.0069119319485437605
0.003957805001139614
0.014696946256617731
0.006961803574531718
0.010732255482309019
0.002317796273147575
0.02559265905822455
0.03695711590575662
0.027059191965932528
0.014817989424496272
0.00828371855191551
0.006933642197716638
0.0078697460623091
0.011308510897885007
0.006038137738736516
0.006971442442022848
0.006954803638059729
0.019626348572362836
0.0034607003946417803
0.013834236947722534
0.02712714890122958
0.0016658650854228436
0.0021099667013478244
0.010274023394336047
0.010719759211956583
0.0016434270155197522
0.007382712520048001
0.029745433244137774
0.0012491783168170271
0.002540709629004624
0.007680056656290067
0.017102408575562823
0.025134989075772073
0.017924273483562285
0.005075262912975761
0.019336486117323446
0.0013689724316832306
0.012331717639273048
0.015525574701423017
0.002205274187785827
0.005936780165833136
0.01676384753421457
0.008529133497883909
0.0015591542263426446
0.0038590952513033044
0.0029442615344237094
0.02076570060173704
0.008168343473180507
0.0018418530107079088
0.0014073139309547134
0.002932507421186494
0.006917429449684868
0.021093275531078277
0.009531991454618182
0.004823402428010835
0.001964854691203175
0.00224720594648501
0.01137196741833808
0.010713318962297746
0.004860876001790313
0.0324324503437078
0.011979677121760925
0.001254786600970576
0.001745965962146415
0.009923632194905255
0.006499785164233979
0.022061627235078707
0.04072476037352149
0.03181361139496017
0.07851023109605211
0.01685334497262482
0.01263079177256264
0.005868642102889017
0.013691050617911682
0.002191714209965906
0.0043273676322787835
0.005069803277411017
0.0012629265842209558
0.01788759297426864
0.0018309306094066104
0.00872091570259075
0.009103000464113654
0.007914695933382884
0.0016321241241120546
0.0028184903582024494
0.0013242766294887373
0.0017561506186949253
0.0024603424084325563
0.006498325336398915
0.0061971736052202535
0.0035163475561497447
0.042084526806629406
0.010057357804783522
0.001559849216583129
0.007869890273796285
0.017162928870129743
0.0798499945288398
0.0030299563307629286
0.016621251294770552
0.004028964017121606
0.007971927237328803
0.00925543357723835
0.007013320652691061
0.005744832216920148
0.004845083086813187
0.0032065548230447273
0.009207293137403916
0.001909039308132204
0.017503575662714273
0.018780212221566055
0.0017448241605720243
0.012281734016395917
0.0026685045238795577
0.002895902090255165
0.002331840298451345
0.008319322804113237
0.003597723248872749
0.007094152463343754
0.007320391261416074
0.0030935439637172534
0.0016289788983924916
0.0027673859039587237
0.019782248996467983
0.017734802575369725
0.009586630840317878
0.00858058935296342
0.006130310206173394
0.0015931444308946194
0.0015241386263043538
0.010378320275222562
0.0055310091831012225
0.04418146235517925
0.001404965377681488
0.0014807743151641416
0.0011600936403628223
0.00968373984903732
0.0017712130231278345
0.0091426324208576
0.020737607107020533
0.00425119385135382
0.012510769560152976
0.014422413362614609
0.0020150836168563733
0.03119254314991322
0.011477938276755072
0.0036413240954692645
0.009170538209475082
0.06172537694734946
0.010309630963747013
0.03191324017739071
0.005838754278762975
0.005035504759626908
0.007862341263672464
0.05540281081821444
0.02061993685618344
0.011136563241258828
0.00554172014547372
0.06011733916813941
0.006608308789817117
0.027306392676505233
0.010867163303857275
0.0247111534692985
0.001325335725938794
0.0015686903176988665
0.00705943057770905
0.00546129012605347
0.002011696735762419
0.0033380448432340118
0.0028441424095458417
0.015640023347931662
0.010234671292429104
0.01119162271969411
0.0039241573317820525
0.045362294906134595
0.001409796111534035
0.008793063130848497
0.034292892328638754
0.008317650821781652
0.008056602074974113
0.008233208181774608
0.019595947633599047
0.0028246686503630705
