9.592071080106542e-12
1.5366512774631166e-19
1.3400099589445073e-62
6.990955887881943e-60
1.9898834420686094e-16
2.9435216009241943e-22
7.136225880779645e-19
3.266923189435402e-13
3.1771386312237775e-11
2.4064891337594014e-22
1.6367004140795105e-19
1.0094727369120235e-59
3.2933485102753407e-18
1.9923980646363455e-62
1.182217412878876e-18
4.869887740565596e-11
1.625655576753114e-60
2.6653719119061114e-15
8.206406279382545e-61
1.4709946292389377e-62
1.3772088540661044e-7
4.684505534238143e-19
2.5139617560606914e-60
1.278726406299158e-22
1.02252969866927e-62
9.26350005963572e-60
2.7187599491260524e-13
7.158867905653544e-61
9.78602905304038e-14
6.81663421497036e-63
2.0751342809375475e-61
4.5290988055522025e-8
1.4536507770638114e-61
3.7225556199355986e-62
9.8289108282863e-63
1.3331021893699095e-13
1.0934464795567585e-11
3.0845871458617872e-59
2.471182054890232e-16
1.601607286914854e-13
5.1581182143722034e-46
1.359594533446674e-21
1.0099281173564198e-56
1.362308875515694e-62
9.157634253692164e-18
4.927593562649328e-61
5.408474195202636e-6
4.973963877628409e-13
5.616129287073162e-60
3.0143393524918333e-22
1.9781155336769408e-19
3.352417860333239e-17
5.734985398245897e-12
6.500185636258727e-12
9.350910400132357e-61
1.1388767256052927e-59
2.7512859442811307e-13
1.4025057013642521e-49
7.292469931423451e-62
3.907453554946011e-61
4.6614960149549023e-63
3.4359740539721304e-59
5.7878306816430756e-9
4.2138171168379974e-8
1.78242437398024e-10
3.4714971852004047e-12
9.617758575441947e-20
5.826218449044957e-14
4.863674958968985e-17
1.0308605546959582e-22
8.488474892391501e-11
4.365899080487709e-62
1.8360755588484014e-8
6.583579542729726e-14
3.2813265309429956e-19
4.80141266770595e-17
3.7646144203828234e-19
1.853277954983627e-8
3.1315024725825486e-13
2.1850135795068845e-19
7.197281228250904e-18
1.7055230773371144e-61
3.181601505774925e-60
1.451818754931228e-11
2.5430255264917626e-12
3.3972917119368e-23
2.432056506110097e-49
2.317922277226065e-11
8.639131277934237e-10
1.476307125836496e-19
7.320693122312451e-13
4.585188267017861e-11
1.552270873552975e-14
3.5731585658490973e-23
1.8318630905919983e-13
9.259532107579131e-15
3.1499867834407166e-13
1.72900723033895e-60
7.144452204336947e-11
1.8533272682184194e-8
3.9123795923945284e-62
1.8272209572548875e-11
8.142106028508612e-62
3.326455018101886e-11
1.9348952004594283e-13
9.249990589480096e-16
4.8931452299481417e-60
1.2144408796837473e-15
1.0527027399021913e-13
2.4679730505443838e-61
5.511217554795959e-9
9.78324885020947e-63
1.7471360843067194e-60
2.8455276834932525e-19
4.458603913565488e-59
5.750569401571044e-11
1.2991423997086795e-61
4.158583113707644e-11
7.389796477756304e-9
9.304400581539968e-19
1.3506017958915565e-8
5.36694014540672e-12
3.070435249774101e-14
1.5894866895694246e-61
8.181533097634274e-15
7.143158879505805e-60
5.217849039187368e-61
1.661964508692377e-17
1.895662276891997e-6
4.389796029496148e-63
3.4807075149407254e-11
9.97602265260987e-11
8.185368380836911e-60
2.366998179559678e-13
3.7072754639555175e-61
4.8068118129321864e-49
3.5991158735020906e-10
6.623293327742849e-23
6.678722686179479e-19
4.769251669678818e-19
3.428336721132396e-10
2.706147832982991e-12
1.554418461359773e-14
1.4641665816634123e-62
6.299735435668249e-64
1.3623203194633847e-18
6.78423097506308e-12
3.233814046337882e-13
8.135258334400033e-64
5.370029895705495e-16
5.889541520982522e-13
3.226459424658089e-61
4.647567613582819e-18
3.4794143007785244e-6
5.616349314719579e-11
2.1490942786134854e-16
7.125139968587068e-17
1.5054039286169007e-13
1.349106225422165e-60
1.1261662233639064e-17
5.189014235494554e-12
5.587916495462363e-8
5.61343932536427e-8
2.6110071236457125e-63
1.5127901127495346e-18
4.017585725133879e-17
3.4481224932509654e-63
9.270071649586249e-11
3.0177872912756915e-9
1.031978690361219e-15
3.38046503796075e-62
1.996323854343481e-14
2.363436200934699e-61
1.0226250265454765e-63
7.437364350744085e-13
3.5312797891455203e-59
2.526876437609333e-16
4.105375091687788e-8
3.027786669564393e-9
1.1674431472519549e-11
1.7401841994446777e-16
1.0934917945727915e-13
4.408277584361111e-11
6.032851678892735e-62
4.640203957451424e-13
7.402516523453383e-62
2.2556685318250166e-17
9.50161472700504e-57
5.291244693356079e-14
3.212294919809733e-60
5.492936833261851e-63
4.045191511993175e-61
1.687431692209094e-57
2.8360439364231728e-55
3.816513676914313e-60
5.0827518363970344e-17
2.533463572583649e-63
3.250861951254288e-63
2.5458311997096887e-58
7.199002408858754e-10
2.7681905459171494e-62
1.8090132936760625e-61
1.0184103343678204e-20
4.496227186007405e-62
1.8581351580778017e-9
2.5481657379611774e-16
2.939289885852477e-60
2.1495873942868212e-10
8.465594183957666e-11
5.182795487137144e-14
4.5043927463673226e-61
7.227752518277656e-22
1.1394006373961641e-8
3.187010927374062e-56
1.3892256355286988e-60
1.3862564401038421e-58
2.2652849380894264e-61
4.7628094297692976e-17
3.9267757355356275e-17
3.708421044391723e-11
9.831829960888023e-20
5.665268128022691e-14
1.319935720269474e-62
5.96994432067509e-17
1.2364074508559067e-11
3.657550670851913e-58
2.3261319732575363e-15
1.586616049300295e-17
5.550300514808e-63
1.3197551335408435e-15
1.345536035872279e-13
1.797340513959373e-48
1.3850286531788795e-10
1.4783538710168862e-58
8.502617137153083e-10
4.068413953643004e-7
8.082156959799442e-14
9.227295303001172e-10
5.037411409457068e-10
1.0280124287787304e-15
9.177383930460049e-15
4.626881904789385e-8
4.589655947517102e-13
3.220193854182457e-18
5.359978612582603e-17
5.288711714863651e-62
3.336087133154654e-10
3.478066395521562e-17
1.3938201080078052e-62
2.4831023062865044e-18
5.086556019187168e-62
4.980763060036954e-60
5.605084368823041e-60
1.9152380809052068e-60
1.3828761865257123e-11
4.661606396430808e-63
5.91474341420096e-10
4.7690558157527585e-62
4.7834452373097284e-5
1.237475432270529e-12
3.15087371419738e-7
2.8165399173277457e-13
8.49331600141078e-61
1.9324185226647963e-12
1.2051314884084166e-11
3.91098241407431e-49
1.3797855287330946e-61
1.877711218212767e-61
1.9459283688888652e-63
6.967458311422773e-9
6.53440013347317e-64
4.566462346162715e-9
1.7631769076700168e-8
5.45505639758007e-12
2.8638793480846894e-11
1.8764025180700348e-16
6.663957366498213e-8
2.507534025810485e-61
1.1697881001763923e-10
4.168583226308876e-12
6.681999968924153e-64
3.914814868008885e-62
1.2427435843256975e-58
6.795613818458219e-19
1.7544325588748857e-8
1.2907658259488686e-59
2.587954901129586e-59
1.1848060231691662e-59
2.0631489683832034e-60
8.118032841272433e-13
8.630569998799717e-12
8.439842520048114e-7
2.3733198655557548e-8
1.3489904532627369e-62
4.181052203722141e-23
3.006317268344573e-6
1.9782137709627586e-15
3.1059517505832925e-63
5.724837680601792e-49
1.3672829067933255e-7
2.278827053513452e-13
7.016805437903235e-64
2.0996956397314643e-21
2.2763529681774286e-12
6.696488742822293e-7
7.240720057703391e-55
3.0389620090571015e-60
9.389409696266862e-60
2.6110071236457125e-63
4.160816568945146e-60
1.0513430656543377e-16
7.241877922454074e-11
2.8055417608177032e-12
4.6739534292666415e-63
6.249885098685163e-60
1.2999305294935943e-12
1.9378063075237054e-12
2.5407452281224715e-10
6.897171953771824e-12
1.142067320655724e-14
3.701136988066635e-12
9.079468290583785e-9
2.8194674851213443e-60
3.0836691241132165e-13
5.396280255912242e-14
5.607675056359598e-61
2.312123785335116e-8
4.559364767795208e-62
1.1654473603228866e-21
1.9576890663432364e-16
5.2158187467217585e-49
4.2288760205757074e-17
1.6247738642651758e-10
9.459337946798036e-61
4.3759770698926916e-63
1.353540118902729e-7
3.8610543467668633e-60
7.053635227724801e-14
2.011935603320683e-12
1.5639577264671686e-58
6.690108215641931e-21
1.0192639772969234e-6
2.1358948443767906e-60
8.340831996210445e-16
6.125646371034931e-47
1.441624930568891e-61
2.1555697269234424e-18
2.638547691594611e-57
9.265813202957311e-10
6.123104893018451e-19
5.084717683957328e-18
3.5112302656092507e-11
4.831794989304556e-18
8.810298866777073e-57
5.711142213198307e-20
7.067497312448955e-13
4.089058694699865e-8
1.6550112945406695e-62
4.249188647766889e-62
3.583640124610913e-60
1.053154009820475e-60
4.023618437989166e-10
2.3759678407472986e-61
3.120997406519072e-60
5.026223799501143e-60
1.0269296036295353e-13
2.6239331737255156e-61
2.7639137784566277e-12
4.149860326585748e-20
7.87649220085762e-62
7.63024633608589e-9
1.1519920375983724e-57
5.874615234430451e-14
1.040974002242986e-62
5.186184487348675e-16
2.536985346709148e-61
4.047005355331294e-12
1.4754521771063177e-60
2.1983863605139913e-12
4.009519179547035e-18
1.838063780380412e-21
6.197420311651858e-11
2.3699939513924927e-12
4.051486557754993e-61
1.5709459700752e-61
4.37359089069464e-19
5.731870773752711e-57
6.363068889674411e-61
7.080116977808028e-14
2.1730547352262784e-21
6.257660878826102e-12
6.845875966953397e-16
5.971620243126254e-10
2.0176268084510423e-10
1.456055480616373e-57
6.535029179096839e-59
1.5386551416739433e-10
2.4232675766152415e-59
9.971036175646499e-58
1.703684940706985e-60
2.8205250302268025e-63
1.0172313641076936e-63
9.252422611662291e-63
4.394924743985147e-63
1.7617889107292065e-11
2.142666020675131e-9
1.1041397407351033e-62
4.354684241065464e-60
5.67015846166206e-20
1.0380882634716764e-12
1.1416377594563715e-11
1.1551769479634095e-60
1.614434663359138e-60
3.49024390807816e-59
6.154014859983934e-59
5.485244852596193e-60
4.842335136528721e-63
1.3126757884236687e-12
7.862186971590351e-15
5.869375250540985e-62
1.2964985366034408e-56
1.329722678159978e-7
9.238319488416116e-61
1.1740863512518846e-11
3.443170189723456e-11
1.2493187261445827e-13
1.1820814928171217e-62
4.389796029496135e-63
6.618955097727571e-13
1.8937770854612296e-61
3.575104243069379e-61
8.268354702320743e-21
1.0068874001789855e-12
4.1294788802291305e-12
1.7385466448105574e-13
3.749122975315966e-9
2.7238241263334346e-61
4.260938519981862e-10
2.310861908294974e-12
8.701743063460755e-60
8.985986346349371e-8
1.640704022336173e-13
3.4176842264678093e-14
6.703101150709636e-64
9.776949099109139e-14
9.561246815660454e-12
4.7445306412459264e-60
5.029706639304624e-14
2.2917936804080716e-13
4.912673652668517e-11
6.398682117585026e-59
1.8290319948482505e-13
4.39527268955721e-18
1.6803074984207655e-15
7.571792849037826e-61
3.4590890963762253e-22
9.650592947559498e-17
2.697156990159741e-18
4.445241495414671e-11
2.8678814332078134e-15
3.9343590163418713e-13
6.212465129663841e-14
1.3732404125716486e-13
1.3884449309940982e-6
4.077891438362278e-17
1.0499830153881858e-56
5.816923905229754e-15
4.5817087361244e-22
5.474585822669178e-16
7.778474693338714e-61
7.346339815363626e-23
1.3151689075146528e-10
1.2814131509392216e-15
2.840854369948928e-60
4.719413512171565e-60
1.2904094091009347e-11
7.899724169635463e-61
8.379851738719021e-61
6.7466292224444e-19
1.3838733803347853e-14
1.073916181330954e-10
1.2079457116311213e-17
2.3569716230151e-21
2.5149468148908823e-9
2.728532137754117e-13
5.126352405095119e-9
1.4171720582039674e-9
1.1426527050965012e-13
2.4883451962859833e-13
1.0610141754014064e-59
4.208539280396615e-19
4.018591495282825e-48
2.441549048700142e-60
5.053522745512443e-49
2.3268110057643382e-62
5.7064577975421925e-11
7.305385675983875e-61
9.052530361027383e-11
3.1570072976769418e-12
2.104966682212953e-17
1.064511715980484e-64
1.816715725722477e-15
4.738470221694089e-59
7.422236958457531e-64
3.0962540377764434e-19
4.305245416522903e-58
2.1202529883104285e-8
2.040546160967736e-62
1.4955952892248128e-62
5.330608780039793e-12
9.34425134838038e-61
1.1303661933592613e-13
4.257916688086342e-9
8.616206967246296e-60
7.065964565221041e-12
2.0019801567401397e-10
2.6553388675972377e-59
7.060360942335042e-23
8.186450497866433e-9
1.8668673946965512e-14
9.822793899278558e-14
6.352601037206412e-58
1.054241809384317e-21
1.107626519168831e-62
1.452830510157903e-7
4.426275483416663e-60
1.5086136463555687e-12
1.6549237869532407e-9
7.353803184632146e-18
3.1618596734760084e-12
1.633040583423738e-8
6.321472254900652e-61
2.4597649578891824e-61
2.6784996485589105e-63
7.59280243001389e-8
5.105705745415849e-62
1.8651274326226367e-61
5.039359889389514e-11
1.3896189366365945e-59
1.725603952604838e-8
9.99756555944519e-62
5.986958357380263e-8
4.483132706328552e-17
2.8831926771735595e-21
4.323706300298222e-57
1.6998874451686962e-10
5.005633251466404e-63
6.925606735992192e-13
5.163389325799163e-11
7.56366828276195e-59
4.642844292302523e-12
3.328367856742388e-10
3.6138570691636878e-62
5.642010235129706e-60
9.997565559445224e-62
3.286298464814076e-17
3.489414727318421e-14
1.713470963558435e-11
1.9698865801796432e-22
1.7865379393956434e-15
2.965886953741234e-14
3.282761632091885e-23
1.6137244967486225e-12
3.4736676953852446e-17
2.3530948373927276e-13
3.602446095576171e-10
1.4348781450616817e-11
2.4122037889262707e-7
1.9807309725906362e-9
9.556412058111045e-9
9.093626243868633e-18
5.359258091206379e-23
4.43933720633022e-61
4.7924825772089844e-14
1.4074811391779094e-59
6.828017500186984e-60
1.020963973218094e-59
6.650220305557446e-60
3.680541981866135e-12
1.8975315210915335e-13
2.9726310996341363e-61
6.293186155579677e-14
1.8413690352295907e-62
2.4087434238386826e-10
9.7670535737213e-63
3.028552108056389e-9
8.179325712334594e-60
3.995433873620969e-13
2.5233479892020604e-61
8.367468284776987e-62
2.2083850940675197e-16
6.541720518464724e-12
2.7939604938750153e-17
2.055795057822081e-20
8.421382854987848e-10
8.476571084266248e-21
5.473773198063185e-11
9.31083254263209e-13
1.770926113378593e-14
2.1440829134299723e-14
9.186633407505364e-13
3.429646015319885e-19
1.816234318742882e-13
1.8278574370649726e-9
1.3854499184968428e-59
4.449757604086722e-62
7.531856710554674e-61
8.451007240387867e-62
1.546664198881027e-14
6.401699506521734e-64
7.482649024083768e-62
4.6687582467338224e-11
9.533847281020995e-12
1.5061836563509831e-12
1.1186594458258243e-62
1.522244965632154e-8
2.137595166269593e-21
1.4464887729176075e-22
3.629816966857339e-61
1.4709946292389377e-62
1.9002795899606653e-15
5.778966900615112e-10
1.6826959970448333e-16
1.4623557192413097e-60
1.0839203025853395e-7
4.633085465282389e-59
1.5304223988812806e-58
9.900147571157214e-18
2.2980378133051615e-60
7.021792433287992e-63
1.062213590644525e-11
5.080819622353656e-62
4.660486846547219e-11
1.1998812064031152e-13
9.864927733028934e-16
5.533599434754345e-62
2.0698852804402646e-10
2.310764570111194e-61
6.633579525343055e-17
2.765155500111487e-10
3.4308813246631607e-59
6.038097080195848e-60
8.274698499108318e-59
1.5952652705973259e-62
8.302883988508048e-12
1.6478329632631706e-62
1.8425371621978891e-62
3.453100210920032e-10
7.288625921321254e-13
3.236446781931251e-23
1.4071000000232457e-23
1.8673831447802322e-60
2.44302019695324e-10
1.2374725611421993e-11
2.5599209672338905e-63
2.1733411677126608e-10
3.66690939939449e-59
8.3930905329577e-17
8.568912061705235e-19
4.950573081305189e-61
3.673451755808846e-61
9.070710577300201e-61
1.1716341639221724e-12
1.667092030330219e-60
6.208129895240351e-11
6.405542696775381e-15
3.2368317311898158e-12
4.3810786399777784e-58
5.4427028490701365e-14
6.346156392060511e-13
3.532425054115631e-18
5.557954686572799e-59
2.135445920232297e-59
1.2532267577977897e-58
1.2337449934820183e-15
5.653808449396001e-18
1.7113137088930384e-13
7.61130329072266e-14
2.44385139622481e-61
2.6025890583286576e-14
9.963211079892508e-15
7.36527634086068e-62
6.272472892456204e-12
2.115038143666022e-62
5.272887783834681e-23
1.8307541831346466e-18
2.6424649076517102e-14
8.808325941706714e-11
2.6665689415318123e-62
4.482398897865929e-61
2.1885671982254915e-6
7.610522402519834e-18
1.1041397407351033e-62
5.4262478396949234e-61
6.410321406139406e-18
8.198416282826603e-60
3.673451755808864e-61
4.473398618346633e-60
3.316967338710796e-17
3.6731018020987693e-63
7.224052691016388e-61
3.9181493181070374e-13
4.242371902396532e-21
1.3690897485181889e-9
6.194527179826863e-11
3.831143502283186e-59
2.255945234424322e-10
6.168735598731764e-59
1.925173632587187e-9
5.351335073271988e-57
2.2818872470358906e-6
4.665669739095448e-10
2.0115732496970613e-18
1.1820814928171217e-62
3.1817376035153416e-8
2.3664775459182342e-11
2.26275004906606e-18
1.3506776457397549e-21
7.605981725042446e-23
1.0924763178041692e-8
8.58350810701247e-18
5.566182589624295e-62
5.524946506499817e-9
1.1441886900394022e-60
9.50634939656287e-18
2.0535934992001243e-59
3.4626118513125444e-59
8.882031396063086e-48
6.6316728603407045e-15
7.974323798554218e-11
8.655949148111442e-10
2.4467913443800634e-61
1.3008606591927188e-10
2.1207180763359182e-10
1.619996431046312e-14
2.9511743347759997e-23
1.4080022470164205e-14
5.203897229561219e-10
1.5095380430632272e-58
2.921019107551633e-59
2.5425330464764357e-14
2.63224164720573e-13
3.183236032639061e-16
7.897671556855459e-62
2.731858380437863e-13
1.227807926141372e-10
2.1294426932889396e-60
1.2168674639734453e-62
1.6028316818667025e-16
6.026859098648554e-14
1.9767785846664952e-59
4.190943527370125e-10
5.0374240352760576e-11
3.6797036929588694e-61
6.084976167918396e-11
1.582924856673728e-17
5.096101840758682e-60
1.190181623012838e-56
1.5942120256652367e-14
6.103685141710867e-11
8.606035171196755e-22
5.50780131680723e-9
4.0520322413235206e-9
1.0140852006766128e-12
8.964031958931877e-19
4.758662895404212e-61
7.218943500824916e-50
5.932549876602029e-17
1.123856954614228e-20
3.95457531288665e-60
6.675317573820205e-15
8.951647491479461e-13
6.30362222956379e-8
3.674030374751489e-16
7.693544686248162e-61
1.542936253221076e-12
1.4665392562559237e-9
1.7574740806385802e-7
2.855228854973757e-17
4.259511426801507e-62
6.171295471262808e-62
1.064511715980484e-64
2.169443020876343e-59
8.793329855960118e-60
2.0855610193608231e-63
2.283905776530769e-19
3.0600213341971457e-9
6.958002334043763e-8
1.612966521134089e-13
9.887227494929604e-12
5.004180172310322e-10
7.266725135108611e-13
1.186673879919083e-22
1.5749316803556517e-15
1.431192455857168e-11
6.763310744229424e-13
1.9154497395417626e-18
1.2999025708042885e-12
8.91754613781036e-63
3.5441586093627632e-62
2.8203178837717605e-21
1.5654358656919961e-9
1.070374579238337e-11
7.2319591181585e-18
7.010981827416355e-47
7.362297183715962e-16
1.6287132783589273e-62
8.49538314921897e-61
7.422236958457507e-64
2.3491962859745194e-56
9.664365487223405e-14
1.6735461622039022e-14
7.069973495990899e-11
1.830773286289436e-61
1.4323503024974987e-11
1.1054845544849109e-59
2.542314183421473e-16
3.6752933139055413e-63
1.0967869752291293e-12
1.180832682295636e-17
1.5069135390038419e-61
8.090502583116605e-14
1.856819850092746e-12
4.023532394029165e-10
4.725618565251999e-62
1.6765720034632525e-49
2.233806826876491e-59
8.919530761863988e-23
1.8413690352295907e-62
6.960805696328736e-9
8.393215176851672e-9
1.281698971850989e-8
1.6523716436804642e-62
1.1553014595682413e-16
2.6569350457283224e-13
1.6793530682614044e-57
1.7862762898837972e-12
3.87938299997667e-22
2.727740619899281e-56
5.801281716572432e-13
9.784662894106041e-11
2.3247101814747674e-20
9.716737185484013e-49
3.6553700932386413e-16
3.5288839862628374e-17
2.22697119000371e-59
7.016805437903212e-64
3.927054435064919e-61
2.384138321613945e-19
3.6791002012766237e-59
1.0699666162182808e-58
4.281468865847951e-10
2.4678680180211288e-14
4.70046302797911e-9
7.709994315071177e-64
2.8208117244882442e-14
2.5973357223378015e-18
1.0615895137746014e-10
6.013484175003139e-11
3.4815067562818844e-61
8.400713410008972e-12
1.8808404374799314e-19
7.016805437903212e-64
8.89632785129737e-60
5.710731066959764e-13
7.813972394442723e-16
1.4226054059379149e-9
2.2701705166824204e-12
9.537768347281045e-62
6.352387128980214e-11
1.7991303504533085e-13
5.261632350977142e-58
2.4069736551669796e-22
3.0708110765984625e-11
2.447098613628481e-19
2.319491474209982e-10
5.560654428219052e-23
8.73955880653219e-16
7.527243366140394e-59
1.8360456248715004e-14
2.6885580341114847e-15
1.5325303635953494e-58
2.837501130124812e-14
1.466401595799609e-60
3.151151815473092e-10
7.05652719253648e-18
7.677545455763278e-61
6.604083690257165e-11
1.6039699916331115e-60
2.4878441649541334e-12
5.126668605310945e-60
2.501890035069219e-63
3.058229406300006e-60
9.491310921026393e-57
1.5039725584362206e-11
1.242335336591197e-11
1.6161349863359084e-11
2.3587134695078316e-60
9.74867948754981e-22
1.942610529649644e-59
1.249254698435986e-7
2.616364034455751e-61
3.729668433403018e-11
9.256214458723066e-13
5.279075672648412e-60
3.824603364789829e-13
2.3404289149833225e-7
4.239896973598994e-12
2.844004932416067e-19
1.2506001592016755e-13
3.7444176236137086e-17
6.262760629334382e-62
3.878385339495274e-18
2.5403253607652224e-9
1.3567141249743462e-14
7.138288757665451e-62
2.9619452149307046e-62
3.422543474847043e-13
1.9147899051741487e-11
3.753582945479595e-61
7.488471289404246e-10
2.2872727800130264e-11
2.462235604959195e-10
1.9357244131139687e-59
2.171961599993705e-15
4.3910324435426773e-13
1.1752157264030697e-59
1.156940805942151e-59
6.296043952304901e-58
4.7971032434479095e-62
3.6527978072799915e-9
1.5793755796473827e-10
4.232590629356928e-61
8.545022739283544e-19
1.0887999716329112e-57
2.6376822695184213e-12
1.5096705492350812e-19
1.0541009537241724e-21
9.140856277081567e-61
1.821249817878016e-49
2.7536161387978376e-18
1.5542815835930086e-9
1.5347126606198092e-16
1.148304636429488e-9
3.2072615945084893e-13
1.4316659418429697e-17
5.176865947472017e-61
7.897671556855466e-62
9.191796553258149e-16
2.706755746314295e-13
9.536894384437776e-11
2.533001515457695e-11
1.6796122033234424e-25
3.3436199506803507e-22
2.249163894638265e-10
4.806261056563193e-21
1.772406511356491e-21
2.4901737238588104e-10
1.66997755197161e-61
8.463898329490748e-8
4.024851226694466e-59
5.190634872131559e-62
1.0354272181714255e-14
1.6818059411024302e-6
2.3238359780458957e-56
7.829593237251955e-61
1.4724236152522435e-22
2.0693109105783575e-61
2.175075813961798e-15
7.655651526537146e-13
2.499000851764044e-12
1.518136183563255e-11
1.0613791307983146e-57
2.2948490477480084e-59
4.868602868712379e-63
2.42935548782202e-21
2.9801168660995767e-13
9.074614386284216e-19
6.7023423704702e-19
6.132973024298733e-14
2.0876319428061996e-61
5.461292199739582e-15
4.960270880684207e-49
3.360771310048483e-9
8.365976867675473e-13
4.54970734918408e-16
2.266272685387525e-13
1.9446498332069926e-9
2.3452272513110536e-10
1.201835044286846e-16
1.2805391669963668e-16
3.038778404212482e-13
8.999582236237878e-21
2.0545916604484057e-13
4.226826708974672e-12
1.4758765659164142e-58
1.663436693462936e-10
9.72572007112698e-16
1.064746585253008e-60
9.311974013842631e-60
