0.0003694616840760282
0.00037758863532330383
0.0003120941755578564
0.000634290370687931
0.000715484340132061
0.00025667926579543373
0.0007021842821425198
0.0006284815286845156
0.0007697509603386036
0.0026251019206223196
0.0006523897077583924
0.003993105195335419
0.0002526966276009111
0.0004559785438994015
0.0005201732981115041
0.0002559607225997003
0.0013856198624790106
0.00028907678735732906
0.0005805895184371995
0.00020621474392956826
0.0002544051459915525
0.0007177978036235447
0.00032846420161396624
0.00047105862584023245
0.0007183351214065559
0.00032898055735804604
0.00030332673492622944
0.0003978470297090263
0.0004686432125823564
0.0006771150612647895
0.0003292766867366015
0.00036340086839576014
0.00027531673898791817
0.00032427660362434454
0.0005353610010678697
0.0015824818012270215
0.00601954017862606
0.0004933169455013157
0.0004028281322776039
0.0017739214698847573
0.0012113072315329252
0.0003025971750912738
0.0002544844263508796
0.0005112229691098444
0.046371748382736874
0.00035542188692440065
0.0002470576479326257
0.0008978895350308537
0.00090920462837755
0.0011771488646978208
0.0006285780487959518
0.00038746889702461943
0.0005027025012936282
0.0005397961753686861
0.00038819555896046204
0.0003434513132743863
0.00028486487530715755
0.0013266017793927107
0.0005583176327924826
0.0004647808946269632
0.0003089344203461535
0.0002854670089946043
0.00028973927133889554
0.00033812732925797367
0.0005080693803875713
0.0007278885051634592
0.0009272355116791037
0.0012203315971157532
0.0004998751315868166
0.0009054438164879939
0.0004147854838901761
0.0002986711960819545
0.0004192015378043407
0.0003641576553151403
0.0004533016845716519
0.0005500715274310394
0.00041268932892967776
0.0003408970553534017
0.00031258311391130667
0.0014034319816169712
0.0007083427371603379
0.000239370869474141
0.00031824506370550315
0.0006128412224607013
0.001039032025257507
0.0008130957456590283
0.00024228212608948946
0.00023389597864957468
0.0008466831770361943
0.0006332971296707831
0.001744464069776961
0.0003591901771115171
0.000439473343730115
0.0007293021372852597
0.00022893210943194993
0.00029664652974867946
0.0005183026037473902
0.0004957481427292787
0.0015037366746609687
0.0004897999893303794
0.0005194375398837692
0.0002529669265208118
0.00029944863980710547
0.0003477999853693454
0.00031096987476288276
0.0005557230820550822
0.0005017788451122786
0.0003970641713047767
0.0008022686010315094
0.0006283536192124633
0.0003813961748774194
0.0008806240547164758
0.0005044624533967039
0.0002504465873570632
0.0002966952657846473
0.0005758780169567343
0.0006599159732919702
0.0002851433016771785
0.0010032100844808611
0.0003533055627342759
0.000889970135648434
0.0014706810356589581
0.0006584424271104337
0.0007431088928487667
0.0005201480152892018
0.0007797356492690856
0.0004706070454307182
0.0004208055610945018
0.0003283984548460314
0.0009942080550341852
0.00023745529955450536
0.0005961420273581977
0.0004230271818542844
0.00048578277970901874
0.001810854040600547
0.0003205915542238316
0.0005654909789837103
0.0005470354725003199
0.0005377070804490676
0.0005395483464980453
0.00020157136381936908
0.000340393922024469
0.02050312175290489
0.001685647042193917
0.0009753836813821
0.0016356304145997117
0.0003170026391770065
0.0004607763111824173
0.001058571847253093
0.000582646743514716
0.0004959415311110365
0.0010970810837801616
0.0007010977307112392
0.000856023515244958
0.000530966122676824
0.0003993972535174445
0.0012588112402827493
0.0020479911836631753
0.00048275490315662236
0.000860935476349377
0.0005710818473795532
0.0005750036874285995
0.0006423708153481406
0.0003346704129861144
0.00044807264889040586
0.0004579635626745933
0.0014385579060350049
0.0002899734816208234
0.00020680351660361354
0.00043080943844571283
0.0011554689581233844
0.00048110505222662337
0.0007534448561440327
0.0015864649987193007
0.022913809640235632
0.0012749485520709887
0.00037173100297693015
0.000342132583307025
0.0017718247591179566
0.00030243198363077517
0.0007819186009309292
0.00041269172022435305
0.00023319113307451118
0.00035083751684664383
0.00023476560303534324
0.00028048529998105944
0.0011992037518335306
0.00040205459756014204
0.0007647337049326049
0.000573810212210979
0.000953742994139207
0.0003783694484791675
0.0006179444855290429
0.00029446989884814885
0.00030541941859832476
0.0005029219703447426
0.00039033525555213735
0.0006570996001249105
0.000227736421258073
0.0002888270518120261
0.00034919984347476645
0.0004856307700954975
0.0006701484594485664
0.0005371248384651383
0.0011442887889453657
0.0006003474598323861
0.003048732565681846
0.000434896493716648
0.0019351064486208436
0.0014150007475609155
0.00046536685880514494
0.00033114997299783756
0.00021592356213964134
0.00029991118143255223
0.00039742160825903755
0.0011357680988800828
0.000604568481417312
0.00032264720816397164
0.00048002621996732776
0.0004926832453654911
0.0005878643990689074
0.00027688496400059834
0.0005859609805667774
0.0006261425526471736
0.001153058056494425
0.00041084608870861085
0.00037908622585644005
0.000616171527592046
0.0006173100218673696
0.00022987215692106953
0.0006462926435158053
0.0004098742201469386
0.0002228448074678236
0.0003936351668152331
0.00043687378692770155
0.0002901065404494362
0.0005334528967070158
0.0004730338891875658
0.0009468507822517004
0.0002687437994070228
0.00038423521485785327
0.0004547908145016466
0.0003650036162496091
0.0011652597112881825
0.00030806848242277023
0.00038866153357088745
0.0005044339442279268
0.00024331530817842955
0.000353841262587125
0.0010262178632963615
0.0014653199731031314
0.0010124403515839335
0.00027795991448725007
0.00020143722195535384
0.001279484908213771
0.000513755549624731
0.0007439637828383058
0.0005022997577358944
0.0004654438332640283
0.0010012372959512165
0.0003000563178221587
0.0008760793617552175
0.0008452300698344699
0.00035986771293536194
0.00042559767322782196
0.00045427526062031333
0.023359024648282607
0.0005434183438408665
0.000655984354298358
0.0005696097394601469
0.0003146360876848274
0.00031618582818999523
0.0010809134692257572
0.0002267236582542961
0.007988952216607838
0.00033687980583624105
0.0004984106926373066
0.0004858921207763949
0.0015770575557044482
0.0007203764099816272
0.0006228007160250666
0.0002773716516668107
0.0005667810086169641
0.0002557683104801475
0.000539137910403132
0.000568811996442787
0.0010107457080104241
0.004761519072411555
0.0072192639363531375
0.0010007284156242574
0.00030658489495897357
0.000531781000350664
0.0021737720464135492
0.0003339123666233004
0.0005181676642949287
0.0012979330581656403
0.000998030514750734
0.002866424757320214
0.00046214903797782273
0.0014271046501016858
0.00020684682798207633
0.0011598249974142574
0.0014693616861494836
0.0003546282074742574
0.0003611114118307914
0.0005050861906756953
0.01082061306852006
0.0008363769179186198
0.0003290206397499438
0.0024398443394655946
0.0005884599084246772
0.000508981454798706
0.0008742033840124442
0.0004966319345099284
0.0015876004588731266
0.0003278232393728933
0.0002933148070215969
0.001010055437666486
0.00036003717143119596
0.0002542578013585489
0.0009422156648746558
0.0009503592398828088
0.00025636605505905015
0.00037242124258698056
0.0007058956788705
0.00044479312444044235
0.0006105258469564863
0.0010103205913705997
0.0005823671089266036
0.003574574433896878
0.00038016205795696667
0.0005431897037724753
0.0009696006398647834
0.000355757681645125
0.0018626323325242335
0.0008172460235668497
0.00045785511217209335
0.00037465330732246486
0.000294731703373619
0.00026613613825468904
0.0003543234220443633
0.000632479811224218
0.00044975825685802956
0.0012799340937725934
0.0011673943128337374
0.00028302917579223886
0.0010016222452205665
0.000462817429088697
0.0012894782484086033
0.000583234843771023
0.00032906592823512946
0.0013798514828350101
0.00032450026331213195
0.0002953112568544061
0.00033391212247643634
0.0004926717376323019
0.00020949232194141171
0.00039885580776833105
0.0013023071160022577
0.00025681968195461564
0.0004611859612901488
0.004037923855902547
0.0010688590384269523
0.0017307694853959633
0.0004419382017950227
0.0012281263832206086
0.00035001574628460835
0.0002677429875339199
0.001390725153283309
0.00035280437899810066
0.0004885200034245695
0.0008170931727406863
0.0002079696883228562
0.0007823852251256784
0.00032963759090940607
0.00034650250854946306
0.0010562094992368496
0.0013103131823450614
0.00019651321442864045
0.000804050800257426
0.0002963079202482435
0.000402483714989212
0.000668339662032332
0.000543012018279141
0.0008950832096553291
0.0007369635388580071
0.000380685352626878
0.001754547296070001
0.00030221317155622226
0.003289526355838704
0.00027531349779322354
0.0006456139126889325
0.00023935941764813187
0.00020613239181419728
0.00024544862896386845
0.00036602701309319195
0.0002903574375286244
0.00041217245900120975
0.0009173065290079998
0.0004190147723676842
0.0006999983935355276
0.0002851470620861826
0.00099062498488079
0.0006816523450390361
0.0006222618639527577
0.0004330532449405405
0.000362722336047409
0.00033668022592926337
0.0002999690304424876
0.0016670280641605541
0.00031143847763011865
0.001335192217616596
0.001291425585033097
0.0009897738210313473
0.0006656370789939967
0.0006881012125329245
0.0002665659233333645
0.0012196448368437917
0.0005844116708813658
0.0008122534968755619
0.0005086840143959148
0.0005098661399412965
0.00034049163071427275
0.002217976400357475
0.0007798425420449305
0.00037129865092017583
0.0014948849914687605
0.0008476189891330607
0.003148980473755428
0.0004661173123050996
0.0003621862332993639
0.0009198687042999397
0.0005081241152982836
0.0004379450081669607
0.00037414464364143065
0.00023095056993747173
0.0010557723418796094
0.0002932783007572886
0.002906296841393569
0.0016922284328149246
0.00032373728391394107
0.0004918131056815501
0.0017787876444837769
0.0009984331082129572
0.0005673424882578147
0.00044714779809794765
0.00021537929161720881
0.000884971237925221
0.00033050344590818495
0.0005850768740919883
0.0006339354289935001
0.0023916510184622077
0.00028154447001455565
0.0011056447101106118
0.0025671839021424846
0.0006934246431702937
0.0005784964272651065
0.001136339131422138
0.000391750873312086
0.0006882987066412387
0.0002623933099363089
0.0007463458605081047
0.0005250801846335058
0.0006481729565514911
0.0006531601828868406
0.00031058108004974357
0.0008028828372571883
0.0005961373364713442
0.00026332672006913906
0.0007058021744990146
0.000339621065485178
0.0013529191619590585
0.0004100252821885535
0.002199831877117556
0.0004272443714049159
0.0007303110981732628
0.002062164225474643
0.0005569212232501531
0.0009745619369971736
0.0004796117856639555
0.0002472695134310591
0.00036304872261964835
0.00020117610336228725
0.0008405744293066694
0.00041830025838182936
0.0004852672087817764
0.00629796705315044
0.001913621274778782
0.0004078396226069536
0.0007299006029976033
0.00041552309473049737
0.0008765638928318458
0.0008224594920123558
0.0013087705711689838
0.00031642047595412153
0.001392414981521949
0.00022241347044191118
0.0005294083206305368
0.0003227332563710772
0.000274836296580239
0.0006656367629436639
0.0004196173202487243
0.00032408753470474725
0.0005796056659354646
0.0003281413851938389
0.0014743943268010103
0.00048894838400307
0.0010517056307348324
0.0010323272498844504
0.00040850557370994574
0.0006444933081498145
0.0017364614933686388
0.00022553368257519166
0.00273927794410442
0.0012083059750962585
0.0002880749395144046
0.00044849239117405884
0.0004961211507099146
0.00032042149450921834
0.00034572867658911075
0.0004054633884539697
0.0010314342795128336
0.00103508221665903
0.00041902824578190085
0.0008859392438112424
0.0003788976426022902
0.00217113678558127
0.0002806845374990059
0.00028027238204881715
0.0005473639129087922
0.0006633700057184389
0.0003777696530143167
0.029640941172900316
0.0012592223201302773
0.0019237750094757084
0.00036162088768784516
0.0006298429607001869
0.0003876936708125728
0.0006664221569037208
0.00031907953626240373
0.00031400768568399346
0.0002299596826353972
0.0003905971616188978
0.00044136834280707383
0.0014566214003308739
0.001771703809001907
0.0004667148063874227
0.0002392330222856281
0.0006114502282378463
0.0010305824043950027
0.0004031661165947807
0.001306867125162849
0.0010333856990429853
0.00047591094635529205
0.00036733102153661655
0.0007991035036008674
0.0006622247293049274
0.0005640927981554908
0.0014296062975149232
0.00038135895045495084
0.00028131726636050457
0.0003386527201527654
0.0019449635326669208
0.0004356065777332426
0.0010426121240245257
0.0001962597688783078
0.0008479436369513272
0.002464432697989571
0.00032760858662276643
0.0016042865210533729
0.006898233575745468
0.0031974426751043097
0.0003447171826891902
0.000729715028443654
0.000461718003542627
0.0014701851401657498
0.00028847438280031357
0.00025629895411366136
0.000410813534945308
0.0002823735799516421
0.00031810926752077323
0.0009631471374478866
0.000980149057906308
0.0005539280448580679
0.00038932094494992714
0.0010050198600190638
0.0004608849366665643
0.00020557964712968974
0.0012825375753247573
0.0007582136461024403
0.000784599404264847
0.0007162853595078805
0.003123388890090715
0.0014408644241585237
0.00041365414707492386
0.00022152965984709804
0.0003754362789088651
0.00027170263742367685
0.0007759429875887896
0.0004329350244689185
0.0004487508256820425
0.0007480654807326891
0.0002932553674282789
0.0020660549792007148
0.0007028886277598283
0.0003691061419250984
0.0009689161743019036
0.0005220314814611837
0.00020995024865451924
0.0009540627731690216
0.000240938605163587
0.0003866500235755312
0.00030056696432859744
0.00099054987106962
0.0009952370943508329
0.00021850017316653
0.000981804227999097
0.0009497928564399795
0.0002911692001974931
0.00023535380969303335
0.00023764387372127914
0.000546861791167439
0.00032297746408933506
0.0008951871104197908
0.0010650961524837216
0.0004330496683926294
0.00052798875388346
0.0002530738356833483
0.0010446492592394135
0.000846154728358246
0.0007045298220216871
0.0002957565403638661
0.0006010312413414593
0.0022836857399858553
0.0006712596799346893
0.0005532688475356162
0.0014427911749417461
0.0003370819279285613
0.0014317344743356242
0.0005747813812303139
0.0006167371837745946
0.002022451611068864
0.00021930842269234156
0.0004047900012552575
0.0003328382677747471
0.00046449571488549996
0.0007284811678784399
0.07619987582046174
0.0005234020014492307
0.0004178274386111524
0.002544570251624991
0.0005198650208070578
0.0006581034806930839
0.001073783527552806
0.00024727785271564024
0.0015156165193661358
0.001089580130940696
0.0007065103435634654
0.0005226281337375675
0.00033613585480963474
0.0025158088370667107
0.0007618641995239981
0.0009514393675497517
0.0009426864873726664
0.0004311738330773361
0.0004228394504952034
0.00046610528064017584
0.0005273041066299779
0.00028149661835762054
0.0005278960732350828
0.0006090489288579157
0.002006782571878193
0.00037373162322774846
0.00032701821088605845
0.0008607977302830407
0.0017723554652677095
0.0006681244854963111
0.0005348792494533932
0.0018253673357560224
0.00046545396288379787
0.002314541086818178
0.00135793499900647
0.00042463790294511094
0.00027519672227313254
0.00038756209766448825
0.0006586294714226079
0.0005206031458645695
0.0013151886866847027
0.0013005560429773725
0.0007347728660110322
0.0013608401788500377
0.0010134516578945416
0.0006014000042046372
0.0005193340217913776
0.0010077134782271004
0.0005504990161681975
0.0003261518012091004
0.0005978896421023158
0.0003417868563835802
0.000961771481047228
0.00039016913886687053
0.00029782774772746856
0.00038910865858824415
0.0005496815048453638
0.0002444895010506913
0.00018765222137000727
0.0008722489604251916
0.000671452239940655
0.00030045538716624056
0.0005769801774570993
0.0004255056900403779
0.0005283758486923504
0.00019044134290169832
0.0002867151129409481
0.0007019998067060623
0.0024448599568516883
0.0017416548473154333
0.002430227999480348
0.0011118947086731208
0.0004042345213686766
0.0009694225675100247
0.011932486483094713
0.00048709705629821053
0.0003308039093920608
0.00034042424198930834
0.0004939542655953288
0.0002576640404055357
0.0003831208167312754
0.0008830069306155555
0.0009785383865207953
0.003949860036060829
0.0004427962124208315
0.0012361902802869584
0.00047152988856785053
0.0007884566846524839
0.0015158550665758039
0.0003034255791880916
0.00021190368980825554
0.0004095477311492653
0.0004343216001116499
0.0008084367115060322
0.0008328730400462893
0.00021475219958132412
0.0005790961499791459
0.0004101717680027737
0.0004809592690888482
0.0009533966702805844
0.0003672609771841708
0.00043540658547249936
0.0005120963116542921
0.0009840136659131356
0.0004027201772704832
0.00036514587343924106
0.0003383786793740407
0.00023656404193479112
0.0006911758607808014
0.00031647458850476686
0.00048477349140970305
0.0007283495647846762
0.0017691177380806933
0.0014231032923926528
0.001204014837368107
0.0030183650303676492
0.0006255980964150685
0.0027761796868295946
0.00040602897484871457
0.0007020665210907523
0.0007730144914952534
0.0004036550631940383
0.0003389539285351438
0.0007148573563579665
0.0008174249111821246
0.00027692869657769783
0.0002613024901341283
0.0003141694911891883
0.0002640868844052432
0.0006174869438704145
0.00035551527329772976
0.0004856237043193715
0.000236325301029823
0.0004073048058414787
0.0011455496099162885
0.0004860270909772555
0.0003211704859850889
0.00033667216025446366
0.0006949912707940112
0.0011419813473878008
0.0008814147791628772
0.00024695816024332764
0.0004518071123033206
0.00023458889481148615
0.0018659275069413616
0.00026750745095026015
0.0003140013505656171
0.0003334426552045509
0.0005663958129226409
0.00034724032210037953
0.003693775613171771
0.0013404210070188305
0.0008000477099084984
0.0005929521920831606
0.0005524083417473822
0.0002924549452249039
0.0009476733077244205
0.0007405067907212392
0.0017386265256993311
0.00040388865358358236
0.0004644698649714046
0.0003865734363963671
0.0002990204582683869
0.00028212713804052873
0.0006037078358824019
0.0011598470287130967
0.000806270642828567
0.0003621535727250121
0.00033964546427552625
0.0002537638264536837
0.0009098042321452932
0.0015638386765779065
0.0003801999433875818
0.0004656826834690326
0.0005510558404074582
0.00030757049093030217
0.001089708327472798
0.0008874760638079617
0.0002478839397671525
0.0015469542508060577
0.00045856354610045966
0.0010185596114359937
0.00044870447418452944
0.0005318688153969297
0.000749466746866454
0.0010962569066810361
0.015107136197338212
0.0013147471229521862
0.00032351239623034
0.0004407065445416693
0.0006000408000989128
0.0006902782602512716
0.0018429728545642846
0.00022685077250221648
0.0004923028006895128
0.0007286468264059992
0.0004698912150131243
0.00044814495291907523
0.0013247174329543755
0.0004152584520632628
0.00040134176033496653
0.0005737078764281829
0.00048435426981358656
0.0007282400654262205
0.0038356838902634813
0.0005626129981101747
0.0007908747870233353
0.00030243703195797475
0.0003943042280738714
0.0010902275014684627
0.001649198330652462
0.00043709927056749385
0.00026200371761427423
0.0002946458724280299
0.00029864961727931263
0.001858117450223231
0.00041355955990079763
0.0003402007325770795
0.0009635812332687903
0.0018430946975662135
0.0010574138421448882
0.0008847114573211252
0.00030793173420340896
0.0005005083844136931
0.0005301141108303063
0.0007066943884839157
0.0009568017930131759
0.00025707837816171033
0.0003497027634074461
0.0005343607531410071
0.00040406114906726287
0.00045543731311187784
0.0003097358605446315
0.0006176136400830095
0.0012175906224313265
0.0003286881620388769
0.0004857504053056841
0.0006830253729296933
0.0005604651190204934
0.0008979260483888523
0.0005638422433358646
0.0008578306258984358
0.0008387847174325519
0.000261659160824697
0.00044246918310447453
0.0006353504061297883
0.0014871736924107727
0.00044940372338271204
0.003310275456461722
0.00022290853739394912
0.0006119442684011696
0.0010088517596049777
0.0006600737157063435
0.0019658617686237356
0.007865599811740788
0.00019679056540720518
0.0004585373032058326
0.0019176735204256186
0.0002838917507036505
0.00034221219014557116
0.0005358477639844831
0.000502994162460818
0.0010421951354874573
0.0005267792448314452
0.0005230138484559715
0.0031655893708036763
0.00133362788850503
0.0018237999264995467
0.0011304769404898473
0.000709510627836448
0.0005149382571644832
0.00032428960681250987
0.000445043185417038
0.0004017630006801857
0.0007261705444222829
0.0004821965234666152
0.0005149735114652763
0.0003270958460315272
0.0002809129831392042
0.0005209866386364971
0.0004709016031342255
0.008957916453437912
0.0002631950466879346
0.0004934017525715244
0.0004781930183673469
0.0005062333590363402
0.0003565466370357859
0.0006480558675329398
0.0005382048570985963
0.00042086609712446596
0.0003390344926225078
0.0006318205085637935
0.0010054261957042438
0.000896288222213925
0.00042745471717408126
0.000753120459617451
0.0003035836986832014
0.0009940712698373025
0.0014780796831466063
0.00045598223574246533
0.001048495451381301
0.0014296633102651674
0.0002848123635759612
0.00032819173721589795
0.0022500644590827588
0.010427703259361815
0.0017165053909462477
0.0007147965151354214
0.0014930679934957451
0.0003617129410891833
0.0011824413962432578
0.00023346266499094033
0.000550027383599881
0.0005678106775045188
0.0002794714332861561
0.0004767852434188788
0.0007217817218732406
0.000314472503835584
0.0004583355212244203
0.0002855740205895728
0.0009427993274586295
0.00028259411850501103
0.0007101545144679441
0.00024398897281165656
0.0006775282784760988
0.0002974741126835529
0.0006825710668870194
0.0003782364510327926
0.00021038941891549844
0.001117052834004595
0.0020559935045108032
0.0006773867016655
0.0010182714571409092
0.00041384729803388415
0.0003884600917056604
0.0007758926904361625
0.000270701351563912
0.00048180082882303527
0.00024342659058988967
0.0006797113650155417
0.0003912952232474831
0.0027870260815517417
0.0011615549663711944
0.0003039082534785056
0.0006114072874669282
0.0014312271227565091
0.0009120413642117033
0.00031956982245486936
0.0006045015923698188
0.0010073788291569943
0.0023279042882358297
0.00034845072554112125
0.0004474059413825895
