26.395225949015774
3.944135820372948
0.22481105747581254
52.97470393739829
2.1816463807804296
8.102745425567543
17.70768086529341
7.725708475360412
34.41742565179132
106.31208794392943
93.0303871322938
1.8356717624958812
0.7359194857703357
71.54205131850351
23.77045263708832
57.39868043951778
139.60120573080923
8.210953283107202
0.2715823487513149
41.29796365603952
0.01757602752218311
22.69111685198649
10.866153098090193
0.599826708066638
1.555106501335532
0.05194267405472858
0.2895881483900986
0.028332264231915927
7.187671724655719
0.0002786922165243201
0.06121730951393421
7.752221210480065
15.13106287998131
1.0
0.3163153208397802
1.7733534114675005
13.362642039012616
6.860103369043019
3.014912800640973
9.1878367426449
0.816686526937979
0.037289007985514155
0.0329687750580579
5.829352529373876
0.0017283650044225096
0.03730162871267295
0.2236818530856516
0.15946090088489223
3.5882038630807003
7.322504603737846
0.5773964708757293
0.085298556336787
3.6421241722920388
67.72925808438248
1.644206926622662e-7
0.04854025702902678
1.0
7.75808152808473
0.019938682584399715
3.9473044241102633
0.5047497751633878
0.0016750122873363993
0.001062671227373983
7.134591152961606e-5
1.445161467388092
0.607663922139865
0.0026403580707952197
7.679404619496943
0.09234610219113128
6.871625778802503e-5
0.18044488515359688
19.429585939891275
1.9510489366778605
37.075630019291104
0.008035344734343851
1.0
6.79680724242445e-6
0.00020153391835363275
13.716143554366504
2.026463472847639e-9
0.0018171433911153567
0.056143596451548636
0.00153923730073911
1.2805294152364501
0.008480474956927175
0.003176857795275838
12.244992874305616
0.0009851299803222621
20.07471748766497
5.649766633876023e-7
0.0017285951125096948
0.5980894895106386
0.12692693911142716
0.0036121546174825827
0.025383396440319804
6.198692291144466
2.445444057238841e-7
0.018392588169949948
0.39892064001943195
0.07602587103273542
0.7530658008136314
0.010423734786755763
20.030932068960354
0.006490543251224519
1.6324472464092619
1.2349984998241391e-5
21.94485544467552
0.0020498147725249286
0.0001863025914082397
9.53273769161853e-9
0.3201364482506246
0.12180193097157119
5.917880367991368
0.0012438224096389277
0.026155226225033457
0.5785557696307279
0.4538849986174939
0.0010828669700217676
1.3383617886542303
0.007753057612001498
0.6810141704272181
0.5230782763526878
0.4609173314646618
0.10076189138966986
3.345882508763936e-5
0.09294538350074795
8.412998636257155
0.0009811356626199302
0.00016383716400808818
0.27477977255223995
1.6706774969376395
1.5945872401569499
17.49940622484757
0.004036245809726272
0.7640102685868057
0.000792456548075144
1.7314881998926836e-5
77.752711349476
0.9370170377376061
0.023373501791817294
0.0011293871407515197
0.00975588192087698
7.5761111831061e-8
0.024133313779366797
1.2927780869456073e-6
3.011957692918245e-9
0.00010431713992318145
0.2945689644397253
0.010572997255899217
0.012592302227510179
2.9476146860951352e-8
0.008415320397733652
12.493310672428791
13.957037914374434
9.281339419847241e-5
0.004578053487480966
4.043775584885976e-5
1.303291929303257e-5
0.002574675324473953
0.00015267622931127548
4.758027511957924e-7
0.0025578016666129807
10.473907681864873
3.889707086086736e-6
0.0029093953001082936
6.0415527195044764e-5
0.0002750352212483673
0.05747890860145066
7.706658025607253e-6
0.08833096681996469
0.00030154640778580846
0.24483897089984707
1.2009557285788404
0.0006729773386241376
5.296353739231437
0.003065819601881733
0.022794923942083357
0.0006478036920455901
0.0005228460824082574
1.8745950585277247e-6
0.07383288889234943
0.1540368624636695
0.6807881941539691
10.61040452864686
0.00011277350415508102
0.005638309540683645
0.0011912852349235958
8.941046985356593e-6
3.768370577876443e-7
9.57133317982346
3.2909736953805697
5.084789584881612
20.61192662659832
0.015398669389642676
0.13738558933254855
21.181385448144624
0.02240123588151626
0.00018138543960114978
0.00021041309833044788
1.1734471105945676e-5
0.7990258374754147
0.14731772960154282
0.033953327090633346
9.198961430211789e-7
26.498479314541797
1.8731445093534909
5.971008189354288e-5
0.040510043525631714
2.12729328903997e-8
18.885201437830993
1.8027097413430338e-5
2.0453212267684924
0.14892805909358856
4.883596026346633e-8
0.5602181797173211
6.554504294989738
7.700452443912129e-5
0.012253327824868475
0.0039020787976449508
3.302402646670732e-8
0.0173287744365786
4.954864837867174e-6
0.00013460544765670596
0.09768221737383521
0.0263207853015608
3.890816725365933e-7
3.844154408801847
69.07840988511961
1.8766504875046697e-5
0.0016182211567831797
29.890211749707184
0.11787263900907044
0.19757200463380065
0.00031077650629180445
0.043656639755026594
0.003192804846946353
0.010934460431086307
0.007070706622194216
65.28063702675261
41.1759127516425
1.9209451395461148e-9
5.1981088293449194e-5
0.34395509774359817
0.6943133058653427
1.160030847153248
1.9679168159618557e-5
1.9885630380012702
39.449855863347146
0.019953228833581853
3.496406516127142
0.0742186562643533
0.015617436358492524
2.911899968979901
0.00043252188732634885
19.930511554404628
0.0011500598234229754
5.859836497586864e-10
0.00041365493866713014
36.519065202291166
0.17835792955637855
1.2976426823569116
0.009624538994171922
0.002415790650330172
0.01877068330886112
10.815519495227214
35.471381742157796
0.0021405846609215337
6.383164992076768e-5
0.11385596448661248
2.1013094663106755
0.09256065068762172
4.276038752353339e-5
0.23827912355851316
5.3472324878681485e-5
1.810851487294359
4.312318167323879
0.8474666112399297
28.462051952491237
1.6429288039213825e-6
0.21430032535774043
1.996411285550554e-7
23.410726469631445
7.030005496576794
7.739738960081318e-8
1.18271944796811e-6
0.009088259086052312
1.5646533496113353e-8
1.7440405957084655
0.012595430898365345
56.63309062273059
0.0009854502348492018
0.00047034090434367484
1.808326342954014e-5
9.34818400056024e-6
0.00022288049094556538
1.8752003750690145
2.5401514249459165
0.0017912122683757066
0.004356219302837949
0.03341055962941588
0.0055647485859806915
0.0004349351255560082
13.756679600194047
0.0008495595912183504
8.370457601578108e-6
1.0
4.7421821556167576e-8
0.05482121945790196
0.01322562763337508
0.3222891255809049
243.83144608532749
4.990699067393664
0.030758915062954993
0.000755740712253266
0.6357858274926153
0.06685856554832474
0.00013121064158912795
1.41139828273137e-8
0.00023134130106282157
0.0006313446461379618
0.09430908530573862
0.0015871415205720052
5.3280256500304e-5
0.21887430015772202
0.16606416631409454
0.2965280771228308
8.384667110874155e-7
2.899951879894356e-9
223.15040858428927
0.002522368342648475
0.0005631652559316802
0.00032116099739212204
0.02845835499165748
0.17137112613327782
0.0005675118548881112
0.28352629511857363
1.0805234601820684
0.0696793506403506
2.4164916466354743e-7
0.1375007186275193
0.2920448468976279
3.1187541604997965e-10
0.0013166500979212943
5.575416797326387e-5
2.822673002597961e-7
0.23967075177920047
0.06395146202664793
43.46825886164902
2.631033267083224e-6
0.00012490627597792187
0.00019947703488055741
3.6288388991646906e-7
8.955100307169912e-6
0.09383811061114102
0.0008109912793856259
8.285492623996913e-5
0.07218008424844395
0.0021260942136075564
0.2213055116290775
0.0007806937923586053
9.584333497622793e-6
0.0015103494882731834
1.430608787622058
1.2543380438841853
0.08952209625035158
0.0963260285222368
1.9430906240643722
0.025163837594589795
8.118026000531616
4.0017495898987516e-8
8.028456015451486e-5
3.531858749093029e-7
0.14686045771240783
32.697728446551864
0.0006701695183491487
0.16881704955395518
0.15353029137946705
0.10659252174059114
0.00824948994543896
0.0007787546782717814
2.073065480014064e-5
9.57928761965949e-8
6.622556213543011e-10
0.10528313116684948
0.0003618516160427431
1.067700077363877e-5
1.689918643019728e-7
0.00490146505478652
16.95619795614996
0.08971973422803795
0.23087746961372693
0.11294386215916405
1.0
0.23874118563786356
1.4740188859488428e-8
1.045238343792308
4.1705337781923814e-8
8.639375226754963e-9
0.001320274238610105
0.17824816933157328
6.192572144933086e-5
1.0
0.1579372654876061
0.028682777183762158
0.00010581045605404535
0.0036605585198362647
0.050745745591465774
0.035259656765917274
70.53472124274937
0.367418764336254
1.0064123765998716e-8
4.261517514305149e-10
0.07381416318588134
2.367520917704318e-6
0.0003111617109479824
1.0
0.8178676381593399
1.1440708173491814e-6
0.004708698244113287
3.47384733354983e-7
0.0010515696143709753
0.00016433024016245177
0.08024287214451661
2.1920965096391233e-6
14.946571461125142
0.17899313514957182
0.12759462060771268
34.693870085740734
0.003736403960993815
0.040593575392074185
0.00027243323736003954
0.0003555748117946004
72.03754087920532
0.0035065857999901405
0.0014476277981443708
0.024761468104541908
0.02712629943203604
0.0011849699884782393
0.04776421282389598
0.018779055559574473
2.174426126293548e-6
0.09183322624920728
0.0008028454466705625
2.002100398420126e-8
0.0014787982796125676
0.00015774855183531226
0.08630091447112732
326.7812338036006
2.796196530170267e-9
1.52973619405677e-7
0.5401904191316867
0.06736875461338362
1.7368259130533308
0.2074314478305621
0.06103513933668484
4.7234779446890144e-5
0.0014571066728277064
19.23153802213063
7.849029826571092
0.008365740687999633
1.0178499755474064e-9
1.7873279859639935e-9
5.309295469911463e-9
0.029039206544336636
0.00016860561458903144
1.624868787767801e-5
0.0004982907076876678
4.55931337990974
0.0017859426171974915
0.13894162212172737
2.9366637884486256e-6
3.509646847273668e-6
0.013356736795986925
0.000618337099455746
0.016176966615047136
0.11617237243585596
3.482382488661793
0.0030187437241530187
4.759200922207897e-9
1.0822029916177989e-13
4.320200885740651e-6
6.998754214699718e-8
2.876126686050386e-6
9.326046711041792e-5
56.6718085971394
0.00238153392058358
0.07567103464836149
0.5747237665289111
0.3789527011841963
0.09145316734225041
0.0010352016665996695
0.0025014326209777927
5.910718501994757e-7
0.43874785351523427
0.0003518197223770013
0.175413322227684
1.216848060693119e-8
0.017130563943876097
0.0003846457880649345
6.367021030720454e-9
0.05608966953608838
4.312778769615467e-6
0.20962690124969036
115.7769298610659
0.0028337638100315544
0.007971336457892208
0.004247974323121402
4.208252065195819e-5
6.9335421531466634e-6
3.04676102246843
0.009052283805724514
0.0016854098090482383
0.004091666194603245
1.343962297773625e-6
1.8049923478548507e-5
0.009042334080101752
1.0
0.0006562917325929483
0.016401909389246565
2.179991522243371e-5
1.947566830889191e-6
1.3377239238519458e-5
4.300824006897519
0.000118929930886021
0.26092720943662384
8.928809904845437
0.00029074572480426047
0.6696919621029365
5.4790085887965523e-8
0.0033262398517135174
7.263731097221511e-10
0.0016527108719941966
1.7236935267915992e-8
0.3014997380899687
0.09782055372300805
8.938122389066278e-7
0.00012436962932618433
3.337672022218916e-9
0.010296544433120664
0.11026356548453295
0.0001446513049824625
2.133047714554674
0.048636223030895286
0.28445930811380943
0.0006910538597874166
1.7210433138924003e-6
17.531289056169236
0.19762124871626055
0.18374443297591533
0.3652479714183244
0.00014276144163558258
0.0012659321397877731
2.121469317016315e-6
0.02082112165347182
0.00024250935264665552
0.005675880241472645
1.1793408846884591e-5
0.13619482003062905
0.005137917369317796
0.0001621190691215176
5.0081398341726535
1.5700296135460315e-8
0.045712360074843104
0.10072521204460964
0.00026461388539532484
0.5177165679848138
0.5262058188989334
0.08642267538018696
2.032406969473691e-9
8.46296651085642e-5
3.0531313066213883
0.06220428259954531
0.0014440556480679945
0.0014227966030119932
3.5346790236637554e-7
0.0004943094528617456
0.01840731231375174
0.1968625862813525
0.06790573056772257
0.00017810672375064376
0.014112170196232314
0.03056305633127806
1.2653377468430885e-7
1.7439048224377647e-7
0.9252322187473788
2.5144063934877955e-7
0.022519731025780615
5.322247561772248e-6
0.0027386953095207035
8.409678708289018e-6
3.969427654479811e-8
0.0001742003338385979
0.009020031947936675
0.5095122181442028
0.0005714035477684506
0.33416132178308944
0.02124390713135781
0.011304902019898495
1.397147032573803
1.8656477719590052
0.0013274343938553248
7.380258397402865e-8
0.5102948013720128
1.4713210815822904e-6
6.9101145764353415e-6
2.102883479341977e-6
0.0004146149383298251
1.915557079039226e-6
2.6365256979581253
0.00031366947445324355
8.084428036535538e-6
0.12147528364346125
5.159773113891375e-5
0.0276351415559968
0.0003253376029758047
0.056007399002327735
0.002001983740370031
20.868934956538766
10.130401349729128
0.033490180895044755
0.022757395001090478
0.0002276118609476282
0.1131090569831219
1.5394133749773242
0.00015191744070731217
3.282742993885656e-6
0.00011022196481173795
0.0005678377124239994
7.203887029942894e-6
0.0004377043062267187
0.17716319160868166
1.4532378859738043e-7
7.633110333144231e-7
0.316929966938017
4.094373448674262e-5
0.0010207685189117673
0.021598806556707952
9.909933818158487e-8
0.0024347007397175473
0.032370600825853676
2.047875675170502e-8
2.552627427722983e-8
0.11254642204537542
0.14905354244075608
0.003948003716588371
1.4163008665916312
1.1943674846581827e-6
7.361977098850059e-6
0.0016726999078286633
2.2898232839225307e-5
0.0035789470999485202
7.805805113728307
7.421967203777046e-5
0.009719486032419388
0.03474920920308208
4.8501278480241697e-5
0.0014974513348033265
0.0777596662904709
0.6175465158949631
0.15666987095613552
0.0007218422467273301
0.0005640344680541901
4.3052391355930736e-5
3.07490692559819e-5
0.40694565604216404
1.5479586029208385e-6
0.11446062767301868
0.014707210456351687
0.08124221484303958
0.051972548798008
1.1055058335401958e-6
0.00032611333478960907
2.667179071984844e-10
4.8115255271517624e-6
4.472629970046151e-8
0.058068207238914475
94.22324638323721
0.009773702100833982
0.0012044094435256097
0.13611669258816195
0.0003368409339902889
0.0073195842749202746
0.0014336512558247969
6.30015079184822e-7
2.854647065300416
0.0025731049334030737
5.075896885825203
1.572201892277962e-5
0.00924007360937057
2.692345890264904
8.291334992053762e-8
1.4891027708756275e-5
1.6046036863125592e-9
9.050857113411994e-9
0.0037232203787940263
4.051324171888053e-5
1.2444531233372225
1.190687470837104e-6
0.012956942717693255
0.00787667303661432
0.006631025080337904
379.7044666655159
1.7473073265836816
0.06141619643573242
0.2262587684197581
0.00043109182784180805
0.0018406166243650542
4.5910846352645575e-8
15.462820079951785
0.003233434938963697
0.001533951031232031
0.02820846167743035
2.4054994944730685
0.15368576365665937
0.8503368837030088
1.193291003799303e-6
1.0
7.253337083777519e-6
2.8259507710903877
0.009745860915041982
3.140028890200631e-5
0.0030491089776690226
1.6150707604198224
8.878359129173283e-5
0.002818266084779873
0.036336358033486144
0.035371080494435644
0.053217874697301056
9.720131885918236e-5
0.1069759236105935
4.213089430530372
0.05203531645477021
1.1704160425659872e-6
0.09478579681900216
0.0002831121318047083
33.56399828314411
0.00021822201928667497
0.000179027681110459
0.0003374794452385741
0.6883916007746204
1.0
0.030276181313781545
0.00046865029015125803
7.61574696435514e-11
2.455947077541395e-8
1.377895148924136e-5
0.03540009662152878
0.06818275069035529
0.0015223078066630962
3.596994645325935
0.000301709321538316
3.7471723616048784e-8
0.007406033227023175
2.6028290053155017
0.0019948569698307267
0.004562745537653571
0.002201905035194922
0.0006710558097256966
2.2197855592077924e-5
0.006825539023988792
0.007890876678329826
1.2117680347375461
0.046599375228669804
0.03340864168007992
0.0003050600476173981
1.9009359306924515e-5
2.8659979864659154e-6
0.0945336892646509
0.0023979186498642555
0.00012273289891983344
0.00025924106894150805
6.738229555061211e-7
0.0001600386438015773
3.9107940905153326e-6
0.6811680876021039
0.01225728558191162
0.0822415040942896
0.032200303422949744
0.15594058441549596
0.029543187612440427
0.009288241700770698
2.1705990670757735
0.0005403080695615791
0.13211233580451479
0.08368104673061873
0.000505602621313638
0.03500287775010766
0.00012924785005815007
0.006440639347884301
0.12307056981906803
0.0009191662290249647
0.00017453460870789199
1.3765990561255897e-5
0.09023107310825726
1.8226632885777196e-10
0.000702434257367962
2.408554059728002
0.14586254362024953
0.19604857234090065
9.574776966130385e-8
0.00022519431072874277
0.00017253163469155113
1.4972392401410328
6.139557675619921e-6
0.008823244805423385
6.937104800245248
0.01468493759458573
0.05264323426433859
0.1441187027428935
1.0
3.4095501751013376e-5
0.4219866165378125
0.5032456439086604
0.0001685818408193037
0.0002550642861557081
0.00011998096936209901
0.0007434795372301872
3.8176548766599596e-7
0.007521411119914887
0.025207392734653597
0.0971726310273736
0.0022455268416847625
0.0018267860816860776
0.0010801243662197481
5.9993436360036314e-5
1.585869464845793e-5
6.575818284354067e-6
0.002804603405468424
0.0015723622479435543
0.0037336333103478564
0.14723136356237343
6.70393389459369e-6
1.0723719926252646e-6
1.1888423926441716e-7
0.0003752761480684976
0.10837437024835916
17.40505330007149
16.389320574046355
0.0001150960029843754
7.920910284803105e-7
0.01459416240481485
0.0006450742251353707
0.01433295172545364
0.009008573862213038
0.004996166156297696
0.0007740925905433875
6.558169050869074
0.0031668593233157537
0.0039339953772291394
0.00020105022149447097
0.0014393201651992185
90.80560024364561
0.0003055144503115027
1.7119609487077768e-8
4.1140018987843716e-7
40.54624612844462
0.02165900054619922
0.014752802219485238
0.00397097566538316
0.6113016775977025
6.1205517670751375
6.70821475278926
0.0013841172058639915
0.001434689863565736
0.1051037029632161
0.002594299645354726
5.367011400462156e-7
0.00233835429796624
0.0017441142889979837
0.00019283875180931605
0.0030303029519998578
1.6954299696983383e-5
66.33010792378799
0.0014510118822439611
0.001958491854557375
0.0018556159709589596
2.0363867404344082e-5
0.004073671744359663
1.0
3.3033379931621124e-5
1.3894775957351733
5.659334267824019e-8
6.107441601559046e-6
0.025833457352661186
1.0385237093075475e-6
0.09205780543061333
0.00038793212189747574
0.000220693086910073
3.4633752517107755e-5
3.129991521808511e-6
3.0345609873801724e-7
9.394739330754007e-5
9.946956793139655e-6
0.06676079598264704
0.00012659153598292718
0.005326981326385727
0.007054670241193742
1.3872486944577655e-7
1.9800971606037098e-5
0.00010633036121030774
0.025678355381387127
0.01450286396423673
0.02259629642007137
6.456581928686117e-9
0.0006392386803451352
0.00043361761569475724
0.0034699158035844924
6.262414855695936e-7
1.608143379414928e-5
0.03288498779162652
4.592259103866836e-7
0.0034048258816772865
0.002024530902402256
4.364667149220947e-6
6.939327306155241e-6
0.00022914829130592546
0.03210965164006684
0.008967203462516579
0.0011184877683368506
0.00022409904261634043
4.8714459696653805e-5
0.00038337461819831146
3.7748703524173358e-6
0.07312522764690964
2.1027970482559617e-5
0.12640493870175046
0.002968092616895859
6.881813846893424e-5
0.006491807489456711
0.022125830854260366
0.41563955870375047
0.0012288932477154668
0.03015799138510692
0.511429031917472
0.0010141147559084753
4.7811195090689446e-5
1.3705384427084532e-6
0.0001087659058808178
0.13741900663550377
2.406977974700209e-8
0.01368190190745624
1.0
1.055000070891274e-12
0.0114381697487578
0.012084510108388527
0.0012629631759114679
0.0016710758342314263
0.04195838417075762
0.08360307778968847
0.0005974299303885164
0.004305568979047769
0.04351043929241342
0.0009018675147228079
0.0002063102432545656
4.290240783323216
2.243685704809207
0.00010922663592492986
0.03128206516959211
0.00024155975617488242
0.03422786489861555
0.0031805142724336487
5.005043171519724e-5
0.0009274346655316605
1.922627233092394e-5
7.458418992824143e-6
0.009021230141115184
0.0030876826652047567
0.06748507654600441
5.1766632033320766e-5
0.015104981483529503
158.27765527720734
3.890978250429127e-6
2.193244481629256e-6
1.1133639289324173e-6
0.0006985558806916406
0.0568506032397421
0.00034188879737784695
5.4674380781026887e-5
9.616394147200639e-5
0.044304693427190234
0.42339617295102006
3.3372061514250153
1.468198668308607
0.0006164458013483085
6.241704910634145
0.00012281952516372938
0.0018857913936338277
0.007911339064659347
0.012678680338800917
0.0031640095801840147
0.2363788559448477
0.0011938982636417346
2.975548036908995e-5
0.005886514971467646
0.000415778239677987
0.09090716326195267
0.0009662314283755485
0.0006203952854385109
0.1414065582575751
0.5117029782153213
