5.259885561377734e-49
1.0812056608786668e-60
9.469504839728036e-59
5.039467018590897e-51
1.9034781682157395e-52
7.83174593403662e-5
1.9021188586016828e-39
4.440853568099844e-32
1.020926617815084e-50
0.00016987296447791675
2.672086698574367e-59
4.0701920574054834e-5
7.6122617981358375e-6
3.510464404479064e-5
2.4652928334169315e-51
1.1155140202167451e-48
9.290611835675821e-36
0.0002545728804150957
2.8471507942113957e-55
0.0003302314111842279
2.7274562615833086e-50
4.4481559259615936e-5
1.3073799307452185e-5
3.79288527304494e-7
1.9355529603186006e-56
4.888830838083153e-7
3.05705282774697e-42
7.652837113270864e-7
0.0001395775853819193
3.8972773258003034e-34
3.2750423617020072e-52
2.159316421527891e-50
6.365416420413809e-5
0.00010031517957678044
3.778284995326993e-61
3.0827789648266556e-5
3.423066306452984e-5
2.6914794985296895e-5
6.237302717343575e-5
1.4734251343463366e-6
8.198886992619644e-57
2.2826360301067928e-29
8.925710927526341e-5
8.13259793880734e-50
9.859192586980625e-56
6.400089203208277e-60
4.228988125921282e-5
1.931814080576425e-55
2.3469053656794077e-53
0.00030253763950060007
0.004099327838584915
0.00014398659370261076
2.444798006932253e-46
5.227332232693896e-5
5.8612078524265225e-46
2.7198745277928326e-54
7.627314794746228e-26
1.6235191344922942e-60
4.0131551884632514e-27
5.7310975770156625e-58
3.988251704809082e-5
1.77235156954719e-54
3.5406274506323717e-26
0.00010672849767424018
2.0223772108937246e-40
4.951594807987651e-5
8.999649416581109e-59
0.00022719902896207737
1.54858682753972e-39
6.525879397008074e-6
1.3417413632904707e-56
7.008019547866429e-48
1.0052197500074617e-47
3.366716177797194e-59
6.347204299184782e-50
2.3301751807947296e-52
8.358759571456036e-5
2.097468624292977e-54
4.090751690401226e-56
1.5730330354487036e-60
1.869812737579133e-32
1.7466672946008851e-59
5.879822662124586e-5
1.0868950038115043e-56
6.431236849582641e-5
2.770069014293869e-54
7.895286618669817e-56
2.2253662241137833e-50
3.073429048760996e-56
7.818445134432671e-48
1.5444631110010493e-57
3.638405470885845e-59
5.686061747721126e-48
1.5350158978756063e-5
2.2439265643949933e-50
6.596218456721271e-54
1.1951412786856012e-42
5.165018925172602e-7
0.00013389057135306063
9.564667663650268e-32
1.1772642815377646e-41
2.221033367424773e-51
2.7304346247529065e-59
4.582783054160358e-52
1.995418109918633e-8
3.7492376959426654e-61
1.6765144311333923e-52
5.7089258890193846e-52
1.5141287842957937e-58
1.6945729414478038e-53
9.768769461547154e-6
1.9449338996268265e-6
9.484882605034522e-53
2.1733412480852792e-51
2.7642077120723338e-52
9.91605232018052e-55
3.1387537072568503e-40
6.73542691333537e-34
1.3984904710815866e-5
5.501934557395816e-5
0.0001111280630729346
1.2979369804817387e-28
1.3249282587531484e-5
1.3317023342133891e-45
1.500285682039728e-49
7.305660628096376e-47
5.5801089390213754e-5
1.1425034558173503e-58
4.590803010336563e-6
4.146639354503707e-42
4.1732975041597265e-55
5.0801186948382515e-48
1.4691828019713119e-5
1.5279480242581227e-5
1.0083755226715727e-54
2.9864726842059483e-55
6.133569155055252e-5
9.611596839158899e-59
5.435377881341968e-26
0.00016877040100540867
1.1865681009053005e-56
7.635283048466087e-44
5.599134896572322e-48
3.580810370874533e-38
5.3823249633050806e-5
5.593803317730419e-56
5.43885296699399e-59
2.8212900270935014e-54
6.34987980102135e-51
1.3830105356072802e-5
1.0300209989899047e-54
5.526293823745391e-46
7.416328367568214e-45
9.425168327496572e-58
4.7639988629735607e-45
6.924711686837569e-5
0.00031127402839402053
1.1871190382977333e-54
3.5655244256317385e-59
1.091295619011259e-5
0.00012185804957123152
4.001987032674909e-5
7.01881233327715e-5
8.896830786011095e-33
4.808937762118924e-5
2.5872514048871387e-5
2.748987832684014e-47
5.057524252559508e-56
9.140218107034277e-59
5.0502377355192035e-5
4.4407519230171347e-7
6.545762414794986e-5
4.573345293413213e-5
0.00016142824917167637
2.3740727551180433e-59
2.196044417286159e-47
1.0677146614559737e-49
2.152530031815944e-47
8.915404720198409e-7
6.243943155309827e-54
9.590420363879435e-5
5.874168098407821e-5
6.050078682991821e-6
1.0209634055413123e-34
2.9601456466221797e-33
2.5544870261733765e-61
0.002359073869414875
6.853726429981032e-5
1.5503752508307742e-53
5.991255312624019e-57
2.013283759980217e-7
4.000353377222115e-46
2.964390006975488e-58
1.1439486578355052e-6
7.792759936429703e-5
2.652759034813278e-26
2.0150096216645197e-51
1.381725626737933e-58
1.538415827803953e-54
7.867879917284637e-54
2.5763564054922413e-55
6.030983766885136e-57
1.561237844247254e-49
2.7050202105314364e-5
8.681060578717337e-59
2.4303747601349234e-54
1.8297609573273953e-57
9.41259878962132e-50
1.0297880539739045e-53
1.246779524397711e-26
1.5702706916095177e-5
2.985755693609205e-54
6.4756131179242915e-56
6.144476548152106e-56
0.00020718551751963487
7.014456211725035e-6
4.250463112029274e-48
7.900442518037084e-52
3.2401987988884833e-5
0.0001191150282401439
1.848652077535628e-5
0.00010377990281902045
1.7051003936502428e-19
3.964210746366622e-56
1.8515742147350154e-5
3.711275383412128e-5
4.4321186065241324e-39
7.278907214675317e-5
3.037168448701246e-60
6.219456534039941e-56
1.605207102922281e-7
1.4179431455201254e-6
2.2542817726567566e-5
1.282591436010841e-41
1.3662474154079972e-33
4.398535842269096e-53
7.519831932123442e-59
3.845543555776246e-50
1.4637665505624888e-54
8.173607960313919e-50
2.009093018105267e-59
1.3144314846995595e-59
1.579450432785496e-55
1.1272805317643594e-58
5.835003624518525e-6
3.6566898495949865e-56
9.478291365675147e-34
3.075958625778538e-45
7.214719509783911e-35
1.221120511777724e-55
3.219639867451414e-59
1.7208918376459645e-50
8.123828096488695e-58
3.4895983894171985e-55
4.623456312903716e-49
9.788703235492457e-7
2.896732737744933e-55
2.1732637161152083e-49
6.679510396741442e-5
8.576974305305596e-50
2.1574750020212964e-7
1.051192341149236e-31
1.470742254468366e-52
1.729963417779324e-43
2.120012975837741e-31
5.421904899502457e-51
1.0457227041216792e-5
4.0758160255412185e-52
0.0001118004811428981
4.143461050872297e-46
3.836784114653434e-52
9.991950428882707e-55
0.00019393609656567193
3.904096625801739e-47
1.1219039036817335e-57
3.643734679181279e-54
7.711148484896845e-41
3.32018544976307e-61
1.1741232606070575e-59
6.341282601724638e-8
1.2411026546102913e-52
0.0002591252307313689
6.581854508666966e-59
2.4306471891815745e-56
7.305417297871474e-55
1.7412959109496728e-53
1.7259497431771923e-57
9.971390987459251e-56
9.82000372563633e-5
1.0137001363950957e-53
9.865325129305735e-5
7.646191687920059e-53
2.323390755240727e-52
3.172567333463945e-58
2.2644703649379975e-41
1.8745459197241097e-57
5.0073411174993435e-58
2.2911964586673555e-52
3.596900153085202e-28
1.0859682747789503e-52
1.4310762276039e-5
1.20209803428854e-5
1.5475701764236227e-53
5.259633065532323e-59
1.3614422080284707e-6
1.1008803797583502e-52
5.123469343924801e-5
1.4402993432589537e-57
7.228760651699792e-58
5.785764631977857e-5
6.154410657594551e-50
1.016174907821778e-7
3.1767100689930097e-52
4.881984163552781e-36
3.734494913723548e-56
6.995062615145415e-61
6.949708252173193e-54
1.06313782517266e-46
1.846474617074899e-5
1.8047200639838692e-5
5.308001996090283e-7
4.565910415898031e-5
8.318123824576277e-59
3.514155085697421e-61
1.3378577789549284e-51
6.525361005887504e-54
2.0313931084843336e-50
5.0236047251177436e-5
1.155545294789572e-25
1.8987192884194514e-5
1.9566322810842524e-57
6.29085522321979e-6
2.4483912379938724e-57
6.678804806833667e-61
2.2581326808837096e-5
1.8518061353778463e-6
1.7838776983232805e-6
3.9939142066360905e-57
3.1270531147690575e-20
5.974808093097826e-6
0.00034420859305124313
1.3312648240339035e-52
2.5156108894913963e-7
1.4708104938432603e-51
1.2361589108624839e-5
3.958578486695505e-8
4.6767407245093376e-5
3.121005336344289e-7
1.0923948128331361e-55
1.018937006612232e-6
1.351731254228319e-54
3.0250368726045247e-53
3.1330716826389094e-55
0.00021266569214751263
1.8140531813723803e-53
8.70265264436329e-51
2.3065246068775646e-5
0.0002022998558974906
3.489748177455753e-6
1.158713715524702e-51
7.626666013700034e-45
3.88288914198966e-5
1.0304784157073938e-57
6.79769562835183e-5
1.3558738282167602e-56
1.680690296538128e-48
9.845772807925211e-53
6.958133155893575e-48
6.012899991345209e-59
1.9952099332657983e-58
8.478821394473847e-54
0.0001321486188575423
1.9373886786162696e-51
2.1502539311836962e-58
4.9900644603778577e-51
2.54058771516441e-44
7.659653076558232e-50
7.656375394747272e-56
1.496899227670864e-51
0.00010142003563259379
2.906402194416606e-25
5.02232931283444e-51
3.6767166852505627e-6
3.7422672281236195e-55
1.5961378071040997e-56
3.75819776985166e-5
2.4745007980963217e-57
1.3894896900305736e-56
1.221810406992326e-53
8.68617801439868e-49
8.506117959143811e-45
2.860884359809803e-59
0.00011590416960672972
1.275152631093546e-53
3.733606537042973e-63
0.0006134433373157426
3.60312325574727e-6
1.2433733645613822e-35
0.16565835483828686
5.2187583854523675e-5
1.3027431666230595e-46
6.514916442568369e-5
5.495398684786883e-5
3.297192743561371e-43
2.9439855384940308e-46
3.353475194969185e-49
2.16633701056268e-59
6.369140080927506e-7
6.0082190484131105e-19
4.79566662335013e-47
2.30362631468382e-50
1.3310161414069685e-50
1.1570882287548045e-46
4.4996870419085035e-52
1.9165802743641598e-58
2.6276788266783493e-50
1.1600448558197075e-49
1.0944357581418643e-53
4.0247065887544875e-27
6.801009485687169e-56
5.740281766832653e-42
1.1851551064851152e-57
4.24087194769926e-5
7.183028380562203e-57
5.951921759341468e-6
5.667862476043969e-27
1.7936223758527267e-42
0.0004890861730964421
3.2272679242789475e-53
9.233671226215497e-60
7.279621912640584e-55
7.095837168376923e-5
3.851793303821552e-43
2.8617090107299516e-57
1.0234865475348897e-31
3.30869488027631e-5
3.8294670977592476e-55
5.2726352961449884e-39
3.24195282274485e-6
3.103644774678069e-5
2.756349969777036e-54
7.686023715966856e-5
8.332941771561992e-52
1.1323874238488285e-55
1.492540304388521e-23
1.9458407067387604e-51
3.912445633913859e-27
3.012271627699517e-57
7.758405976179447e-48
0.00020071835960401658
6.18875708103806e-7
2.0016588854933284e-61
1.2190181023529317e-57
1.3597369029242563e-58
1.3894105717745175e-42
2.4576765469286257e-5
4.433262998380329e-59
2.1979756753992257e-54
1.1513223239424347e-5
5.689627545095712e-54
2.240638515681264e-50
0.00012840895290264052
4.149593746763538e-5
1.1012959156689211e-45
8.149574739652584e-5
9.42196405706035e-56
7.838863046640192e-27
2.095023084146585e-58
4.7831328533192634e-54
0.00017570214493127146
1.3139585671446552e-56
2.8305541673783583e-42
1.4723101235724825e-59
1.3643427892026452e-60
1.9162789614027222e-54
6.985380790762202e-57
0.00018935731331968966
2.5016618989082487e-36
2.201741708761761e-55
5.479114256765442e-56
3.584070633176415e-5
5.66838327973127e-51
4.0439819714846713e-53
0.0006862014816158651
1.289244508136137e-58
1.737402892123615e-49
2.5112470806943836e-54
0.0005411824689772481
8.200768994312105e-42
9.772076400920602e-28
3.8009404608292246e-58
3.092522737972639e-7
7.463803479219997e-51
1.6745173511760338e-53
1.5078776431208664e-32
3.50178734917788e-61
9.630118930781548e-56
8.754976708630237e-5
9.548169976410452e-52
1.2162275107066716e-46
1.2280483653735386e-5
3.419632428591073e-8
7.434508229789191e-58
7.841424544636176e-45
9.219545593121256e-57
1.1410874550479521e-48
3.352956171466412e-52
9.080692547060709e-5
8.245992539730512e-59
1.5186829069673282e-31
1.6482191146875447e-5
5.593208831224641e-42
2.669889349499182e-54
3.6642801102289275e-5
9.178677646409087e-51
3.6609785831726874e-5
1.9336257916729307e-5
1.0511646599166993e-54
2.7302242794530828e-59
1.3928919930988567e-49
7.592173841776893e-42
0.0001474230804475908
4.144974923504034e-5
1.829311612880919e-44
4.4028617682400125e-7
5.155487467626888e-52
0.000122324531647993
7.898746584110673e-5
1.1936098230536696e-53
1.2198292779239547e-59
6.202628263161834e-57
1.0552415725012811e-59
2.25872809644557e-6
1.2680161649809068e-58
1.3704563189681224e-58
3.4906195589737023e-22
7.543899432108457e-5
5.50173685214986e-60
1.5562409255749013e-51
8.919802164793423e-53
1.1751788324786454e-5
0.00010758081413982245
4.6441638483162825e-59
1.977050364151499e-57
6.7476007951591e-5
2.0750878899648554e-53
1.7920729764768945e-32
2.0433614624283896e-53
3.966163576351019e-5
6.085234161883523e-60
7.243141237485532e-5
6.205064519896419e-60
1.5676496230883817e-59
1.9399882685313668e-53
2.614474649089662e-38
1.4642205496779954e-5
5.703039508155587e-48
2.8001010557187083e-58
7.140844283575933e-6
3.9677852355725524e-54
4.8062608847792824e-55
8.547657907043643e-6
0.00017657181832848583
3.729999064069989e-62
0.004038460044826951
4.138057152664469e-52
4.5852155574897563e-54
8.393085488024334e-5
8.438681196090938e-6
1.0702706117812215e-54
1.98773491009571e-61
1.0767811713079729e-30
6.742145961816184e-5
1.3236969921058524e-59
3.923820659529888e-46
8.893438551199461e-6
0.00011112992201569727
2.282600688316102e-62
2.0574937397628093e-53
7.211792402667749e-62
0.00013444071619269076
1.682462788449424e-61
1.643575062305937e-60
1.0224157906816455e-5
9.932282447618552e-48
2.830224168316096e-46
8.245993898129021e-5
4.298940288060974e-5
0.0007852974832571696
4.091230237544701e-51
3.6869956789119425e-33
6.137475970815129e-56
3.6558197625005915e-7
4.1403326373383583e-50
2.6553866570702782e-45
1.434277860030432e-58
2.8469576348442114e-54
5.321343686578239e-42
8.834792433340238e-53
3.6692865745288216e-56
1.642307756759865e-5
6.491670051683536e-54
1.8926326439230717e-26
2.55920103011029e-57
2.2839015098685845e-58
8.603472386862682e-36
2.722390336001004e-31
9.839624806385437e-56
4.464934621437e-49
0.00014515245271648304
1.6041835956108074e-49
2.378606236797465e-6
1.5175962022441765e-57
7.005331941389981e-7
7.425445078675086e-5
3.662719881587268e-56
4.746927517738318e-49
9.735763337014655e-46
7.572408933907623e-22
1.8854182881408597e-60
6.300799109395316e-6
0.0020292680810168025
5.818996206144231e-62
6.66270225852442e-53
6.450172433030509e-56
8.894321173755309e-50
1.6720726824654434e-48
2.1623148468517746e-50
1.688522490235421e-34
6.75142456993179e-5
1.0475638817261688e-33
4.281767864078436e-57
5.2397830585240295e-5
8.834542203115593e-51
1.105304261577861e-59
0.00013087890289648427
4.178711343205254e-58
8.295151147895261e-55
5.705744880373356e-6
0.00040499767475241284
6.132211696086667e-30
1.1735490138614539e-51
4.532201571554691e-60
3.1682552394596486e-35
7.619518260943146e-45
7.405850116087147e-42
2.339792894214964e-54
4.961001777452333e-44
1.2560803557803498e-5
0.0001914684025425268
0.00014548150722136673
4.839670530472961e-57
2.0271542536159592e-47
9.669867418913753e-5
4.266823749234996e-55
8.114774530929106e-52
3.504556521515594e-5
1.198591638839217e-27
4.4756169476866436e-57
3.92737267527559e-53
6.150582909901338e-48
1.685888993540354e-5
3.662927788468932e-42
8.994234594227144e-22
4.531436059357908e-6
1.0052342677142676e-55
2.2734495924771646e-6
1.5338551041789648e-56
2.800245226334325e-50
1.0834725738483661e-43
4.6125597715294445e-27
1.3246192208118077e-60
8.163224860312093e-56
4.1392951599276604e-5
0.0002664303043763394
1.420890394132943e-57
2.234319972967549e-5
1.4974628015876924e-53
1.546266842594892e-42
1.6523730659396855e-5
4.334345346989512e-50
3.6903546331660503e-50
4.94109111149831e-50
5.148955795879932e-6
8.22698943028999e-56
4.479394970517086e-54
6.96550750597683e-56
2.06807063501153e-45
2.0651129645059594e-6
3.966455271143441e-50
1.7777531702821936e-55
1.679045186076555e-52
1.0406380305781361e-53
2.3965348838793122e-49
8.683093453032021e-57
2.1481200128551254e-51
0.00011718972400613253
2.7472991830209288e-59
2.813092796595809e-55
4.2220637492478964e-55
2.6918189893609083e-64
0.0001325609218894589
1.7030763110752732e-25
4.864909113433095e-27
5.71872618556226e-59
1.229833314509469e-5
8.20972641544949e-5
3.6997998811042033e-60
4.479373056820831e-50
2.0596591789877707e-6
1.1603940997143965e-54
0.00022667109586075107
2.9416553501965493e-8
2.0806327957961915e-5
8.747231353017164e-34
2.7269021211342744e-47
8.380937504620633e-50
0.00019877530880443763
5.891557860514752e-48
2.6095108737911233e-5
9.144522749333132e-54
5.031240248851946e-26
3.195383845792753e-51
1.5747415750362395e-58
9.098667725318424e-47
7.159150385595558e-60
2.1910152607529953e-54
1.607161376487744e-5
3.994724112661507e-42
2.0683679470065346e-33
1.765494908369472e-48
1.7101613509197831e-49
1.1898679421181347e-57
3.905592399590038e-43
9.06738474968861e-53
2.2738288282471407e-59
8.254300088264793e-5
1.622129005615372e-55
2.0906103848016052e-45
0.00019911208702786797
2.230914217905593e-50
1.264001386552786e-52
9.94237520530882e-27
4.521425144718673e-5
3.515426282686681e-54
1.3839519164366237e-50
5.183458756094265e-60
6.564218028380816e-51
4.315567538765158e-50
4.873750062807247e-58
4.343207821230334e-50
3.0773680468919574e-53
2.691278253356553e-7
9.870337474775114e-51
6.224260087310564e-5
1.5827795034747853e-61
2.3031812893139334e-46
1.6169967187395244e-5
6.83413435954373e-25
1.110293127501924e-20
2.0535287827447166e-50
5.0518817973161196e-54
3.5777984155071386e-52
2.298352416864596e-5
2.2453056490876295e-59
1.4675259349918512e-52
0.00016054601809373828
7.702083824259155e-51
0.00011152311824080838
4.101400758416337e-57
7.777321956161642e-51
3.559998838165861e-53
1.2480668091314352e-25
0.0001003339838658794
1.6287731913010384e-56
4.2321805425328827e-23
7.549833882201953e-60
8.14943262367413e-5
5.168014490668073e-20
6.519325647636487e-48
4.25061255953209e-51
1.545907331155222e-48
5.482334050031666e-6
1.9271985313886615e-60
6.2233584613193685e-59
4.575603855595174e-56
1.5075429342633443e-51
4.089825307567772e-5
8.066447127255363e-50
2.381798744469864e-59
2.0581843984889044e-44
9.080622503552228e-62
1.7959356979739909e-40
0.00044513585158075636
9.338644174802846e-5
1.221150490451888e-35
1.045901307819486e-54
9.099710806339352e-55
5.627005059783137e-5
4.597279585167806e-6
0.0023361688844992863
2.4821265030245284e-51
2.80544345321855e-55
6.274874571907054e-5
5.975645572823308e-50
2.1869871875467396e-5
0.00010059333684492414
1.6793974224820264e-50
2.701615681884587e-61
3.9128843627167857e-66
2.1001329709686735e-5
7.084031991077643e-61
2.1754597084682452e-58
3.333559480875886e-55
1.219992824103225e-5
8.806363274307911e-6
9.863028129954535e-5
1.1515651763751617e-5
8.718560373464358e-5
2.7637666202347296e-53
1.0529107419166002e-57
2.148432205644052e-57
6.122805827178218e-5
1.42641247034138e-5
3.5781490784482825e-58
8.472597340659074e-7
9.745887111780299e-6
1.2212402120540688e-5
6.5510237510018115e-56
7.617186583979874e-50
4.187653572498864e-58
2.9840687604914184e-40
2.144621893173345e-58
4.0140870565538616e-61
6.681841592605308e-56
6.535761758462716e-56
1.9507776448096318e-58
5.056022239825681e-51
3.899156899524232e-5
2.4411601918466468e-57
2.4256257056150316e-49
5.3152064902815766e-52
1.0496020028129043e-5
1.148763369312685e-53
0.0001556359613479666
0.0003076895254380247
3.7828953039695086e-28
3.062532956824784e-58
1.312048100398926e-22
2.0904603925683622e-49
9.886751567342619e-58
5.906743703949896e-51
6.5683156943627515e-40
2.552141640364815e-54
8.25455707272157e-60
3.1692637990690374e-6
1.4541922253651697e-59
7.41945947649164e-55
1.4211183928397683e-60
9.983118898264497e-48
3.864349763786684e-51
1.3719409851588877e-52
4.66089595270677e-6
1.5464899146285608e-49
8.334519307063157e-59
3.3571964143237374e-61
3.6514383571700316e-57
2.9511098050787774e-26
2.2022669059381564e-61
0.00011473661307243733
2.0274838099734276e-5
4.033636683638957e-53
7.651210172063149e-54
0.00010002071872021569
5.786761220263022e-56
1.6309516250822043e-46
3.0568542961076425e-5
2.9264960207914986e-55
5.107539774636391e-60
2.2384470817740543e-55
3.824724036288809e-51
2.443199011122028e-61
0.0001388534512229953
8.155590484485353e-6
2.6225034380579264e-53
2.4964530229044976e-40
1.028713346892238e-52
1.0455656062513265e-26
3.3193065268539977e-51
2.30251533036792e-59
1.3779305145343238e-36
2.2387485159559276e-50
1.450762061354067e-50
5.091776510032173e-62
6.633057414288191e-54
1.3336430598023825e-49
1.6878142748056418e-46
1.5041267052747754e-54
3.014990717794128e-60
1.179903057599807e-49
9.145827572207415e-5
3.5720201350796786e-36
5.408170075010525e-56
4.913124475979124e-5
1.853552262439175e-50
2.744676534779142e-6
7.561385202787313e-57
6.468325157846073e-54
3.666823638670082e-61
2.811772368439056e-53
1.0910389358912877e-49
2.2082171685494647e-46
7.06297414640886e-6
7.104356711329318e-52
1.4006521044618237e-43
4.170350914036225e-56
8.115935488444672e-42
8.87004445515124e-52
5.9729823591146837e-5
0.006365321201532229
2.6937896122187236e-42
8.811197652092166e-34
1.0134887701300909e-55
1.0983395610133611e-58
2.9178227596125944e-5
4.233127300765896e-8
4.893964160370592e-7
4.731186246187488e-21
0.0003345966232610303
2.119036196083721e-21
6.029452797656125e-23
5.787851270794985e-5
0.00022013235534326095
1.1027820607903493e-61
1.7240328906740235e-35
1.3720504648094813e-59
2.0047236780759375e-6
5.364481824878164e-56
0.00016768262592307284
8.885160499546697e-56
1.4973001712126547e-53
7.7035782584535e-60
3.105546844263789e-39
1.5488732393378526e-27
3.7498364074390555e-5
0.0004522400919584773
1.108774424109223e-19
4.2184265378613553e-50
5.968642028251086e-5
0.00025142831738979554
7.67342807694191e-6
7.47456523119594e-59
3.7914254225958295e-59
2.2026702624401576e-49
3.067056162895067e-57
1.0400787928408536e-59
2.188895743028848e-6
3.920672908541454e-56
3.483928673038426e-49
9.556359240921979e-59
1.1610608446592456e-58
4.2352911937643046e-5
2.6244205842918433e-5
4.2837213454174535e-59
6.548254287283024e-49
5.880571568036881e-5
7.345800842600702e-52
1.2371557883126132e-57
1.6598691084754672e-5
0.0002195814178296225
5.116255469433502e-51
1.4349278478038746e-57
2.826680036160404e-60
1.992343698376485e-57
1.3271979832207245e-43
5.214324321370583e-58
4.168758508024107e-43
2.640720663116255e-41
2.465479411174904e-5
7.50435044902387e-5
0.00013240569457769982
8.030379002098377e-5
2.464047800633325e-41
2.1059211356219428e-5
3.427525520801786e-5
1.2130484651597318e-6
5.74688554264329e-59
2.3732778177870713e-61
3.8056401926538233e-56
1.3139356739043273e-5
3.215023533419448e-29
5.12017968181266e-6
4.450240336877572e-62
7.079694796162178e-55
2.556226752765761e-48
9.076311672020664e-59
6.812059351493737e-60
5.792759548905612e-6
2.4378228715023384e-52
5.845420541650474e-6
