4.99449604676023e-6
2.211197968943941e-7
8.9648307622266e-7
9.76269457042217e-6
2.2856590255194405e-5
1.7260088433966612e-5
3.6383101823444044e-7
3.685948664584212e-5
2.5354345466330942e-5
6.309368989870704e-6
1.3040638351998427e-5
9.966540564618083e-6
1.2271886568297759e-5
1.0435435311236855e-5
9.013559279574284e-6
3.810874648287497e-6
2.3681547707038996e-5
1.972412712054485e-5
5.443702786033812e-6
1.5588985538988903e-5
3.687652476353144e-5
9.64930154055412e-6
8.843615026480258e-6
5.090326326136481e-6
1.5240347817032836e-6
1.4081982507779825e-5
6.70507234669789e-6
1.2799796107653427e-5
1.1974432836007985e-6
3.995068931879336e-6
7.740920587955125e-6
7.806379776730701e-6
3.927627452210531e-6
9.224267126403684e-6
7.344125861563785e-5
1.4669220427839013e-5
8.270442789671935e-6
9.622437952041088e-6
9.337361729058842e-6
7.931552225065979e-6
1.1939040223429168e-5
1.2906827163142652e-5
1.4779691845345011e-5
1.0135760112055616e-5
4.772035113428959e-6
2.7439789335051974e-5
1.660094800864959e-5
2.481587355554467e-5
1.569635862027877e-5
1.9654636030791835e-5
1.6675470883856472e-6
4.779602380598424e-6
2.473240593815508e-5
2.7168360251177605e-5
2.9092312039757936e-5
7.612852430649277e-6
7.311919264762498e-6
1.2880103091784186e-5
1.2801407025548946e-5
8.424950481770065e-6
9.465775944552801e-6
1.3609045877182846e-5
1.3784681948956446e-5
1.669115963423968e-5
7.164903008487625e-5
5.509713082802049e-6
2.2941828440250887e-6
2.997710405906759e-6
5.541425883213698e-7
7.868339150476026e-7
9.408773095522184e-6
9.388438774590479e-6
6.716387503012897e-6
1.065187112829532e-5
5.278974643033813e-49
7.714690250727633e-6
5.2090865914109905e-6
1.3133267109343986e-5
8.423900965390471e-6
4.927289225065184e-42
6.474340792669807e-7
1.2629370154232625e-5
5.287319375453662e-7
2.420282062575921e-6
1.4022964054326162e-5
7.382993038693912e-6
8.833293900418972e-6
2.538822053772637e-5
2.1786234135083615e-6
1.1751855600411805e-5
1.4718179225275839e-5
1.463530533474259e-6
3.713783704046402e-48
8.496697076715798e-5
1.4053714365280176e-5
0.0039034933438792836
3.6427198764952036e-5
0.0002243200664341565
1.0348923093891122e-5
1.0106424447896822e-6
8.587636438127476e-6
2.0111479675036475e-5
1.383069158571251e-5
9.157030867492265e-6
1.2677617004449617e-5
4.2580933307268216e-5
7.20757333328351e-6
2.6351100568120105e-5
4.481869483496972e-55
9.813220548589894e-7
1.562597482543025e-5
2.2874795810529544e-5
2.4901540280679286e-5
1.351579784154371e-5
2.981062484913723e-6
1.0773702941390644e-5
8.096953483701038e-6
1.1548903034453724e-5
1.1052858942174807e-5
9.655551137151077e-6
2.8249136286519737e-6
2.1164522833772636e-6
3.644072855613742e-5
1.1725280830766132e-6
9.991877336671079e-23
2.1409107847631282e-5
1.1744743259019467e-45
2.9130136368768445e-6
2.6612024773264913e-5
1.5539559506443287e-5
1.8799959846113866e-5
2.2332592862583264e-5
3.076702343456983e-5
1.1950133286868754e-5
1.8168206326473403e-5
1.1020123833212986e-5
6.6164104033908e-7
2.5432840587216277e-21
1.1240492528098591e-5
1.6407698458116429e-6
1.0928620912082207e-5
7.403863190367008e-5
3.817004645343929e-5
9.600613840303628e-6
1.5945078852940237e-5
3.175780649199172e-6
1.1434146878935529e-5
1.0691769297861955e-5
2.338933458492519e-5
1.3904547851618362e-5
1.2003871488793797e-5
1.6000263521298457e-5
1.0456547407048592e-5
1.1356870380104403e-5
1.855438625219731e-20
2.2418283805022033e-5
1.0601939659151084e-5
3.32175258721559e-6
1.862577888093166e-5
8.222898935248417e-6
1.7152896845557751e-6
5.449072599236978e-5
2.128151580275246e-5
8.960923504795067e-5
4.432310168541032e-7
1.0526631216250835e-5
1.57156471825002e-5
1.0332577852119403e-5
5.221443185079798e-7
7.918040638585005e-6
1.3430742603337518e-5
1.7043850466741786e-5
8.279985105417722e-6
9.791984133982454e-6
1.0207495532801355e-5
5.991760209873375e-7
7.299765353019967e-6
8.431700464461166e-6
1.6211975820831645e-5
1.602812849607354e-5
8.740398414779372e-7
9.248231236305359e-6
2.581757916285629e-5
2.817979415567141e-6
5.179192262007829e-6
7.057060696773678e-7
4.725474838582849e-7
8.972552434360259e-6
1.4353773904167082e-5
1.68531947901966e-5
1.5842395117481241e-6
1.2243553613326849e-5
8.203928884698608e-6
6.625840694834069e-6
9.275539060558746e-7
1.4372745142211735e-5
1.134635320716111e-5
9.614718970972989e-6
1.8500035791585132e-5
1.656632104261287e-5
6.43041049492341e-6
2.9710558915326325e-6
1.3072825787604809e-6
1.7801270701420726e-5
1.0627901206326375e-5
3.6795633037736e-5
2.3410421865384818e-6
1.8002700507190355e-5
1.279332084399177e-5
5.1557800577265215e-5
1.1861114433653798e-5
3.068278074748891e-6
1.6254096237838578e-5
1.1759373215553064e-5
1.712724611396195e-5
7.368606556485189e-7
4.24093685508337e-5
3.904416297372152e-6
5.256904607483434e-7
8.815546933885684e-6
1.5436830814793704e-5
1.3883594185289717e-5
1.9174105640880317e-5
3.074570254922013e-5
1.1299754698795177e-5
2.7739581559466135e-5
2.34564437806142e-5
1.2054361906241515e-5
1.1309916831179655e-5
2.0435338655850074e-5
2.297387469462764e-5
1.0313411518463087e-5
9.936961913363377e-6
1.0880872743226125e-5
3.163549645300839e-5
1.0246165460575777e-5
1.0077966999133687e-5
2.0284348233478292e-5
9.811171747825822e-6
1.7706635195456876e-6
6.921200710593499e-6
2.480610504780825e-5
1.495823707463222e-5
1.018696090397457e-6
1.9089664894172854e-6
7.87148132304099e-6
7.842565058220135e-6
1.222470004578156e-5
2.1317816748279356e-6
1.1095190689914249e-5
4.0912164595836605e-5
1.7949961232079837e-5
1.1402965061660995e-5
2.3945766224802897e-5
1.1850109699267577e-5
2.618247920101968e-5
0.00010680898423410391
0.0001068064056792465
8.052641878401747e-6
1.4490990121579387e-5
1.2127199417073155e-5
9.294685513077692e-7
2.0681307192426618e-5
5.010791369407526e-6
1.8649583970057255e-5
1.5598464531288817e-5
2.463764364675257e-5
1.2070863980255982e-6
3.1576331295765544e-6
6.536548753903215e-6
2.2458977519610304e-6
2.2225382754150137e-7
8.964054576437786e-6
3.7025389472534307e-7
8.506805090662873e-6
1.2010362018968072e-5
1.1001651168021592e-5
7.493013511007378e-6
9.141720102595749e-7
1.30488313616908e-5
2.5444117459669313e-5
1.954182471913737e-5
6.595217701453174e-5
2.2019123691878785e-5
1.897954490768418e-6
1.5240537832076972e-5
2.8135652193430197e-5
2.6559877149755347e-5
1.0541989886706512e-5
1.712594473359024e-5
1.1687907569818345e-5
7.713949643375178e-5
1.0802499311663096e-6
2.271836708526855e-6
1.4046673909958364e-5
4.2654811699896376e-6
8.917076796258173e-6
8.573218886596678e-7
1.4133045882837072e-5
5.113905477245922e-7
4.181971646359925e-5
2.529006746037666e-5
8.972070687255946e-6
2.453766785273289e-5
1.269159874391532e-6
5.283029372150326e-5
5.555919788692376e-5
1.3112952299628074e-5
1.1949937428221508e-5
5.505873720465728e-6
1.479463572658583e-5
1.2306339477591456e-5
3.6546693734343346e-5
1.4459120587232868e-5
1.2776342671234166e-5
6.628601727169408e-5
1.1219033208035867e-6
0.0001074703647162538
2.2111782000660984e-6
3.2436003165731714e-5
3.5416392647410924e-5
1.4370615586436355e-5
4.6925208543754444e-7
1.0138810702154746e-5
3.809650213551962e-6
7.388946626531052e-7
1.4970542439262457e-5
8.301504737849747e-6
1.4178148006679599e-5
9.002055069049738e-6
4.198805383794182e-5
1.566923740878058e-5
1.3240153052112686e-5
2.194992550973174e-6
5.53106274412126e-6
1.2907494130553036e-6
1.596526841092496e-5
1.6305330325483875e-5
2.5088008691049e-5
1.5572282950924485e-6
7.663398575891617e-6
6.677807274692564e-6
3.639447701042912e-5
1.8036643420242644e-5
4.768803721429418e-6
1.3393489782549677e-5
7.015524582143821e-6
1.13568269842968e-5
4.2021173492257814e-7
2.366464306398219e-5
9.837655218087104e-6
1.8295262080340948e-6
1.5830292264190204e-5
1.3096222070312033e-6
1.3094050743355026e-5
1.6984996669407377e-5
3.736323741723429e-7
7.1216469444980195e-6
1.0417757349933284e-5
1.060974172004999e-5
1.9727855675941566e-6
2.180241240336725e-5
2.5912490994152974e-5
1.6881570123815535e-5
2.6822549664715357e-6
2.0785096929302803e-6
1.0234400628606403e-5
8.310911496402555e-6
1.7361388097178813e-5
2.0236579039021905e-5
1.957400254854679e-5
1.3499665989670903e-5
3.3381524199921295e-5
7.275450616070591e-6
3.985017693400203e-5
8.556735684811876e-7
2.6818803247511504e-5
1.6254163088820688e-5
8.888018286471631e-6
8.75840694034376e-6
7.550544160515956e-5
8.737597160797935e-6
1.7524775195007278e-6
3.1032720729174382e-6
1.8435223716610913e-5
0.00027318774153324083
3.693563731024113e-7
9.486167903416355e-6
1.0641911206074014e-5
3.1416692264592505e-5
1.4150090280607263e-5
7.770402708157767e-6
8.532047263854493e-6
8.6258374723211e-6
2.104098400165423e-5
4.32798897663382e-5
1.6238298312997476e-5
1.3669906766418643e-6
1.0920857710315561e-5
2.1547837424790945e-5
1.6174898164910065e-5
1.0452233984776273e-5
1.1642439047100626e-5
2.0194968961068703e-5
1.2791402475170062e-5
3.268941247022325e-5
1.8920909957921637e-6
1.252750938187206e-47
1.1240616904345474e-5
7.733315674583228e-6
1.2634488714319892e-38
8.258220496398608e-6
2.9082764642583555e-5
3.465951506800258e-5
6.150672416545405e-7
2.9842338417189057e-5
3.83475104693258e-5
7.2227895479944895e-6
2.113135074611399e-5
9.000823263401981e-7
1.8273415503193124e-5
2.0512528763076455e-5
1.0633162863792064e-5
9.734442672382305e-6
3.622817632118151e-6
5.686393423210024e-6
1.8188108223486192e-5
0.00011965875796341286
3.476556498848426e-7
7.088693759509313e-5
8.795239853476852e-6
4.581332791867956e-5
5.593338946613645e-5
1.742474796767672e-5
4.005590235615434e-6
1.7865539214617126e-5
1.7967315088892013e-5
4.7293571943158066e-5
1.707385566816779e-5
1.2440976728935034e-5
1.0375266395942318e-5
2.613844781244677e-6
2.8845101267315225e-5
2.7603131378126673e-7
1.5317122798388065e-5
3.517888439006322e-5
1.568156126367431e-5
1.5659231055421375e-5
1.580135472973036e-5
7.85024518546963e-6
9.609038829861966e-6
3.459863797471489e-6
2.4799418102400646e-5
2.884845361926484e-5
9.227852177830258e-6
1.2001210471988668e-5
0.0007009494638695928
1.1291156899964721e-5
1.4407021837862777e-5
5.375771671237842e-5
1.138367840161178e-5
8.397789635450427e-6
1.0513165971684581e-5
7.724616921592748e-5
1.2207145152339824e-5
1.2496508109780467e-5
1.3176987903617583e-5
2.0637113524014847e-5
2.0803813578468833e-5
9.370111026348429e-7
6.206704391883816e-6
1.2028538741298823e-5
4.862554812848319e-5
3.908953636185107e-6
6.308061513009028e-6
1.080956140710678e-5
2.3850924860021423e-5
1.547512412609019e-5
5.0340170511040975e-6
2.1781203939094186e-5
1.703431253550183e-5
2.1344208587063043e-6
1.2021247837964067e-5
2.2229157005937883e-5
2.0419987500387945e-6
9.687251153873203e-6
4.086079675327555e-7
1.3144116199258476e-5
5.8413530701665256e-5
6.932646352959944e-6
4.391873557036642e-5
1.1715166781832518e-5
1.2871617862472073e-5
2.6039105877464662e-5
3.043040819949814e-5
1.5497597510364795e-5
2.1383688219841296e-5
9.586636006103756e-6
6.206844903000476e-5
4.597395911036838e-5
1.3965462821374329e-5
1.6561107222967416e-5
1.923807895792631e-5
1.7295051386015895e-5
1.5201036211426731e-5
8.141178292482365e-7
1.5923319375323374e-5
4.816351716190887e-5
2.6570350624107827e-5
1.6780440328322238e-5
5.517937946937116e-5
9.342205682744872e-6
2.2298249079216303e-6
1.2186193437239902e-6
5.984402651284912e-5
8.701077359378999e-6
1.324877847376504e-6
8.197817352126561e-6
9.76794581317862e-5
0.00022735502968699672
6.414334216170245e-6
9.359549925657105e-6
1.6952456117226443e-5
2.2685012369199768e-5
1.4664786804817056e-5
3.5548916999076505e-5
1.0628128487902315e-5
2.7032893547256208e-5
3.207679307754528e-5
1.0606197578749385e-5
1.4377111075619366e-5
3.4693482731357e-5
1.6155071307389474e-5
1.4322930289355481e-5
1.1799589397530654e-5
1.5779132166704516e-6
6.048512556987019e-5
5.279663071907113e-6
1.9728727886751146e-5
1.4471009009237154e-5
1.799915227719763e-5
2.6241579226601727e-6
3.6352971482042438e-6
0.00039298708645835607
1.6304774651996536e-5
4.433600422742941e-6
9.920111904201525e-6
3.362840627238204e-5
1.3778691263554902e-5
1.920453234111902e-5
1.217837923078012e-5
1.606425920916949e-5
9.501182978829672e-6
9.126644697609915e-6
4.73342215782532e-7
3.511771326689604e-5
2.804709002915236e-5
2.5930607490060206e-5
1.1233580569786274e-5
1.3018750095739192e-5
3.0282847279667033e-5
1.1884698728204644e-5
1.6201102729999776e-6
1.4942541660016723e-5
1.224848905719244e-5
1.1083880899118093e-5
1.1196551058040957e-5
0.006000939872306874
9.590347350710784e-6
1.0210470190633965e-5
5.455639956629452e-6
1.1748535077634784e-6
3.08588443302923e-6
1.4534833154145977e-5
5.789942582975021e-6
9.488364459198049e-7
1.650757671150973e-5
1.1436241501692454e-5
4.2076484637311315e-5
1.91243817387227e-5
3.4183272414410615e-6
9.564380539411846e-7
1.2496342953489914e-5
1.8051446813564616e-5
1.2607843703331733e-6
1.138094159190695e-5
3.058598156392119e-5
1.4948942362975919e-5
2.497816702313648e-5
1.1317249175297852e-5
9.533967169305036e-6
3.3395445066619716e-5
2.0521601612383475e-5
6.12472898783618e-6
1.5037356643724146e-5
2.3538730585944024e-5
8.420405072629076e-7
9.643833570135155e-6
1.2017182390683227e-5
8.81979591180371e-6
1.7966870362682906e-5
3.548308049521197e-6
1.1301986944694038e-5
1.998901368098662e-5
2.064865535425631e-5
1.255615090542609e-6
8.28748682224201e-6
1.83754190570017e-5
7.247093901304974e-7
1.1831509887622224e-5
2.0655026879986655e-5
8.054814191549148e-6
1.9223476923901645e-5
3.371503083281425e-5
1.259991194749826e-5
1.1981560267331465e-5
0.0003025270183217347
1.3733716309023654e-5
2.1238410519116173e-6
3.240500915860572e-5
1.3448349133932933e-5
1.1956474319381435e-5
9.185117032555042e-6
2.0579840594364468e-5
3.2097303012755324e-7
1.265163912804483e-6
9.193306691550944e-6
1.5187749401301445e-5
2.652451590680887e-7
1.3437681872282457e-5
1.3828894260535489e-6
6.81334467803728e-7
1.3394103617593402e-5
8.3985089854085635e-47
2.9637460236457202e-5
3.3230129372850474e-6
2.6209710974089903e-6
3.3799118946978096e-6
1.4586277401923745e-5
7.659507345411478e-7
7.1532688698506034e-6
1.719375045460386e-5
5.3958832415957325e-5
3.0292336386677995e-6
2.206572559620515e-5
8.319572788423608e-6
2.6314102226063757e-5
2.054314093227935e-6
3.7064549368612806e-5
1.2094426443391134e-5
4.665496367562944e-6
1.6560329521240685e-5
2.564640386886077e-5
1.427605845667281e-6
8.993637549156862e-6
1.5823127497857692e-7
0.00011620024641935867
4.578228646732422e-6
6.99279294025982e-5
1.9109526007101296e-6
8.187125056506864e-6
1.0426442286482964e-5
4.486130914302582e-5
8.510125682166983e-6
1.0182558889515312e-5
2.861611774413271e-5
2.1014249377493167e-6
1.0989869431597629e-5
2.802120668644178e-5
1.6515183720223676e-5
1.8638200196995043e-5
5.666083643404769e-59
2.086852292961994e-5
2.708787836644524e-5
3.372813835396549e-5
1.884256540381302e-5
7.003003805435365e-7
1.4915514115249208e-5
2.3417061546081002e-5
9.818191501650705e-6
4.2714430410609414e-5
2.1426462210607683e-5
1.3086914814902306e-5
1.5720928903061016e-6
5.753355396145597e-6
1.5235054424054185e-5
2.201973213746271e-5
2.1083233004901402e-5
3.3435244813201433e-6
1.4048081279677945e-5
1.6180834921888602e-5
1.74730518206834e-5
2.752109509016352e-5
9.775664055132799e-6
1.739049140022947e-6
1.827427219575145e-6
7.447613803734787e-6
6.171872433360746e-5
2.518392661126164e-56
1.2162466390745e-5
1.604518038374315e-5
1.7104823848939014e-6
1.1221409440623912e-5
2.495526044261199e-5
1.140759339427742e-6
8.857322151805197e-6
1.9509820999269317e-5
6.255265337064762e-6
3.725955602267278e-5
1.942609563485981e-6
1.7029012546725424e-5
8.664242413735722e-6
3.5245608884522085e-5
1.6579639699946367e-5
6.653050832422112e-5
3.969881864301511e-7
4.6983616918849854e-5
1.4723637485772533e-5
3.430678735685225e-5
9.876482555995833e-6
7.973298280362434e-6
0.00011634053134512122
1.088789412287243e-5
6.645306530579763e-6
1.6653480122909388e-5
2.702332254494848e-5
1.3704173617543154e-5
1.561753666126874e-5
9.036544505089339e-7
2.1727055585716155e-5
2.9693635705747044e-5
1.302009431390153e-5
3.123540632676812e-5
4.206455517410221e-5
1.8750952919666777e-5
1.577290508634689e-5
1.7941947201247216e-6
2.2438549220170148e-5
5.887322422103242e-7
2.4237352140420724e-5
2.164896813990563e-5
7.420518408454061e-6
0.00010400159289814404
2.0631729734647312e-5
1.5950998440875602e-6
1.2457039360057129e-5
5.023542478732606e-6
2.8064809083373637e-5
2.454170449861564e-5
3.600993406366819e-6
1.2884606873204564e-5
9.093063688956687e-6
3.957928731335727e-5
2.2905297115479157e-5
1.4014836631549402e-5
2.0035053163470787e-6
2.1885795684893002e-5
4.5433802313526925e-5
1.5352469869043653e-6
3.651933047184299e-5
2.5424500865096472e-6
1.3609062293649214e-5
1.8074635937886603e-5
8.387351368448491e-6
3.4568429418948157e-6
1.5457468359884965e-5
3.887454827159663e-6
1.8439180114140262e-7
7.700802399225007e-6
1.3963426479410755e-5
4.243774685856688e-6
6.64177639997338e-7
1.7890081328532203e-5
1.1197373585130443e-5
6.915666390345801e-7
2.9975168263517516e-5
1.0401521183620547e-5
5.812981835380518e-7
7.423911110050979e-5
1.2739185313113482e-5
9.851369674448628e-6
7.852800542571536e-5
4.390761629686693e-5
8.412898360037104e-5
5.940055110240458e-6
5.3746710015063545e-5
6.657914340962332e-7
1.2958821411956105e-5
6.487918865393907e-6
1.5961191787820638e-6
6.289039358690301e-6
6.876605139018743e-5
4.873437806555856e-6
1.0032952855593367e-6
1.0422048772366247e-5
7.388211814337387e-7
2.444933416939411e-5
1.7631801012340283e-5
4.54007203645958e-6
1.7173718960204623e-5
1.087720263745444e-5
3.97331164895821e-6
1.6209964375787604e-5
0.00019793044655826633
4.2729838229342474e-5
1.1724965106027425e-6
1.9752668351237598e-5
8.737666188472037e-6
2.0762557129235655e-6
1.0418151612817752e-5
1.9814886808465837e-5
2.5273071316156136e-5
1.777208080814181e-5
1.400570444054034e-55
4.2370426720173655e-7
1.1506691568765092e-5
3.104705582835657e-5
1.4005011916435743e-5
9.093301473596942e-6
4.990450592179523e-5
5.922370652207491e-7
3.270493271253107e-5
1.2558094667927652e-5
3.140135771887918e-5
1.9605558828501553e-5
1.2857830571324342e-5
7.417633896552899e-6
2.1534177465444694e-5
1.6595722013339313e-5
2.2614675188755665e-5
1.2325594094575668e-5
1.6415176441065228e-6
1.687599677153666e-5
1.4542137024154432e-7
6.929364461278591e-6
2.352695637276479e-5
1.5199569980587099e-6
6.278270301884297e-5
1.7636712600268044e-5
2.0349265822502676e-5
2.1323586527754142e-5
5.302078671792235e-46
3.9385758321820834e-5
9.205458204068521e-6
1.4471332017078736e-5
2.4250875531972466e-5
1.6878399513619652e-5
1.6229951375909002e-5
2.5827806991580156e-5
2.176601831078419e-5
1.4320299373326203e-5
1.1200120989110455e-6
1.245652776463399e-5
1.7650523726699235e-5
7.585605102577428e-5
1.427523040393071e-5
1.2685256074854727e-5
1.3688437608163231e-5
1.089514306324042e-5
1.5155217309156934e-5
6.60759063167314e-6
6.487066368241445e-7
7.743329370053863e-6
2.3496550535575922e-5
8.041221817420819e-6
7.226864949272496e-7
1.67218608089955e-7
1.4867023034664237e-5
4.880973929495458e-5
4.673922172978057e-5
4.3886391407180365e-6
5.4327720707546624e-5
4.8053629344124205e-6
1.4660833942433647e-5
9.483609845912131e-6
2.4690045670069674e-5
5.167264756160335e-6
1.0625066521248354e-5
9.733358380063669e-6
8.894498308914888e-6
5.710230624316478e-7
1.8870492428892234e-6
1.8579016465659903e-5
3.6908794545702845e-5
1.8025362075815823e-5
9.01282701864223e-6
1.510723573889332e-5
1.63378904749353e-5
1.2651529318054179e-5
6.735459424304805e-6
1.3468909848000525e-5
1.3334577388458245e-6
2.9394644673924904e-5
1.0261202572689526e-5
1.1920503864394753e-5
2.3244565735959052e-5
4.2737540988581766e-5
2.082654574969201e-5
9.636474339409272e-6
1.2856917589549973e-5
1.1539768769223674e-5
1.5833815878396203e-6
2.0502365384514387e-5
1.7064074139769534e-5
1.1684348990149139e-5
1.0333866213673503e-5
1.7839299774598472e-5
2.0278526630771592e-5
1.258273688857124e-6
3.8675557092878784e-5
7.931675346059885e-7
9.98718369378052e-6
9.584273613645707e-7
1.8383224663425982e-5
4.9305426927746935e-5
2.3395828582323112e-7
1.3008211180542574e-5
9.609347842978156e-6
7.419186296172701e-6
1.509750907222187e-5
5.321521335055457e-5
1.237877932746836e-6
2.9193178616205454e-5
2.1483317074835437e-5
1.3945042887950576e-5
1.0180669290050015e-5
1.6068577539482362e-6
4.66783978318198e-46
2.2805812471776566e-5
5.731334155878999e-6
1.8062719927351213e-6
1.1080967487391776e-5
1.4125573450713552e-5
1.0870677920944368e-5
1.8482235777100036e-6
1.6902677562339629e-6
9.242870604991976e-5
8.472308623525105e-6
1.4640081313808806e-5
1.7405804226939178e-5
2.2361053445223234e-5
2.9796377987091328e-5
9.753181021535523e-6
3.285374349728418e-5
1.6955435519028216e-5
1.3191481520439605e-5
1.2246428005869838e-5
1.8187865450992028e-48
1.3761181346199629e-5
2.5861466457336853e-5
2.0379686302903755e-5
2.0831224295124434e-6
1.9467837907341745e-5
2.312377093594295e-5
1.7240417983573799e-6
9.248053549255069e-6
2.1009345065147102e-5
9.838439163046802e-5
2.0132332718669178e-5
1.594586072629195e-5
1.534354468559824e-5
1.3481057737087653e-5
3.8052328961347746e-5
3.7617972247509377e-6
6.459700374336308e-6
1.3544957036680598e-5
2.8649676401766008e-5
3.1893126610248454e-6
1.7848481123369077e-5
9.520142651180368e-5
4.330680632919017e-6
4.881025832120358e-6
1.2264679300531553e-5
2.5053422952168428e-5
2.4903959914328673e-5
1.412360916077981e-5
1.9158016018249978e-5
1.3108252519915826e-5
5.920640523399246e-6
2.0763803806452207e-6
1.8616839949504433e-5
1.699993436525251e-5
8.88114592787972e-5
1.77812822819815e-5
7.707851832223093e-6
1.8187693889374338e-5
1.9108004571004757e-6
4.5744126637820985e-5
2.3064169025857924e-5
1.4138837716721215e-5
7.661721891439514e-5
6.212154561956168e-6
2.0548519553296897e-5
1.5974223789560694e-56
2.1435220109201628e-5
1.2861004930084743e-5
8.123104754712524e-6
4.490962602812645e-46
6.780677724244934e-6
7.989266247913875e-7
