6.022914486961181
1.241351315158383
4.8151972102620055
8.021298268965582
1.73906762637296
2.9845621197176713
4.99494430144325
1.2670328827064066
0.1527724642680876
0.7209117545667524
0.4560451804248843
0.018873050796274563
0.18969852988592809
0.6573084148480959
2.9889646377267525
1.0
2.3374419904301353
30.466723576957186
0.069730039753416
1.5296840290142666
60.716006596144986
2.561069770521657
5.172691927398455
4.82307789271164
0.7011619281839868
0.9246709003819766
0.031724517006730464
0.1618021807415757
0.038202968510175524
0.01279579376459413
0.6432602477962925
1.0
0.1018234717075633
2.3856585147709235
8.024028465174093
6.273002175560676
74.90654800617715
0.018348525116567704
11.323897868839575
7.133781486343454
0.1659882529374254
0.5867175573055641
0.05173759352572292
0.39810924978747
0.3987370788639493
2.9739936604995654
0.019084585316118088
0.2513041635197628
2.9385403198396576
0.016483762821867157
0.7739305792868703
0.043719105880985945
0.17789811708511
0.014928520094885664
1.5022431498045885
16.35834675224994
0.0007660831205400279
25.28770715594099
5.72464600940212
2.352156614506087
0.16601691242154554
0.2493511691036015
2.504117429227303
0.8123382709634824
3.261900376776614
0.8617304685595846
9.224159712611893
0.008568402175499411
0.14003224590082325
0.010843701387625018
16.67655653108489
0.47542758453910844
0.2743277417363372
0.1980220357474657
1.1801509276905782
0.13093195926569637
0.31444613412337924
0.08671825788104714
0.009833389245450007
1.300736007240751
27.90170920858861
0.7248604966108569
0.327630204635551
0.001574041230690086
18.068732560523078
1.1127290818322748
13.891079213636909
8.134678079230005
18.565566647728804
0.004771014137866377
0.8525332251192815
0.0004992189372414853
1.38390515035263
4.8461133182199483e-5
1.840747900431949
0.8648486017633357
1.8235797356091232
0.6986841969126674
0.00024721976865146926
0.006949864720995656
0.0831623610556675
0.0002499487218513942
5.2851220666462915
33.58024384036751
0.05207057723710663
7.820648161407715
0.00016810490244747634
0.0013857762481089002
5.250396935545209
0.028607440855261363
0.004235131024849209
3.869146366380844
2.054152816534708
0.03616205360410186
7.375217519985579
0.0006800692169821927
0.26233656638579
0.015988268185349156
0.00868465892082551
1.3580959250010884
0.07430853955980674
0.05240772827389594
0.00010911544396289237
0.0005035595310514974
0.25447047583578075
0.7110892556898962
0.0014329642428137826
1.6716942338855172
7.318391681538017e-6
1.1112914702135355
0.05304736781434954
0.022552454050694483
2.778495368472122
0.002134699351802871
0.00018130126640705191
0.8082898018868765
0.32190231294555094
5.377425054100142e-5
1.4169770315700645
0.15777328455842543
0.09739223010584
3.8297616377790025
0.0009713068292125968
0.013988389644772928
0.004128341294713861
0.00796157618496785
0.05225593998405129
0.5275258710569058
0.0007327725081724772
0.004522769279171532
0.13721240157104905
0.004365774956388767
0.12034544138562735
0.005223673845392244
0.14235890065088908
0.0057847499032486465
0.0006356675928141313
1.1620915170182156
0.022045277834283186
0.2320082116953421
0.0022138511425906916
0.6267826173425433
0.014241588538845868
0.0011621319418221817
0.006918967198822806
5.791520484869524
2.7060723861847644
0.22376191566625167
3.2319326104390735
2.6730845314315737
0.008779629129761104
3.0061580359318127
0.16221894810122603
0.12500491758203672
0.6792334131814088
2.3236129137588595
3.1073440626180256e-5
0.006892372077518931
0.0009617244519714959
0.09018627237727012
0.0013668716058909364
0.31379780019834674
1.0
0.0411605578156671
0.2709048409344039
6.950748542056012
0.05733584656601697
13.433121153043809
0.005090195974259469
0.45928340169654674
0.7725251762308262
16.534304646544538
0.6387297182258918
0.017709081485184956
25.869654314920254
2.99193187857177
4.855148974963564e-7
0.009115271035842181
0.029220968324688807
1.4737356970689122e-7
0.00015905619221212683
0.05901648884416537
0.0008249487561301403
0.12051234593908221
27.871095451909497
0.4462147827058778
1.4966167713737084e-5
0.28161524795469706
0.03233851749309661
0.025932531662732617
0.0022124000649295255
1.2385712387047467
2.8737765570542724
1.8776915204086977
0.31154097304038286
0.0440731068109837
0.010246607651986095
2.2901678466902378
0.0996952051192486
0.005149795067726703
0.09397551149671894
0.02361647219119017
1.5376676677660782e-6
1.3945930112179372e-5
0.6983079158171734
0.015797077889966076
0.00011929455151792645
0.4125653034747474
0.40761511519505267
9.200021709801568e-7
0.025793455979392876
0.0002542508910236907
0.005488262339347215
0.5453288357772886
0.0293090156786474
0.0007240199061510671
0.7055586448537919
0.04690757057546291
0.02238728717348086
0.038759346584194616
0.06620445394681057
115.35885872206003
4.598919227553337
0.029950670129137966
5.832257485475581e-7
0.17572792279993527
9.935936770948677
0.013316163145970818
2.3329200606680955
8.187066726606136e-7
0.06889865699602912
3.9441303291188934e-5
9.200981715268263
0.04041841955468617
31.32369550396021
0.4317599643407228
0.22954367615715507
0.1906372876206975
1.1899417762685378
0.2753557528668197
0.14049482921541778
0.10636355651041232
0.0003190340782580221
1.0
0.00010331977486727599
0.17206455982264182
0.001881176167099578
0.018335306197447818
0.20169423984902926
0.04013443347941124
0.026641432465294608
0.0007773223240335596
0.6671229554378881
7.413230340327638e-5
0.2069811086747437
0.0010292713026570442
0.7420224157947647
0.07821662297613152
0.0002455215862680152
0.03940401256387458
0.00034302276508631625
0.19300216861502778
5.92326123212627e-6
0.1197267922344156
0.0064093679142668315
0.001754465844562832
36.85427084918626
6.828861113554792e-5
0.19812928775949062
0.07765401843168454
0.0750647410652016
5.803184733023309
0.057280838262741454
8.824935700629192e-6
0.0003830764979538735
5.154571275458464e-7
0.1610318465012651
0.18691134474838064
0.016557648274656667
6.801590904341429e-5
2.3751038542390087e-6
0.0002129445798909459
0.020861729811881488
1.0398357597585755e-5
2.2229233324393203e-5
0.04324694402113992
0.00039240832436459786
0.007114532843674055
5.1225982166654184e-5
0.003530181378686365
0.09210307232156938
0.00024257938772094631
0.03174441872565047
0.20947821222767696
0.2569835232816325
0.0001918622251056826
0.3464224803488586
1.3237701826825135
2.6771572255684135
1.7532136247440726e-6
0.004296406402840316
0.00017255180528143348
8.129678364615225
0.4710048925167475
1.002364750665877e-5
2.6135640326989257e-5
0.0007255643374810064
0.13860171386728423
0.13594089541510476
0.11533413629462896
0.0014672735623594074
0.22703659643653212
0.0016282883315618425
4.992524579130818e-6
0.009459526036637798
0.12270560910963363
5.859186999018498e-6
3.1940866587018855e-5
0.0010545273678356883
25.82751891511091
0.0028094533107045146
1.9647733898609917e-5
0.21436562566061645
6.041546588316784
0.016899232543871278
14.969365367722043
0.04652648688484858
12.002131190306002
8.715955070059347e-7
6.72816677652385e-5
0.006913488791171692
0.03751439535199881
0.2606765470191572
5.133221370133903e-6
0.0002828801479835962
0.03519036116456471
0.38082315884406287
0.008669583602254748
2.3320142228642487e-8
0.00790449999851038
0.0014437575865761418
3.0758792207092593e-6
4.633954584042143e-5
0.7935003876456133
1.052681762239482e-6
0.00029117996441519313
8.0869673046515
0.14920581572925048
0.0004276976808460952
0.00443066705905079
0.013441631331313946
17.522659114910557
0.18133891913563058
0.0340186671081709
9.634361907970554
0.02432701957860789
0.3431078930239679
4.750966347062088e-9
0.02217806206684045
10.844127462605348
0.23522871461437275
0.0002117494243331619
0.004934195328733909
0.05705783400527259
0.0001067332628173069
1.7730580087639447
0.0004715111372500831
4.297781359775148e-5
3.4687213257126928
3.7007989576506404e-5
0.32373460647695024
0.28202396541240793
0.023360887600386647
0.00047064108300740845
0.4224135566279394
8.255041332905378e-5
0.13476759136738964
1.0521055195651008
0.02510185696679158
3.192825164090022
0.0011398232998460764
2.001195394036942
0.0037575195064274702
13.868263988865765
0.01562701470194619
1.8657291766227928
0.018220331153125952
0.37025471637289437
0.00012330817709929132
8.8890767035351e-5
0.042824810821999224
8.419310629788723e-8
1.4411855780479417e-7
44.03716492207648
0.06046710682165355
1.0
0.42809579359554767
7.923851317102432e-9
0.01763078364609911
0.0409798105559089
0.005860730615900624
10.780490230837847
1.2882242553284804
2.3922149758146316e-5
0.28114059097801614
0.011055565685219537
0.005492092580807624
0.28363164718831957
2.407993203341663
2.007821412853247e-5
5.5215618723651685e-5
0.08245572357201068
0.09891048501835327
0.03929410517923482
0.006485097809070958
0.0031573505947994542
0.0013602164105809096
0.00024318035318526466
0.0068260658626617746
11.83122968898434
4.841602107440278e-5
4.3038162055179385e-5
0.30711747962553954
0.030274519051188133
0.0037737879110772013
2.2585019022487938
4.5921073071020684e-7
0.0002575833566793226
0.0005531212310962776
0.4700526013879241
0.19973111076875522
0.010594464472321494
22.739037149244663
0.04161934167602803
0.0005070278216991875
0.019164739804028247
0.002448044155107649
0.056846671171973805
0.7642202125605635
0.00021542708805411478
0.12095364643931311
0.0012761079221201498
0.03306150338927418
0.04296741919614299
0.00021454608442435743
0.3250680182429573
0.21923944782506669
6.906651455487244e-5
0.02468724245339886
0.06651176977701005
0.009008458207961284
0.09760484873758087
1.4717516481214653e-5
0.006738395803985684
0.001924320343684986
0.15701997557816405
0.057976245897973004
0.0016328172177607245
2.2246509295997838e-5
0.7081008296767044
0.5226512972952267
0.02532836727261754
0.001366319507119408
0.00042864749642465913
1.8436785254834707
0.0053386543158612755
1.0
0.26111703294193955
0.00018490744203537754
0.03284831150655259
0.2876565671150976
0.001995263689627802
1.018822961022822e-6
0.04507187356286282
0.012900513002075089
0.05430709654834532
6.867083431201295e-7
0.1520402254461816
0.8946675517064157
1.1912237578167883e-5
5.292275459164166e-5
0.0345300598487515
0.028551063300831386
0.0021728095201921697
0.4908192453466744
0.0040330718066949696
8.089910779681519e-8
0.015637381290663686
8.368018285707304
2.1310045256641077
0.015935593361320447
3.3048084901184054
2.545250007504625
0.4423499257403049
1.1042227502238449
0.008008649222638177
0.008801941017699582
0.0027528275442478
23.577219700365674
0.2140027612599525
0.058697527176602975
1.3081857864288924
9.934782993370685e-5
0.05285560731262905
0.016582917278565916
5.3888509377302914e-5
0.05896388563399397
0.001501097408400578
0.017502642145606574
0.0009976308354961174
0.003403085439696896
0.08781797903192569
0.010491842728283433
2.9804173353241973e-5
9.566085585666503e-5
0.002082757143843929
0.03638782836693167
1.524170862951476
4.8259084148699495e-8
0.013608212166213033
1.0
0.004156967342885519
0.6373396851237398
0.016824160807362817
6.500338009940403e-6
0.013382459526571536
0.006383590513667007
0.00032456645117653893
0.00029379587376235816
3.826738448665192e-5
0.008202851337793278
0.08167846866662379
0.194471021395661
0.5210491911765822
0.48481642534394104
0.009614782167079498
0.04748076890912611
0.012556644142743845
0.32324766747943745
0.09681029802605902
0.00014541368719859151
0.07811076358765721
0.012145546150749652
47.20951642064777
0.06063012654716803
8.191138715426027e-6
0.0033207228779757307
0.053363518870181446
16.072097543517177
0.00014704615198692493
0.021032678293385083
1.202727620071924
0.02359769114624356
1.306854156999592
1.532849454267617e-7
0.08268063039108775
0.0036347904678625032
2.6708176673406117
0.0022808392625255137
0.12003182512746761
0.0026901677264617447
0.630296841618591
1.8275710150204627e-6
1.0
0.021130352958465562
0.5362334048065466
3.977242825101028e-5
6.324791625961947e-8
0.00040326159907500675
3.324659108331019e-6
0.01707772556835956
1.0731478129940855e-5
0.0021399845480768722
0.2172984431822903
0.01054358029076873
0.0008716369575438893
3.361535680503531
0.014851472803832814
0.07732918878897756
0.003715250452535114
0.0007998984151995548
0.25029866483894864
0.005816811158318039
0.006079447502292354
0.009882631612012685
0.5256363079087413
0.0008855658368668039
0.8881475007934501
0.0009076931913530047
0.06505638595885284
0.0007633312355003177
2.133075100901134e-7
0.07177652446746553
0.0026821976348377187
8.670589812483469e-5
0.004181099042932344
0.004075750556954173
1.0
5.297775179203018
0.14489131674235714
0.10923180102329624
0.4018633262564398
0.01950765130170979
1.3892848897252055
0.0029974437181011404
0.011813721590601997
0.0015667091778952872
0.20537081763797221
0.03454108143891636
0.03368933844278542
0.6822238857453405
1.875821588825123
0.12495869274553355
0.07031137350014897
0.0033502692911767163
7.207280165773585e-5
0.0527371961743974
0.001421299904771939
0.01020996598183761
11.45818023010772
0.0007905398649983226
0.008100383255638607
1.8976905277007757e-6
0.000379200082510908
0.00283596846150482
0.7909033311133024
0.029224253827167743
0.001517047736357193
1.2370266089601816
0.10823596053210305
0.06007118520594785
0.20066787437419756
4.899265721171669
0.11256515743323747
0.02234143305569567
0.21283210013526613
0.5102479856554348
0.011762984052315852
0.18862020941398255
0.08128240954514888
0.3427523505732525
0.008775434674707504
2.174352794151185
0.0024088844658612728
0.00022130315753651644
0.07469586142247209
0.014621614635262799
0.2019228092574938
6.183002630598841e-7
1.202109318774276e-5
1.0
4.176961878022833
3.700720233501075e-6
3.385379833959027
0.005478394074318349
0.0019042149340065414
2.8413467497023473e-8
0.0010860093937908276
5.618791819480588
0.1237038167626979
0.8214473562470982
0.08724535835376669
1.1629532338795097e-6
0.00021829663149557693
0.012188249811579795
0.0006972544144332459
0.36046770829519637
4.0134051244125715
1.091126813338754
5.9752496445887884e-5
1.986740631392545e-6
8.172693605210968e-7
0.03630284454119178
4.286498522495455e-5
3.2892096932899673e-7
25.745104936738304
5.023877822838772
1.637673738235394e-7
0.00046035790050212827
0.0273231727895182
0.7348967695120512
0.015200233286531344
0.2772873375666398
10.242538717443763
3.908607486845821
0.0017860542446825197
2.212132684515925e-7
0.004834251257177958
0.018003212006478
0.21231715602073967
8.948520243789766e-6
4.723642652766369e-5
0.0327399896111629
0.06139991398953279
0.0007400460004663327
0.00564472406326435
1.973685467748887
4.222651919423381e-5
4.381599420021957e-5
0.030257447769379813
0.08110512065846694
0.29948089091319324
0.00028170972866724633
1.4390396522702747e-5
0.3738469977859351
0.0007120148060095087
0.004944318132802739
3.3417989486029196
0.028076224029339493
0.0119393172918388
0.09649111229647687
0.055743743378098884
0.42054569974082184
0.0005835927847098889
2.5009428867163917e-6
4.593838148665877e-7
0.053000686415248306
0.0030676734587247946
2.7123243234548847e-6
0.01096005346799142
0.5778784605335179
0.013319403706648709
0.0003023945785585361
0.0009239576719997096
0.0006241559043215588
0.10070457323464005
6.505678271248609e-5
3.84257827851563e-6
5.301377442660048e-6
0.004528250560532323
3.142159754985884
0.0032203779868840566
0.10923590858181269
0.0017073334614237225
7.72327062184833e-7
0.003563298271704997
0.030289754356281666
0.0012452192013092797
4.242012721181223e-5
12.050920455553253
1.1208835700948889e-5
0.15379058719084956
0.030350640992723405
0.024342195748462633
0.009820434842516403
0.00020244766664698864
2.2467985652658895e-8
0.0017294338325931616
0.001758537732340518
4.702074677568655
4.011240175766012
17.60630376110428
0.014814400865547838
1.053021673484408
0.007008975481265194
0.1231295781640359
9.775809300211323e-6
0.0010769778423965358
1.9015154183224774
0.21694599850155485
0.4667042269801531
0.19533621139997276
0.039690698633763774
1.9224958260949826e-5
0.01086209771845966
9.043174474531817e-6
0.012590911737443361
0.004050912734559398
0.00020032456848596692
0.002081418378359371
0.00010392667289208356
0.0007992480871656434
0.005419265997981304
0.00033758508131017073
0.13679863201010162
7.221130577682e-5
0.00932193656467298
0.016362124234406344
0.005358722630022897
0.0287249586128758
0.0027493286614954033
0.0037577049214550526
0.14284351326173095
0.03450863046872057
0.05829502012664892
1.4429109114103698e-5
0.0001613114877374122
0.005215259959982313
2.2604786793835946e-6
0.515659808798178
6.135339931017087e-5
45.58593235525304
0.000625432473043055
0.21672212718272868
14.778194855400809
5.763545129821381
0.039741032119582013
0.8581617622865033
0.007962406255493847
0.0002642373674097659
0.167656870104007
0.09928501468421616
1.0
5.582048766509951e-5
0.006385438105133131
0.00019750175849783896
0.0326612490244852
0.36199737194891574
1.6746408840911608e-5
0.0001643912354428812
0.0027072401503625224
0.5183067078636918
6.700512077336353e-6
0.3173039280179175
0.013710550352317174
0.0003001557418914284
0.0003879087190079035
1.0768177356329425
1.1473406951061447
0.06277501872581738
0.012869379194840354
0.00029559999500946584
0.31039866760350365
1.014916694653523
0.003609701804387467
7.374250331232711
3.910987866576126e-7
6.003212829942086
0.022632391687145082
0.24416720900142563
0.051638629678211735
0.9367117487165391
3.2831846751298768
5.306703366562258e-6
0.9980150679876088
0.8163689359957055
0.002832315333747058
1.0839231241266136
0.00013483514903281322
0.0025353121237801936
0.3102832273780554
0.0011868072381889178
0.004933640381379927
0.0547768417033877
0.00013570541714981473
0.0043713515946417186
0.0010436451304306604
0.0412606378443783
0.03574788138682498
1.0524648460619828
1.8342250253092925e-5
0.004659400580865033
6.662535152234905e-8
0.036832496771955256
1.8727191272561912e-5
0.004474795791758194
0.00034196758801261596
0.032565298603629236
0.003065759425339743
2.1515113263362684
0.0004776826868389018
1.579135193728164
0.07451226003899722
0.016569466833975498
9.204642397853739
1.0
0.0024384167044119256
0.0035117233089201195
0.009686012566479664
1.2655543989834813e-5
0.4308481544985082
0.0019377599364591943
1.3418030008763229
48.710881171461565
0.04188066363538452
2.993339515453231e-5
1.0649444734835506e-5
0.0008664491789575621
0.17174181367426752
0.031295603692701755
1.3525144219891851
6.575823143323764e-8
0.17932367803223564
0.005886457058528581
0.11631952938647136
0.00017102975090972704
0.02785475350136995
3.4059930795478133
0.0006248663431456065
1.444295266031173e-5
93.87430021046703
0.09730912669101409
8.485066606681876
0.02045273076147753
0.007912063034644742
0.0048128627620783355
0.17158834499874562
0.012905245479678825
0.002258409079052775
0.00014017261347629845
4.258505979233498e-5
0.02198236717261324
0.005860740627574557
2.176538097367869e-6
1.5064718111117725
3.3090159049668543e-7
0.0018888778643973707
0.07764939718569577
0.0001453886723516629
0.008988180258779658
0.003038189170690879
0.0015209722976758941
0.6018744787772436
0.01016453873164204
0.0011084441109688028
3.890684799897714e-7
0.0005631038674938578
0.0109294100195174
0.00033936104594315785
0.01242513044060853
0.1186983422171248
0.00901536359554812
0.1112705788953571
4.699798207049032
0.002287633728260392
0.011492416203379237
0.22402445066134546
44.195633783964844
0.016735090242185408
0.0016825088579981097
0.005182171556432406
50.82422501723223
0.00031547778748567393
0.0015115200373465051
9.995640466196178e-5
0.04026509227337017
8.323295594104791e-8
0.0005573268516161403
0.0016459078935747251
0.0008148658594166588
0.00021174873012708476
0.0009270645047804975
0.15132834337921142
0.08692926666406255
0.02555421045193185
0.0018849321269881192
3.7451303809615832
0.004839746578470311
2.346437917912591
0.0028737548694526705
6.346675873597855e-6
9.346793634500727
0.0021516483182005596
3.1861231941392094
7.398994682803092e-5
5.2591952065330536e-5
0.003903396300012138
0.023916604134742742
1.021117711701688e-5
0.004297088997815923
0.21573766254797258
0.0036132747126268686
1.4238606196368186e-5
0.0005443967107763403
0.008343874794364582
0.008912662315813379
0.011916001537862387
0.022525481676668697
9.682622772646546e-7
0.0006329709325743362
0.003024900627280781
0.0003428169544579024
0.47359979845800904
0.0007415898443482281
0.06643299104230246
0.10600488670718144
3.681169941552767e-5
3.271076355970831
0.013318861624228025
0.04813394814853086
