3.8355707910591976e-44
5.57528484903106e-6
2.167370273960218e-8
5.972650195762707e-8
3.2558507805197854e-56
1.4269840029500564e-8
3.3678600424933e-9
5.845808231378459e-10
3.065321685996113e-9
1.2247845225356614e-9
1.1905100246009717e-53
1.5434021865141357e-9
4.634135605530642e-50
7.271138571755744e-48
3.545542377540256e-6
9.781679492000083e-52
1.9601152470916842e-7
7.297930998425826e-52
1.3740932392459865e-9
3.346867368803584e-57
5.060760910988466e-10
1.6982023000157433e-7
9.703640768718077e-9
5.266238940724042e-11
6.612568699276607e-9
6.664428528018776e-51
2.1583591955281295e-7
7.064925546239854e-10
1.743386944588055e-6
1.0201199726356576e-8
5.515795104565117e-9
4.5014775561666156e-10
6.897198074367787e-9
1.4821106214589584e-49
3.4577989461184333e-8
5.975062254931386e-10
2.6306338655755338e-8
6.887538117996724e-9
1.1026028055258587e-9
3.984640760574427e-9
8.004640137545713e-6
3.1378984971110446e-46
3.6724639075345383e-9
5.860377568515367e-9
1.956113009639521e-53
7.212293292950242e-58
6.329960461166374e-9
6.29615952671194e-50
3.3519981775950127e-9
2.2490912623624414e-9
3.057592741957425e-10
2.54383623017938e-10
2.9519089301654514e-7
3.5955425622652196e-9
1.8496786331512786e-7
1.4416782921142891e-53
1.4583417840404919e-8
4.3438208719004455e-8
1.4308087191976934e-54
1.3471327803206763e-10
9.846920702914093e-9
1.0329024174042483e-9
5.2433573825724964e-8
2.8794908187359175e-59
6.789428800224474e-7
2.4996551583061883e-47
9.444556107607576e-54
1.1529414969790818e-9
1.5816525476226412e-47
1.4821106214589584e-49
1.3420083112027913e-8
1.7080443198097667e-10
2.4127140636547447e-8
8.571698165690816e-10
3.2434641505920564e-8
2.719285732806042e-9
1.1518311092789147e-9
6.314702809883504e-7
1.1455110562273881e-9
1.5277293737014034e-47
4.481141414455188e-9
2.1342773415955545e-8
2.730177677477941e-10
5.167502337373388e-49
5.375264719174078e-56
8.014731380632395e-13
8.403239047367424e-56
7.971634025898247e-8
1.527004166079619e-7
1.336644169866321e-5
1.0498758274376186e-9
7.016287954433392e-55
3.079841549029894e-8
7.243156897226109e-59
1.611641937246931e-59
7.642511918162396e-10
1.0852717680290682e-46
9.54386319306031e-6
5.8236451018652136e-5
1.5943311809028207e-10
1.2130282523364472e-43
2.4004077365235092e-54
2.5971092352027364e-40
3.0891677307022065e-9
5.183757289230361e-7
2.221786434981033e-8
6.067327472952695e-11
5.249100848851904e-9
1.8364985562445976e-49
3.185363143723427e-54
2.900747304158782e-8
5.57724098016346e-9
3.637458494104943e-49
9.93276606406077e-56
5.508570252046725e-9
1.888761019716048e-8
9.103998099457112e-9
3.183443260519045e-9
1.0576791641967943e-7
2.1966732149339866e-60
3.3554804692327593e-9
2.0241128667020552e-10
2.2046388779913613e-5
9.128637487415024e-11
3.671531035174224e-76
2.221878246475951e-59
1.9799309940942542e-10
1.3520687722718933e-50
8.667640936282761e-47
3.663136880961331e-7
6.354121505976735e-53
4.522660713345471e-57
2.6149549206764343e-8
6.30677339516975e-10
7.944163195723624e-52
1.8024119503189685e-10
1.9319692776385526e-10
1.9272450268911742e-50
1.3729732298701672e-51
1.5351084688089216e-8
1.5500880849813312e-9
1.0574049679757038e-8
1.0735025001763133e-61
1.195852218845283e-11
5.80635382330296e-46
5.1088162961821154e-9
8.185536402312214e-55
4.411879249480192e-10
7.312359167929175e-53
7.015896635253963e-56
4.138588706018908e-9
7.087671321755594e-8
4.390012519490157e-51
1.3689258101087712e-9
2.1980398162178052e-10
5.0434211972872044e-8
5.947372886843913e-50
2.6602967282548624e-8
5.724343043981657e-61
1.2229247299260243e-51
1.5077985450427916e-50
2.646789832413073e-49
3.9963303709002606e-51
2.700226811890242e-9
8.250781993693108e-50
3.1057755931236023e-9
2.412420921525188e-56
1.0387944664550881e-44
1.4160558886606172e-54
2.4604574005992172e-51
2.946445118269188e-42
1.9924130023279132e-7
1.1287634805978754e-10
2.5379300470818527e-52
8.278201607967654e-8
1.0258454502786544e-8
3.730576109469345e-7
3.3302472640632995e-53
1.8684269838999094e-9
2.832259325767278e-12
4.4817378521084477e-44
4.293245390606628e-56
3.4675329183837335e-55
8.863089592313306e-52
3.0407884153541668e-9
5.38145934272587e-57
1.6089990341468021e-9
8.012305227354923e-48
5.910016268395646e-10
3.733058900579574e-51
1.8673429254438314e-8
3.886014048725761e-58
6.493054691377269e-8
5.324680358403536e-8
4.907135859469462e-8
9.0295647842947e-62
1.1970593147232971e-49
2.802166005590264e-10
1.6723232747461012e-44
1.4539775220317304e-10
2.5205790610860733e-8
3.8224835349497855e-44
2.8556191224011503e-10
1.2918988686341087e-57
1.2151322966676494e-9
2.3899292388785703e-6
1.227286421271355e-44
3.7580817910638736e-11
4.0081314899250337e-5
6.4612309891551434e-52
2.8770522182860026e-12
4.578724446840513e-8
6.718037477916249e-59
2.9574291315350716e-58
1.1659131460537956e-9
2.1777252587263842e-8
9.735434512244008e-10
1.889266302213665e-54
1.687409747319187e-9
3.600790554236713e-8
1.8896690610112535e-8
8.774419057845268e-50
3.248597586774498e-60
5.9719981215508975e-6
2.355162802148685e-8
6.292607713917363e-8
7.339396887396711e-54
1.7337319808249327e-59
4.427324664102756e-7
2.5830780832288253e-51
2.2597860976499325e-7
3.652132022624287e-50
9.824745880157449e-57
1.8161831557599272e-10
4.421916428077066e-58
6.633870380975785e-58
1.3179194327451685e-8
8.624318682422934e-50
1.0959573425654403e-59
5.1514321523458844e-8
3.178803689284774e-68
2.450866585439261e-53
3.269132876498599e-46
2.4773947921658414e-6
2.5315524740448567e-43
1.627521838881097e-51
2.0063644900416086e-8
4.695611110886702e-52
1.136415708711028e-51
6.254497054604581e-10
1.0305051258103942e-59
7.612106264878626e-48
2.0889172547075594e-45
7.318888578086907e-51
1.8525357470671933e-9
4.9646790766041434e-49
2.51285570226664e-7
2.256090183009306e-7
6.724593027903385e-9
5.27099119666658e-11
1.2515628531361008e-8
6.124821227042333e-11
1.648588766221731e-7
6.072970516330946e-44
3.425159703365792e-56
7.685095303483606e-54
7.995733208274636e-61
8.315237000809362e-55
1.3984116973299354e-52
5.202213938668587e-10
1.9881693480570768e-9
5.829319319491582e-9
6.461230989155151e-52
1.882684434807932e-43
4.276598031142585e-63
1.472190504232791e-53
4.639313329863475e-9
5.666017794802182e-59
2.469726486151347e-9
9.845041643682885e-10
4.536213975909049e-48
2.0965735081898827e-8
1.167139834176105e-10
7.3654140611375756e-9
1.3620989213733236e-8
4.017588433036368e-11
2.1164225063659204e-55
1.1109051610213802e-8
3.404934581943018e-9
1.052621486745858e-7
4.542057896254073e-10
2.898367260262294e-10
1.178447007606737e-47
3.101747793091515e-9
3.246026228607183e-6
1.8262846363179978e-9
9.045797304228352e-10
4.721334307885987e-9
4.399732778171703e-54
2.7139978269889046e-9
3.2080317320376043e-7
6.920217442262222e-10
3.6369021934305415e-8
9.254093712393302e-10
2.7384765035570422e-8
1.3583011401732006e-49
1.3277097290606813e-61
1.0024906258949057e-9
2.1918424315512714e-54
1.4163164558112056e-9
1.0323919130089783e-9
1.2583053327659092e-7
9.752009794124776e-9
8.777403909782771e-51
4.1191422946608197e-45
5.276184203745613e-6
5.194230065864642e-10
1.0739938314681976e-9
1.5595030512205844e-10
2.7512213065743086e-9
2.2486479003221486e-60
2.059120918493701e-10
4.0898209366850945e-56
3.2889449108170765e-52
1.1809508239618439e-51
7.760958406210614e-10
2.4156241109620087e-10
3.2080074195800414e-10
9.626680871287633e-60
1.3711670112864952e-9
1.3333508269250044e-55
4.2438893130438524e-8
2.853759331651551e-9
5.262472055331359e-9
2.1187318629395738e-57
1.0124005797847217e-8
1.6980818117322097e-8
5.966779021688609e-11
1.038283992437264e-54
3.885738915207658e-10
1.9561130096395247e-53
9.631251635831307e-51
1.4693707773870377e-8
2.6708446122144027e-44
1.3508520269063246e-41
6.877674528369595e-8
3.2558507805197854e-56
2.7736308670932993e-9
9.631853834110333e-10
3.501604415718451e-8
2.1632823535115346e-9
2.7241754758871535e-9
4.276598031142585e-63
1.571014786237247e-9
3.309410813838044e-9
2.0433061530349503e-10
3.764758401721941e-8
4.225428402099612e-71
1.3157448527829762e-54
4.2389432701758726e-58
1.6458001885045196e-8
4.680117648372126e-9
1.0586933317813891e-6
3.8196139245770866e-52
2.2332276998627377e-51
9.059375231252837e-10
1.4383210627543886e-7
1.9557763053607833e-12
6.665297674095394e-10
1.9197150573972663e-51
3.8724762261437854e-50
2.3844831783515444e-57
1.2927912811422768e-9
2.6633247830740923e-9
6.66487715629801e-60
4.120570263569977e-61
5.550779853504195e-56
3.6596668069305e-6
1.2233769759383005e-62
2.8939550452401545e-9
6.685258948762185e-9
5.884171405703819e-57
9.153804691446212e-70
2.7415983023804256e-9
2.0795304471197832e-45
1.7157472881065054e-59
3.6011905634368367e-9
1.712213407243353e-7
1.3921569125561602e-59
4.5388795843867986e-5
8.923602264314396e-10
7.227909295483181e-10
2.0755496135178416e-9
1.5079882944570302e-8
1.5020949899665052e-43
3.2125009301532412e-49
3.3801353293197576e-10
6.3575308495458265e-9
1.836732217188441e-10
9.308527620653407e-56
1.773226533437759e-48
8.369686567465685e-50
2.0627057694299515e-8
0.00022897692269068586
5.075676359527589e-10
4.672829442212172e-53
7.85898765985095e-53
1.3333508269250055e-55
1.8545258276776584e-9
1.5143995575778375e-10
1.1854569099561566e-7
6.397350760227666e-8
8.487060906338398e-10
3.1807936960150497e-51
5.91240074742208e-9
2.2294523863749687e-50
6.16892128706037e-55
1.8521215750121548e-10
9.96633634827141e-50
1.157236266306436e-50
1.2742254046530541e-11
1.2455749718150373e-8
1.242305675763379e-10
1.7541600761800754e-8
2.4766173481471865e-8
3.61250508391749e-43
1.4053280570384964e-51
1.804666297937217e-8
8.96919099840177e-9
2.7779048070779353e-12
7.945613503538429e-10
1.631822197207376e-8
1.5376757062616212e-7
4.5126654630742e-53
1.256514193967516e-46
3.067592881904253e-44
1.435104255349423e-8
1.287703776865148e-10
3.357868804918485e-8
3.271896860322117e-55
2.2809505776851683e-8
3.290944747153945e-8
3.7736257286135234e-9
3.1991519008910504e-8
1.9305614863764237e-8
3.1429271540319716e-57
6.0364916190004774e-9
6.303509415773952e-71
8.709238255051654e-61
2.440435932296047e-57
2.850656908072436e-7
5.702378032388495e-9
1.3161203306653227e-45
7.504206378204505e-55
5.325970730833809e-10
1.285172705065842e-54
1.6572511528776344e-9
4.2350503018068344e-45
2.794984146125703e-10
0.006198135391327116
7.359541933242795e-54
2.5402620826677975e-9
3.671668780377727e-56
5.2582820641247885e-8
1.3699183503672916e-50
5.656362527107032e-9
4.738817530735336e-10
1.178447007606737e-47
1.0117539428974555e-10
5.464601339221512e-10
1.1253624438309422e-51
2.7874737091461515e-8
6.448004916218417e-54
4.853354044566103e-6
4.965039057250229e-10
2.3236673924565542e-9
4.239472309207454e-49
1.184491077591616e-52
6.673293505740795e-6
1.6723232747461012e-44
4.7091350701628415e-48
9.224727060696892e-46
5.954629239224838e-59
1.0347090613623924e-60
2.772765184658356e-54
7.85898765985095e-53
5.798784554566469e-53
2.8459088229705652e-52
7.633514397282942e-10
1.0968822357201449e-7
5.2567376267553935e-48
1.4135269256031326e-10
4.920963701529201e-8
1.130036313203982e-51
9.454619934077612e-52
4.3457336437805476e-10
4.656831346445937e-8
3.6182920265842045e-9
5.178171077004235e-8
1.0784107535256649e-51
1.5148765146405554e-10
5.424265222978052e-62
7.298209992302372e-60
0.00017292024232475867
1.3507839240436868e-10
5.413418471496731e-9
3.5084004619105867e-6
4.037206922365414e-8
5.2942716554448054e-6
5.221839847110761e-54
4.180949194597777e-9
1.663150396560992e-5
3.9117684673386327e-53
3.534703157135934e-10
3.3715663008482905e-59
2.0950241286110634e-53
1.7403586128509642e-7
9.560864803677971e-55
3.319174115397221e-53
1.6072009367076868e-9
2.315116500457994e-9
1.856253980044267e-5
1.4283989118904111e-9
2.568614514942093e-10
1.1689417824415059e-7
1.1025587669606043e-9
2.836517274721131e-7
3.809731755116556e-10
5.1978885904913195e-8
1.7085109997353746e-53
3.108330882131615e-6
5.007746232766412e-51
1.4358197988800041e-9
5.531252825507343e-9
1.4525155736568978e-53
2.9039561829993763e-50
0.00015048623671592
8.707476122709752e-54
3.5600150483748705e-8
1.191183850074395e-9
1.4492404335768567e-9
3.497992456315237e-8
7.265977462969517e-9
1.686736289923124e-10
4.721592727150668e-7
1.1406038991217674e-46
1.2944406880514736e-8
2.5926411284388667e-9
1.765143486569141e-9
6.085587682718284e-51
2.1114861528811505e-55
0.0005982363020601685
3.330390637024617e-42
2.1187318629395738e-57
7.993650525344439e-52
1.2085229996622045e-11
2.710066569794355e-59
9.252112421569765e-8
6.180437050112299e-53
6.779730818151319e-8
5.471992115003706e-9
1.2541913832783932e-9
1.49259624437302e-51
4.901668956590167e-8
2.470968858755431e-10
4.5285252049281795e-9
1.1782763599409787e-9
1.4897198625404389e-9
2.0064095138442632e-8
1.3802749331110647e-8
3.659546722856755e-8
4.5367349249000806e-10
2.6417145116585736e-9
3.1740230700223215e-9
6.493898450622367e-9
2.3079373680393405e-7
1.4536678865955685e-49
2.5762150597917057e-49
2.1096495293648587e-9
1.0789770069612909e-9
1.2154775181754217e-48
7.837669127401234e-10
2.591008655538993e-7
6.476937193102292e-10
3.6578242951767515e-7
2.172053947556025e-10
7.901485560874832e-9
1.1779678862219847e-52
6.88703885191609e-11
1.931257352260022e-54
1.4658490013747614e-7
1.6822636491842066e-8
2.854321491107084e-9
2.1073970958392698e-11
9.211116476027291e-8
5.3593861309748594e-55
5.430353563521864e-53
2.854353354425554e-10
9.828002360789288e-9
1.5119232803523264e-43
3.5872251659984183e-9
2.0187798867767516e-49
6.814820530543716e-51
2.059782766941343e-7
0.0001807968726105386
2.5266281237830238e-8
5.270916149378496e-57
7.968725113638854e-9
1.1920919312121907e-10
1.1956319704605037e-48
8.597628080677841e-61
4.304805886319221e-49
1.506998999876278e-9
3.6004776259004072e-9
1.4333132599399609e-42
2.6149606187018986e-10
1.831597746729325e-52
8.384733849206168e-10
6.126077103232471e-52
2.571488001067965e-10
0.04290506299699613
4.530373558394685e-9
7.127120263924228e-9
1.52770103424422e-8
3.4932364572557656e-9
3.350157265241562e-10
9.58004076441799e-9
2.0691682254012354e-51
4.579550690212056e-58
2.771819748656244e-59
1.49944345449811e-53
2.5420836055552257e-11
2.4331545833173307e-7
1.2655220576061003e-8
1.2481683070481039e-5
4.891957868356663e-11
9.93276606406077e-56
8.884468163443167e-7
6.050156146398432e-11
2.541870307165694e-55
1.6233776420580583e-9
1.3671186455430596e-9
1.40368926364502e-8
6.124026105283077e-8
4.090272646992785e-45
7.253924024718043e-11
2.7820068340063584e-8
2.6180610223851826e-51
1.2156332749923865e-9
1.676018012704549e-9
6.929376267906355e-9
6.906582088046653e-11
4.426992448766964e-61
2.561213004086592e-7
1.2342808347658885e-7
1.1811193883130153e-9
1.1917667442167737e-9
1.1689462411925312e-5
1.7069194425083203e-9
5.914327909565914e-9
7.032909324315922e-44
5.66089199856435e-59
2.2159715265902016e-7
4.06055497518639e-45
4.728377626730783e-10
3.026003937046867e-55
1.2243884988533212e-9
1.717257543314552e-9
2.608437927278457e-61
1.4068541178422853e-7
2.2546685230085854e-9
3.880825627577485e-46
5.231747691627063e-50
4.090272646992775e-45
4.4035056724134965e-10
1.6806335886473917e-8
4.3854160997690325e-9
9.839370273833066e-10
3.461671456462053e-7
5.9333968255814994e-12
1.4769949126766118e-48
9.691443275203634e-10
2.0055651516021373e-5
2.1380576249493897e-7
3.4037234360054705e-7
1.414449752803841e-10
2.8115256254187837e-12
5.7613705360677896e-8
3.479961962727189e-52
7.379727248271676e-9
5.677607352653569e-61
8.399045878907422e-9
4.56700600461422e-6
1.4234543079522408e-9
7.308121801263085e-11
1.930977649078614e-9
5.986178618431456e-9
1.5298189122561132e-59
1.1661169857373969e-8
9.424120856914799e-8
1.031609534717547e-7
2.412420921525188e-56
4.163568789702787e-9
9.047013949394619e-53
2.5032310519894075e-49
1.5406177163428258e-6
1.3835035046197936e-7
3.761188734818749e-10
1.7007878021253225e-9
6.635469061362759e-10
1.7903897714273096e-56
1.6958507554678092e-50
2.6600239975673303e-8
8.374926427212841e-9
1.8686773378809488e-10
2.5255670442223717e-61
1.4050119079092023e-48
1.146945471267782e-8
7.768060038994603e-47
2.4131687426183714e-8
1.3806571118638328e-51
7.226741204687593e-7
2.2147550125677124e-9
2.6145290385457945e-9
1.2767228711128128e-6
1.891842121777845e-9
4.721542097989609e-46
1.2849326032539925e-8
8.527383440392979e-9
1.0521991362019647e-8
2.6878610387167e-10
2.7998338246530338e-8
1.369244796315054e-7
1.021825439586226e-7
6.927733218663804e-9
1.2191915995690022e-54
1.6033775137085196e-8
2.256952713255951e-53
2.2430639128592425e-59
1.1996676088768336e-9
7.899972725659322e-9
1.2755534577138053e-9
1.3471039419695099e-8
3.416110459962263e-55
9.187812023829648e-10
1.2213447813203575e-7
1.6445994003629494e-7
5.882546477079823e-50
1.3630901169980173e-6
3.261245510026693e-10
5.746399909247558e-9
2.3843144049680238e-55
7.124245206125825e-56
1.13936490822431e-9
5.554250373828963e-50
8.085566423366611e-8
1.528716395834317e-10
4.836202543567e-52
4.320468926428663e-50
4.462526397836761e-6
1.056791973640034e-7
1.2807042314395053e-59
1.9853680387545757e-50
3.577857824303827e-62
2.9148926859711047e-10
5.958699566756769e-10
2.0701166166710174e-8
7.841288326165096e-7
4.2225160790732456e-10
4.1102005054040435e-8
2.0889172547075594e-45
9.648636612006228e-9
1.5342841198074448e-7
4.211648683006715e-8
1.4980075487850148e-8
2.09631637486725e-53
1.1752059097727751e-10
2.4371202125631026e-58
3.1364508443678365e-51
1.4616166070471244e-55
1.135146764472355e-9
1.7731089584496342e-9
1.1032432578161508e-10
3.611399832243269e-9
3.370847636998209e-5
4.0802531328395954e-10
1.9199070689825155e-7
1.4971675355125523e-44
7.661086074950986e-6
2.585902675209847e-7
1.4470795747690248e-8
4.1874613729770154e-10
1.5187131188961342e-9
3.6479413835769416e-44
1.187607973354276e-8
5.095380464213591e-10
2.0186791219817623e-49
6.188123055606503e-9
2.1714182540323136e-7
9.535950925927965e-56
1.314161779045942e-8
1.8912073646354114e-8
4.5081113184750096e-10
8.291942093774087e-55
5.798784554566469e-53
2.894246968998999e-9
3.3225177422594627e-46
1.923218435910188e-11
2.424087878104167e-47
3.9659275546806145e-11
6.519570671704556e-52
3.2016049013467548e-9
3.094755112541772e-9
1.105185012143424e-8
2.1997347233279467e-9
4.14135154479904e-50
1.7064788801028844e-12
3.2589370581272338e-9
3.399727958533156e-10
3.2712056399328502e-9
1.686104240355112e-8
3.7489373595856895e-55
9.903457040731729e-10
1.5710436106386942e-61
1.3442876712096053e-7
1.920780033406576e-50
2.2004009135978056e-10
3.6573594062399064e-11
3.912205223081966e-9
4.170100302758972e-9
9.702402976310339e-51
3.4018537794757293e-10
1.3250811434856693e-6
3.0793632812129045e-10
7.403629516648306e-8
1.1158204521063252e-7
1.0576262807596746e-9
1.5264170609245186e-44
8.607126952569575e-52
1.9412960865184795e-5
7.788226104920656e-11
8.090601014869575e-46
9.960668690340488e-49
2.525047434249107e-10
8.211592039076977e-52
5.308258131584974e-9
3.0637197112296504e-61
5.985198207935789e-50
1.6265408915670998e-9
3.228527563720245e-44
9.469053327028733e-9
5.6782867724077774e-61
1.1618265920566686e-10
2.3070837366330337e-11
7.82590802308216e-10
6.349995707329096e-6
2.0533911267312545e-55
8.252012271625229e-49
8.180935621424672e-53
6.511952583048757e-52
3.682142799383582e-7
6.786742746770337e-5
1.1205672421019542e-51
7.504206378204505e-55
1.2172077004009417e-8
4.4027442261973155e-9
1.7908070312199223e-53
3.4420204531123154e-8
3.255850780519787e-56
5.488223917427395e-9
9.61198413209404e-44
0.00029101901669069716
1.1863063026179565e-51
2.6647034563777436e-9
5.853318182285532e-9
4.323791117792594e-9
4.740596163686793e-10
6.212090668346489e-60
2.2457525810773258e-9
6.941369396839878e-10
1.3406426159548941e-10
1.074939132821838e-45
7.071219166773838e-61
2.5351122193821014e-9
1.215477518175419e-48
3.1461025641069016e-45
4.615129355984871e-9
1.5628110128831439e-9
4.7186728403958724e-11
1.4062847556547415e-44
4.2227512577609676e-8
1.871296073997242e-45
2.811400316472176e-8
1.4186603700260163e-8
2.082764057412253e-9
4.831243981345654e-10
6.020001759765622e-9
2.7390462014520914e-55
6.649896795128125e-47
1.6139088166280046e-52
3.8115036931639283e-10
5.971493766070384e-8
1.7779041602241485e-49
3.679747459307846e-11
9.073190483591338e-9
3.526196729575245e-9
8.984563299901645e-7
2.1306290392113494e-9
6.076467327950529e-10
1.7546729103254263e-9
1.7060627661562087e-45
4.162090040439031e-56
3.714886694341743e-50
6.516077026517923e-51
1.704439416189428e-49
9.244509339102608e-11
2.4757971294268116e-42
7.166658219228514e-11
1.1282452425970165e-51
1.3510221587157736e-10
3.1327255812368894e-46
1.523230249448138e-9
0.0005881518464199548
9.268576598888527e-8
1.0569856254732182e-10
9.412968897716934e-6
6.354121505976735e-53
7.17165706672704e-52
5.713118290280716e-46
5.293221434528301e-51
9.670250470117573e-10
7.354337140296097e-9
1.1480959220117912e-9
7.396915099800469e-51
5.952503800936992e-9
8.19679902164768e-8
4.266994294563833e-62
4.750662627792452e-9
1.6953762078817837e-9
2.194476071078463e-6
5.878165500877507e-10
1.923520641068735e-9
1.758151424428941e-61
3.2135494079960866e-7
1.6332534496650024e-9
1.875515707840294e-9
6.25812925444043e-56
4.039817179687161e-42
4.1369729262483784e-46
9.764647702653923e-9
1.7548747975180347e-10
2.5337040021289607e-9
8.867548779884077e-62
2.1824105008931368e-10
4.307626585464285e-61
6.109640073748607e-10
7.409589950004039e-11
1.7287341670224716e-7
3.762156220471863e-46
6.16381715128791e-11
1.7439292282299283e-44
1.5704832445203002e-9
1.1692492315571044e-9
3.3210921900558905e-43
1.6959962594377844e-9
2.0271368523150132e-8
0.0002888969126641929
1.197295202234248e-9
4.567922035602113e-50
8.369778386829136e-9
1.634795892542242e-8
2.5054546509840716e-50
3.7068062145629327e-51
1.7760859290188317e-10
9.621307111984108e-8
1.6356696446622565e-9
3.1914875480999177e-10
1.6271402644168524e-9
2.903207098066762e-10
2.1886946807773954e-5
9.269761823776907e-61
2.8525900770665696e-60
1.356345060768589e-9
7.270222298948254e-6
4.607156123593398e-10
3.7658182596580505e-52
1.7062763955782737e-53
1.3869287065063298e-8
2.5302345117667822e-58
1.4915546951902265e-43
1.4396650814148516e-10
1.4613434090353975e-56
1.3654930254366663e-9
2.5379300470816972e-52
2.512696566887736e-53
2.5499351478972573e-10
1.145719950934385e-7
8.433516702452474e-8
1.5077985450427916e-50
1.4028295943493758e-10
