3.7983877333582337e-6
8.880384167810508e-6
1.804698782790561e-5
5.5853830118119726e-5
2.8259818103064456e-7
1.170528924239571e-5
4.332703230087249e-7
1.0780934440146763e-5
1.2868246324479415e-5
6.0793606562538314e-5
6.17284531896618e-6
1.275615470289921e-5
3.490220257422022e-5
1.3828689160869384e-5
7.226205307419778e-6
6.691739236206805e-6
1.2211042610532097e-5
1.2748747403714115e-5
1.942442515509883e-5
1.4576418398677267e-5
2.1313269850396312e-5
7.5041459035731694e-6
1.1725435843026605e-5
1.9132512185102357e-5
2.3913241116374828e-5
1.3644802788148978e-5
2.222446578653141e-5
1.1610442915823237e-5
7.541750651270918e-6
1.6851731793177073e-5
4.8877543848242305e-6
8.230049272555302e-6
1.3124453634552226e-5
5.624505799080437e-6
9.090330844692831e-6
4.0733626893653244e-5
3.057249391263247e-6
2.686353303839832e-5
1.8418023900748333e-5
1.1604435423938441e-5
2.0845142180585723e-5
8.605652348603007e-7
1.8689578342079366e-5
3.0583227179948874e-6
8.299007957796532e-6
2.631907742123983e-5
1.0082247016743694e-6
4.0377523573752004e-6
3.1822274690524736e-5
8.106813591443722e-6
3.7539100042766344e-7
2.030141656696284e-5
4.100587065159289e-6
9.521895304708943e-6
6.687575955875803e-6
1.4633330028055315e-5
5.174072707008608e-6
2.8567605824962246e-7
8.046037925092961e-6
2.823642943370279e-6
1.207124893218531e-5
9.825448816105517e-7
2.5415517486636397e-5
3.3834088547505064e-5
2.7780140649629928e-5
6.0194530427009725e-6
3.478973474946429e-5
1.3033363938474459e-5
1.0417447938261965e-5
4.668301559389823e-6
1.9703846730606587e-5
9.88879725928443e-7
3.293053243884809e-7
2.997799908738507e-5
2.4298440851444854e-5
7.315618696236289e-6
8.284671855544628e-6
5.262608340238796e-6
1.506388225316266e-5
3.3460114832008e-5
1.1492516292778025e-5
1.1280163153733942e-5
9.293369111114814e-7
1.3873960421845193e-5
9.075069993018841e-6
1.2758978732976296e-5
5.841227064916478e-6
1.3524824368307312e-5
5.659295212679729e-6
8.323533344081686e-6
5.598911912667588e-6
7.716952466281467e-7
4.4171124547766116e-6
1.3259364094129635e-5
1.2265885839486266e-5
1.174697582340704e-5
1.3573092327062903e-5
1.6257461639557996e-6
1.304507203897263e-5
1.7502978079189518e-5
3.264250406820561e-5
3.759100056223845e-5
2.1577950635439403e-5
1.3387557929536197e-5
8.889861830954095e-6
8.499180300007552e-6
7.580025298247893e-7
5.836560055169811e-7
7.467280262324482e-6
1.4146142267466284e-5
2.5506684316935525e-5
2.3111730576347445e-5
3.6686737309436564e-6
1.2395015250505627e-5
9.639930245343513e-6
8.760440079301779e-6
1.3846285839722281e-5
3.3503497086001756e-5
1.682378262216746e-5
7.542061171780434e-7
1.274764553786217e-5
5.853590696003566e-6
1.0274233303712705e-5
1.0088216818572862e-5
1.2662056412315525e-5
6.5632977076933885e-6
1.3446027600299079e-5
7.2686430919804846e-6
1.1193063232031481e-5
3.8162324026330374e-7
9.525200272110454e-6
3.2274585663257797e-6
4.2938034967205044e-7
1.4240205153353497e-5
1.6844591535505884e-6
1.5766945829475963e-5
5.755589645928861e-5
1.4996259078278974e-5
1.3690281488044829e-5
8.471235381667898e-6
2.8847318126420338e-5
2.3678436278785815e-6
4.22284884350893e-6
6.461756682832364e-6
8.597693037764393e-6
7.829667136920452e-7
8.183151950833137e-5
1.8661366843908718e-5
8.042060926682635e-7
6.809619216306165e-6
9.038763659531855e-6
4.3690539612714114e-5
8.867044575121272e-6
7.430725917809569e-6
1.6994745742424688e-5
8.743970047386822e-6
1.288594543569074e-5
9.81813683926244e-6
9.174742011592878e-6
1.645510651552875e-5
7.988228055121337e-6
1.593852606030464e-5
1.0055398967438418e-5
1.0208050713183515e-5
2.9311853976137415e-5
4.876033595638492e-5
2.5671190922304796e-5
2.203170605198873e-6
1.0237806591072245e-6
4.943965352966452e-7
4.880020492499742e-6
1.0570476711782609e-6
1.3480864095799126e-5
2.082487980041039e-5
1.0615132205898622e-5
1.2473670250825157e-5
4.559487788194359e-6
5.075182140182136e-6
1.7388777904730506e-5
2.472827420841002e-5
1.927296536269035e-5
2.7701537162969695e-5
1.3049132838948342e-5
1.443819605616303e-6
3.310495869634188e-5
6.121303140192163e-7
1.2709871667744657e-5
9.479698267865139e-7
1.5563414524565603e-5
3.299260842262282e-6
1.1214848860941199e-5
3.937463864287637e-5
1.5901782855905002e-5
4.094725207249497e-5
3.850168573659698e-7
1.0869022942534202e-5
1.2766914731358872e-5
7.474422435500397e-6
8.842045409556892e-6
3.573909515252424e-5
1.0736756577182728e-5
7.565140479710339e-7
5.725030441150088e-6
8.679520816454382e-6
1.841181090107977e-5
7.1660642822917475e-6
2.962517959311198e-6
2.2784212123599587e-5
2.774599030766882e-5
2.827459567846606e-6
1.1164792761742039e-5
1.0333013797445756e-5
1.642161438301536e-5
1.688553254273809e-5
1.2150415642824863e-5
6.607843567854444e-7
1.0103676745981395e-6
1.754227152966148e-5
1.4885225511404522e-5
1.3456105858373782e-5
5.7712434782004455e-6
0.00010947782930405458
2.3183319585562896e-5
1.963548560681763e-5
1.0430290306820333e-6
3.0391887020071442e-6
1.0925620538179158e-5
5.5107275632490605e-6
7.695276170982069e-7
2.1648122806079843e-5
0.00013800736699665845
1.1000411746622525e-5
6.882417137870805e-7
1.444435025817927e-5
2.1700748032122378e-5
9.074699679859762e-6
2.0287479126295087e-5
1.0733828696188294e-5
6.317577462130011e-6
3.688472708162183e-5
9.443667263705518e-6
1.0415652066386183e-5
4.106679822410664e-6
1.0058308094203679e-5
3.885039979083253e-5
9.731999319646624e-6
9.24164233610494e-6
2.2143888273855906e-5
6.539045884467954e-6
1.0509419710553727e-5
1.1296118183764109e-5
8.94841206855681e-6
6.198985069963883e-6
3.2275750271693346e-6
1.3274756497075254e-5
1.2015589915664531e-5
7.013884072190515e-6
2.821656909733231e-5
2.30879321783668e-5
7.680650003989063e-6
1.0807167023421163e-5
1.2620120788923778e-5
3.037827782369141e-6
1.3282251820582742e-5
3.9197040374421957e-7
9.737047323359703e-6
1.0114669854139606e-5
1.051648139565377e-5
1.8752418772872634e-5
9.228133212441973e-6
1.1377813342694123e-5
1.0795044326637613e-6
1.214073190166495e-5
1.9278552205271438e-7
6.061762624382977e-5
3.14856724173113e-6
5.232407660468132e-6
1.5572812781639107e-5
1.3485510523571475e-5
0.0001227327598721172
8.817238595466944e-7
8.41387354442783e-6
1.2098461314314983e-5
3.6257686950614755e-5
1.665157362095685e-5
2.2425239906256722e-5
8.210123336546425e-6
1.5905659359428823e-5
6.170734206428316e-5
1.8075678475018035e-6
8.349440341774035e-6
1.8932210746353136e-5
6.792326044083153e-6
6.79824030386172e-6
6.586255992880461e-6
9.976107585052679e-6
2.418020656065635e-5
1.3941173263552476e-5
1.6054008052265512e-5
3.451994864554253e-6
1.3065846782759036e-5
2.804679234260061e-5
8.278543090837346e-6
1.7530514316188667e-5
1.5705121122623212e-5
9.965693399671244e-6
1.4106763266546146e-6
8.190932767287464e-6
6.1848110779189315e-6
2.1193246673564826e-7
1.578876768449923e-5
3.460819350735066e-7
2.287935359203905e-5
1.0156778268645195e-5
1.2157602884236305e-5
1.9868109749569462e-5
2.0029565187470558e-7
5.2195237166701253e-5
1.9625146396891643e-6
9.282149850416694e-6
7.181703580107878e-6
1.4443881890261272e-5
1.0177739552521325e-5
2.1236984638480266e-5
1.6503422975930906e-5
8.12942395670694e-6
2.2946396672045653e-6
1.4493745394790149e-5
1.1002977824938607e-6
1.0853240877071787e-5
1.7504645759926066e-5
1.1516125925655385e-5
1.9633698251478477e-5
0.0002548812537503408
5.106794458564327e-6
1.855545202710485e-5
2.1745591370650484e-5
4.654145228095856e-6
4.863193658999935e-7
1.2936736297372747e-5
3.2694121105936753e-6
4.176015225485679e-6
5.712181347172967e-7
1.7763636086444526e-5
2.412793706886747e-5
2.085828199309704e-5
3.908849311343881e-6
7.996431149207766e-6
9.58702216734428e-6
1.914499690530907e-5
1.204044437586638e-5
1.7618162265859183e-5
3.162122470335918e-5
1.6063340861896504e-5
6.0502679976289574e-5
2.305952200814228e-6
1.2416268413761318e-5
8.187557406799008e-6
2.289855207339578e-5
2.1214547826801014e-6
1.8760555653293478e-5
9.01822976138471e-6
2.1297258579668067e-5
3.2286849431719174e-6
5.476060157506441e-7
1.1224043474572255e-6
1.3084018755533512e-5
6.490280065323923e-7
2.1456981368332443e-5
8.479183136549203e-7
3.5199340144642866e-6
9.359918377610205e-7
9.601164965278129e-6
2.6238050992849624e-5
1.0510157003088322e-6
7.572988895760415e-6
1.0538283341042087e-5
1.0720185520166916e-5
1.2897709711640717e-5
1.1740407073218008e-6
1.1352484743218007e-5
1.430643681895884e-6
1.3467492914653376e-5
2.209969172734766e-7
9.738945465725327e-6
5.281981024882843e-5
3.4373979329150534e-5
8.506163035372533e-6
8.11569456976253e-6
0.000228416351111047
1.963207798234229e-5
9.082831305449773e-6
8.317455781791844e-6
1.0385805582020728e-5
4.139107890226377e-6
3.434779703424401e-5
2.5746840090680074e-6
2.0259273193565945e-5
2.487450305913983e-5
1.4863419854506818e-5
5.333249448418443e-7
1.0210130545549018e-5
1.0574023653842635e-6
1.5349332044688818e-5
7.003248650652587e-7
3.683781865055018e-6
3.5389581669691914e-5
1.0801155406269263e-5
1.604120159995191e-6
9.513995376043564e-6
1.5452504228423064e-5
7.301650399368789e-6
1.664617005283447e-5
2.9335159717361362e-5
2.336337740024414e-5
1.170291817377007e-6
7.925515934958892e-5
1.3713599287473163e-5
2.3652252049633467e-5
1.065594615476184e-5
1.3495445947267171e-6
4.0514902322507015e-5
3.903378487074491e-7
8.08454878063545e-6
2.2244953885607488e-6
2.7562115587437738e-5
9.177569039909447e-5
7.426897625660638e-6
1.42510852755547e-5
8.623769053897671e-6
1.1385955354220292e-5
1.9806968311491058e-5
7.162282480841726e-7
5.393101411223298e-7
6.993005051371074e-6
5.698833494779757e-6
2.8673643841801862e-5
9.077553162455443e-6
1.5731347585819196e-5
4.192509475747728e-6
1.6140680385404438e-5
1.1755952147084269e-5
9.770526872285397e-6
1.5301459107613194e-6
2.6209225286965775e-5
1.4072271940396759e-5
1.0231580273450263e-5
6.389189399327063e-6
9.372219692258872e-6
3.22683214405828e-5
2.0189183358484314e-6
8.607346178152012e-6
7.130979904735874e-6
2.0329173109940934e-5
1.4020542427829576e-5
5.1506938581238105e-5
9.207553429637216e-6
1.748813138789415e-5
1.424243331629986e-5
1.0232318669136573e-5
1.2300868539650058e-5
2.7806686206648155e-7
9.623121550740103e-6
4.722997166830931e-7
2.8295668743219027e-5
1.371646967311388e-5
1.0476956493440507e-5
6.255521389578541e-6
8.673661080455912e-6
1.4569918570094251e-5
9.289855911501849e-6
2.126907063003421e-5
7.707614728149618e-7
9.840703077637519e-6
1.9019380306089685e-5
6.708426505567342e-5
1.0689255030620552e-5
6.715548417822993e-5
0.00011088667264273914
1.4026662965423174e-5
3.713347728878747e-5
9.447183186597492e-5
1.4645831184995803e-5
8.849961629917617e-7
1.1388074876375306e-5
2.4650963123567244e-5
0.0001503898964952777
4.392653675809845e-6
1.6892800085664947e-5
1.934101685950876e-5
1.2393525862024662e-5
1.1821021675063875e-5
1.4215641444236076e-5
3.8487343993549174e-5
1.9627201360952533e-7
1.202385596536878e-5
3.145927750489424e-5
3.9281386365351644e-5
5.700945892982913e-6
2.7984704313838847e-5
9.827105626652748e-7
1.4957815980692365e-5
8.7613759282091e-7
1.2070324857671621e-5
4.380248885485894e-5
8.051795789442453e-6
2.4947573179788612e-6
2.905479868085677e-7
1.205769354529368e-6
1.2795628905844662e-5
4.756222629198422e-5
2.0498911097593142e-5
1.3992556923739092e-5
5.728647724270567e-7
1.7268277557830666e-6
3.966334599846973e-6
2.6751531450201776e-6
1.3791874971380606e-5
3.364843596615345e-5
7.03119493683426e-6
7.204078626003417e-6
9.138999459559323e-7
1.165489507490058e-5
1.2399104927784402e-5
1.491450864494248e-5
2.3654384846325364e-5
8.97504670385442e-7
7.450544025134999e-5
4.382412459000874e-6
2.041539467305281e-5
1.7416304766148134e-6
1.4584541004398603e-5
7.41088068860563e-7
4.327645157081442e-7
2.839203813659694e-5
1.9715908171962844e-5
3.644154941845684e-6
7.115724521147795e-7
1.4294667766825527e-5
0.00038370423848540087
1.2403009454679542e-5
4.914300698283063e-6
5.14498319606335e-5
2.8956160868918882e-5
2.2982914029482013e-5
1.6949093785390674e-5
1.965798015156345e-5
1.0054597236455366e-6
1.85279927564601e-6
4.2185802893202474e-5
8.274240769573965e-6
2.1443152166890034e-6
1.1698606567744465e-5
6.644612861498605e-5
6.703071058225198e-7
2.819565389470728e-5
2.635348029431666e-7
1.596117078752423e-5
1.3524428895727912e-6
5.934381225211395e-6
0.00012308150455908254
1.0937967139462075e-5
1.4394356695680328e-5
1.965168855079667e-5
4.469634416390592e-5
4.369152084345437e-6
1.3773140525269027e-5
8.374721080295835e-6
2.247531913845841e-7
1.5686406312171095e-5
1.624550038164518e-5
2.044849705812479e-5
8.002288618874641e-5
1.0883464977513025e-5
2.0005003947550548e-5
1.7531239498637033e-5
1.399244618775161e-5
2.4011182044087884e-5
5.8795937281226e-7
1.0850190512306697e-6
1.9347810696507117e-5
8.973264159475537e-7
2.5323368230893427e-5
3.437248243121626e-6
7.075244779379088e-6
1.403168716153584e-5
9.365211746412607e-6
1.3993130072620243e-6
2.5358765340490707e-5
2.661956561933444e-5
3.379014287568947e-5
8.118627040249961e-6
8.450009429986575e-7
1.7763117524441184e-5
1.923489346019251e-6
9.883547757843872e-6
9.674035596732685e-6
1.0556581528852511e-5
1.6090894586369907e-5
1.9987658097393797e-5
4.8341400706457216e-5
2.8213322579354435e-5
8.495084308264649e-7
2.1340998602204422e-5
3.2437190590884118e-6
5.998892014660052e-6
1.733667371410194e-5
8.39707274788365e-6
2.3394785131632455e-5
2.9428742383309507e-5
9.255874050247888e-6
6.564872304087514e-6
1.3702002932863469e-5
7.617081528023599e-6
1.5870844663029074e-6
1.5152902567323627e-5
3.248665255590462e-6
5.367586893729954e-7
2.3408425642763996e-5
1.0575967486038462e-5
1.1743124723841761e-5
2.2277922204948896e-7
5.199675092269382e-6
1.9712149144591045e-6
1.4766280594645233e-5
1.0265894136136602e-5
1.275937554453267e-5
5.579464528448986e-6
1.7961483832426658e-5
5.94245619648457e-6
2.81633669060656e-6
5.634587674883379e-7
2.714145197420729e-6
3.857776727162901e-6
9.262082768877186e-7
6.371300889214139e-7
5.348204872926633e-5
1.721348435517361e-5
1.027956130544531e-5
2.2431169693568875e-5
1.5421417326912198e-5
2.867806247104118e-6
6.742686780425558e-5
1.8366356174934537e-5
1.4293117630042534e-5
9.853695195504626e-6
2.846107977851943e-6
1.2152093487801218e-5
1.994569297210952e-6
2.7584215647331883e-5
5.854198744992277e-6
5.724672130403279e-6
1.4950264640396422e-5
6.976368381758308e-6
6.251966957077929e-6
1.0244897356295718e-5
3.4533355177806036e-6
1.1064568015371195e-5
2.0158771537183293e-6
2.511541839194224e-6
9.65827530816915e-7
2.9696693342510417e-5
2.8086731293813017e-5
2.523124359575038e-5
3.125171272912953e-5
1.2215515067189011e-6
1.6129448316882205e-5
2.9030089482280938e-5
1.3998756947506097e-5
9.579025935783609e-6
9.166683114587938e-6
2.3337654050073211e-7
1.3765636931607775e-5
7.697035124223496e-6
1.3631033683774805e-5
8.307467132112294e-6
2.4933906105086534e-5
1.5019565373177494e-5
9.020631212811364e-6
1.429760072315644e-6
1.4263661931150868e-5
4.89950229365958e-5
1.3007190023471697e-5
9.63864716302978e-7
1.847390858374835e-5
2.4927480673471343e-5
1.4018197319069069e-5
1.9234494188764962e-5
1.1409549165258268e-5
1.9020628357242937e-5
1.0907237787178573e-5
2.4709784319871673e-7
1.350073494441413e-5
2.6862156447359887e-5
1.6944391239422653e-5
1.9686142285440833e-5
1.3438347333047483e-5
2.9325735347992912e-6
2.471468172347231e-5
1.011177783950439e-5
9.259737925425575e-7
9.61273544532395e-6
2.511130779454194e-6
5.479554341136741e-6
1.476947548616468e-5
2.103041062363605e-5
8.220964406013668e-5
7.5307119755310885e-6
9.080652668576862e-6
1.548673716546521e-5
1.1087188492027136e-5
2.3478427012736945e-5
1.729453098844447e-5
1.1750525749354052e-5
1.0835129511397531e-5
1.739393685380154e-5
5.878767899636464e-7
1.100854139295739e-5
5.587245711497914e-6
4.7834981982933854e-5
8.73437647936984e-6
1.4561981041284073e-5
2.1697928490691798e-5
4.708399414439525e-7
5.078081880497396e-6
2.5258679072052443e-5
8.62786470552167e-6
8.713851257559208e-5
2.139954591758477e-5
1.4980340814776495e-5
1.6521923947948952e-5
3.521545891064626e-7
3.779371549126602e-5
4.3526629738734274e-6
1.5004506659324274e-5
1.2800585579092541e-5
4.3877611272209214e-7
3.535434501151647e-5
5.548959960399049e-6
1.1603616693805462e-5
5.112125482021828e-6
6.37413277904695e-6
9.614181234206368e-7
1.858550115890157e-6
2.970588087497272e-5
1.2398245259643e-5
1.9694932415388245e-5
2.5230715139265606e-5
1.1526054747160951e-5
8.815908282400078e-7
1.2327938659533663e-5
1.4658182070620808e-5
1.7613761180002474e-5
2.0169652125775322e-5
8.727389266801055e-6
1.8351136215511043e-5
4.257185074448278e-5
1.648278141940089e-5
1.1449013731572826e-5
5.094535020548933e-6
2.7359197194864713e-5
5.270011023901243e-7
1.745229880203477e-6
1.4502324636497025e-5
7.2953287397680425e-6
1.605992378021029e-5
8.135534307082134e-5
9.252261247242008e-6
1.6346596302837436e-6
2.8187246438248903e-5
7.881748253817745e-6
1.3119068199171958e-5
2.0829560383872396e-5
8.715233735670732e-6
8.175804087781416e-6
6.025772750371942e-6
3.46000741272037e-7
6.031723260689974e-7
1.2472282327624292e-6
5.739279210010003e-7
2.2757755530110475e-5
1.0406950097083156e-5
6.750943114851259e-6
0.00010598041511228824
4.034156976066974e-6
1.5923059757959445e-5
7.875964090827558e-6
6.570698094060977e-7
2.6076832635385504e-5
9.386497918719413e-6
4.242245722420185e-6
1.3232271269633012e-5
2.769790121931737e-5
2.607982388925348e-5
5.357366404114069e-6
2.6719518625358395e-6
1.0305577859420635e-5
2.584041176920665e-5
6.516760109473046e-7
3.217154776461918e-5
2.154783528766324e-5
9.037467289640474e-6
1.5857213882247733e-6
8.927339070122656e-7
3.4969086158689155e-5
3.436859705361977e-6
1.3471328364909582e-5
1.86269018881924e-5
2.4438493626322876e-7
3.2681311535476955e-5
6.176361848383225e-7
1.6281998779413564e-5
4.441363031527165e-7
2.3488286068132252e-5
1.552044527322543e-6
2.903731829307149e-5
1.829690050412761e-5
6.055815199157788e-6
2.2418533549665523e-5
8.055802512661749e-6
1.8506154596353313e-5
3.7142621054930124e-5
8.112908887662769e-7
8.496303844440703e-6
1.1590117941578727e-5
2.0437048224596816e-5
7.561280238242846e-6
1.2022962858837294e-5
5.89169564481657e-6
1.8051127486404663e-5
7.730188335347372e-6
1.8305140059690436e-6
8.915372279954688e-5
2.147676819085743e-5
1.8725063085140355e-7
5.516696527348235e-5
1.1763400573356233e-5
3.912241361914736e-6
2.3828414792109426e-5
2.6872653885962445e-5
1.2886952163627381e-5
1.762961622775046e-5
1.2017785603090461e-5
3.3434870545990206e-5
2.7400261801755405e-6
3.06800869137505e-5
3.5201884448486086e-6
6.432616592939543e-5
1.0960559415499587e-5
8.647665650023866e-6
1.1496788783273506e-5
3.953432704626949e-5
1.2166297879103133e-5
1.966991879720614e-5
1.8569057730932327e-5
1.1945646454482174e-5
7.560081711742951e-6
8.118938170502066e-6
2.089263132070015e-5
1.3934923204600574e-5
3.8531553872347015e-5
4.4293724164583035e-6
9.055620592473886e-6
2.7393727158074412e-5
8.53383434791345e-6
2.840028458725518e-5
4.888231128362146e-6
1.257877508344016e-5
4.9280180449194076e-6
1.7059665188796224e-5
0.00013635742332501313
8.59121912514726e-5
7.270344179382738e-6
8.273614723228637e-7
7.550112764847683e-7
1.0347026329036364e-6
6.404583735959222e-7
3.332823573591067e-5
7.579399312170041e-6
3.181554807890991e-5
9.549298532280189e-7
2.405719158197616e-5
9.15482000252417e-6
1.9189212615221614e-5
3.270397710668526e-7
1.0604677403125798e-5
4.4791179796637504e-5
6.334135143097223e-5
1.1879945757063297e-5
3.0422230056986324e-5
1.2286484944323329e-5
3.1643070986536304e-6
4.908317224330487e-7
1.9817998696819844e-7
6.459816686581946e-6
1.4135895853232818e-5
1.427953617199479e-7
8.000381260163322e-6
3.821253394447814e-5
1.6178997366661112e-5
4.3593339186269275e-6
3.5881516442935763e-5
9.784102471451736e-6
3.0670199113321835e-5
2.300250522452176e-5
3.30448175668144e-7
1.483447167243538e-5
4.3174370238023707e-7
1.4472686896886169e-5
1.2884241815144805e-5
2.368526196816423e-6
4.8743158540482e-6
2.3603827895705305e-6
1.2808215059601564e-7
0.00023123520937538293
2.7928307425900682e-5
4.96910660959724e-7
1.711914243854661e-5
0.00028107256523451007
1.1891509517012107e-5
1.701561617795337e-6
7.579338225253388e-7
1.101238299569023e-5
1.1005323467795796e-5
1.9005110627539856e-5
5.969401848121879e-6
1.530171106362832e-5
2.947746485382958e-7
1.113221825555097e-5
3.7635760229321533e-7
1.4194356822324514e-5
2.0769931630659302e-7
1.0962127816092999e-6
2.165159767157087e-5
2.1873546443214464e-5
7.335545568805821e-7
1.6047848109040002e-5
1.6691289789078035e-5
1.049236484361948e-5
1.9038448789728608e-6
7.145264809038626e-6
8.195872465335235e-6
2.9399605695841475e-5
1.0689946327930242e-5
1.8329100616051664e-5
1.8224544794354947e-5
2.44027986065097e-5
0.0001333966918801078
3.788215085620187e-5
1.4136854039670276e-5
8.927843141878383e-6
1.0404204211684613e-5
8.765650928182921e-7
3.4820939827715886e-6
2.6459813113372007e-6
6.342851234365139e-7
2.6763218783905818e-6
1.5545077271240924e-5
2.1341268084515746e-5
4.587455820546682e-5
5.890207345587054e-6
7.79671413171199e-6
6.330663946076281e-7
7.262242442499135e-5
1.0955655813491275e-5
4.5262710690059553e-7
8.861805979343877e-6
3.82620159785435e-6
6.628775106049423e-7
6.85975666457892e-6
1.0063759755551966e-5
3.6184821664780057e-5
7.609926130310496e-7
1.1474474343551328e-5
0.005575506447898911
1.2279869226069439e-5
6.329674634513482e-5
3.395842901922618e-5
2.146160317475898e-6
8.184162761360667e-6
1.0925584193742572e-5
3.73420626830442e-5
2.2648694094141084e-5
3.703986429112764e-5
1.8192262403129937e-5
1.3314456032197776e-5
1.8881304085015402e-5
6.533066457190625e-6
2.2327275621312244e-5
8.729590856820199e-7
7.448755217294496e-6
1.0052545857911727e-5
8.21715719767196e-6
1.0413750041258218e-5
1.8512733016311066e-5
5.028241136523865e-7
2.4832909200902932e-5
6.332103545329603e-5
1.6981123914042735e-5
0.0001384596127427377
