34.53737459074039
25.376482809511113
7.098915035199144
60.50423987997313
11.57259347374518
0.30962815867846133
5.756602973899613
1.2508144477113161
0.8900858564835243
1.6832112397708343
0.08385038784461997
0.8561360374962307
0.5603656831191959
0.34414331758505906
44.352056219643586
11.898256427090171
3.6963509014907097e-8
19.60738975491274
2.7842687913061817e-11
0.05348305139257853
47.71579980823334
5.2848827054777985
0.010967857507067717
0.8350946637577122
3.3962535510105907
8.322416709759933
5.204557875952041e-7
1.6151962677693233e-8
17.405556095956342
2.6443105326896564e-9
2.6584934990496687
3.329201551290112
1.0
6.163173126602399e-5
0.00873857901151817
0.0004392953961001481
3.657797058795816e-8
0.0031465016077973037
2.2238820715259058e-9
1.4063348041226205
1.1088076785898012e-7
13.688391308829626
0.039579930290571136
0.5820710684581496
3.4499026938291673
0.007279598497907833
16.281764471092085
3.883149297823588e-9
0.42960804465071506
0.007793471919040108
9.487778240647767
2.3291197499739535e-10
1.0
0.0006258730207748562
0.0010645259518991242
0.0002744807039885242
0.00013191113344020853
4.762473997446435e-8
0.0048301990785317925
0.01094871232420089
0.00012128175316786195
0.36063525219947146
10.015183945123452
0.22934803527073636
2.688046707220112e-8
1.6904649090770508e-8
0.595483345625661
0.047327964922858345
0.7147191607198544
6.586312474201258e-6
0.9873074459092912
1.3558714078338323
0.1871115123603693
7.459272404222957e-8
0.2714747358811703
0.5750605525928066
1.9548684405526575e-9
37.305882173320725
4.166269023163764
0.09002055495775059
0.0017187094012709686
0.7346705894835769
4.870764913384168e-7
9.284576798695533e-7
2.134955056131615e-6
5.732004076437556e-7
3.8774558074639484e-5
0.005658358337560444
0.02835849006784524
1.1296406712384656e-10
0.0007482341200249445
0.11147124349027082
0.06095499245618509
5.68947746999777
0.02670403312594658
0.004349736581181198
0.08459347408748819
0.04875231859134158
0.825467996442276
5.262404018890307
1.040746054954004e-7
12.43739465445119
0.03732748598708702
0.002535669304732005
1.7178188634404245e-7
0.4715494134766593
0.007139787839884728
12.325030642829027
1.6214611910338772e-8
3.6661979961150365e-8
1.0641876875534295e-5
0.7127491441237205
1.615033122823337e-7
0.24966306062861338
0.031274091608230546
0.23736507696358228
1.000428231073319e-6
0.0020048755621478904
0.00043660234845339403
2.3127511172393876e-8
1.1542096715247299
1.9454001256885207e-9
0.46194324484787097
0.0006576574073440098
0.004960856155684351
0.14721258434666545
0.0012468103746480145
2.880099101487894e-9
1.0
0.00042193076171111746
0.5574042755748317
1.433405690888129
0.0005748522390338858
6.885364592704748e-5
0.06558443553934268
6.687462598905488e-9
0.014778304060137748
1.4758163458624365
0.014628504261083313
0.160776819572267
0.001698998184530147
0.00028611708222736143
0.0003618353482091312
0.37519262150838345
0.5885984944549536
6.060688549283135e-7
7.848114715984383e-10
1.422814866612138e-8
0.33239278562241775
0.03808962950910441
0.002790973183396844
3.966940708287258e-8
0.5735727172116859
1.0
0.02663436693192473
0.002740318934786088
1.4009840558815363e-7
1.9263315724652094e-6
7.684447816735009e-7
0.0007222506359451679
0.1421227985676819
0.16002250794366432
1.5606813854561834e-10
0.15957588482354562
2.602572683148817e-10
0.0028378559162418955
5.071006907680004e-7
2.237059938332722e-6
2.743087800094168
0.0013131762890090212
1.4226849803856672
2.8659817038926993e-9
1.1823239960271089e-8
0.0003073611486787371
0.8390342079020195
9.073274648162371e-7
0.37611676765463103
1.4777436827601313
0.01638926277610638
5.978337611866143e-8
1.1289976205003956e-10
0.001979236364553193
0.03771576673250645
2.382863939029134e-5
0.07494453223087295
2.3787421644671834e-7
9.52753050646679
0.0004039355274174733
0.03968832855196278
1.4036289199243772e-8
8.33467810884042e-8
1.5406602203244133e-7
4.266113326105937e-9
8.65548615921643
4.9992996042144066e-5
3.927059977122584
2.1398165928993644e-7
0.001613989917855256
0.0005308702126185635
0.0007647408761503529
0.07471132084633127
0.003092709839016164
0.32204558555439394
8.626324343403794e-5
4.165252822130031
8.683974435625393e-5
2.6999192978683706e-12
0.0027010597636793992
0.6933606024634469
0.00012179838010642373
0.10051831669062092
0.32667210764657106
0.00842650262023577
0.0001706003654489587
0.1999226989441925
1.5533479261594751e-6
9.426596642548016e-6
0.020450853711766602
1.2280515971991247e-9
0.11251699417156448
2.010684867044635e-6
0.0015304335953014625
0.0014970664608861617
0.29813670692013056
6.308269193680572e-12
0.6359010577542168
0.018402094951495716
0.05579552900784072
3.2685495945659817e-6
7.519494995865636e-8
0.0004476008722083191
0.0008422965760944538
0.07172018905021729
1.0046776620897996e-7
0.892401926996111
1.646678599276201e-8
1.694326703250235e-5
0.3919492802794393
9.337776078145528e-6
1.3682917380945288e-7
0.0003333063412046768
0.020837619482674756
2.18813301300546
1.5860441752903192e-9
3.447302342030481e-6
0.0034547932705546085
7.466217891335822e-11
0.0002407251374000298
1.2359388460053838e-7
2.5887001339948385e-11
0.00023756851543358225
3.998585712936315e-7
3.9116324168371e-11
0.03054249655762219
0.0035888431073422262
3.6623257039591546
8.995621297770467e-8
3.956919972318138e-11
0.00020209879643146708
0.0017882751563358694
7.368145183686635e-7
0.0007136639716537807
0.21386441433670372
2.0205580761407996e-8
0.009844518044808166
2.3917823422941056
0.003595805499971183
2.5655780717919697e-10
0.00328643724986635
6.471458189550651e-10
0.0160321429550784
3.522130002678545
0.004315716287404176
0.00035368889847148786
0.16867146969256133
0.15531318205374145
3.5486502547954114e-7
0.040359892942361295
0.05634501497420702
0.3723591406621236
1.1422908745265767e-10
0.007846582743483684
0.4656530922208717
0.3754639238089136
0.00549191412108726
0.00016513961239517
0.030793399667378124
1.7478260065742685e-5
2.139602480432641e-5
6.005926092187165
0.1193956871556956
0.15720376952945744
0.013429718214832145
6.899443731398825
0.0014965885320828275
2.564113060041324e-7
7.120102725275708e-7
0.19617508825881042
10.552964284115022
0.8022301945463829
0.0015418172110050364
1.150208661760217e-9
72.14792019099735
0.2711220472262002
0.014624249435862989
0.000948721710711595
9.106209514828936e-7
0.033659357855883774
0.0016787199040388134
0.1259386164803717
0.019738461403623685
58.789729753544066
8.528320002566053e-7
0.00636451312514239
0.00193768589002066
0.05538446822428929
1.518516672024414
0.00023456466462580815
5.926464737450702e-5
0.002709217473193709
6.182204613988843e-9
0.001355767667162608
1.389484707524677e-7
1.1697169827341042e-6
1.3680734021564326e-5
0.006501146131091535
7.975140385483679e-12
0.0003450914544961623
1.291307539967901e-5
2.139010592106627e-6
0.00031713032190760175
0.0005754286982447818
3.729061638109997e-5
5.4766008245572926e-11
0.003743638348013301
0.0001120498703434223
5.595879256959642e-15
0.7594757504808494
0.15776519018512764
9.71540582872958e-6
3.3406012100759173e-12
0.010242057153954723
29.8818864136942
5.1984258959595924e-8
0.003388134064137603
0.004799738700369753
4.861553335182129e-6
4.991165753166117e-13
0.14590794829652812
9.820025330127582e-5
0.0001869836236671882
0.018347851007372816
1.846183166021969
4.7095290643181726e-7
0.00024960847962292613
3.55661518647258e-6
0.39765652973055104
0.003136926193406343
0.0004776808100036076
2.1140977024365548e-8
6.985452276327153e-5
1.261545051976887e-7
0.006318415106531855
2.799767180940078e-5
0.0006057385285614726
0.014257028652916321
9.298884791015448
4.6222759967992983e-10
4.4405847898694345e-6
0.007049896329090034
0.10699899155722051
0.30896655209430607
0.0008987474129257061
0.8081511630802534
0.12228144025289282
108.39471367932677
0.0004653772055421883
7.50825522016868e-9
5.638620805037217e-8
4.4544566563476514e-10
2.8432152532772437e-7
2.233076177617361
7.068167436442652e-7
0.0009298968829814648
1.7146110621678604e-5
0.010969244855711756
6.29920437773192e-6
2.93031544725092e-9
0.0006050910037186862
0.9409962287554238
90.48369693668054
3.943674899930855e-11
3.909307785512718e-8
7.074336847572396e-6
0.001048412318348582
7.239427155547373e-5
0.3622674271602014
0.004165286943164933
0.0023041368153546467
0.0048381535064799
1.145273642110376e-9
0.00048435407392151804
1.3516307161644107e-5
0.023797244063846805
0.00036589745279620825
1.1417021084329694e-6
2.552873021309944e-6
5.761102803155122e-9
1.0290292879652976
0.9979658968754015
0.01671520364614623
137.04355569556125
0.0016670746867814789
0.9293192955117571
2.6329366016418766e-7
1.955847958789019e-6
1.551252293409116e-10
9.323528655334658e-11
0.022978578483642733
3.919113788764381
7.07168172588161e-5
7.513973331984785
9.608197914564903e-6
0.0955144001117091
0.2100526794660139
0.2009986098505282
0.12618211146692607
1.8503289463776247e-7
1.0
0.00032437796612038854
2.2396315558559063e-11
0.0005369701525368974
3.235936462150047e-7
0.6313970718308693
0.0036860850134544927
0.006221134830055471
0.014651199541788512
2.1563669003489955e-8
1.3438162117821792e-7
0.014429730203867619
6.9215280756911e-7
0.00957994132415044
4.035164497875162e-7
13.319155932092198
0.10852798250283581
2.8558520568706884e-9
1.486892367090568e-6
0.1554413092158885
0.001033727048351042
0.13258062643677598
0.0017425978991377974
2.9680389783628035e-7
1.963383258833651e-5
1.6985911274002667e-10
9.794286527774277e-5
0.0008995949679180208
0.07654187634335238
0.35645681013912206
0.003068538620208472
0.5634911947541913
0.007497062955012683
0.0189577858583161
0.09974882839012486
0.28751838860226625
7.793136945231132e-6
7.655180821453559e-5
6.639108438335788e-7
2.8941294097682433
5.158436840031168e-7
7.070941467018827e-9
0.016179357584861283
0.014221537588451093
4.975397950209897e-7
3.0776481740457466e-6
4.0401252872214047e-7
4.986760881432639
1.4401663520597218e-8
1.3878162987544525e-9
2.547582577587527
1.0597428678623428e-8
0.0016287360149449502
0.00023403788336560076
5.0328859038014e-14
1.372773431307613
0.0001710377758103986
9.128477727086332e-11
9.877701024796782e-10
0.007410453742345656
7.857709489952612e-6
1.1219493882798264e-5
4.685370907483472e-8
4.413579790385269e-5
1.5366707593230057e-8
9.075199213607517e-8
0.01047305104520876
0.0024857143884056943
69.95683744571868
1.3112341657661698e-5
0.04767819484661909
1.247393517850402
0.003914648772150317
0.003393786005253071
1.108214202481154e-6
0.11884529235105386
2.1755205440104884e-5
0.01890313575866059
0.012988759601926775
1.735134010485386e-6
2.3393445153689332e-7
3.1763839515403944e-6
3.0588769229585457e-6
0.0003829890923298844
0.0006127027577675977
7.146617132110732e-8
0.0013987063171078571
0.0037849581270881613
39.27579274139073
0.04458405661230162
0.017739483911753465
8.389797971054042e-5
0.0014445693549342152
0.004209595249190066
1.2457947854731648e-5
0.17373615799808453
0.022148236760689263
0.00019235579745577065
2.0054244334268576
0.13315830233335346
0.014624771940134104
0.00020056099220310463
8.9370724477103e-6
1.025186346101608e-7
0.06468831940341352
18.952471664817104
3.2068544615365408e-6
6.834615753785717
0.028943746302879856
7.878532436526168
3.757732262083122e-5
2.5366170474031434e-5
0.38600673306802574
17.29230079548449
0.0004838697038333673
0.021364616197340876
4.249200670962619e-5
1.5129805681231963e-7
0.01568620716231381
0.00013628569715957566
4.212506188266271e-5
0.002478137472962306
0.01156885447290186
1.389398356735537e-5
0.0014777237831047976
6.553361886678593e-8
1.4815144955947906e-6
4.0120406935808983e-11
0.028835687492625738
9.801659850385721e-6
0.10616951369051182
0.029063619484430328
0.0006873785015559293
1.7817828367147013e-8
14.020846774701536
3.414848818728923e-11
0.004113060452831272
0.007359721128395805
2.634929999306462e-12
1.1556582867455867e-9
0.03086936411429079
5.52989239784838e-8
0.0016511098903437538
5.767486847784905e-10
1.064004041691518e-5
1.9557075847198296e-8
0.03836052570707413
8.312926725334895e-5
0.8028686428728398
4.681880771750297e-7
0.0017125791375550512
0.0010260629851065297
0.24542630348356206
3.9384198699356303
5.9264723559662286e-5
1.7826370377141914e-10
3.833727894819397e-6
1.6410798434058688e-6
0.00283867340697728
0.003509546090780462
0.0036143073125527525
2.153321216777272e-5
6.487667150064155e-8
0.759782492129522
2.462582180938766e-6
61.26981659190523
0.00026375731896436045
0.020720942827373176
1.6939136565173533e-7
0.0021374989902696296
0.023036076860168057
0.002095613275335495
1.0105291380194626e-6
0.022403290120567097
0.08098241793407572
2.433238494980792e-6
0.08343385575051204
1.6890101303136936e-5
0.012098951548189553
4.072079329139683e-5
2.6966818648812563
1.983461456465587e-9
610.8366857022039
8.082567780415137e-6
0.13651750118254385
0.006470781902552319
9.276112817055418e-6
7.438423827829866e-5
0.0015486841095824196
0.00012916534751400264
0.02116990421224739
0.017100849684957842
0.1258871090651267
1.7407130516925627e-5
6.4423653747005085
4.64939179884063e-12
0.03262440997419865
0.005691205849853566
0.17445052537437086
0.10538934325563325
0.008801644553457099
0.24386917557083476
1.7211507873712588
0.0001454153083244541
0.009457436190555073
0.5632462194898202
0.02273426659140248
8.986213389246279e-6
0.018157571716659993
0.09982686878981895
0.0004928927861070254
0.0066711563451914225
2.8670507904720285e-9
2.203342680749113e-6
0.00010888663079413604
0.000590822707428695
4.349953441910946e-10
0.002107947550443635
6.27222622571829e-12
0.0029907659529211737
0.17130021207361346
2.4452558558852377e-9
5.0530868995678536e-5
3.0415865553333425e-6
1.5086071261041976e-6
0.040565530557566454
0.008666623080041187
0.00018475778087185065
0.6003304321232381
0.0001438122802283504
0.18952304050166585
4.199950062277777e-5
3.874154020205234e-9
2.3118082108299404e-8
5.805726440000834e-8
1.0931951024189886e-5
0.006419003153971079
9.85898406730713
11.008384530006404
0.0009180159019712982
7.476524290202162e-8
0.0738424297100372
0.00010888458007916508
0.00015836050498957817
6.341054635460383e-7
5.728938956100019e-7
0.0016024548478048438
0.0006604643956032553
0.0014258120518384563
0.016938158485903087
2.142184368851653e-9
1.5232110953203966e-6
0.2516460341795487
0.028664561328581202
2.8301812404383002e-5
5.33946691086633e-9
125.976170646228
7.069401731513196e-5
7.130881323343976e-8
0.0016329515297539713
1.004419023162813e-5
1.610798510832463e-5
0.0010009658305874791
0.3111747320312174
9.314524550264582e-10
2.1653057242520608e-6
4.677276511480046
0.315514826755251
0.0007737511341241871
0.43123116301020475
2.3808676828814504e-5
2.94885165490246e-7
1.7379581704997308e-11
0.0072885148994435225
0.0003009038667954446
0.07864163924800456
0.0004697741597030788
0.00022389116814890123
0.048143326478603275
0.2884123851011801
0.018359476739754802
0.2115046068785812
3.457034878474436e-7
1.7753300862870352e-8
0.0007320036430271914
0.0017465140312978747
0.00817516601954413
2.2447133706842555e-7
8.728755926749315e-7
4.561529331181801e-8
0.07241143795096161
2.80036196123706e-7
13.30549305271315
0.0003329747988281864
0.006440015694737638
6.630455134902325
2.5272466740328493e-5
9.033996641354841e-7
5.091116611652862e-7
0.0014027866136363217
7.757068431128827e-7
0.00016766430239767115
0.00016361096011338884
1.0437155872956076e-5
2.195678825109264
0.03792698016058806
0.004627499888863813
0.0002114083228002572
2.4055145263294167e-6
0.07768678257951284
1.8483244229538607e-5
2.1310356002000117e-7
1.8974434812637052e-5
3.382712779792569e-6
0.024559996052990953
0.06096206302453111
0.0005199719175045386
2.0370844480560224e-5
18.18213391886238
0.0193166166954541
1.9269858088160136e-5
2.4790807028262815e-7
8.13537874325539e-7
5.077680499136456e-8
0.0012583269282458742
0.002148099795713217
3.0365492909265046e-7
0.07890581051513257
1.8907656603391935e-9
0.00344804791419348
1.0
7.753793435644611e-5
0.08161543172039423
283.94286688185616
6.530766843109652e-9
0.0006400302447234767
0.010837222609269266
0.0005739707869434832
0.49418010050391853
1.4045733389510616e-6
3.2006890403331796e-7
6.559130141881676e-5
0.0031680190080558435
0.6213163900966124
0.0002426596854605572
2.562777457215596
0.001250688586347307
0.008350382901308412
1.9628204621621119e-7
0.1760688640899333
1.06043775493335e-11
0.021324270542929014
0.00791245407127707
0.003863871729409523
6.030428482320932e-6
0.00996218360512508
5.112683873453818e-9
0.009434388529098217
0.005946124486574468
0.004669990716699915
5.377304663014924e-8
0.003587770823735087
0.00021009635304440496
3.070392871581461e-7
2.1013126147955994e-7
2.7841462676009864e-6
4.262359883841297
2.6817965594847495e-5
3.838760819702838e-6
1.2705641242657495e-12
8.367840891500031e-12
0.0020001292022773292
2.274002581521453e-5
0.01816052796440819
0.0029669773253184323
0.010901330097917094
0.02735131050109078
0.00010622385065190902
0.12404968933604602
0.0015146307462733837
0.9998415948683979
2.0127306539322977e-5
1.3358516103509088e-6
1.9336126661108923e-8
18.243099751048845
0.005328587067140581
83.0086978650789
0.001076621988390123
3.500318314243263e-7
0.05743974778078803
0.04274898398713149
1.971951553523313e-5
0.0006148537551244858
0.19934078068518854
1.1477678106387061e-7
0.00020880464907097447
49.14260103592969
0.00047302205753799474
25.670200395609985
8.274849071571851e-11
4.065012008204125e-13
3.4364160515973626e-5
1.6041468790233007e-8
1.2545705343557572e-7
0.003521999594809987
3.6515709118387654e-6
4.50261702396131e-7
0.025224706091966205
4.184077077760637e-5
0.00010755491825267956
0.06827265096655206
0.0003220102138318052
9.798842906099528e-7
0.0017944557947301442
0.008432539813188988
0.00020208405657089732
0.00013804369582067478
0.003593986747891955
0.05226804014522741
0.2314738122715948
35.47322473706684
0.0008229635970550826
1.1223332558621384e-6
0.0008279869857039789
0.00019505533960198967
3.1088345850907284e-6
0.00027474810145596614
1.5126090303430404e-5
0.008823497624003519
5.6219081935426175e-5
1.629456126556233e-9
3.9603856531493657
6.2477853483096815e-6
0.00032855825319713704
3.6365651675611834e-7
0.012589611819427832
3.1509556862703655e-7
8.067180423585817e-6
1.2217487018986571e-5
0.005761511721375856
0.00021150767523717953
1.0
3.411032109985291e-10
0.0014343439470222467
2.750639585657786e-7
83.18412629668407
0.004499447637395405
0.0001314582283208027
0.0009999681210520234
0.018396387127381293
0.21768953031841687
0.000930768641427681
3.931358001198811e-6
5.6280809724404614e-8
8.679759885256207e-8
19.160710534380144
0.00019571755271685393
0.03563808160572901
0.017105351192390587
2.624766458116292e-7
58.734435125781445
0.46254964529162335
0.0006403379119842358
0.00302217486743022
1.0
1.0133844119847591e-5
0.004951332188364452
6.167027193186005e-8
6.7735386666800674e-9
7.130518532574442e-5
0.0012712260280434544
0.043062123274579145
0.0013885016703058864
0.010854192620318252
0.001860786620036426
3.331458809261025e-5
0.00011992720129405231
5.301104152981918e-7
0.00023175688777773258
0.009791606457563377
3.5845762677110777e-5
0.004394239694623069
0.002139575489305247
0.009408036884117987
0.003957152406374238
0.0034702077169438423
5.05240571203549e-5
0.001223666596859225
0.001141862572861409
0.000832315719586562
1.7886172428406145e-10
0.007495358130697049
9.31939830276954e-5
3.429969208230091e-5
1.6258369351858075e-6
0.017273499687885184
1.3666796813578908e-5
0.15248016204851209
0.1011143662487067
0.0004431052701109568
8.085407644276565e-7
0.22135176505224988
1.9606176125091332e-11
1.4559540264558433e-6
1.4456257265840997e-5
6.800465595921068e-5
9.201580750578359e-5
0.0004691548338342794
2.7636858011381594e-7
4.757601050704939e-9
0.0008805598731583701
3.422013267346809e-6
1.066394491409053e-8
0.007305089212576366
0.0008235186982957873
4.91576643639442e-10
0.0006494625280464804
1.3893824567492898e-8
0.012656270034619284
0.0006599246341814556
0.00015287926515411492
7.820862704742699e-11
0.024834396033726003
6.592709387179465e-5
0.0001913126748082292
1.6936250634582602e-5
0.0010200797066149832
0.0002650233681184125
2.535918941934759e-13
0.0005034948090176465
5.545589909241267e-7
0.00391581507302769
7.1236621245288e-7
2.283615524402539e-5
0.0006731031994481437
1.790353655026813
3.770269936322916
0.0009416932557462489
111.13417809515263
0.02251199049458663
0.018350445184965532
4.988804941187212e-6
2.3387119348984107e-5
0.004261361835434686
1.8157834629618723e-5
0.001114530123746479
0.004386882787387126
0.0008856457489319188
0.00014212850295271178
9.027640327446184
6.431453080605109
0.009536031121989468
1.2584834768586095e-5
0.015452079119038238
0.0031371038981050756
0.0008923964347036337
0.005341577441687086
0.0010932912924718735
8.075625537752991e-5
1.722704105506468e-5
0.0003616131899482105
0.0017357825069065187
3.4441502869958515e-5
0.000724068987719502
4.364839936152677e-11
0.0010630419737267913
1.5227822036137787e-11
5.4001659496229464e-5
0.00012623834787679514
0.0003763700980527721
0.07172384802459945
5.252157965102539e-5
