0.0011027250541210728
0.0007373311354379779
0.00033376872038308827
0.0006927696954552953
0.0004282743336072499
0.0010775780994917298
0.00044791714938618077
0.0008824280473614253
0.00030658999430866493
0.0007896988461885893
0.00041420879777818444
0.00024712766145102165
0.0011154118099937374
0.004125631431249777
0.0004234679985730743
0.001235057939669602
0.0010915877337413795
0.0004458611428506997
0.0007681003382213956
0.0003585155635299735
0.0004434636907404352
0.002226873600393052
0.0008831777453197348
0.0015787242498474753
0.00493842669043392
0.0004603886208403348
0.0003805274750235508
0.002147968061359633
0.0005941675144644678
0.000308519445688975
0.0004424538333090886
0.0003875591044739101
0.0007622802193832688
0.0004863621077680847
0.001349738887976701
0.000997633890840082
0.0005985308309270357
0.0005986662545710318
0.0009030809665651387
0.0006998278328642939
0.00027805247312906846
0.0005063433737599136
0.0009325976668741461
0.0011743114346943965
0.0006721516381685276
0.0003481186774659076
0.000552528624706374
0.0027743801472430267
0.0006645563096288607
0.0006722080470813436
0.00030838577872304806
0.0002980800630578676
0.0003294916293414385
0.0015028918803027549
0.0005287825353378273
0.0013257299259398661
0.0010689228759897884
0.0006832630725329222
0.00037971361570100104
0.0011645966781002046
0.0005643025910172812
0.0008026581105392085
0.0017006502288531874
0.0008796886468019534
0.001824089302712591
0.00027412676787632115
0.0030697536958482602
0.001004453386581275
0.000617667509013146
0.00038880397969570066
0.0007094955524208391
0.0008236790745862636
0.00060207899227662
0.0003902296269129166
0.0005642165725334949
0.0004889781634011915
0.0008125840276069078
0.0008207855560461171
0.0004480178832408896
0.00036447462525631037
0.002500076489679286
0.0012089203997466096
0.002980051701454994
0.0007190859112169748
0.0010090036696853125
0.007586693470103699
0.000419742249823354
0.004333603872226568
0.0004429072097329904
0.00022084451011404642
0.0016876146225898207
0.0006521596124172685
0.0002847219267634047
0.0008527968358293782
0.0008589129274229042
0.0003295607981556192
0.000954008041417412
0.0004371851997047944
0.0006366753508362382
0.0010203821121835294
0.0004655301408542392
0.0005625407465267167
0.003580748125775696
0.0006391160390232191
0.0005553119948536323
0.00030143311372179753
0.0004794014910414686
0.0003845231137077278
0.0013449377606463628
0.0003666774765399276
0.0014807535843085315
0.0002958917509049725
0.0006683296416230542
0.002206437461046872
0.000728041879897374
0.0007573897347471529
0.0036383321426545464
0.0003285191927504827
0.00028932038179607644
0.0009448743381651314
0.0005663422002637069
0.0020107567781435846
0.0004970359530989633
0.0005139370203961593
0.001211243184702472
0.0008821593058412691
0.0002952311159639843
0.002547912932552907
0.0005518278876865206
0.0011575369749937837
0.0017214056816233954
0.0006976934663188251
0.002338400355029807
0.00035130634366623795
0.0007723876103884245
0.000546714995329813
0.0009797858865704587
0.00038148819759913636
0.0013464763035449213
0.0004977781635304826
0.0007015510680304842
0.0006094723004037249
0.0003624888805481154
0.003472390150147033
0.00015459232981020803
0.000559867322722196
0.0004257678551324295
0.0009882454196047307
0.0005791330486573572
0.0003116339284058761
0.0012869514929904214
0.0016845754258594879
0.0008473790519824419
0.006959930895648946
0.0003338656196458439
0.002020487753506442
0.0012160966087971187
0.00046505781491390323
0.0007423564008239367
0.0013011176535905006
0.0011542189994491847
0.0005948128880559282
0.0032112884675530324
0.0006470921058928308
0.002215903371992815
0.0016117562074261964
0.004268904739463789
0.0009079676554577365
0.0023130684581048632
0.0011160185180500324
0.00032334621640167345
0.0017842645266621774
0.000717936803338725
0.00046259689087424266
0.00031581246031050483
0.0005394047073419753
0.0014815025516870172
0.00031511737566414255
0.0035212835074256814
0.0005076745645152144
0.00026645408516509254
0.0003247554325355289
0.0008906478189214771
0.003268230288042467
0.0011108016545982253
0.0009856054904104686
0.002231363283823028
0.00042133811225054447
0.0004544128169434535
0.000477075133773848
0.002242513533233144
0.0010672385450627298
0.0011291342203796205
0.0011407462564025604
0.0017129882474374372
0.001483077128777447
0.000823777959109661
0.00037458854942554073
0.001050476011210051
0.0003766860236722464
0.0003585681987563303
0.0024272389886138197
0.0005285119390224436
0.0006092208479876037
0.0009322178788716666
0.0005503975579003891
0.0006145066466772608
0.0006248285438836388
0.0002880142718432109
0.0007601316661325242
0.000590475512352057
0.0006311711475860147
0.0008962594754256716
0.004291250294984647
0.0006548209783177874
0.0008564166157530465
0.0008412917552504943
0.0006555467490017709
0.0032515081107691458
0.0005977351737957526
0.0009604069202429598
0.0003522513947914313
0.0005996526875650932
0.0008437952712299041
0.0010932248008225427
0.0007232237928701888
0.0007439533319147997
0.0007555232797653898
0.0004606648528951566
0.0016509771522737772
0.0007407752839800662
0.0036120766536262092
0.0003552168949087459
0.0002912520249097711
0.00037076271673808616
0.0010409841967662019
0.0022148975512992
0.0010304792510864942
0.00032715390544200897
0.0011994368216412643
0.002163817669241432
0.0008212481216048711
0.0028859155415294035
0.0003869113279633035
0.0003658749088479562
0.0007212991210428395
0.00283935105214238
0.0003489765368160598
0.0012265902491024644
0.0011169655070043776
0.0002034807339058231
0.0015228201218738966
0.0007431668234315577
0.002045998955207678
0.0016854995386501644
0.00016675183511781724
0.0016278017158304204
0.0029773136527424028
0.0010542346189565928
0.00040223006472859987
0.0017785692912740505
0.0010461578124239845
0.00355346216916249
0.0005377438685899908
0.00295359176940617
0.00040111478950797093
0.00035819863433800785
0.00032917699684572335
0.0019852028613612667
0.026112294149050783
0.0007977049060003891
0.0029604369296703423
0.0007015646355103119
0.0002872357474939704
0.0036451668207939
0.0010207511708103794
0.0011248522675190152
0.0006025814720477099
0.0013520671181818027
0.0004564474961921574
0.0018535374265096053
0.000309859094730974
0.0002845716125488274
0.0005035825233718202
0.00033304864089345974
0.00028899316235024206
0.0026948300620388385
0.0023646754681722407
0.0019145543359265185
0.0006574237152603098
0.008464723992249028
0.001948315778297107
0.0009541117497791568
0.0004492912005958616
0.0023912133884991826
0.0010851699396999097
0.0010420595210302221
0.0018731882244496813
0.001238475742166295
0.002445307323791201
0.0006367029497582956
0.0007352497377270263
0.0004939651891194455
0.0002101669716735833
0.0013664956029430812
0.002496189323044136
0.0010686616544670787
0.0005276507606025063
0.0002946135620215609
0.0012266439322994192
0.00047918177376370195
0.0017145108577248515
0.0007748668425790684
0.0006895951905921307
0.0007498546585581356
0.0004455875524926895
0.0003684209452016188
0.0002270578460197221
0.0006925768214793009
0.0006846100538410356
0.0005707275416698056
0.0003838490486092849
0.0004420183673448389
0.0008016364745580996
0.000564412454536276
0.003738566053642257
0.00037218562779315993
0.0012747627908973054
0.0007665657757719457
0.0006713972209618439
0.0008982156367087394
0.0004007136743263038
0.0028719035072154266
0.0002791213639017825
0.001603208080996195
0.0008362828764347408
0.0015323100164725734
0.00042263564826520403
0.0003440433208727197
0.0035640028141457007
0.0007174053053494342
0.0004083455461298719
0.00046163880650741917
0.0014680157304651973
0.0006399797444681667
0.001988394462583365
0.00033116399648506936
0.0007837708532982741
0.004302064089808179
0.0006864203335062036
0.001183657902433453
0.001291424410818943
0.0032714022631707565
0.0005589684758435544
0.0025107266111685845
0.002071212951752486
0.0004278465858605705
0.0011410701032419323
0.00034675755332224707
0.0009795567185851245
0.0006750627998291332
0.0012534966355626594
0.0004895829730258289
0.0007409505120560173
0.000930461712927426
0.000236677880533531
0.00046614122744155403
0.0004691123099553106
0.0014092060629691246
0.0003353053325310426
0.0017046144454741334
0.0017092071896014159
0.0008071022407112147
0.014859934333283446
0.000627062910372186
0.002974369733348974
0.0015371934731654479
0.0015622953766945993
0.0009596513629249949
0.001143189197794375
0.0009843854592404197
0.0004061848271750479
0.0003541551839555283
0.0019079871004557606
0.00038756770915180435
0.0008548946579888886
0.0008685071489804504
0.0015250268114200445
0.0006676118873415047
0.0005474241875650345
0.000620193798621777
0.00041049794452599893
0.0004584130785656209
0.0006286063023998315
0.0005273020045136695
0.0035817020419515377
0.00038218431352467685
0.0007617620436919003
0.0012455809110684208
0.0006139425299315992
0.0017821464647980092
0.0011230182367261159
0.0005335257054666871
0.0005155932311249016
0.00034106729537338603
0.0004962668473830402
0.0019243437172066938
0.00028680562964120897
0.000893154411981209
0.0029393114485808105
0.0007115946270434864
0.0009117392626826785
0.004489884801907724
0.00037868097500897145
0.0005577698063566569
0.0026935150985215694
0.0018047632799921118
0.0004348227121946116
0.0016798213451750875
0.0007121210093060678
0.0017314867837550213
0.0005978103630892716
0.0009544732469901194
0.0009778839813681071
0.0005150705978700038
0.003174379490289837
0.0005367988198602368
0.0004871418228918485
0.00038408531012006965
0.00039117711417688473
0.0002829182260144338
0.0013999334032031064
0.025759315990664194
0.0024081681953222155
0.0003517462682916093
0.0018776741151389613
0.0032430638925991396
0.0008068833267944525
0.0008229243449716645
0.0006799528686221361
0.0007304316828833324
0.0007324967456074452
0.0020339656690491295
0.0016070917610628316
0.00220322847880163
0.0008333424728912812
0.0003388875097431987
0.001112128910292015
0.00481096676409254
0.0018458503231950564
0.0013830447202315761
0.0015515238346545345
0.00029809771408803164
0.00026240658705439427
0.0005846872260759466
0.0009832042893820878
0.000837067101555126
0.0002961981137690204
0.0007125309518740149
0.0008591104301409186
0.00030999426111560593
0.0015890290899662613
0.0003075306420037429
0.000587374038024958
0.00030468672659243154
0.0009862169315852972
0.0003459378511373135
0.0007186760122717641
0.008176719070708629
0.0005888162466249066
0.0002532314394434957
0.00031640729063403625
0.0021659588050014066
0.0006862394972482363
0.001347887950428648
0.0007250018098597365
0.0004342543306003537
0.00046940992081639574
0.0018668320393229005
0.0026498600379136067
0.00039490925199892556
0.0014888752063294969
0.00022292414078307822
0.0005859970512311165
0.000744155092128479
0.0015042463898525891
0.0007639984224084152
0.0009879257579179389
0.0005048076870936336
0.0006280537113804502
0.0012778975039746804
0.004859098741645541
0.003969284523081011
0.0008894312482527481
0.0006330623243807396
0.0002153828822244334
0.0009513975530983813
0.0006162597777597756
0.0006194989393433417
0.0025514611722577173
0.0025068724745418015
0.001889239948994425
0.0008838086748634697
0.0007722100555878571
0.00048770493077132383
0.0015682775420831807
0.0026012197181692863
0.0023526379420612535
0.002421196711215132
0.008896775992118402
0.0002807270325285489
0.001678462986883922
0.0008144066219862224
0.000743547256740033
0.0029346191593269785
0.0036004465043989425
0.0017586147264136048
0.0008853577418775575
0.000173117004552636
0.0012687481437659272
0.00034532296545689196
0.00034253233458217435
0.0003124602257595368
0.00047261702530553744
0.0005855066061010844
0.0006471014335550161
0.0015457731758524425
0.001507462291583867
0.0025268027849766083
0.0008264735928976423
0.0018804945651850942
0.00031657656825402153
0.0018897308967687283
0.004427727176199765
0.0017036189478090037
0.0023920482821081896
0.0005207505252267475
0.00034189160156204983
0.0006994419365116273
0.0013861555680687054
0.0005740516230607839
0.0005234222129055374
0.0007564901919116646
0.0009650050845114509
0.0010380134757823562
0.0007280238465785814
0.0007987731795905064
0.00088914259359494
0.00025593953541925467
0.0014557948164964577
0.000714512554134888
0.0009672750140808963
0.001006251056164818
0.000801207023402424
0.0013545610623820706
0.0014898574302681749
0.0003121251200961355
0.0005407162745983334
0.0006334335657939759
0.0007273209853260448
0.00030784005799938224
0.0004285156827620274
0.00045916140424788184
0.0022697552219444507
0.0004139302139863464
0.0003426383483702315
0.0012252000373270313
0.0009765669915021624
0.0010836670008581273
0.0007638860461161786
0.000784942267888019
0.00023593877152185377
0.0004335045085636589
0.0021064491544598852
0.002124069653278021
0.0005445423612805625
0.0014752859310614645
0.0011094772460753788
0.0008020545909705498
0.001565345534591836
0.0008229002253596796
0.001381954593481798
0.000629460725388266
0.0012668590398000965
0.0004558417420717768
0.00047291433276125557
0.0010702104760323768
0.0011514321058113295
0.0018784023074082188
0.0005588567161850456
0.00036391210206620725
0.0003431268809398056
0.0024528636393923255
0.0024102791217014818
0.0011066970033406587
0.0022339081391447553
0.00035077925169891953
0.0024765181947103685
0.001967342949555971
0.001445839707232316
0.0003110999619097448
0.00046327630451566034
0.0005844098676024316
0.0010097450999948102
0.0006013510024516081
0.002107312483485754
0.005668443638161291
0.004153564458203523
0.0028779108784225994
0.0003955306678367057
0.002132594221644411
0.000826880634073895
0.001819300964463763
0.004700820702412314
0.00023775944189178012
0.0005095289892871508
0.000586584156112336
0.0005452689865195139
0.0002526055850892792
0.0006094163693866201
0.0007404062978340371
0.0012145445589135464
0.0004429948560721504
0.0005060313325025449
0.0002673028690536912
0.00044616165757567543
0.00020332709930509217
0.0011043923790274046
0.0005974451415753176
0.0014668714653765316
0.0014178435269083475
0.0020117115215294665
0.0007543068092983996
0.00163989988742031
0.0004607483374088399
0.004399501353081306
0.0010802963775774015
0.0004301228495873361
0.0016992821584704257
0.0017527557377111373
0.0007137874447542875
0.0005981886652074225
0.0005193570893198557
0.0006384165119101257
0.0038952165182672104
0.0028405628430551604
0.000724794011822318
0.0007318826968554917
0.0005025948705158312
0.0005506219811371836
0.0010014872898279129
0.000734998682623982
0.0009590786740155474
0.002026901212486331
0.002082342584303294
0.0005101245060323897
0.0006976648331615189
0.0012882971557696
0.0005617732884181473
0.000621271498478393
0.0003128831623830802
0.0006715466714992468
0.0006030515317856967
0.0003364676917396768
0.0008280921519082337
0.0011349169738967167
0.00042240167210161946
0.0019579092746524595
0.00027095963251652405
0.0018886692232386677
0.0008745223530440674
0.000705040132156875
0.0003718505367368126
0.0006243233853727224
0.0034997754712414383
0.0006532579272506278
0.00037800341979162623
0.0006429754362669875
0.0014464099262509252
0.0011877691863032317
0.0015859322684457868
0.002502857981987993
0.0008140855702855085
0.0019120514620000117
0.001285518439023195
0.0014829758924929787
0.002396875843900238
0.0006890304704206131
0.001691527516315972
0.0004449932613677296
0.0002479029455235096
0.0009707655767664475
0.0004516444959217858
0.0003189910836133498
0.0007884302189201939
0.0003696383335143151
0.00041663782028085797
0.00210463969606503
0.00034587622104574644
0.0003118754992527132
0.0017699381736622749
0.0008649103112241669
0.0009512654567731997
0.0003577040926335875
0.0006485407737222335
0.025417423997767793
0.0003056310282596173
0.002530209600715093
0.0006650578924559205
0.0023539576685515746
0.00040872348013080853
0.00023807279844732606
0.00039228453167485655
0.0004565229846596679
0.0012423141969118878
0.0014645793665306558
0.00043625797149306043
0.0006745499470463243
0.0005845382575789
0.000333374621064314
0.0007986001974982605
0.0009714962444171128
0.001158375163174823
0.00027488275185602845
0.0013714859902983227
0.000254106415109631
0.0017680026949474148
0.003921156517945676
0.0007152736927907763
0.000576258484614724
0.0005559834274710292
0.0008580386779009744
0.0022427784847008345
0.0022491588021159277
0.0002525483289139475
0.0025043144305864694
0.0034904102223962253
0.00029564227763766816
0.001080227688072317
0.000627529577842242
0.0003243548738475977
0.006591029685284305
0.0009932019954877092
0.0004046427047188417
0.00039545433276234394
0.0007063168129231405
0.002524166815472835
0.0012029350685770453
0.0003667520537201992
0.0007048974220074414
0.00038912067976278633
0.0007914814413661466
0.00028047475529978074
0.000832663756878103
0.0048125938277705765
0.0014638420513603447
0.00035517109551531646
0.01137128018222573
0.0011960462465298953
0.0023804373019106323
0.00034519128802304325
0.0003821805860052605
0.00030359173312520586
0.014742144844495616
0.0011966580217791442
0.0005534083502928552
0.002211725379735651
0.00031082669678253705
0.0025991020847810557
0.0004993298737493107
0.0009608116560140289
0.000959480054078539
0.005938933440231237
0.0014644164920979983
0.0016820631689564707
0.00022945019751557092
0.0019022992705513898
0.0015313118367261472
0.002059395779894442
0.004083932441074383
0.0010531541325575766
0.0015560186983562191
0.0014063667178210782
0.0015995552014246932
0.00039435095847002933
0.0002670028281718698
0.0005028595408548472
0.0005032524689492129
0.001154438554126814
0.0002417455729156904
0.0005455102644948262
0.0006890449805366541
0.0013064521065488711
0.0009342729769072637
0.0005571688192735711
0.0011927742104950296
0.0005831349985549041
0.0002629200443208357
0.00021880384857118028
0.00042410869170896357
0.004108028899635671
0.001609412365558657
0.000712375365493453
0.0007196162439812545
0.0013095918616374876
0.0006277301303849808
0.005741941210502004
0.0006601224330738873
0.0004167711047159291
0.00028430211703591395
0.00023825814268864379
0.002486367636237055
0.0017968648727640444
0.001032581839304542
0.0007711881148840143
0.0023473798123574167
0.0008089556626545161
0.0007194278009685601
0.002375942308180784
0.0025343737143966863
0.00041555756215916665
0.008725778905609343
0.0009689813396540056
0.0006552273442271562
0.0017714321960829583
0.0014355906720800527
0.00041081505032705175
0.0015548235488713823
0.0011495045513230714
0.00046446773609262043
0.0003729556591965113
0.000817632138543281
0.0006126357329793663
0.0004346277770419958
0.0024230101275989693
0.0007949734027773827
0.00029816425067029546
0.0024923831027528634
0.0007987038405675332
0.000677903012149873
0.00041038201913492833
0.00044643307189647205
0.0005316389409589529
0.0005986195895214187
0.0013685742990545533
0.0002769488502790713
0.0004939150545207753
0.0003347208770576363
0.0003150485377921156
0.0012580077152385656
0.0013562673512249944
0.00148781665818211
0.0010952761152335075
0.0005918012366691251
0.0006044557022814521
0.0011148977798503695
0.002327230288544497
0.0008118043773415834
0.0003201406805394186
0.001192079157552376
0.0011445203918319454
0.00030165912788465
0.001267109254247345
0.002034074131609072
0.0037354421302471124
0.0005357942658206083
0.000335609721661601
0.002677761355851595
0.0006864933233547438
0.014488626392327054
0.0006303410976082562
0.0007587653578439829
0.0015655133118639513
0.0049009071876086815
0.0006343515137323466
0.0009101801161841097
0.00027581437086970554
0.0018783932782613377
0.0015763334922809973
0.0008214395972710686
0.0006444814391313212
0.000277046791659407
0.00043555701194590075
0.0011650100383311158
0.0008958042225254684
0.0008831258887890907
0.0009989518924006058
0.000504654763952898
0.0007802291784771038
0.00018871576552279503
0.004563248231080365
0.0026621488211620737
0.00047578391734451455
0.001805994085028983
0.0004560174289258311
0.0009096524330732537
0.0019960088118330167
0.0009368627968079836
0.0015990640318270224
0.0003212125870102013
0.00047029364649673315
0.005546250561835325
0.0003758209723344449
0.0004809129089279049
0.0004800017342050156
0.0005691581467841995
0.0003758656292398213
0.0011303694970171585
0.0009147790485717474
0.0005617377160110692
0.0007299748978705162
0.0002837438557852885
0.0015092672431783309
0.000369723906905352
0.0002699761033773659
0.0008632869983464423
0.000983430973524085
0.0006175485017753107
0.0012570403608044894
0.0020657216836317293
0.0003803293295220562
0.0003387337424082418
0.0004764378679842612
0.0016809495772017386
0.0022767866390316885
0.00028187107321316475
0.00029883751179689863
0.00048440273270912524
0.000790770946055242
0.0008699608633299326
0.0008311008842510725
0.001708289247348082
0.00045548304602750143
0.0003891793378530281
0.015250116243004984
0.0019992728838344595
0.0007471492474114566
0.0004935664391412168
0.0004399949607754825
0.0007350175340871101
0.001888048083522234
0.00034763219713959545
0.000428095965900596
0.0028662700936371048
0.002055951344526372
0.00025937255092095773
0.0020554032075175794
0.002309997797015288
0.0014514084754006593
0.0012241929519781632
0.00042472533106226184
0.0011395551610585634
0.0012837950446992186
0.002165784386506534
0.0006560699978268845
0.0007182180475485862
0.0004922813262332041
0.00029440464616893244
0.00197795495521169
0.0004537263481188846
0.0036959385054102425
0.0003276517830967209
0.0020221061498169476
0.0022624002529381543
0.0007027469800133429
0.006101936326248376
0.0003051289432173209
0.0014262447186035206
0.0002830029590331373
0.0015645186105761964
0.0009546165655342685
0.0024049967375888268
0.0017050066673565153
0.0006278903851361263
0.0010585131718240336
0.00033016178129424196
0.0013304996302829534
0.0038348376042317374
0.0018698002795911176
0.0004964226644462965
0.000756841755672204
0.002165765155858584
0.002156847686855109
0.003261220572891481
0.0004540216501106071
0.0004971873713604725
0.0010959368357288805
0.0006694304938522903
0.002886791022677769
0.0010832959006617277
0.0007233400272995648
0.0021681671813273966
0.001456866024843102
0.000810222017720948
0.0012351781838983596
0.0014755348122483293
0.00048513492546854904
0.0022989436029893346
0.0005892809819605867
0.000458171586619988
