4.3572057705112784e-16
1.480954589027169e-16
1.1252507722302866e-15
1.5954847501968074e-14
2.6463019996287535e-16
1.146432508604361e-17
1.668484573168193e-16
3.444722414503613e-16
2.3377684557982397e-15
1.233368280877134e-14
1.2433964078632004e-17
9.836574893155e-17
3.983338862290586e-14
5.5053338534712203e-17
7.741409575672145e-16
2.4457774356877014e-16
1.045504913652067e-17
7.062158037539665e-18
8.968543525156626e-18
3.19493685676588e-16
3.596046405921334e-15
1.9227409226930975e-16
1.58477519841289e-16
3.4692982143368734e-15
2.2057566335019283e-17
3.002939122188344e-15
6.698155723717664e-16
1.9895165910012579e-16
3.706855783355797e-15
5.339306550750437e-16
5.981505893914036e-18
4.402618125265906e-14
7.290878286216907e-16
8.031046230626214e-15
1.0931149135184199e-15
1.5017497058912778e-17
6.774296468248113e-17
1.2610029193896545e-17
5.799770509040009e-16
2.76224723782745e-16
2.7696704819272773e-16
2.556643948336209e-16
7.740160363858266e-17
4.679665433640567e-16
4.613985180177144e-16
1.0861447040913014e-17
1.5227820724553768e-15
2.321839424643338e-16
6.569745995087137e-16
1.3466018741179933e-16
1.6100595219334898e-16
5.211372716702888e-17
1.0682727972165898e-14
4.94936085690784e-18
2.4667137295296636e-14
1.0627495109263955e-18
4.997958771306865e-18
1.3970449382689848e-18
6.733971962880031e-16
4.786617228958497e-17
6.944055363644722e-17
1.3540931905176158e-17
1.1290447770214802e-15
1.279142063985082e-16
7.665765091648684e-17
4.086856615648271e-15
1.0367785511636479e-16
3.831555679691973e-15
3.0258979401685164e-17
4.555536760180807e-18
1.4441208117658151e-16
1.468532648589707e-16
1.293468507093907e-18
3.771037070065249e-15
7.289329911309336e-16
2.2847051741497327e-16
1.209468202292001e-16
1.5067368704619832e-16
9.478990619537058e-17
2.88639000698641e-16
4.301699732849959e-17
1.9867763787646901e-16
1.5667714880293213e-17
4.86825705885439e-16
1.0661929145628401e-16
2.606172839438899e-17
2.5329679792207966e-17
1.6110908399396705e-16
1.3202719955618016e-15
2.9621439855649413e-16
2.8410356410251694e-17
8.900256856780961e-17
1.1895382757202013e-18
9.31114520134458e-17
3.2218085444455857e-18
6.135522381177211e-18
5.2715939857641155e-18
4.9737900379071125e-17
4.4680993755410005e-16
2.8414588478395636e-17
4.386064123367272e-17
6.52921329296426e-16
3.311606341376074e-16
1.7033310290524844e-13
9.64774432143146e-16
6.725817625308333e-15
1.273500413233879e-16
3.1377184580103594e-15
5.828195479919441e-17
9.162315930783931e-17
1.0703927399213059e-17
7.539977257602152e-16
4.4735550574925015e-17
3.962173310807572e-17
6.222816977499593e-15
6.033377422945609e-16
1.2795976328390733e-16
5.69487529863001e-16
1.5712410806848995e-16
3.468788625840802e-15
5.418218258312516e-16
3.7178795624746913e-16
8.303321811215608e-15
2.0873878381037064e-17
5.028516182830049e-16
3.3127281989117776e-16
1.7071645792737098e-16
4.7039704014404957e-17
3.8729571038234166e-17
1.5407893489188085e-14
8.378657644397768e-16
4.2962609981108073e-17
2.861126053016772e-17
2.183997890505597e-18
1.3306135683022745e-16
2.0645862943194693e-17
8.572685764412573e-18
7.750178613754579e-18
1.2706302740590297e-18
1.0109569230413835e-15
2.327781862196349e-13
3.481410695334771e-17
1.1213986326118457e-16
4.7428384334229125e-17
3.258786789095876e-16
5.8351583477032396e-15
1.9495034572662193e-16
4.849253892122424e-17
2.4055188841077314e-16
2.732266895483162e-15
2.5300895630159658e-18
2.631894501683671e-17
5.4662443298536557e-17
6.888936533521411e-16
2.133820049943295e-18
3.3537639132763563e-15
5.4799776855280685e-17
4.50316413511165e-16
6.865835223017437e-16
2.2000618386846085e-15
1.3706905701709284e-17
9.929736926616748e-16
1.2992368587006225e-16
2.4998306951017113e-16
3.466598488059421e-16
7.912224117880431e-17
6.973604012321386e-18
5.965706579860933e-17
1.0673500699480613e-15
6.207808314374087e-17
2.6175666917633095e-17
1.2407528795197152e-16
1.8153188319818977e-17
4.788309150272727e-17
4.192306663536352e-18
1.726733450614699e-14
3.84890753481493e-17
3.3622972570147996e-14
4.1991940748359765e-16
4.52003195211988e-15
8.051971705446006e-17
5.461991156487285e-17
2.0538831806791366e-16
5.5549592442709584e-14
7.176716168841989e-15
8.912346265475162e-17
6.694715932546077e-16
1.1181788359747838e-16
9.486449891983711e-18
3.5290032517075435e-14
1.3881641432363688e-15
3.026597621002364e-17
1.800653237831702e-15
2.230344988300237e-16
1.0390490909584818e-13
3.174355493173389e-15
1.8822501997410492e-17
4.455378039191264e-16
2.488250516710736e-17
1.0714438976659632e-16
4.494874466066264e-18
1.4742019062213551e-15
2.6490746496902387e-17
1.7307908832400003e-16
3.336820190583617e-16
1.6060592301210417e-17
1.5129324226761087e-14
2.3910074667710375e-17
8.630646187698301e-17
1.9781225419046142e-17
6.551231331700697e-16
2.5171475462464463e-15
1.4429856133286204e-13
5.8527444967318574e-18
1.5479634382077785e-16
1.83419624645894e-18
9.400090588683431e-17
7.367446706940786e-16
3.1489171105215354e-13
1.7166174248371805e-16
1.0050269682398726e-16
4.610081070592359e-15
7.377143358924947e-16
8.720487565282263e-18
1.130819980295582e-16
9.666419909137525e-17
1.2494785444627046e-16
2.8590453941557183e-18
5.585514911845298e-14
3.2654798399818004e-17
1.0462047184751607e-16
1.9199360296592934e-16
9.55628209792825e-16
6.031528170593128e-16
1.7543887746333952e-15
5.583989083910816e-16
1.8149080637522172e-18
1.572083996471242e-17
3.2530170121335756e-15
5.729949949034413e-16
2.596651807555861e-13
2.617479864829923e-17
5.669930700383275e-15
2.177166270766593e-16
7.720120281147219e-16
8.45539453283833e-17
7.026584158595638e-15
1.1813715917469301e-15
5.025706981415365e-17
9.663702758369527e-16
3.650246654235543e-17
6.966043841594342e-15
1.0565483392761111e-18
3.472959722806712e-16
3.0070830567122727e-16
2.1217891462088454e-16
2.068332201569408e-18
1.850133181100971e-15
4.970334062084526e-16
7.206338393910416e-16
8.484800285271022e-16
2.2354275053169006e-16
1.3654504002637811e-15
1.4075278149562033e-16
1.4925240049944195e-15
1.6009005377365495e-18
6.42631351407851e-17
5.664213363134744e-17
1.6228271750798603e-16
1.3332268794237392e-16
2.9440356364146725e-16
5.702226745831569e-17
1.087679719853588e-15
1.3280906817725409e-17
5.985398416504946e-17
3.9910817132751586e-16
4.942895197382815e-18
8.826857041220507e-16
4.2900260797593103e-17
1.4712409390774596e-18
3.233862646012585e-16
3.621585158010225e-16
2.4768312699753307e-16
2.957855138970556e-16
6.926309578647252e-18
3.4736256338398096e-17
4.942502490715975e-17
5.69411472580507e-18
7.904836319027388e-16
5.179680812585191e-17
8.521414976596337e-16
5.103332907405896e-16
5.148958635219171e-17
2.660047958289108e-16
3.7793602624356655e-15
3.602138883315226e-16
7.983753354533227e-16
6.969374874672977e-17
1.1857736606443369e-16
7.501769797258838e-16
5.5167334838260395e-17
7.659450939223537e-15
8.986532805677212e-17
2.855670779456787e-16
1.3802439863392704e-14
2.0273673610539727e-15
1.3236173177177415e-16
1.770899774937761e-18
2.9358097633412413e-16
1.8579594892077327e-16
6.565550262482465e-18
8.950973253951414e-17
1.256553333862324e-16
8.357753064831424e-18
1.5838926956138503e-16
9.823840120897555e-16
9.760609037429877e-19
1.2456967470391198e-15
1.9680040809771622e-17
1.1944380714167693e-14
1.3668345227267975e-16
1.7533178384487574e-16
1.3203852806390755e-16
1.0347335177749479e-16
2.6505127411451695e-16
4.2588741725517714e-18
1.6157540052433343e-15
7.595305062862298e-16
5.612423276342442e-17
1.2286952120744838e-15
1.9080610203955947e-16
7.263003660612804e-17
1.1587134270760588e-17
5.1988089258733723e-17
4.014887955659843e-17
4.7037464178467456e-15
5.984072730603862e-17
1.499280407433359e-15
3.3809725840887743e-16
1.9241838817929932e-17
1.99992201571739e-18
5.361519297213957e-13
1.8500483793548773e-14
6.072799316865293e-17
2.1239331775260266e-16
3.7595633052474483e-17
1.165151019081453e-16
2.6078896644839204e-17
8.034662592529115e-17
5.1992673210844566e-17
1.683955411347905e-17
4.73745037492591e-16
2.9755510921437652e-15
5.02666811637784e-16
1.792369714437298e-15
3.3315459540175125e-17
3.0974275060294933e-17
6.302336686295026e-19
9.605340141351852e-18
5.876455704584565e-16
1.9550479136005272e-17
4.3680025203734974e-17
1.3070951613390188e-16
8.92301443796275e-18
4.191126233109267e-15
3.197723218707035e-16
2.7154233480521443e-15
6.098948567756407e-15
4.902049756357054e-17
2.834531031089342e-16
2.1580370952074333e-17
3.6685643902240195e-18
9.7717591015588e-17
1.7889891792382586e-14
2.1313354171058536e-15
1.452779162766641e-17
1.7642132598945053e-16
2.6148612785070068e-15
6.4576785478427e-17
5.108231926517269e-15
7.359930630289024e-16
1.3557666524515142e-17
7.624583961030675e-17
7.729909263588939e-17
3.465385390101811e-17
7.823460951561214e-16
2.5897765383681167e-17
1.1602904707194462e-17
9.263500273940504e-15
3.1647876696017014e-17
2.8597048459019845e-16
2.0269549150161514e-16
4.0366846403114075e-16
3.016556752768869e-15
5.039755793904352e-15
5.123028221828598e-17
4.5375636490296215e-17
2.0611636237305968e-16
5.5917783355094836e-14
9.07255784085756e-18
6.75108304915852e-17
2.572225806929206e-16
8.079758685982075e-15
4.3814734861892164e-18
5.738079254510892e-17
4.2213908210858595e-15
1.1443465466659896e-14
1.5232860838169333e-14
7.508851010762012e-16
5.784127385693008e-13
2.5943043731583946e-16
7.923220903004805e-17
6.555438065096616e-17
2.0557572052722594e-15
2.908500605082349e-16
4.328193708513664e-15
3.01761878597164e-16
1.0020793776448496e-17
3.051850387153259e-16
8.978518351264131e-17
1.163104525060805e-16
1.118134865212255e-16
3.412236044150691e-17
4.703241712021352e-16
1.1673990212077748e-17
1.3379731998114695e-16
8.157115332409741e-17
6.949379395281103e-15
5.519658028115948e-17
5.495024760503782e-17
2.962616145380485e-14
1.3520821512801392e-17
1.798525343499481e-14
5.46260933294745e-17
4.8299469770076e-16
9.743357604331012e-19
1.788996638635745e-14
1.8788135081963068e-16
2.957742856211013e-17
3.905304459445892e-16
1.787505002148572e-16
2.1494960989752585e-16
5.126092668058954e-17
1.93169931830663e-17
6.349406390207877e-16
2.6367445383580588e-17
1.4058636302532993e-17
1.406873211541931e-18
1.2517515071114957e-15
5.869228768598905e-16
2.0360601834827115e-16
4.149096117926535e-18
1.6651720670391081e-16
2.5314985527546713e-16
1.4057399161132977e-17
6.280371497643289e-16
9.800837193977983e-15
1.1676576134905038e-16
5.886081067921687e-17
3.315269975269405e-15
1.1789834115319561e-17
5.110475509790804e-16
3.334629888469057e-17
4.596169227647848e-15
1.9595768434723866e-15
4.6623311585013913e-17
6.399977972680152e-15
2.075714536822461e-17
8.616280839483798e-16
1.4494706611050983e-17
2.128094313588994e-14
1.6765457275135203e-15
1.5800909413210243e-14
3.1421661605410194e-18
5.332309011093438e-13
1.168250342386369e-14
2.9878647687957294e-16
2.842556406013188e-17
1.1184470251127313e-14
1.3655360098920504e-16
2.5148066368105457e-16
3.1736565160157025e-18
1.2410713287072576e-16
1.9850793692198002e-16
8.634321442617356e-18
6.658391451002169e-16
8.219659709279479e-19
2.4554201293889067e-17
1.065604685618208e-18
2.7345221622424473e-17
8.138799602753205e-18
2.40580953414016e-18
2.149057236548011e-17
5.572996437102035e-17
1.2080944327543408e-16
4.562138739703841e-15
1.3016237285857965e-16
8.802019018124692e-16
8.394838547487787e-17
6.094278675715813e-14
3.523034801904364e-15
1.490764857725373e-16
9.743407237711874e-18
2.3209718403785657e-15
2.530578365742178e-16
4.693380780992771e-16
1.4642456841368772e-15
1.0127275795001312e-16
2.5322764933403905e-15
2.0443365877866916e-15
1.9628744392422365e-18
5.062542090821713e-15
2.999524726093435e-17
5.213852684106192e-16
7.875859534286473e-18
1.0420930260254342e-14
1.2471794901329223e-15
1.9327746543211858e-17
2.867798527311501e-17
2.1431695126149632e-17
1.2691788373413442e-16
1.038850684787404e-16
9.170604511621599e-18
8.057568463126165e-17
2.8909415932081247e-16
1.9965553019927524e-13
6.1811691455023454e-15
3.444403242293974e-16
2.0676909100511413e-18
3.2161617459457714e-17
1.1723933000129615e-16
1.8155562398880986e-15
4.1526911345863063e-16
1.7718297796646197e-17
1.7191367275740458e-14
1.4422349400769007e-14
1.1122597087890277e-16
3.1236943345647876e-17
7.84216758220196e-17
9.697583212368141e-16
1.6584115357765124e-17
9.42033102901436e-17
9.717497328635377e-18
3.229281391962137e-17
1.333621770640199e-13
1.504022704586682e-14
1.8214791730862985e-17
1.0365659594946064e-13
2.5538684604810803e-16
5.744067808387371e-17
2.655550222663636e-16
3.2863698249689534e-16
2.1556750937077964e-16
2.640350370078177e-16
2.347058409295554e-18
1.2521893690189977e-15
7.492661596977183e-17
3.5004284021299515e-15
6.396539757913611e-17
2.136686596970954e-16
3.4064240376200196e-15
7.467517173497678e-17
4.24815629492287e-18
4.749592166447222e-17
5.1368206706035815e-15
4.226811269393025e-16
3.967031677265027e-15
3.559396413587586e-16
2.027052472350878e-17
2.0777788084681704e-16
4.062000739503431e-16
1.2830479879749843e-17
6.0906353672636095e-15
3.418822907198365e-16
1.0768958597021186e-15
8.368138247125953e-16
7.008817664635616e-16
1.5737039692629118e-16
3.970778827047865e-17
2.042325218733548e-18
6.683091622967025e-15
9.974802224643204e-19
2.0570450847966382e-16
5.199147168750612e-17
1.372273785191176e-18
3.514281895978997e-17
5.470637885369954e-17
1.545192365123777e-16
1.5541729670833935e-17
6.265476983601844e-16
1.3685369369930484e-16
4.490542545799559e-17
2.7164346332326452e-17
1.0381356744562778e-16
3.667937028271109e-16
3.6766967710349487e-16
4.0693698579804405e-16
8.455605657354196e-16
7.424530612406369e-17
7.622213846787516e-16
1.2845573710984048e-15
4.753956765105255e-15
9.181036174490153e-17
9.539535062293007e-19
2.9439196603815957e-16
1.4513319410048793e-15
9.581395638784282e-17
4.191843915682079e-17
1.5414332154968406e-17
1.645052935264872e-16
3.003759053002148e-17
6.893374709740347e-16
5.0238609935299484e-15
3.675085218326296e-18
2.0739605563392663e-15
2.353659063398264e-17
3.4403544457546854e-17
6.965447883949939e-16
7.338644616338667e-18
3.8354401745770535e-16
9.06601327283494e-16
2.467246918920532e-14
1.731254891688776e-13
3.0861712860904034e-17
1.2800099647814625e-15
1.6674203876902947e-15
1.0739586059571923e-16
5.3244385378527044e-17
3.2005718551561506e-14
6.473058397182067e-17
2.944295112452903e-16
7.119357255812563e-18
1.2854826848805069e-14
5.952060069364299e-15
1.3161714656625577e-16
1.0138829432895207e-15
4.457413525488226e-14
8.76980246590494e-19
4.7436644789761566e-15
1.0485167124726985e-17
4.59296068241151e-17
1.342750396040972e-17
5.630164071306456e-16
5.317840733908491e-14
1.101827188744678e-15
5.028370386581432e-17
1.3477036798789831e-15
5.63852631567543e-17
1.054353511698273e-17
2.3844784360840576e-17
6.886387837215427e-17
2.3336523110734107e-16
1.4442771730985862e-17
1.7149151000673714e-16
1.2188418951242586e-15
1.3223879291518769e-15
7.925348625065027e-18
1.8275146761089616e-17
1.023908597462349e-17
2.7912971045756874e-15
8.742982891682192e-17
3.920284016361122e-15
2.702752980450492e-16
2.2198324117436425e-15
9.350635557140095e-17
1.7184582082090934e-14
4.492723374428955e-18
9.1118110732237e-16
5.4287345109738194e-17
4.1687344353677083e-16
6.451999397621468e-16
2.0673101710008018e-14
6.546064961341258e-14
7.214203106427494e-19
8.743477568981353e-16
6.399145959245174e-17
2.198997261332723e-16
1.555018726127804e-17
8.307284867314549e-17
6.636531016874952e-15
1.529823441893095e-16
1.8259223030885114e-17
2.8764539380626905e-16
6.378650247056279e-18
2.395545683881299e-16
1.007415906184048e-14
4.094726175190078e-16
3.2823505652844925e-16
2.1789331273591816e-18
1.438404172015511e-14
8.215332500230541e-19
1.2271574130123162e-17
6.206082104075747e-17
4.8390298286565004e-17
1.3274252701625948e-17
8.050881753925417e-18
1.3073121162380785e-15
3.3121461833687512e-18
3.0977328020898735e-16
7.3250674473189925e-16
8.269553288005849e-16
3.155873451084764e-17
6.925029705420272e-19
9.196988933951193e-18
7.751999334007815e-17
2.3088342423034243e-16
5.933391700391988e-17
1.6051808420790358e-15
2.8402754954794173e-16
2.6301864722179235e-16
2.423376993168632e-15
1.6850433043505971e-18
2.1842742870178354e-17
3.9429903945522774e-17
7.301099610608579e-18
1.80368165766645e-14
1.5596813780757897e-17
8.336169258426057e-19
1.1439093125005017e-17
2.5377435074911634e-15
1.6980295040483832e-16
3.5891754644374504e-17
5.267527191121987e-14
4.588125217388328e-17
1.2985587817900764e-17
3.0825129551545704e-16
1.5036085779305774e-13
6.138131435457805e-18
3.4132278064939382e-18
2.682608115198263e-17
9.098475902986686e-15
8.670226038638977e-16
1.9925087807549538e-18
3.6150628306637476e-17
1.0044703802936835e-15
3.075305577151856e-15
1.649633682592405e-17
2.152915946037283e-14
1.8575691192274863e-17
3.856270337592961e-14
1.9124977686430015e-16
7.227218147953124e-17
8.058515340726194e-17
1.6367538420674286e-13
2.158504947141749e-15
9.14205744504069e-16
7.272691941728011e-17
9.008253159690356e-17
3.3622061779898512e-15
2.699784788526059e-13
6.1512656837470335e-15
8.432535245755693e-17
5.576569574810529e-18
2.5834147872440285e-16
1.2916802693028206e-16
6.452174727956499e-17
9.04455644243218e-19
3.782324248613227e-17
9.732946947385715e-16
3.0608259722572057e-16
3.0121392127093455e-16
4.754639577844131e-15
5.105927751366193e-17
7.587741009810304e-18
5.59342854105085e-17
9.088994172619012e-17
4.7923424854579965e-15
2.6409764988041535e-15
2.909050626818419e-14
1.9770133314647845e-15
3.021999780431069e-18
1.3390071002465852e-16
3.222439388698007e-17
3.305482008321046e-16
4.585916193088394e-16
1.4182821698188247e-15
7.111962332444276e-17
9.523077423054875e-19
3.4827339288984576e-16
1.8678167545364957e-16
3.328570783205519e-17
1.527199123266214e-17
1.3362650847228835e-16
4.380328306192179e-17
1.430763627696912e-14
2.7703226518964853e-17
3.0914439323375398e-18
3.0579776269127744e-16
1.0108809948447869e-16
6.3851895816015796e-18
2.8130048902671694e-16
8.268772741990505e-18
1.3118510130709412e-14
2.7794407213666936e-14
3.77664217468579e-16
3.765200501899996e-17
3.853119405448086e-16
1.432582519859696e-16
3.608274944609984e-18
1.2557027601117824e-16
1.8945723936570172e-17
2.355978402239018e-16
6.115986280603022e-17
1.46256372915003e-16
5.898666587841982e-17
8.465399503461527e-16
7.110951996540602e-16
1.189064903797081e-16
6.726571137478906e-19
1.0161004119179533e-16
2.108359167479951e-14
1.3121263374404173e-15
9.326896534995648e-18
1.7767131021291288e-17
2.2481310118061372e-15
3.21017574455903e-17
7.592246422591656e-17
8.510742133541743e-16
9.607710917136442e-17
1.3923585521223743e-13
1.5198993891542777e-16
2.201442261200662e-17
2.8386834389195153e-15
1.8594773836497238e-16
3.075996959939494e-16
1.2677230113534413e-17
4.692687128871383e-16
2.3462571124407677e-15
1.622853330102293e-16
8.420642776116367e-17
3.89553437616271e-17
5.653496442728379e-17
8.750664507186929e-16
3.34439192061085e-17
2.7381891713132105e-16
6.439439195655786e-16
9.598434946147703e-18
6.185650419214999e-16
1.5965234413524266e-14
5.3251000057540325e-14
1.6176871173132688e-16
4.158793719303763e-17
1.059876476695386e-16
2.8721761909485355e-17
8.960469798141733e-16
8.218520412672931e-17
2.621481757544149e-17
7.934895888255808e-17
3.5177635489218405e-16
8.25691443112942e-18
2.799591920818049e-17
3.4778510592762994e-17
1.1912104959439874e-15
1.6691329606146684e-14
2.42763922503244e-17
9.197499135171221e-17
2.0626407878494972e-16
4.3778587249687287e-16
2.6658110842173173e-17
1.9859736132667772e-14
2.809802419149622e-16
4.631457214607077e-18
5.168729192722293e-15
3.1945562015349174e-16
2.2431217602456417e-17
1.1994837743317214e-17
7.529760946149671e-18
1.3763865651311424e-17
7.294215279421417e-17
2.810632088219686e-17
2.309285562176081e-17
1.7255512461954057e-16
2.065701817768108e-17
9.390306532089513e-17
2.1855346703005617e-15
2.8016401857041513e-15
6.283169822366471e-17
1.5702251489192894e-17
4.845807046833678e-17
4.1780967147126463e-16
1.2819916776938119e-17
1.2574414682450674e-17
9.969391638868092e-17
5.769603901993496e-16
6.1758369959916625e-18
1.593661546991646e-14
1.1233517909333426e-15
8.97350226421011e-15
1.5141918222902816e-17
7.995924190090207e-14
5.303719581294278e-16
1.6858705868106345e-16
2.7920777550483135e-18
4.4357987701083235e-15
4.14347741625869e-15
3.962099697803376e-17
2.6761423637895334e-18
1.444772251544707e-16
1.163354648835827e-16
1.263905454729724e-16
1.1365426770895619e-14
1.9151639121273398e-16
6.3123733830926304e-15
9.969982627845697e-14
2.186829937661293e-17
8.289428764198886e-15
2.533278895587977e-16
6.38987771377293e-18
3.4118092575788084e-17
5.961897943199009e-17
3.5943288393787767e-13
2.5065376967272015e-16
2.42791607170739e-17
4.112835068990421e-17
2.377628797421468e-18
2.0918456228485643e-17
7.180368898591757e-18
7.612163050048544e-16
1.7565965969635137e-13
7.762912594058574e-16
1.4235153618872164e-15
2.5877602714305055e-17
5.344524510662156e-17
2.746417844921474e-17
1.0661496396181026e-16
1.7014214558560445e-15
2.2983563290186463e-16
6.8009906810105616e-15
1.2177124652301912e-17
2.8484070808417243e-15
2.3449244632001415e-17
1.3402363734809153e-15
4.485588662843272e-16
2.809961519810436e-17
7.334381938480512e-17
1.4749189323321667e-17
4.7599342730133114e-15
2.132151996352166e-17
3.418176603989371e-16
8.365954844286075e-18
9.882405406043522e-17
5.4070436878688e-17
6.563394998345053e-17
2.7140958381541435e-16
1.5169955309829833e-14
4.947932527848e-17
3.132846566747206e-17
5.5118181675878846e-17
8.407475304078445e-18
2.269563490206958e-16
4.648331301260843e-15
5.0111702619905635e-18
3.280091010591149e-17
1.0897563813954239e-16
1.6081267357161277e-17
3.44005023124995e-17
7.881993035774687e-15
7.654307638078398e-18
7.884836441580329e-15
4.3417292349483804e-16
2.640360156948494e-17
1.7752793102842717e-17
7.183619102019105e-17
5.852853255127881e-16
3.3149119219713196e-16
9.581072065761854e-18
7.786913029485597e-17
2.0197752962557576e-17
5.852149305770443e-16
2.057272232790937e-17
6.002395509482985e-17
3.7551575926565215e-16
1.5829783178991038e-17
6.465712751193166e-16
1.023485080203193e-16
3.384488805816705e-16
7.269324297329597e-18
2.584960730139946e-15
7.858468430962954e-17
4.4654230077396874e-17
2.575238373590939e-17
7.973555294557179e-17
2.599865769647526e-17
4.918532517166203e-17
2.195140951647137e-16
6.712604469274186e-16
9.107477161760956e-16
6.223840094149977e-17
3.615146147585057e-13
4.2186158338524526e-13
3.4674601323321084e-15
6.855231368618876e-18
6.159328337904073e-16
3.2041200861612877e-16
6.6261234908381485e-18
3.7988530613974013e-16
4.0625284626911274e-16
7.658307334593844e-15
2.9291481800471696e-17
2.5377247073016114e-15
