1.1955943835053613e-8
6.885271396115045e-8
1.3190185274188688e-6
1.2847039734823205e-6
4.208099909807516e-9
1.3783798477854446e-8
6.351809171338841e-6
1.2905562563036394e-6
2.4291832565692224e-7
2.769718314311689e-6
8.739843291009498e-7
3.2000608096685294e-7
7.506998212974068e-8
1.4758677722419076e-8
2.65241608497187e-8
5.574028231263758e-9
5.101536499774758e-6
2.05277074298509e-8
6.216126880558003e-8
2.751453100338984e-9
2.9919108807748234e-8
9.603707201019576e-7
7.57156332300266e-7
7.641657837218192e-7
1.923543683054415e-6
1.2188863121672513e-7
6.544184109490731e-7
2.553035182691875e-6
4.207568117684591e-8
3.3459112044183633e-7
4.63250252953994e-7
1.5400423531043446e-7
1.0055660105587653e-6
1.4016925824555999e-7
5.122752610072724e-7
5.594458745557858e-9
4.50729702503902e-7
4.503644538469757e-9
1.2951524820447584e-6
1.0946921116105627e-6
1.1017048531044043e-7
3.9165653061524695e-8
7.431153983477568e-7
1.8207424618643734e-7
4.103182954653504e-7
2.153946093490416e-6
2.213798924631776e-6
2.6082665540359376e-6
1.769211253940304e-8
3.587367968536556e-9
1.2062124876819998e-8
1.664737054057212e-6
1.3566675826945016e-6
1.3175480161599544e-7
3.123809414205058e-6
1.6708469255298894e-7
1.8286884460107503e-7
5.132007161107865e-9
1.2361975653105732e-6
1.2039287420780898e-8
1.1043779095725364e-6
8.431125177881535e-7
1.6925005247670263e-6
4.778355540857037e-6
3.82022460843661e-6
1.5593813584992863e-7
8.046333871298565e-7
8.228407942480459e-7
2.8734214426237927e-6
1.1474308432347173e-6
2.08009122461391e-9
1.922574976689425e-6
1.1728798543144482e-5
9.620647928761791e-8
5.559051692958467e-9
2.0133833788234515e-7
4.5408120274642446e-7
5.452592530276702e-8
1.3366126741323835e-8
9.362563271130757e-9
6.702257865699229e-9
3.7246700438380374e-6
4.1672580457537045e-7
1.0883749139385266e-7
5.913742420339637e-7
5.7240434222323965e-5
1.2951936774101075e-7
2.8769488477142506e-6
0.0010132186916552972
3.327678260361628e-8
2.680445035504412e-7
1.2392030654197236e-6
9.534526209169424e-7
1.2185100450462786e-7
1.2401059693782933e-6
1.4129844822805315e-8
6.566645175072873e-9
2.7842017499243305e-6
4.814174950558717e-8
4.243281201354191e-6
8.588762145765529e-8
1.179345886922904e-6
8.59453844362659e-9
1.7116355930339283e-8
1.0318593255431118e-6
1.8498496698625132e-8
1.5248232106265438e-6
2.9950596460257962e-6
4.2084235557828217e-7
3.549986347120058e-6
1.0625259006739938e-8
0.00014555574374885383
4.4949533595595965e-7
7.407928893869512e-8
1.895183790684411e-6
9.820279380916663e-7
3.956153904005134e-7
2.6969270699149155e-7
5.017375712088993e-8
9.963537914275997e-9
3.6806976844846217e-6
8.031783131435447e-8
2.6600119316236607e-9
3.6200351130870885e-7
6.407976560725732e-7
4.570574166223816e-8
8.294058082452348e-9
6.012058717480304e-7
1.738733450081804e-6
7.503414511413714e-7
1.746485807101153e-8
4.8602845873122016e-9
7.320683386418883e-9
3.1757783775592606e-5
4.780958595504841e-6
3.2486521374324957e-7
1.5258103005814307e-6
1.2840126867929833e-6
3.2234946958073046e-6
2.509695170896286e-7
1.0996812728153214e-8
7.149979145549787e-9
1.9693907975083147e-5
4.513190063959039e-6
3.885701913067299e-6
5.036446662919644e-7
6.415507926900497e-7
3.9619325173622696e-8
3.688996872383832e-8
2.8080936597255863e-9
2.230410064653618e-6
1.599128835197177e-7
6.450684666217405e-7
2.61637134406823e-6
8.845411259136827e-6
2.1451971640791363e-8
2.5891699352729617e-8
1.5072128699247948e-7
1.1315002024836916e-6
1.1275887099893985e-8
7.71537996965419e-7
3.104900674044612e-7
1.3593498823501502e-6
1.5329221995898696e-6
1.1542838437594833e-6
1.6173901701407395e-8
3.0173918229029954e-6
1.2307663007007663e-6
1.0747316919834937e-6
1.4053267709055524e-6
9.790237219705028e-6
1.0772545349146404e-8
0.0001561339184589
4.4948562823026856e-7
3.978674000411185e-7
1.0200853059826865e-6
1.703454619690758e-8
9.246535095707415e-8
1.1795420344792421e-8
6.466638503890021e-7
4.676182898878527e-6
2.0449610652000535e-6
1.0859476381283988e-8
1.1090618854361403e-5
4.6436370520750395e-6
7.443261190825874e-9
1.4310644467043487e-8
1.5374312987044213e-5
1.958785633011437e-8
3.0257017652127925e-9
1.6033614043457713e-8
2.1226401891933268e-7
1.7579619446655538e-6
1.0547345165095191e-5
4.002850355743299e-6
6.850948209900161e-7
2.2503272620627913e-6
4.109186916358104e-6
7.075518167391116e-6
2.9044986045923236e-9
1.5928786619565808e-7
5.947626835190513e-8
7.453821637200385e-8
9.935754639495019e-9
3.8000338228422507e-6
1.952887357895098e-6
6.9410344925291315e-9
8.174958498803566e-7
5.707005956384197e-6
9.213524875773718e-8
2.952545778070949e-9
5.081194954584167e-6
6.471554458665513e-9
4.123494549039248e-8
1.2244743879157711e-5
4.95599958734066e-8
1.7257946297755183e-5
1.1060285756051565e-7
1.4837230321159078e-7
1.4465353702376694e-6
9.320215764190411e-8
8.587778987167585e-8
3.4958099765736814e-7
7.678996146970653e-7
1.2052786070133549e-6
1.7219657146587393e-6
1.8196754441483726e-7
5.722035025204559e-8
1.2901496033522041e-6
8.810920725551851e-7
3.894170491990792e-7
4.187916288359008e-6
4.1261698359399547e-7
1.3087439246607098e-6
2.15817022036462e-6
3.6310070040591446e-9
8.39570522221524e-8
1.060932487745152e-6
3.752816182736085e-8
4.124398702334405e-6
1.8717498622369553e-7
6.205866289489885e-8
3.6431487161939824e-7
1.2550960832852155e-8
4.2419742388766985e-7
4.705765692795606e-6
7.224735723388422e-8
1.2007713314016753e-8
6.729565148680822e-9
2.9250723625961054e-6
1.3861597605055759e-6
2.431484421249517e-6
2.0880736657092933e-7
2.4140962713194763e-7
8.615914462449828e-8
8.592723077577074e-7
5.93341574867126e-9
8.260588769236688e-7
5.859609414197116e-9
1.546260739094424e-7
5.4012378579669475e-9
9.1044000840219e-9
2.730453588671884e-6
1.01836795306106e-6
8.63607906962895e-6
6.853621211929437e-8
7.154442361324052e-7
4.402921503184411e-9
5.493367246503354e-8
2.2140621502170813e-8
1.0612619584803927e-7
3.2765892628684463e-6
2.4970129594961993e-8
4.3930260565129824e-7
1.4485515585279283e-8
3.793667109234199e-8
1.8189410114483368e-7
4.24229352053033e-6
1.6289705901169587e-8
1.0317518254994463e-6
7.560802759693465e-7
2.4882187216876025e-6
1.3459104828637764e-7
1.7676417721941191e-6
3.1358111107062366e-6
3.257069237897954e-8
2.1712630140040498e-7
1.849513335395255e-8
2.96163507764597e-6
8.54152954383867e-8
1.5236924530069839e-7
4.543783196085278e-6
3.836135396058721e-8
8.233509411341591e-8
8.907755249636807e-8
6.123871877231266e-7
1.8594916879491762e-6
6.7523565356539e-9
1.417092414156642e-7
2.1999753010020945e-6
2.4080398265734052e-6
2.6254466623751847e-6
5.504272189635726e-8
1.0534600066198799e-8
2.8388898032669218e-8
2.1113968298513822e-8
1.3088005355058908e-8
1.3719308713737973e-6
2.3165051098533213e-6
1.408304351096582e-6
1.3899876754980884e-7
2.459938191376063e-6
1.8199223089369599e-6
5.167218318005018e-7
1.3680820114513489e-6
3.4025799561814048e-6
2.673349235543445e-6
2.1488990745648733e-6
1.8103288266440963e-7
4.558993689387173e-8
2.6011561023843366e-8
5.571598359608545e-6
2.5497088674987533e-6
1.7734093534477655e-6
3.033160054309618e-8
6.54996913801104e-9
2.358059317865292e-6
1.0410409077773999e-7
6.072224552702727e-9
2.394101108245005e-7
5.014281692524149e-7
2.1559675982448634e-9
3.2599656578442125e-8
2.6831464439731394e-8
4.7606053854715175e-9
1.1918694519310328e-7
1.0160781470738515e-6
5.539837321906373e-6
6.074568158934319e-8
2.2501187715293573e-6
3.3556277368778126e-8
6.105600115810936e-8
2.0616471059726394e-6
7.367062394089564e-6
3.08460756965441e-9
1.0842192870006466e-6
9.581203916450276e-6
1.745914580494844e-8
6.520008998472044e-8
2.259412323257707e-8
1.3434471448478964e-7
5.522517506010271e-6
8.266359020373831e-7
1.7232717716280342e-7
1.8595136344985067e-6
1.2412854438235896e-8
2.6186020628691504e-8
1.6563713931834958e-8
4.2743374723618335e-8
3.842342789811731e-8
1.6214711799123877e-8
6.35075564822937e-9
1.130336572940844e-6
2.0361728419479185e-6
0.00017433960155541754
1.3359192402763515e-7
5.539316010231705e-9
9.325549886645603e-9
3.7564472713637327e-6
1.5677838015714673e-8
7.483356077846174e-7
2.5121488849933565e-6
2.7676732241384734e-8
7.563116947129489e-8
1.9699599288783035e-8
2.058568650197657e-7
1.7994316516872296e-8
3.396748351148307e-8
1.05850604507334e-8
6.00747939500429e-9
4.7853277357470094e-6
1.2017627163918806e-6
6.0684279849019885e-9
7.655756739405621e-7
4.2258770260360796e-7
1.303071254517853e-8
1.1343840603955537e-6
5.901109778064165e-6
3.0588524257330096e-7
3.410806583586235e-8
9.156839787618175e-8
1.9192336215526874e-7
7.80805598517691e-7
5.6003945864229314e-6
1.0236912271444408e-6
8.084041689645897e-6
3.5928937168488334e-7
1.7466709836801133e-6
3.670436370364143e-8
3.0418234979436115e-6
5.910374810640065e-9
3.8317929592117777e-7
9.024477457934801e-8
3.8955951545413816e-6
5.0700611452470405e-6
6.820275964885267e-7
8.121884233733255e-7
1.7656312329412555e-6
4.5435000082440265e-7
6.2812745609758455e-9
1.7831136749500774e-6
2.3729800064710974e-6
1.388213533188501e-7
1.7459115340648617e-7
5.034811206292029e-6
1.868899274906302e-6
3.1511111237569464e-8
7.00979920373134e-8
3.2082789952854425e-6
3.9542388698394986e-8
2.7948953167244985e-9
1.1140424061995048e-6
1.767638741507335e-8
3.3294507400082036e-8
1.8758390834447295e-6
5.629973361131584e-6
5.598877218844914e-9
8.288082298673751e-7
1.6941377583456522e-7
2.5347135048118996e-6
5.437199041046855e-7
3.891518036071104e-6
1.9557555289121884e-9
7.247497132136847e-5
1.3117941730306414e-6
3.5169083745099704e-6
1.58474301833171e-8
7.37140423063153e-8
2.505839547371857e-6
4.627758222813385e-9
6.82141023177743e-7
7.0812950346145e-7
2.718423365981964e-6
2.965823419435634e-6
2.7383523319512285e-8
2.3679296499265695e-8
2.29847524820668e-7
1.3356246267778921e-6
1.3206535383801883e-6
3.1738090323003458e-6
5.220116184232681e-9
3.2249900018167363e-8
4.655674311920051e-9
1.7387007306257392e-8
1.5302392381747226e-6
9.140702362271226e-8
5.666558864012649e-7
1.3274381294857053e-6
3.832974380571288e-8
7.905063383536724e-8
1.5391894907109678e-5
7.053749353205635e-7
7.85332565596583e-9
2.1343909849154397e-8
7.885062862994632e-6
2.8632919723630755e-6
2.7456969837535845e-6
2.386340148645196e-6
7.34339116479451e-7
3.823750297754724e-9
1.2085736456048518e-8
5.240640847439813e-7
6.001182360400274e-9
7.435539065213744e-7
2.0282849230496915e-5
1.5804875703263973e-6
1.2594580998120745e-5
5.143410267058995e-8
9.19370392383856e-6
6.4808474531921655e-6
2.9864600489374415e-6
2.881896723481226e-6
1.0566102071640665e-8
6.8289036557630735e-6
2.829307674927185e-8
5.649502840908872e-9
5.5397308364333145e-9
1.0746813633984034e-8
1.7146378128638063e-7
4.4617067634524136e-7
3.7105182536844286e-8
2.9845591104420758e-9
7.989935062525883e-9
7.856634132958995e-6
4.79687165662597e-7
3.057503781855708e-6
1.4315468725542047e-7
2.166409616743399e-6
1.9547381017822452e-8
4.170713944461112e-8
2.0980744301850394e-8
6.573793767507949e-7
5.77714911904132e-8
9.066428076026248e-7
5.214803366235308e-9
6.992272778487846e-8
2.5906455627473084e-8
1.4197361604609526e-6
2.5155896687137044e-6
1.6094466006846502e-6
3.0593472007366893e-6
7.420962007266111e-7
8.206739558905409e-6
1.6558238637132376e-7
8.808174991589267e-8
1.8327657805441615e-8
4.817501684267493e-7
1.4674055437992868e-6
1.606242610052785e-8
2.77615346470732e-6
5.123820483181608e-7
2.170974066146308e-8
5.629652803208561e-8
3.75168232271627e-9
3.161921313792268e-6
2.353398270386159e-6
4.2720776251607135e-7
1.0898878195949023e-8
3.097614432230735e-7
3.7143449913114947e-6
1.0167972176612842e-6
2.090451312399017e-7
1.5939483098290749e-7
7.550028542380874e-7
5.320524839033118e-8
1.722558387556091e-6
2.091884132459348e-6
2.889517871776663e-8
2.806323674212145e-8
1.843639392076502e-6
3.537347814058084e-6
3.5929707410188497e-6
1.8214669616976574e-7
7.720455366959597e-9
1.4689241932274872e-7
3.521982888850129e-8
4.1133609816352204e-8
1.4194213029856618e-7
2.571942771683526e-7
2.837050836468027e-7
8.865165198060683e-6
2.3959127923548653e-6
4.451940336962571e-9
9.209282583466685e-7
1.0923635147127954e-7
8.219738493463223e-9
1.3965250517200877e-7
7.314092467188972e-8
3.2999696638616753e-7
2.212168343634533e-6
6.467363339652722e-8
9.708484592045425e-9
3.9101605536734924e-7
1.6254490641996408e-7
4.287011247641786e-8
4.7915673200331764e-8
3.5637549016472596e-7
5.5962268635322946e-8
8.869644715531132e-9
1.6406649211251819e-6
8.835187653535576e-9
5.272416358640181e-7
4.978062712024641e-6
8.924766517227284e-9
2.7210205837938788e-6
2.2354831620685666e-6
1.0904566641640776e-7
5.403981802081336e-6
3.038097009544207e-8
1.1835962189254401e-7
4.575642118875782e-9
5.629467466599631e-6
5.090411734837557e-7
1.8353357920690877e-6
1.0797996189244747e-6
1.7137655916997494e-6
8.39126781851845e-7
2.6445737915018975e-6
2.4441555797431944e-7
2.0840390734943242e-6
1.719132570950782e-8
1.914538405648682e-8
8.913474661506093e-8
1.0828843842433226e-5
1.1803591709250837e-6
2.364509226867599e-9
1.802494183715994e-5
4.208978688290851e-7
2.521999902194389e-8
4.822960687769494e-9
6.014026789418685e-7
6.856730376312836e-7
5.374573439949887e-7
3.8850689202028884e-8
1.7842765382250862e-8
2.385317521440064e-7
1.7848892988546522e-6
4.5941109120783054e-7
2.12570191778882e-6
2.7931436738655926e-6
8.345681771205176e-9
2.1015215322450684e-7
6.030029534323659e-9
2.008110037763998e-8
6.766836957018273e-9
2.807359735754076e-8
1.375485108183281e-7
4.042030059151885e-6
9.793783438437543e-9
3.7882253013851124e-7
7.056829677931135e-6
1.6089869696511045e-6
2.726620293830575e-6
1.4191532384284603e-6
1.223601610711345e-6
2.8099473647910243e-8
1.9474467285701005e-6
4.538306707904582e-7
6.277276413052581e-8
2.238657487346355e-7
1.1384432541471506e-6
1.550707905825782e-6
2.903925732551656e-6
3.813198943348359e-9
1.4529210394031609e-6
2.122179540602152e-6
3.077694488379463e-7
1.704767419289043e-8
7.795395796529824e-6
3.448141444654411e-8
3.0568209105798965e-6
1.9486632006518795e-6
3.4305100131209216e-8
5.125274608253297e-6
1.6481143027488138e-5
3.0277245099079034e-8
4.371257055784101e-8
6.281050557252528e-7
1.3389386870194204e-8
4.2584384250781504e-8
1.1861824583408269e-7
1.3831394831279101e-5
5.054900356518426e-6
2.8712224143295457e-8
4.185534611920068e-9
5.661684052263459e-6
2.1028652639514882e-7
4.448284510868031e-8
1.7570627601986104e-5
5.869379651870111e-8
1.5867661787439168e-8
5.438390133050455e-9
5.88159001458058e-7
1.2227503688844753e-6
1.827701226133436e-6
2.296535473577883e-6
2.1582442824996872e-8
5.778685583084975e-7
3.412569100962104e-9
5.146936841901308e-7
9.428411467159653e-7
1.3173698495775204e-7
1.1118361566327692e-7
1.332897646608077e-6
9.69976341619345e-8
8.94442708127943e-7
6.793733611186196e-8
1.844883910968263e-6
4.6258647086461266e-7
1.932462978356998e-6
7.947882860229957e-7
2.0256322268581625e-6
8.255590451293089e-9
3.1561514457300956e-7
4.484430192754831e-6
4.517683358555054e-6
8.845643634565883e-6
8.423017799663918e-8
3.471998684376526e-8
1.3461457925091617e-6
4.809484052661893e-7
3.790273360057655e-6
1.5494317527817995e-8
1.1063838705479929e-7
7.490666936332592e-8
1.4029336393952953e-6
3.684809527098533e-7
4.5778471405487346e-7
1.6733982055476175e-8
1.9430023586491073e-6
4.8384378427083144e-8
7.173303525833651e-7
6.018448520159741e-7
1.982854584529359e-6
1.2540467323128427e-8
6.42321992767304e-6
2.3841180356198473e-6
3.332223327896915e-5
2.1152103132645678e-7
1.0757088887101567e-7
6.347788383443475e-7
7.42194257823476e-9
7.390672304356789e-6
3.560026772647734e-6
2.7176865605420044e-8
4.065330562721516e-6
1.4167752218424036e-6
5.347312710562445e-9
8.662398190663819e-7
3.2605493251112507e-7
1.4930722539493784e-6
2.0566060039460653e-6
1.4315098499783775e-6
8.2539873763674e-7
1.242782053236226e-7
5.1661688369139377e-8
1.929186469532954e-6
4.261749007926112e-9
1.61793943806965e-6
4.902513336727465e-9
9.708318006652184e-7
7.793716593148139e-7
1.1980246839076376e-8
1.2819661681593005e-6
3.045301050019742e-6
6.181809282752921e-8
1.1278298405985616e-6
1.031715475240484e-6
1.6543022218092694e-6
1.7054774091272788e-7
1.7294200265853865e-6
5.514561182697157e-7
1.2524360820342636e-6
2.3420912934834857e-8
3.927141387404076e-8
1.4124251937295618e-6
9.949011660897054e-8
1.2071974459340646e-7
1.458999551882258e-6
4.0145335381408805e-7
1.7670704976446464e-8
9.460943493098803e-6
1.3518004088911909e-8
6.113675877690946e-9
1.9275674048739233e-7
2.473566795477315e-7
6.9843047414204e-9
2.6037186515734622e-6
2.833702947215716e-6
3.173539378079692e-9
3.569936709638083e-7
8.96165256612229e-7
3.9977776911246634e-7
8.798776879339556e-8
3.042993623739269e-8
1.0797814354965365e-7
1.666659457729926e-8
1.5006341378989865e-6
1.6131762783228559e-7
8.186946541840544e-9
2.6035562533133275e-8
2.6208534584744046e-6
8.097146739383909e-7
1.062686166728987e-6
3.121576572219009e-7
4.819196027492258e-7
3.004329580923226e-6
3.381534213819859e-8
2.139307697147089e-6
6.891428899339247e-6
3.8239370116096025e-6
5.581914048279569e-7
2.8699866411868296e-7
8.999391790782292e-7
3.279184051940435e-8
1.8559705670631465e-6
6.657952847409591e-8
2.8051987534339653e-6
8.175864842250206e-7
2.0282189282385177e-6
2.184989105575501e-7
1.1323299715060631e-6
2.472967510190006e-6
4.951363177620803e-9
8.067859512777681e-7
5.7072045462223776e-8
2.3519427430202982e-8
1.8588935878700771e-6
5.505206282046387e-8
7.495258582539556e-7
1.4631651774171133e-7
7.205062937796816e-9
1.5404681482108303e-6
1.6406657056213463e-6
6.809061144354488e-7
4.931583430578228e-7
4.2016458162496955e-8
3.661516566694962e-5
1.6686587892090525e-6
6.051796336738182e-7
7.064484338707461e-7
3.0880685551833693e-9
3.849083878637662e-8
3.438775519746319e-6
2.5686319840089804e-7
5.179057684201053e-8
2.5468278614712193e-6
2.6777773120663632e-8
7.823320496539131e-6
5.117397095495569e-9
1.0709791448244942e-6
1.5537510728395435e-6
2.3475444900336317e-7
3.2231211793052656e-6
2.9770957110923074e-9
1.0683467034538222e-8
2.5043203583928406e-5
4.7783543238283485e-6
7.210920736975078e-9
1.2329617281506634e-8
2.9119406701204834e-7
9.65174252032122e-8
9.746658781462918e-7
2.7522575288541162e-6
2.0192028324464844e-6
1.4192056952985619e-6
6.19935340616851e-6
1.992545003345332e-8
1.608152691758124e-6
1.7879061858771335e-6
1.6362171089588488e-6
2.4670477351671197e-8
8.325630316009694e-9
5.587188093795936e-6
2.3308751957126265e-6
5.141275927040453e-7
7.16191760449669e-7
5.2119421580693803e-8
2.298602952418488e-6
6.606652096824367e-5
6.74451321949812e-9
4.873315147798825e-6
1.2336190566764668e-7
5.8636105644268465e-5
4.5309649109166107e-7
3.403075763238071e-7
3.1803008929906564e-8
4.418150691914006e-7
3.693873646080257e-6
1.8678367255098978e-6
5.4485991563976694e-8
6.311893737801807e-8
2.4297041233087173e-6
2.6210676848836078e-5
4.842629864757014e-8
4.723085915793737e-8
8.301163070659574e-7
1.4859258510709184e-6
2.7435851459616887e-6
3.64266562442188e-8
2.63320768334349e-6
1.8134293176287e-8
5.328696052524296e-6
5.691259793020308e-7
5.0491747125434145e-9
6.219216569427631e-8
3.5860875014346226e-8
2.512628100510257e-7
2.6173209421404434e-6
9.39078759994465e-8
1.7177770367248247e-6
1.1674176661332548e-8
1.3406146940474467e-7
8.171774867405753e-9
5.89918519397936e-9
6.861637208498546e-6
8.996800622086179e-7
3.994913001739146e-6
1.3444801053175877e-6
1.6404379942447645e-6
3.405666014546183e-7
3.539453125295383e-8
4.489323744637172e-9
7.134985552286192e-6
1.4776045756697481e-6
3.208730788160581e-6
2.250621750862435e-8
8.851593405180925e-7
1.887051138670786e-8
6.5690522291545155e-6
3.4600068086187104e-7
2.0010965164579876e-6
1.0377372955025584e-7
2.840884447010679e-6
7.702350194658533e-8
5.5802898711064074e-9
1.3595474786007004e-6
6.533318476881722e-6
2.205217216343717e-6
8.819566914643168e-8
3.1421599331974886e-8
1.504152436887947e-8
1.190536527925213e-6
1.220169645978598e-6
2.9724467073848514e-6
6.976004237167381e-9
4.418444560166316e-7
1.8781639712340352e-7
4.0276627848207346e-8
5.292563663663673e-7
1.4267511150481753e-7
4.904833906384119e-6
6.716294915784557e-7
1.2758157052751767e-6
3.774551004012235e-8
6.123626209198349e-6
1.7996674770397466e-6
1.8011757678859845e-6
4.0494235818349624e-7
5.399312771399818e-9
7.372381490134257e-8
6.183297926770313e-9
4.744051224597485e-6
1.129026809798976e-6
6.709601471833351e-7
5.011169283985676e-9
1.2625973232643874e-7
4.68043920952959e-7
2.6667197734410995e-6
9.775645998113865e-9
1.3011150137755542e-7
2.589536275383236e-7
1.3764857189747499e-8
2.1993130334423664e-6
9.23927195386377e-8
1.1927015813516991e-8
6.462324346335361e-9
1.7931007094155648e-5
5.946815840050694e-7
9.624106284945053e-6
2.1991241940062626e-5
2.476102478020707e-6
3.548523841950155e-9
9.735285221570692e-9
9.591354196085757e-9
2.0817885176184636e-7
5.820929854899857e-7
1.6963322788905003e-6
2.435235941084492e-6
3.1497397928226586e-8
2.5943488523556937e-7
1.418153488613797e-6
2.4859873359256715e-7
1.3929187896396855e-7
1.7029402313528836e-6
8.841519228008549e-9
2.0398592694849536e-5
2.793186776925422e-8
1.7443174558512516e-7
6.992801098441214e-9
1.0843964140911149e-5
3.1730244782603465e-9
7.811569951840093e-7
3.636548060982591e-7
1.0028753390498604e-6
2.0857747331159724e-7
2.9270601973003684e-8
1.3950389590671656e-6
1.755497829787183e-7
4.010394554499584e-8
6.859448003435078e-9
7.918083184257677e-8
2.6665252999013487e-8
4.632038864296421e-9
1.1000757877794254e-5
7.327612174789659e-6
3.029624953588956e-7
1.6416082965531889e-6
1.1898107302376467e-7
2.0066800497226385e-7
4.27216407475068e-6
2.0567494702770587e-8
6.6538287041848e-7
2.2701918307855816e-8
9.937079025439464e-8
7.770573508521543e-7
7.916634107519536e-6
1.3668543188710447e-6
9.361692569974177e-9
4.692455690300423e-8
