9.44454175441368e-53
7.51275252975429e-48
4.861244412783684e-46
1.3423650484467413e-20
1.2709295554365398e-46
3.4800334354000787e-44
1.427294040225053e-42
3.608385626676441e-11
6.4672300455259954e-52
1.349855067083243e-50
2.7618902776866584e-43
2.3691224409027124e-46
2.5069859492981394e-47
2.544552901488115e-52
1.3919776534556652e-60
6.464956153252506e-52
1.0512061110630576e-52
2.633857440198747e-21
3.7472462541037645e-51
6.467451948652824e-52
1.1245140542362599e-18
1.002435761209176e-22
5.610267156053262e-44
3.858940929684652e-44
2.326010875200214e-44
4.688466390884261e-16
2.2238163552507757e-47
6.5135179964122926e-52
2.1707197594071315e-47
2.625703607518617e-45
1.506098644685601e-44
6.4672300455405295e-52
2.8400535699463042e-52
9.051473879766495e-53
1.4252956991426438e-42
2.2419135448188902e-44
6.5132274174225706e-52
1.0941220891778031e-47
2.6593053905635835e-47
2.268811946408572e-47
1.0586955490741636e-23
5.156801226949166e-44
3.511892648961385e-44
5.987051881682289e-47
5.7693458370703585e-47
3.4891279766805084e-44
6.474528110045836e-52
7.688962191038074e-20
1.9969083481464042e-42
6.625512759302816e-52
5.757220534688944e-47
3.8284110072203e-43
2.506104487540746e-47
1.4124043047395165e-46
2.0639760055728223e-13
2.9740775368897394e-44
2.544311627556947e-52
4.586012627896335e-43
1.0610135235336135e-52
1.3653123941314273e-15
5.757220534688893e-47
9.081534362966576e-53
3.668296115580515e-43
3.405127968272844e-21
4.39708438179994e-19
2.8598374669504464e-45
8.839723994305663e-48
8.462564289855348e-15
3.101197226473505e-47
2.762861671360921e-43
1.422449855249803e-46
2.173139207137374e-47
2.3434828226356356e-44
2.9246940073907452e-43
1.7130317651329973e-42
7.544646920547986e-52
5.835781343264189e-15
8.560073393875969e-48
9.974468261409731e-11
4.778805190137808e-44
2.924640640444776e-47
2.9570704459701067e-50
5.726587677537279e-47
8.723198706513972e-21
8.891441223772651e-48
2.066352622950032e-48
1.3833845467884816e-50
5.867559424681933e-52
8.782626448051058e-46
7.447707059200393e-9
1.5419901239239213e-12
2.8322448504210093e-50
4.964894867943898e-44
2.6172883132745954e-47
2.533183464165692e-10
3.661519175420306e-14
4.615794199712039e-53
2.4336224075092377e-52
6.464956153252519e-52
3.756817080655618e-43
5.987553482281851e-47
5.997480042166092e-47
5.119573778200644e-46
9.425015285104611e-53
3.1034477863265245e-43
9.017399228941411e-53
1.712360226294357e-42
2.4344783754474287e-52
4.080473948097808e-10
3.105911207217778e-43
7.101756841723792e-45
2.3372626953214198e-22
2.2238163552507757e-47
3.7335702124309664e-46
1.4123498493556335e-50
2.507071999737599e-47
1.411390851217963e-50
2.717565131615102e-22
4.7524844874005576e-45
1.0672210340734846e-52
3.212040538485442e-44
3.9617238621462623e-47
1.6640590540408245e-45
3.2605814363586157e-44
1.712370147849033e-42
1.2954290034469344e-45
2.900253591987973e-72
3.665764814427442e-43
1.95071329560939e-17
2.9038449680146795e-22
1.4454921150507054e-46
2.3918597052913287e-42
7.022035261186707e-18
2.609141511958115e-72
2.6783460181686353e-21
2.2127351898435734e-47
9.801397760716035e-23
2.1699264271124598e-47
2.762900115766283e-43
2.8695537661099006e-52
8.149148172014879e-58
3.665761913019228e-43
3.6712052067784075e-43
6.464956153252506e-52
3.442274702683191e-43
2.495297625670948e-72
4.564654874599158e-45
2.2690917474753356e-47
2.1901167876225264e-47
4.560933281481011e-44
5.878267008668456e-47
1.0519664963966593e-52
1.3534891888679179e-64
2.7628616984592173e-43
3.2566241551027185e-43
5.980648882708219e-47
7.510111029464546e-48
1.0478994445198946e-52
4.624576456584591e-7
2.9247065107703073e-43
7.654051641232596e-52
3.699942254916994e-14
3.2508612496056637e-43
7.544646920548003e-52
1.8104978483380648e-42
6.868888766730633e-57
8.370116932512192e-18
2.4336119400030474e-52
1.8854074719158675e-19
5.987828149762835e-47
2.838000714566758e-52
1.5407059975173114e-41
1.4155914183601122e-46
8.651491465589045e-50
1.7548985828404176e-42
2.5164592651349667e-47
1.3882454311631038e-44
2.3484500764214795e-18
2.92573531712867e-43
2.4962716719299065e-72
6.566423905190619e-46
1.0548986967438295e-14
6.308441822408408e-62
6.752383272906428e-47
2.834413778414881e-20
1.9766019743487955e-22
2.1699264271124758e-47
9.80258564205633e-46
1.4130792608102205e-16
9.875467951438827e-16
4.12073130747823e-47
6.464956153252519e-52
2.9653596480001327e-20
2.359946237654981e-61
1.624251012187742e-71
6.764237730737006e-52
2.5069859493009947e-47
5.113613607221057e-46
2.5070207797443557e-47
6.839890902547792e-52
2.50698594930661e-47
2.555414333195142e-44
8.275111924574398e-50
4.173232394749791e-57
1.2970404928315508e-20
2.4953083584942333e-72
3.2839184200475176e-44
5.728601866515914e-47
4.0455383571233133e-44
4.615801098034251e-46
5.839562997844684e-47
8.821238970922386e-47
8.796154423246097e-50
3.6931488657333774e-43
1.0014958726820082e-18
5.757220534688944e-47
2.3975222026044603e-18
2.0307028528730123e-49
9.01739922892117e-53
7.147813262846234e-21
8.945278551840755e-43
8.556291686954523e-61
2.9099365960058743e-72
3.0938959775820447e-47
3.7842894170901767e-22
3.780783191300562e-51
3.665805111353574e-43
2.6203099465666157e-47
4.7093217267041924e-21
5.150997210498214e-44
1.2006604625967521e-46
1.8975427341588858e-45
3.40769249999701e-61
2.683650953146299e-47
9.014189919556364e-53
3.961723862146298e-47
3.480033436688885e-44
2.0191130176684578e-42
2.136749730374825e-43
6.5135179964122926e-52
3.268320981906044e-44
3.20328559339205e-20
6.773574358831675e-52
1.0926627497699883e-47
9.424225714985228e-53
2.49622070337287e-72
3.1929557319909483e-44
5.878267008668529e-47
6.4673197626523155e-52
6.467451948652824e-52
1.1315050929389848e-13
1.351859465157458e-50
2.8163775989654346e-43
1.6242510322179463e-71
2.240175400754685e-53
4.9055328293776046e-51
6.75988016271424e-52
2.796107862174609e-17
1.7644174285378267e-45
4.637996922165841e-47
9.926655162037071e-17
1.8992440225721717e-22
5.156615646945539e-10
2.525735453352275e-21
1.4112570234563703e-50
6.625512759302832e-52
9.017399228941411e-53
6.513517996412277e-52
6.482581117113674e-52
4.3423580931060864e-11
1.3624208278283718e-50
7.754101361041671e-46
6.52511017220215e-52
6.759570080459095e-52
7.852353614208886e-48
9.39024046190001e-53
8.620292814801789e-50
5.716067405992311e-53
6.325301211358937e-50
2.496186022973848e-72
9.017708744473503e-53
2.555545441411832e-47
2.512643004462034e-47
6.481823456836044e-52
8.796154398211016e-50
1.061013523533618e-52
2.507071999737599e-47
1.5259041428579145e-45
2.1692180216405981e-44
5.751797833708501e-47
2.5069859492981205e-47
3.0583653193864686e-43
5.140034011669415e-58
2.51814172049505e-72
7.87060404142019e-10
8.839130865563707e-48
4.4478704152237385e-15
2.50698594930661e-47
2.925735275737571e-43
2.7176806744593712e-11
1.3535409056644117e-50
2.508656346650409e-72
2.4070366877227557e-42
9.062447909606285e-53
6.760403703943127e-52
8.821283059883476e-11
2.269199273424748e-44
2.5098150036379186e-47
5.088967229079489e-45
2.954268920618343e-72
2.2685713797084626e-43
2.8290523462888266e-50
7.329172078529575e-58
1.0983275172725109e-60
3.5151404617372966e-43
1.522234073149724e-21
3.064323642544839e-43
2.6769223946920502e-43
2.6200904330300596e-47
5.788304176986035e-47
4.5004993691731975e-22
4.584615051825784e-47
6.5924981613932726e-52
2.8029208903986523e-45
2.1815338711986005e-47
9.017708744473503e-53
6.636621751413835e-13
6.796963331676381e-44
2.5061044875403994e-47
6.482581117113674e-52
5.728601866522442e-47
5.735066412508241e-47
8.261521211029189e-48
5.979155048690474e-44
2.3928790379259955e-22
5.328182644050138e-23
6.486243593968357e-19
2.9368882888856673e-72
2.8290916513083036e-50
1.461782132824505e-63
9.376430390688701e-20
2.900253591987973e-72
1.2394210719588337e-45
2.9156460446430645e-47
2.4558913111558703e-52
3.2594350101166566e-44
7.683050726339025e-23
7.513010306755632e-48
2.7971081024283844e-45
1.8508696812022718e-48
4.9281315439080525e-58
6.4829668131726956e-52
1.9816105669343398e-19
3.5902211892366913e-13
6.848412496458712e-44
4.277987650056081e-43
3.2979765444910688e-50
9.014228691566376e-53
8.035216599242344e-17
6.195829845116789e-22
5.99670252280449e-47
1.936560138320245e-48
1.9969749287044366e-13
2.268837009836646e-47
1.8931662982051755e-22
2.957567700476477e-46
6.009629764636239e-47
2.278716189825979e-9
1.1243892964498536e-41
1.3699406434581756e-50
2.6444423187316262e-51
5.83797589488509e-46
3.505993521250663e-43
1.3784305269968455e-51
2.9323373223269774e-43
1.62285605221316e-45
5.742541323736634e-47
1.6357471705006178e-71
4.052342135398171e-18
2.6602890838680755e-47
2.26891602378576e-47
1.6381682299369785e-17
2.957299466050045e-50
1.5857100747815787e-15
2.508656346650409e-72
1.773312562005353e-46
5.67903747945778e-16
4.940695661303412e-60
2.6203388929718155e-47
9.014228691567554e-53
2.4482582133453835e-22
1.7699850811502245e-45
5.881285277721846e-52
6.759042928322989e-10
2.5539254456614246e-47
1.7123701157993472e-42
5.728601866515914e-47
5.713712117619117e-49
1.5367996786198135e-62
2.4345619070923316e-52
7.539916529444018e-19
7.260977911249983e-15
1.3624208278283716e-50
7.791681120442235e-51
1.5708078168551977e-46
3.4083907126958097e-44
1.17300323013154e-44
2.457411120197336e-55
2.609044820954615e-55
6.464956153252506e-52
8.839130865563693e-48
2.816377442587818e-43
2.246383122370258e-58
2.4952976256641764e-72
2.8373592705392594e-22
2.4558913111558703e-52
9.017708633267473e-53
5.751455637639751e-47
1.923991046161886e-49
4.043036767033182e-21
7.890152517597954e-11
2.3144959639981694e-19
1.7170382837471492e-42
1.3518594690050391e-50
6.751775223205042e-52
2.0890968996965426e-42
3.840771674252505e-43
5.726563046331534e-47
1.7129715836790217e-42
7.654051641232613e-52
3.6998865216387575e-43
2.1736633846311628e-47
8.642962303301775e-10
2.451793301068028e-52
7.169777878875217e-23
1.8017693120950117e-42
2.9566870883750777e-50
2.268492362139814e-43
2.8911939899828834e-11
3.832873361347411e-43
1.1765761236820126e-50
6.464956153252506e-52
1.70966919241292e-22
8.653283329276586e-50
2.020925661849822e-42
2.5022600143408447e-72
1.6334571740352847e-46
2.954268920618343e-72
5.7891881348092015e-47
2.5098150036379376e-47
6.474528110045821e-52
6.064708741139738e-44
1.2691908263002302e-46
1.4219201256317556e-42
2.4344783754474287e-52
3.404040493085527e-44
4.042495833668214e-21
2.1736633846311514e-47
7.329881416848729e-49
6.513517996412277e-52
2.0757750129005622e-61
9.014228691567599e-53
1.102918917133258e-45
2.924640640444776e-47
1.1588443236362489e-22
2.496220651501602e-72
4.654707341385744e-45
1.7123682887590822e-42
1.016579793827028e-20
4.764032207446751e-44
4.105021080426472e-47
1.1344685534570216e-14
3.840771842469966e-43
1.7715338991809519e-43
5.1195172232040966e-46
2.762900113343337e-43
6.4649283461754114e-52
6.449050491015935e-14
4.449913130528624e-21
3.986330287256673e-15
1.4124239277741894e-46
1.9342706786121794e-45
1.8268938800600626e-21
3.3021451388247244e-13
1.7548991382972298e-42
6.5132274174225706e-52
2.6840607854878857e-47
2.1759716045280825e-47
2.5098150107812206e-47
4.100666548719294e-20
9.014189919531924e-53
2.631899596158394e-45
1.6582056102121917e-43
1.2691908262973544e-46
2.5098150107812026e-47
2.8855872634849595e-46
5.290492135316364e-44
1.1917088814226858e-46
2.924640640444776e-47
1.0801302900107263e-17
8.786239404979363e-50
2.5098150036379186e-47
2.762861612360161e-43
3.2024588181960395e-11
3.137441337349197e-20
1.2874877747019974e-18
2.953524987099227e-50
9.149522902796264e-50
9.524445499719417e-48
5.990289202716385e-47
1.0555311990249183e-18
2.269091747475349e-47
3.395396274216815e-44
4.126705610655852e-43
8.194019369686044e-27
2.8357675836850834e-50
2.4952976256641764e-72
2.609050649814051e-72
6.5924981613932726e-52
2.9824058407687403e-43
2.8802662449766614e-45
3.672090798198758e-43
4.705062917854043e-50
2.683650953146299e-47
1.0639350671905509e-18
8.553259239341279e-21
7.623014655050026e-52
6.474528110045836e-52
2.9569348022826124e-50
3.788176074526645e-51
2.296632697858586e-12
5.017800775368529e-17
1.351859465157458e-50
4.287718442531009e-49
6.759880162714224e-52
6.464928346157866e-52
2.510420397006767e-47
3.853280542500755e-22
2.599395501776997e-72
2.887752175004307e-43
2.3260108750238374e-44
8.565591406206951e-48
2.8877841402776017e-43
1.2458384467420563e-17
6.809831500492148e-23
2.496220651501602e-72
4.868821669895073e-45
2.45526817332302e-63
1.6711459579735113e-46
3.265048273372304e-44
3.354149956867307e-45
2.462466503384855e-11
2.829073519496676e-52
2.900253591987973e-72
1.5039806879669363e-46
4.190017328942349e-11
3.0651320600444927e-41
1.3465079869588815e-50
1.712994338888599e-42
4.212860460815224e-11
2.4402056258364218e-11
1.7826163198967823e-45
1.293774634568786e-46
3.413152157172784e-43
2.2604408688098533e-47
3.620534583894798e-50
2.1559767951232198e-19
7.481600491673317e-47
4.054199955180295e-40
9.192063281920405e-53
1.380896667548518e-14
8.33494062239353e-15
3.6712052067784075e-43
2.5225282998947095e-47
1.2687445760179806e-46
3.4178628151869006e-44
2.4336224075092563e-52
8.290837785906458e-55
5.997480042166157e-47
7.461846661054345e-47
5.514259048690254e-49
2.3859139694995966e-62
1.434646761307244e-42
2.5773342117967164e-20
1.911329356370998e-17
9.426177624422867e-53
6.4829668131727105e-52
4.134017511566964e-43
2.6593168288199453e-47
4.988661328484335e-15
1.8608507044005207e-44
6.467230045518646e-52
2.0243136619149547e-21
2.189782376160508e-47
1.6625316983261088e-20
4.0655461178063663e-41
3.818688990225404e-43
4.7562785632388945e-22
5.056248199399527e-42
1.71008118061068e-21
1.329337886644697e-58
2.280563205703865e-44
2.5056185284052086e-72
4.538324215886835e-44
1.4097477201378233e-50
6.4829668131726956e-52
3.2449580744948523e-50
3.8198291798135165e-51
6.345540111115263e-45
1.0180853555644263e-20
3.520479273372983e-43
4.5765642236788965e-45
5.143381956158173e-44
2.978566359205795e-11
8.660558129772441e-14
5.226547566941839e-51
5.594819496956386e-54
7.104495957075735e-18
3.832873361347411e-43
6.645925782320312e-19
5.1006280966674854e-46
6.688899999684706e-47
6.5241138455930785e-52
3.4860416010297863e-44
2.1494299859573958e-42
1.5689198621865009e-50
2.78626488048869e-47
9.062447909606285e-53
2.5069859493066295e-47
5.987828149762869e-47
2.4336224075092325e-52
2.1699170938164484e-47
3.5118926488911835e-44
1.568378775777622e-11
2.3887404777778262e-42
1.1478341070776798e-44
1.707080964389153e-49
3.3466483060454293e-43
2.610641971250213e-47
8.603461699329848e-20
2.175842147799916e-47
2.56903968674844e-47
4.50265965612877e-16
2.1901167876225264e-47
8.930434737872749e-42
1.4448389139738167e-45
3.4891279766805084e-44
1.3820226918649758e-46
1.5578115105829528e-18
3.9420851458752237e-47
7.78137194698273e-47
3.2605814358627444e-44
1.6460668991635036e-45
1.4009429178651538e-58
2.8290735194966975e-52
1.8404197289241998e-54
1.7461532770256626e-42
3.5059932648150524e-43
2.4344783754474287e-52
1.712360928796583e-42
1.590015361844585e-45
2.5858437514216154e-47
4.4416513196214e-20
2.6603434577025294e-47
2.496271702713838e-72
3.4812724280711404e-44
2.496186022973848e-72
2.4466404230829415e-52
3.259420988309301e-44
2.273512404232729e-47
1.7904078607387012e-42
3.8030047289609837e-42
1.3533827087734167e-50
4.136095512230422e-10
2.496186022973848e-72
2.3676635733503864e-43
2.3249727695037396e-13
7.964335425581476e-50
2.5220678210608914e-47
3.0273071793186955e-21
2.51308622022069e-47
1.3774637264111537e-16
3.1898604271811326e-18
5.8008259055841776e-21
2.8285570818911604e-52
2.544552901488115e-52
2.544311627556966e-52
5.991688036009859e-47
5.551384068427766e-16
2.2759403838160483e-22
2.1759716045280825e-47
2.555545441411812e-47
8.209720064525457e-19
6.66664224820613e-47
2.6703046525331134e-47
3.3053137777002615e-11
1.7280403594044907e-42
2.4336224075092563e-52
2.5070207276486624e-47
1.2117065435395695e-7
1.0535605722656178e-45
1.44009077340521e-46
1.9411042418617524e-19
2.4383072676156903e-50
2.9793418082889676e-43
2.7618902407403992e-43
9.43152349120224e-53
4.0527196379315334e-25
2.1282077928038875e-55
2.4953083584939076e-72
2.0267951052077728e-10
8.79615439821102e-50
2.7666467448954706e-43
2.60880326022098e-72
1.5858314638068134e-51
2.5098150107812026e-47
1.328096539787447e-15
4.774278747843493e-44
8.528098676496547e-48
2.8881084357485998e-43
2.5022600143408447e-72
1.7941160191719368e-42
1.6522564666246402e-45
2.7971081024283844e-45
1.4389102791949432e-10
6.759570080459095e-52
3.9166340898720674e-51
2.332490886252335e-44
2.9246938960088696e-43
9.384639363094055e-57
1.7252336419292397e-42
2.3860792310217618e-42
2.762956590609759e-43
2.170764153669745e-47
1.6477938785113508e-21
6.678135388107986e-47
7.093995147365083e-45
3.505978511427935e-43
2.512643004462034e-47
1.2706230679948204e-46
3.621920092244652e-21
5.742199678372476e-47
2.5249292173890277e-47
2.530488185718733e-47
2.1736633846311628e-47
4.6926293667110806e-60
2.522528299894694e-47
4.0859565692844375e-59
2.51814172049505e-72
2.9434345383094764e-15
2.549034268244951e-55
3.2741909494989177e-10
2.634402978523017e-43
1.5981399697608287e-50
1.1980836110151578e-46
2.4953083584939076e-72
6.759644753020137e-52
6.467452028409206e-52
9.835998408011675e-46
2.517284361791838e-16
3.356966971362991e-19
6.4818234568360595e-52
6.751775223205042e-52
7.597806289121409e-47
1.63582014718787e-71
2.76290005596337e-43
7.471572205168244e-47
6.935926627339036e-18
3.1939696991675823e-12
3.942030459766644e-47
2.437836899686329e-62
2.663254189752338e-47
1.4623736259932058e-56
2.4517933010680467e-52
2.5540968207219266e-47
1.3686042256966241e-50
5.152817659196574e-51
2.097438232071544e-61
4.401291776200807e-51
2.9247065457735957e-43
2.1699264271121878e-47
2.609141511958115e-72
1.7194448715158267e-42
5.8675594970404625e-52
3.68538698930126e-43
8.695150824285621e-47
2.326000870017832e-44
2.9007831199335196e-72
2.7785208034861144e-45
2.223052098821948e-54
2.6667253943060503e-47
7.197980360464617e-61
1.7262795197252924e-44
9.051473879766495e-53
1.5564740514820292e-20
1.3320142657148185e-43
6.467230045518646e-52
5.72868133697481e-47
1.6509643860839834e-44
2.513939836589875e-72
7.461336424454807e-22
6.00962976463616e-47
1.7583660509108102e-48
9.48198552380455e-15
2.753470271018192e-54
6.4649283461753966e-52
2.3268289935530325e-44
2.4953083584939076e-72
4.549649691523408e-15
1.7123675530217795e-42
2.002791730949942e-13
9.44454175441368e-53
2.773302000517566e-43
2.0191130176684578e-42
2.3663370409643618e-58
6.4649283461753966e-52
3.8692256607919635e-24
9.096713546063443e-53
8.337270843813972e-50
2.212735189843587e-47
2.659316828820297e-47
6.476089833271812e-52
6.682965988074567e-47
3.114929051352541e-15
1.9759727749378082e-45
6.839890902547762e-52
2.5060937082743364e-47
2.0155081528773176e-42
1.5055908789329933e-46
2.54464151744976e-52
7.377233358942914e-61
3.814545051581557e-17
1.5631307281433177e-59
4.674668551157268e-16
1.632274687557908e-19
8.967403735378022e-12
9.014228691567599e-53
2.186225938559068e-47
2.843395025807846e-8
8.27511192457548e-50
1.6911030185152474e-58
2.3384532511453925e-44
1.6877827326807406e-45
2.6615298551342227e-44
2.854371672643772e-50
2.2718828589844466e-22
2.5390502995345622e-42
5.738032854191426e-47
1.8045041980287437e-42
6.464956153252519e-52
1.8874547877421228e-71
4.189678657569735e-18
6.763267566039976e-47
3.2837719189437657e-44
4.662625709912598e-9
2.6206330960984695e-47
7.544646920547986e-52
3.9420851458752237e-47
8.549810064440899e-48
1.8789968648437775e-42
2.8239258707424662e-42
5.728681456016358e-47
5.896669964089579e-52
5.750783428623559e-47
1.9279771141922612e-49
6.779875496891853e-47
8.309303213874167e-50
7.579989826856381e-48
2.4322685922468963e-42
3.661537341560822e-43
2.782512361273545e-43
2.866756565276972e-45
5.516620289689507e-50
2.866756565276871e-45
4.8669427872943577e-45
4.440708385111922e-55
1.3536214376907182e-50
6.467230045518631e-52
4.0455383563149904e-44
2.7117803878282907e-47
4.0447998564557986e-44
1.0165058150522029e-45
3.4944273460499333e-44
5.987553482281851e-47
8.830727810960102e-21
2.4336224075092325e-52
9.0141899195319e-53
3.2448325318625413e-18
2.807469816742773e-15
9.09810274588054e-53
2.2252981259111353e-44
1.3842610953486907e-17
2.8706043037965784e-45
2.3837771465951633e-44
3.665932907609786e-43
3.378423810562265e-14
3.0451631266236025e-19
6.350576930991266e-45
1.1544109504492841e-13
8.52182660235843e-21
2.659316828820293e-47
2.4336224075089147e-52
5.258341617421186e-18
4.260414733405069e-49
6.464928346157866e-52
2.73781493581277e-44
2.610641971250213e-47
3.593064085682617e-43
2.339428047093379e-18
9.014189919531924e-53
1.8551259946534954e-57
2.530488185718718e-47
3.260693313183182e-44
2.1699264271124598e-47
1.3536214376907182e-50
3.97670336778954e-47
1.6060391393232325e-44
1.4611133033268e-20
1.521922987933541e-45
2.5290366397058503e-47
4.9844908365216954e-57
1.790428407280682e-42
1.3267260175857068e-46
6.759003805032074e-52
6.759880162714224e-52
4.580978865637064e-47
2.455891311155889e-52
5.710289054965703e-17
2.9919148178694103e-58
4.587625647134777e-43
4.887052128504478e-45
1.7107128972357803e-21
2.780847218966874e-47
1.659078029795489e-51
2.782512361273545e-43
2.554096820721902e-47
6.4649561532525216e-52
2.1707198045145175e-47
4.931324736472116e-47
6.764237730737006e-52
3.269883449945739e-43
3.667192783760652e-43
4.128759338394131e-47
2.433611940009634e-52
1.3503543867198601e-50
1.5840439203528783e-51
3.272902414837059e-44
7.450815050313921e-47
2.1082898225420717e-44
2.691775998371747e-44
5.0794583070498476e-46
2.170434418676975e-43
1.663632313651069e-11
2.6742418518479085e-43
2.8291494514096963e-50
1.796950463587243e-45
7.111013035524808e-45
1.9247206290293367e-61
3.895969075870987e-46
5.78830417698611e-47
2.178892176808973e-47
7.515478244052295e-52
1.4097477201378233e-50
3.583692913664043e-43
1.061013523533618e-52
2.4402570243523157e-52
3.176951751572799e-16
1.0648367327727855e-15
2.4238835471666366e-21
2.82914945140972e-50
2.86447834184327e-52
3.74754991877008e-46
1.6828030298869645e-46
6.482581117113674e-52
1.7280403594044907e-42
7.838779946159634e-22
1.1914987922106453e-11
2.154661187350947e-59
5.997271182702889e-47
1.1172095275428106e-41
7.291735900597444e-42
9.070754969165992e-49
8.079301524328324e-60
5.062579074672194e-54
7.470254495287607e-47
6.4916682011563965e-52
2.5061044875407266e-47
5.625990878977285e-43
1.423868893462539e-42
2.8637155768146743e-45
1.9906249825725378e-42
4.866942787310497e-45
1.382070111723936e-46
1.1489736337117024e-51
2.4499499825658364e-49
1.1135826198493805e-62
2.8304816214056426e-43
1.1193667859329602e-47
7.531033376423757e-48
8.350326019167038e-16
