0.004574853686608473
0.0024869325898553016
0.002459006863756338
0.0036992634140675467
0.002470951508034991
0.005663200899923134
0.002009641241134296
0.013080905467812761
0.005347150095941391
0.006141496516936786
0.005189290530588033
0.005958508105442226
0.004740380181571078
0.003188277593277879
0.0067394191157528135
0.0032258392067314443
0.010059428815079988
0.00546627856935508
0.013790171379872554
0.003876945168637648
0.0029599651746310164
0.0059195857623848495
0.0030852795077973578
0.006978543510406863
0.030057669242379074
0.040434196136234
0.01054296261753111
0.007366088577366674
0.0026214609909040137
0.008169700961609959
0.010397592482474478
0.004236605001871633
0.02963344969181833
0.003200160655212772
0.0041718618526682795
0.004236153099611018
0.0029500353213740135
0.019804557936223894
0.00324801909341876
0.006768374163271386
0.022229343245952268
0.007016560724388574
0.004125847087274664
0.026123450583573266
0.007778044326610443
0.008343466303791184
0.006733991326465744
0.0035835923813155954
0.008295675309325914
0.004827537371468658
0.0026918732082531764
0.0032362550139184657
0.002270182701645928
0.0026657329442658015
0.015559516922175593
0.005306245918479287
0.0014880077620714567
0.00442510293629171
0.0016170108763240293
0.001369622864203958
0.003618704994069897
0.003576770073866947
0.0021980765682280685
0.0029047364915560717
0.010536467637487659
0.0021790631251126704
0.010282130626453218
0.003210634177378671
0.00820880880431897
0.0044933358648749705
0.006763415720472242
0.004209898307787182
0.007387385671331936
0.013650214196667341
0.0024019173528201767
0.005387874149845713
0.022920131479326575
0.0022410820605810186
0.0072224710282355374
0.002050770944970618
0.00501255704451215
0.005463471071876147
0.007179602058552697
0.005889778764797743
0.003350109228219434
0.006175778048208474
0.004603219898747807
0.002626564686374052
0.0017448173167618427
0.0020426455188018605
0.002718838493130204
0.0017091881728608475
0.011240852357883378
0.002797461752820358
0.00421639207749191
0.0821475263333688
0.0045121628412358936
0.0016635881293263846
0.001861564684394733
0.028103256556501106
0.0028361544548860863
0.003359517256286096
0.005411088190261436
0.006144508706457723
0.015353345871264702
0.008649824240820139
0.015322870267344631
0.02128518819808022
0.0022880528614294946
0.0034409601386208564
0.02563868912574687
0.007192702643414988
0.008213285025239284
0.0023642147604112556
0.0018537019931694591
0.0034328499173715945
0.001491404382080204
0.0023772209873000206
0.006247620055041047
0.004695705029891339
0.007772477232614619
0.019030637444770442
0.0042552317030229115
0.009074133608436279
0.03103673086260083
0.003321851782828299
0.0017823158295737192
0.0025004294717447615
0.003186766644714863
0.015731103476808835
0.02197136730980996
0.013986333780123653
0.0022557688605718256
0.004606745175611484
0.002439493321996893
0.002604981304403781
0.002630200414407959
0.01781490943979356
0.017752132051663677
0.0012834269378209646
0.009022842546117125
0.007221135958013341
0.05216239009298371
0.0031606856973476964
0.0020140600445443836
0.0037294873709533246
0.030977428036197303
0.0019855827937204553
0.013665509997600913
0.0018139942933509809
0.005805665429768557
0.006367180561979026
0.0020547886783945425
0.04063650764108668
0.022933119770954462
0.05067742633423339
0.0013235752007660548
0.03320370240937981
0.0017337870392971004
0.010236280232521803
0.01164169190343142
0.007859080927631996
0.005361247151528523
0.003136366652298082
0.0036377089521267155
0.31639844133213935
0.007053353150420809
0.008462581491292956
0.002112391663587579
0.0019364031015322012
0.005471174524305152
0.0033487757779305737
0.02332623350612391
0.009413938236501478
0.009205760536391924
0.0035775047820167543
0.009057975265521417
0.0044803469635950974
0.006119633494325295
0.0042980349693453315
0.01061316004706322
0.0022040303218158275
0.029243702578665584
0.004985171410209577
0.0020748402073342805
0.006636186617813777
0.00940821038311438
0.006517203546175808
0.011093529852947238
0.0067585102612038855
0.0128916045410149
0.0013305627830833282
0.007977368693449071
0.0020816346373894517
0.004964496386648766
0.003297080318398108
0.008234099606025341
0.0022640806659129094
0.0034689226517126363
0.014888137066413993
0.02315365747481584
0.007156604115480188
0.007255831967257412
0.0058665818211436445
0.007147283889700746
0.001811927409854087
0.009153818530748517
0.00541263017065717
0.014139504002483918
0.004917967762186379
0.0013934355545270828
0.0019757771278730435
0.0012942863607926813
0.0025971078711103956
0.0027852745132164666
0.003930375396218977
0.007739079853455002
0.0019140812938821536
0.01305665621763934
0.0017489099630799347
0.005480166556717354
0.18327012933007839
0.002649278950332586
0.006049147323788567
0.02822580381253317
0.005104100719093405
0.007235254566071498
0.0013782486297196795
0.014439225643320976
0.015596969120753713
0.01089204264103407
0.0021230056946150997
0.003991105782854008
0.0035726317970434314
0.005531866576607265
0.006075889210341203
0.0012696336982454424
0.01306295805908246
0.0027177326908764967
0.0037766399985956797
0.014672012329538355
0.0015224767019967082
0.0041770829642088945
0.013135080963589247
0.0028280995320541457
0.010481169478258794
0.0030396641708179575
0.005241017773148096
0.013036885145431852
0.0028732383366858586
0.003674772519796049
0.002184820776828106
0.004065023631393929
0.005931150664937708
0.0026519471409453153
0.005304725337093817
0.021172422496192944
0.00743926676641038
0.03476532213245097
0.0020157956557201643
0.006583985882284888
0.0046112652038776914
0.0017169528345452045
0.0016100784535798562
0.0018561246250646689
0.005674195825740803
0.006900040133076807
0.0028444270636205737
0.0016614304963538725
0.13352681735072788
0.00415035795732268
0.0036545832589000063
0.006914663973422733
0.00814800795570239
0.01576852035152434
0.0034494202821649333
0.007255717221509833
0.0015145449845841129
0.0028785155507571668
0.0016302014115867542
0.0020457230562491865
0.008311428935245526
0.0019751561996594843
0.0034483690044088138
0.014945979620890467
0.007541042385301715
0.0020603780238514554
0.006044620430853131
0.0023342214625583484
0.00725287129462481
0.004084069740148967
0.012541513575305056
0.0019521231177313185
0.004520866070055155
0.0022621578150562524
0.004906139761868192
0.01332485598043438
0.0031534959471265583
0.008334321627277439
0.07581183109288744
0.01848802964018822
0.0010293526781060553
0.00141859066162513
0.003029468982300055
0.005180639987332909
0.007379972691545222
0.004836121400166302
0.008561919877134058
0.0017520375865852165
0.01419547515009554
0.0020484633218489285
0.0027097670710159332
0.006871859781839616
0.005271952211342242
0.005117784067982274
0.007161471928661474
0.002639138062291868
0.002534298872804042
0.004955158868638083
0.010653495320371981
0.00788634843313645
0.011978406781100936
0.0024713365442995223
0.0017888961759118247
0.008045984504167937
0.00638494220390263
0.004419730216826749
0.013832013826380099
0.009952553705591588
0.0010736818099340284
0.019381854981218867
0.0030459862887340723
0.004594018511476699
0.0037727269501640045
0.004574467420172391
0.027819654417271876
0.010702741051759723
0.008428914057786865
0.005919912173500005
0.009318398174943673
0.0019904877535877495
0.004795659069833922
0.012080467907741855
0.004487217334970482
0.02600750075794275
0.010371519016772199
0.0061116473117776874
0.005989306044756736
0.012721127898127123
0.006700900721093376
0.0032583901730585084
0.005458719289337651
0.004662858286659652
0.005937164105062501
0.007852073651871601
0.009857250384396277
0.007197054807092298
0.01239525092018012
0.0028126839065576582
0.002407330004284948
0.005713899663106664
0.0038078006239105617
0.0018193406213937787
0.0074059702549323205
0.0021522068649935592
0.004785209068681955
0.005044550215991029
0.008420706442821774
0.00603133844579121
0.00748130257074122
0.005964853876106896
0.004698129618625732
0.010160224181275476
0.01356834878377322
0.007886003743804373
0.005616832859521781
0.014666040884680225
0.0014171363086036704
0.004231372569413611
0.009558859816968248
0.002867179055766485
0.00505829945443683
0.01704104550939787
0.022245243769710318
0.02439081749621452
0.004017921811376367
0.004992608402819166
0.0013013366568535012
0.029124952131313088
0.002020128442534864
0.00981000150758808
0.0028389867001245217
0.0009089858051095604
0.0034432437826341605
0.0028086875813462444
0.009452218307865363
0.0011418182748614194
0.003771338365863175
0.0036819801142560634
0.0011308788158394612
0.011949847503349665
0.051120689151123694
0.003314644628279121
0.0016456920698367673
0.002217985634122684
0.0018821669238554236
0.0035951304242178013
0.041613838060450103
0.006983349233399306
0.013657122912611083
0.0017192756802364565
0.003797047814670966
0.0038169525109686235
0.008554231514681473
0.00328109126022844
0.0033870812363793646
0.00117048092748446
0.009879747557530554
0.003530934833860201
0.002562423557992294
0.005420163354871933
0.00304672280677306
0.003132451406696972
0.013668629414818854
0.0016299649184279717
0.006264995441705051
0.010987799556260803
0.003182948435903576
0.00606949944003031
0.02022222255951557
0.0024701213029732555
0.008840547596084367
0.0026563950854068667
0.011219907787690869
0.007810037496236221
0.0010971312243219329
0.005988196302496894
0.0021642021421200146
0.0020753029808032184
0.006086752053650708
0.00823710548189406
0.0016180804628998784
0.003017069868538819
0.004163947552408546
0.010585110739983234
0.007974207419259504
0.024166995096827175
0.028988131472850526
0.006496840850853756
0.00340217001487064
0.009360733956910455
0.00262627184108992
0.011285532429937187
0.006816979537330196
0.008911439818485469
0.004863568697772337
0.013127380712424664
0.010338082482447683
0.002477144201289458
0.005037202876276745
0.011527015274960131
0.0051153386110911366
0.04443615741550669
0.031166241256131554
0.003130702145843553
0.0032180444712824135
0.006766422447270304
0.0035356775757871472
0.006388920656805049
0.0037866117509527592
0.01612348251218033
0.004829290241925661
0.016571940187879552
0.01032387385967021
0.02547128525951903
0.002113458483021453
0.0027498728309980633
0.015928217049579498
0.00800245916858145
0.0020657417889946832
0.01916928139418637
0.005338363442443395
0.017292432445621824
0.004388438153505912
0.0287495987078174
0.002396206422556873
0.002411002124711846
0.004279911979637141
0.030104203870656335
0.005592365777298008
0.003521034016847518
0.01008948425906834
0.012770937948902373
0.0008846862028524489
0.011097572647704723
0.003850352099035819
0.0037158504871188888
0.0581267980781193
0.0013143826533607405
0.005503431637453821
0.002754381093852988
0.010435539375885271
0.0012079005337986197
0.007431059600868491
0.11099794550299323
0.0025032628872701016
0.00621117007712836
0.015236553199525162
0.01158043280079336
0.020117954504180476
0.008129221301222667
0.0030383217276733726
0.004722334721052102
0.004807054970872157
0.005003891746668934
0.02964103363815505
0.002115159125283702
0.0066464063539487675
0.0029170028491160276
0.020380908450356568
0.00461418835369756
0.0015299398934001428
0.008244793124484902
0.006421945692454434
0.0023482792094124028
0.0021595247933776313
0.0023982904929724376
0.007288648174616874
0.001581967899449747
0.005970243643716754
0.0011808385392430938
0.03267733757153545
0.011230731833385079
0.01595412416482002
0.012711583447263754
0.0032625581041060034
0.01429728120190175
0.009592390283394545
0.019156672303311518
0.004206145940771014
0.013743004180243396
0.029653414424078133
0.0035957422317618804
0.009433849433687184
0.0034334873949177173
0.003534668513630157
0.0013087084580145898
0.010232670128155947
0.004866716294313643
0.004341238097048749
0.02963534720206639
0.0037369069019596943
0.015703611401320282
0.018513832569589495
0.003286896662478238
0.014991131981664177
0.002814097568317489
0.014006899217348939
0.005396643132289615
0.0014692151252400844
0.0011585448731113565
0.0343380323081464
0.005499934050576096
0.003456566033277188
0.0018858240204721478
0.004362681371751803
0.01723193639390904
0.0020911924595822425
0.023591657912626674
0.0036164637129492594
0.004831629900288357
0.00507454033433267
0.0021992901269558976
0.005547710158377965
0.007359551446729269
0.0025390693311123434
0.0034629638591460866
0.002498815657319702
0.001803268931759057
0.0018049913669684744
0.0055364209497994485
0.0055426415397305554
0.0022361422484461903
0.007269531182854847
0.030067421542424668
0.003700229160112425
0.005416800905499868
0.00224241534220346
0.026936949710124208
0.02256801600036796
0.000968688583149449
0.012916581421900272
0.002353795882892215
0.008930192681772007
0.004779404750595973
0.0050240207636533234
0.005381763426342684
0.0034518240126378942
0.0028390388726940792
0.002147492185131647
0.004823340548319422
0.0018488722742477635
0.002758233686230346
0.001016250858206815
0.006665964142575943
0.011397745475473
0.0010582281492505085
0.0059114711863727624
0.07448274360482508
0.0028453865467504644
0.004425813220890528
0.0026358679309558294
0.0034371818066872553
0.0047168124738164625
0.0014206735335714614
0.006748580927908993
0.0036786784754990346
0.0015732631678867948
0.002869005156344225
0.005171263820226493
0.0451123279940071
0.011751564520163418
0.0019168158542690083
0.009448259758084594
0.00625875978308433
0.005685235127022694
0.005147002458272092
0.0140661826689482
0.003378245514398323
0.0042518073790920805
0.0012819905581164116
0.03565823505205441
0.005380271826645688
0.00980344139269698
0.004203573324915252
0.013064965528138893
0.0023175428410675387
0.0015187654527645264
0.00732222262818971
0.005236660076144881
0.01249755982424804
0.021656281135744256
0.0018852592804763696
0.00215306652000343
0.009991099328775163
0.010738463447070619
0.000924402021870251
0.006602410158187265
0.0033766955045368753
0.0011346735152368134
0.0018125975588368266
0.017165613347649506
0.0031449683432862568
0.01083281432828455
0.006217431188359051
0.0027067325289218203
0.010154054913773922
0.0027682043045592626
0.010824129206375092
0.009930006819326941
0.010816106050407883
0.0023690374095323243
0.0015315325718500865
0.002374436346940218
0.01390430245481499
0.0060146629000706235
0.006466664633176509
0.0009011621751692835
0.007654510322448695
0.00549145187240198
0.0042413025491976975
0.0014715377574674893
0.03159113774917818
0.11301697221807877
0.006839211095077847
0.0057751475476931725
0.048332108492138454
0.017899491375652294
0.002562953070403764
0.0022908406881046997
0.008890758793971422
0.004405914151677798
0.002229851632689546
0.00492529530012105
0.001351541754932139
0.005700177085469123
0.0028207332586760473
0.0030458194996226327
0.007030468881034551
0.010094873669407433
0.007935095539842436
0.008489359957723094
0.0016868367141163853
0.0010881171163072178
0.005051773009439315
0.016902131131315
0.00819686089159084
0.0018600472685302914
0.005659035175283306
0.010271626945598078
0.0017721438938709878
0.013223777442954282
0.0028487303610140314
0.0014472197612542797
0.002903071688916675
0.004291513997629742
0.0008530682985387503
0.0019740137875833316
0.06894306709531223
0.0070617307145835915
0.0029271892352413886
0.011902433752315807
0.005156105783108273
0.0017495261790541122
0.0017081591706304949
0.0017827593864037645
0.025763482119890838
0.010646474616033626
0.0029595890861522024
0.01755685519068555
0.014526835435013027
0.004078499670126233
0.006112846724863297
0.022429764950718217
0.003552492624611216
0.0011621697915250423
0.0016903249934587337
0.01932535748159635
0.008196201261711068
0.0008875664427739336
0.0030569041459056166
0.0023850664738043845
0.006069355017628326
0.010769584893455485
0.0129491625211602
0.0021048906236070513
0.010169437003556523
0.011016650868279835
0.0020477684722934957
0.009844195989140617
0.001965567111252917
0.011663335880718637
0.02992542876770338
0.003998666212098652
0.003677915055170836
0.005236800351458671
0.003064578738861379
0.006517345912835232
0.0016800555782779177
0.005994531008239131
0.005743039284928384
0.027007061415314542
0.011598746498551015
0.0022529834367161065
0.005694585234939426
0.0019383400870246264
0.006271041745972736
0.003543384654079263
0.00510404367033437
0.02463611907228713
0.004695454942269824
0.007555205372244724
0.009490926999440428
0.0015542039287823027
0.003749667512774525
0.0028638586046988374
0.022329113362316664
0.004985291155747742
0.00516615464866268
0.0025898676935110004
0.001836650147734716
0.00397215298879771
0.0066819873542793605
0.0022847498528833494
0.0029533803997768113
0.0034061503384475666
0.005141174953417504
0.006650696320583008
0.0028893501984574143
0.0031590687917912898
0.003290449451068491
0.01877285168242808
0.00607012747678541
0.003214535378402397
0.007150184939152449
0.022516928070091747
0.012217279502857201
0.003476647693164894
0.0015236685852891428
0.0038008494053300675
0.007297176540473032
0.010566235663212438
0.0032382523966727633
0.0017066815460998906
0.005947662262499304
0.007148131241930784
0.002687319480713296
0.008542165567291472
0.003023745295776177
0.008939064417967367
0.008384958154481679
0.005579256600860951
0.006943543066960717
0.00509896066323527
0.002617543066609664
0.0019115111182896256
0.0068486602588731784
0.006339904130306944
0.0061168647433526135
0.006669530475257459
0.0029944684516026937
0.0024600878173043385
0.01752613549503298
0.00430477897995393
0.0037311987496153457
0.010896403351806716
0.0013459034829439197
0.0013336744487249576
0.010916211755233449
0.018588534748060742
0.0028937296499648006
0.0026112350845636915
0.0018879283583304364
0.006771996762602768
0.005979697852778747
0.023008176911504828
0.018157901104901904
0.008245429306591598
0.0019434723215440825
0.0040581226825608975
0.0024196481632662143
0.0036898276298513856
0.006871820795125286
0.006184230064544342
0.0008879710394011808
0.007343768882030659
0.003256126225642245
0.0032064086579981265
0.00577876422374017
0.0028522831573293285
0.011358970604737366
0.0019962027019162307
0.006162415098381526
0.0027571189449711723
0.0032950490234487867
0.007261061747003281
0.002251633498779716
0.009842115143932798
0.015244665491030103
0.002721860726891251
0.028928762130456913
0.024460751275352705
0.002347170900818475
0.0033584812988803805
0.005958419585543595
0.007329545119672542
0.0017102144813700383
0.006852617535319672
0.003760972302816748
0.014510963071864336
0.0027454598564234777
0.0018847214633373646
0.009946643539355406
0.0022851146569269794
0.012544080078404313
0.01705074430563594
0.0017728298802258745
0.012542045150736125
0.001549970232905813
0.008353436902236442
0.020971433582475312
0.0027866681652960234
0.027597725905809417
0.04605185523239908
0.056969711497566
0.001361695487078517
0.005704515312762255
0.005602893552986103
0.002242303806110532
0.03201538172712142
0.005063731734227666
0.025854752837460703
0.00795049196526536
0.004808590916603273
0.009914187811550764
0.005748416040586507
0.009467838849165919
0.005172957226109268
0.006357215989393637
0.0023982698344864163
0.009460697898162061
0.009799108894593095
0.02370425526478481
0.0020211871465562444
0.030219799846217917
0.0016972066649399101
0.06395723425193886
0.0015612180780663469
0.00723907667657387
0.00284014729609113
0.0029867000922204913
0.004321464167670429
0.005510874474515848
0.02924337680173793
0.007919477969812641
0.004373954995038339
0.008052742197587169
0.004029179012481387
0.03066425513839149
0.004275025987070568
0.00528993546997815
0.0022211136669561056
0.0037424786053675677
0.004068301359502367
0.008440228548681846
0.004970912251388586
0.0039691260245543905
0.002651127066556742
0.0023068790966494996
0.002092986700403387
0.0018746744942184262
0.00903076996492712
0.018506679166446494
0.0034769549680122476
0.005552787917521867
0.002727778784398344
0.00510473618635644
0.036141497880406236
0.0011295000755738869
0.0011454946047846635
0.008317365784699996
0.003869909730470535
0.004910223582199174
0.006536776147914079
0.007995737671802113
0.00836145831115234
0.005078165438788381
0.0024869601074631827
0.0015301915173324082
0.008488964922600406
0.003954805951715399
0.0076510904558977685
0.03808731496290296
0.02066813130843242
0.0028822661074740454
0.00144194300931807
0.002226210083247714
0.004274441801558052
0.0012817276516132908
0.003664906196813978
0.0023402892166826807
0.021172154597678183
0.018163186035045756
0.021695115179286607
0.0017450738756530414
0.0021246304123260116
0.003433750947341834
0.004301619501491024
0.002015331866164325
0.011182715238768272
0.0101178492625352
0.005212333377532265
0.009443248601677095
0.0074639483190509495
0.019787686925935095
0.007948262717830992
0.0036854920812802354
0.005387514727289154
0.021299678479604324
0.028588147305866125
0.004515710615236336
0.0018286290240180738
0.0036050490777071926
0.008096727526256958
0.016566848295339928
0.004353563005443275
0.022095347519512823
0.01085284705911702
0.0012975246772380983
0.0030756328731752092
0.004589068679572303
0.04622038478101215
0.03854873485386952
0.002252546171194546
0.0033391199736156067
0.004405699622663403
0.00961158232950903
0.0032032005310895836
0.001607680193924614
0.00269608383844138
0.0016934390937069633
0.006643795254480807
0.00721246274683856
0.0012589775887206353
0.031542618707697576
0.09462799951640359
0.005903492937376446
0.005254451453836806
0.0020866748603681263
0.026696903821730525
