0.0006764896183664964
0.0003713270663113628
0.0004051367667287888
0.0008017811727961816
0.0026061394416359695
0.0005546217938321576
0.0005269684728843779
0.0004011202962235598
0.0004928908285688974
0.0011364195400857563
0.0008227481982014158
0.0007186240816210722
0.0004238220425109948
0.0006904291794940329
0.00032919659697539633
0.0005676030820353203
0.000688915233489482
0.0009654892402550491
0.0005946525969655206
0.0004915038081839998
0.0007070870116339527
0.001667611102272867
0.0006997200712392016
0.0005783927395640406
0.0009363179835588509
0.0002875803279732404
0.0009001713814489424
0.0007233861752366183
0.0002659501079518221
0.00023976358644638967
0.00022161207809957476
0.0024216239311776367
0.0004903978809126871
0.0002179969471932201
0.00023993990011655938
0.005237571831696217
0.0003386014310373998
0.0004510175225060348
0.0008811612292277911
0.0002758617172401805
0.0003677436487796708
0.009056257261685467
0.00029622061376548335
0.0028851847227495254
0.00020087593099774745
0.007870511577907106
0.0007348870344428112
0.0009316969711962204
0.004049899793588883
0.0003869016995586457
0.00037514568592005504
0.0007342478592932007
0.0010740077369987438
0.0004618069037513827
0.00046138967385825314
0.0007319480462389352
0.00037131174793300414
0.001004316975812731
0.0026229997882519524
0.0009806617490526579
0.0010266693263426192
0.0006342361343245944
0.000429868912330159
0.0006195736633525135
0.0004733610506612326
0.0005465931273418134
0.001824423593726746
0.0008118657305147737
0.00043145510841655717
0.0003159051520761508
0.00032100331732226784
0.0008007916557381202
0.00042271398969631217
0.00027245748057786205
0.00046274758200473884
0.0007147244128876054
0.0019358842583432968
0.0020647303924257896
0.0020998797844218233
0.01899488859303767
0.0013057552852555128
0.0005687015927859893
0.000756288398563954
0.0006239350389500088
0.0003547626801018677
0.000874995364109614
0.0005634793551438168
0.0006761725266823017
0.008246042100033215
0.0005561554338290219
0.0004999994199831055
0.0004772476305404664
0.0008713647038643768
0.0004908716661244635
0.0006073739989960044
0.0004706575232964992
0.0022867034160611545
0.00101247374839568
0.0010840950867963732
0.0013651089291572447
0.0010173205624277933
0.0011431952648392535
0.0011879760376800946
0.0008823584826706987
0.0003093187330261091
0.0005907647496315414
0.005040899953727057
0.00028289046369896166
0.0005040130694061803
0.00035509978833722915
0.0024715728680694943
0.0004099863961215166
0.0006042741274344225
0.00037271333335460834
0.0010929873885386335
0.0026768673136719793
0.0004355668702775531
0.00041926935655870183
0.00033426532443009454
0.0025778357597456038
0.0005549157902655761
0.00022634783531934804
0.0004122432307755315
0.0002419129802811906
0.00022970834677980929
0.0006345537178547198
0.0007717193539040035
0.0004084255563228059
0.0007342658232528192
0.0002507221606836581
0.00023081161493398414
0.0003577860002177116
0.00046209593743258705
0.0011991731526179346
0.0016364543757604255
0.0005741981816432243
0.00048812344924119023
0.00039297672564518653
0.03463717846775407
0.001061676171650665
0.00029822780263587934
0.00038286790939680483
0.0011413559699471596
0.00042907008465658495
0.0003683184317781488
0.003840041079542022
0.0011782140708562594
0.0005958733981683653
0.00041247914543125644
0.0004562679456516965
0.0008827310292784788
0.0005414546687585566
0.0003438131385875495
0.0005271905717487134
0.0003305430281970252
0.0009619445169857333
0.002454475545630118
0.0002463672302247667
0.00036363336010421097
0.00022735726185703898
0.0006725274150541995
0.0004046279742080487
0.0006920485217214918
0.00029726769184332296
0.001540323239557871
0.0009692219208916686
0.0041620118657680295
0.0037244911336410894
0.0008600127058553037
0.00027835192760402905
0.00032254629608497533
0.000775143849054272
0.00045645988519951426
0.00027567404571788966
0.0005760683312022445
0.0003560009397881482
0.0003240595746194362
0.0004052297303552573
0.0019891868075623247
0.0004854628269539596
0.000646616548005601
0.0002134010401873333
0.000688396237255701
0.0013779324756227787
0.0006471733226087802
0.0006526319612138969
0.0006653238304562197
0.004426381232950106
0.0004489419750479683
0.0009087673938231646
0.00028451646509594105
0.002242238601957678
0.00031155440320876403
0.00030748250369793366
0.0010441648268962704
0.0004960858675358635
0.0008410835262006838
0.007861018975981425
0.0011216118840476985
0.0009122015724180708
0.0019494974693424658
0.0010929176959229036
0.0004578968665894607
0.0004349768494877635
0.0006287958160899386
0.0006412867654574252
0.00035444983726559627
0.0030164501131213057
0.00125347263639177
0.00023264494566184395
0.00023657994558735616
0.0003630680876399822
0.003057294108276789
0.00027376280582347564
0.0009113102008191318
0.0008800796902533959
0.0007745101143117442
0.0015051661450289373
0.00047195996165305963
0.0005470334502124464
0.0006743152887194965
0.0005363039920406116
0.0007156901311139467
0.00033613299498274333
0.001180672935446615
0.0008234919672841951
0.0002780308596731481
0.0005893502723760848
0.0011015566864104836
0.000402675481795123
0.0008229231773783553
0.0009519649335092574
0.0004698877747315017
0.0015401126102069604
0.0003346888624796352
0.00037415406768858425
0.0003922771045902686
0.00036435839736658653
0.0010096959029370293
0.0002254563103281743
0.0003616859613024231
0.0003388158380384127
0.0008812345178693199
0.0005680067177683112
0.0002915905336449249
0.00071537076938307
0.0006471962046486759
0.0007601532934964656
0.0008263754438081078
0.0006176718396142735
0.0005310731342173825
0.0011743655137834627
0.0007758487087156264
0.0010334291317777966
0.0015873549084733135
0.0008973712048382735
0.001174855922923572
0.001252237185669959
0.00131478183983609
0.0012776862455901284
0.0004944571329177429
0.0004994538571553965
0.0005614829445102381
0.0011406439500617285
0.0003730163314233037
0.0003052417621456185
0.0015614969375213222
0.0004165946844507021
0.0012101363314776382
0.0009386011591205406
0.0008381219567456765
0.00037181051354442875
0.001426937684520434
0.00030683947479845554
0.00041406155618475436
0.0007962133194796504
0.00030104633286534295
0.0015149162922758832
0.0012975659865548047
0.0008250217092247703
0.0025391839991574486
0.0003693254151550816
0.0008458164297826718
0.00025800521450215736
0.0022821264660692073
0.005727506117799468
0.0008890038273672502
0.0014822996860692347
0.0004331498110478577
0.0011502232545419647
0.007026736480971376
0.00033535112178015774
0.0008878786831201165
0.0004441187531344475
0.0004152929383514228
0.0005525906562895995
0.0037955786418410182
0.000720928854103978
0.00608886785575902
0.0006607361293318014
0.0008312771957997127
0.00030839631457006163
0.00038688593129605666
0.0005200729986276735
0.00037982977278194145
0.0025522817035896765
0.0014795174663362592
0.0006552493527214216
0.00044241499904075455
0.00033770252081151013
0.0002897926710044785
0.00041551976659047186
0.0006733945053417911
0.000442392862186583
0.0005799001562610985
0.0026969318132573496
0.002410151429877675
0.0006196947683796321
0.00047561084467789177
0.00041634582264700774
0.0016157583927351594
0.0004635764762487567
0.0027412936016466137
0.0009426898566195685
0.00038673762279359497
0.00030827530209777073
0.0028205759440335866
0.0002333166888798918
0.0003398056381081567
0.0011329752350823772
0.000381871160338947
0.00034129279663825117
0.0008478412032291723
0.0003927848755678812
0.0008417705263664086
0.0007349645082541967
0.0003039805348831013
0.0004319681672050645
0.000546507190021306
0.0009841820007447108
0.0007855296289495657
0.0013185314788912454
0.05312040335943983
0.000332953765616127
0.0029255597608968814
0.00047922806761855187
0.0008335105336379596
0.0006488756292462146
0.0003892464809314901
0.0008368307632199681
0.0007354795181918385
0.0008664884923440215
0.0006745391018817273
0.0005698015286716294
0.0003853324506655345
0.0003839050853460599
0.000353971284719263
0.00023102531818816784
0.00022663084439712304
0.0005304096356456175
0.0003847744800515793
0.0006456194792626368
0.0006523724979753951
0.0005490299206664598
0.0005000331694144404
0.006843172810990745
0.00246209103473108
0.0003832610250365323
0.0003555673721331602
0.0007507778725863392
0.0007144049041001797
0.0003849204173567402
0.00034291687168070886
0.0005784508444145797
0.0002454807706176209
0.0002606445258903696
0.0009192336196035076
0.0003980501430919312
0.0008087010206294834
0.0014909115079645896
0.0007340654278842083
0.0006564754703833167
0.0004847194371746116
0.00027473957013943157
0.0007268331779230254
0.0004114034133492532
0.00025640520974228986
0.0003556366684436269
0.0006833435802239045
0.001624906894194043
0.0002873035412489632
0.0004854623957577537
0.000641455635002626
0.0014739946789263361
0.002618058998820351
0.0009686672156687111
0.0003418093629053933
0.0015559650133641083
0.00028281865300291216
0.00023020979748885253
0.0007775667617758973
0.007021384305304922
0.0009204860974736876
0.00026553507692261233
0.0005399606184301237
0.00023878507689938664
0.00033242660735257435
0.002898557432627193
0.001270427461802728
0.0003653652867529831
0.0006433435866408577
0.0005322985477892932
0.00041667990442551824
0.000399739731848258
0.0003975456854323299
0.0014223549288337614
0.0025586147992038904
0.000262297012897066
0.0011603711556096448
0.0003306557033807852
0.002733042108318971
0.00032392913508112205
0.0004889029367658875
0.0007821992615072053
0.0002643011648807245
0.001603234438838199
0.0013501218478267558
0.0007682645036057728
0.0005235531491767133
0.0006622350589723415
0.0012689520988633692
0.00038882382630484855
0.0004775157017604028
0.0005283509282134382
0.00038928800138523926
0.00046096593814444015
0.0009600858299226449
0.002804946074976661
0.0017713735778602606
0.0003982214400703933
0.0018934295974559674
0.0008936411923563468
0.00039477536774067324
0.0002274570938788117
0.000606946136168663
0.0004999517449869942
0.0002887486335672912
0.0009799463872747927
0.007995294183807006
0.0011836530770122193
0.0002361515056536173
0.0007095127384540475
0.000570896296839605
0.00027402878151580503
0.0005105729052054515
0.0003646170135227403
0.0002876379036554083
0.0003382581045754195
0.0002529083656881624
0.005512198373706326
0.000675500540363834
0.0003319499257211709
0.0008945706951255464
0.0006075407452507787
0.0008668160060911646
0.00021452667287260414
0.00025654670556723096
0.0003668884589344763
0.000991390956497196
0.0006150590856111636
0.0012813470333008356
0.0008840190329746552
0.0005486158723167544
0.0003033058567476808
0.0002814322712063907
0.001133301936593991
0.0003825367536126289
0.0013378269265717617
0.0005849823923407809
0.0018392156632978313
0.00031712921163459107
0.0004274627257429424
0.00031826718293727195
0.0005061223499551725
0.0005008117136872194
0.00039597671798489217
0.0006744053058110635
0.00027417470773386497
0.0017061694910059941
0.0002807854265091188
0.00035078862641288027
0.0011965731438074332
0.0008313111740187229
0.0014803612949908663
0.0005832259671289467
0.0007582432077900104
0.0003038852783485056
0.0097274936684597
0.001580347008950363
0.000511577251854707
0.0025181359400867813
0.00031814733460706494
0.0006240727200309061
0.0005409660704088124
0.0009404315426527562
0.0007835176143371017
0.001146801358935465
0.0008943912485662849
0.0003293189984006298
0.005081318497109503
0.00034282394242589196
0.0003265197023473683
0.0003537786026831141
0.0003534159516597769
0.0005245071794353541
0.0007951903931968729
0.0015930661270846477
0.0011987253906273361
0.00020416629386837214
0.00022624404696164764
0.0005627340455840769
0.0007809645515913741
0.0013769031931684383
0.00039952422545838135
0.0004366457427311682
0.00035916356126936184
0.000372105831092968
0.000550242797977165
0.00045316879911897097
0.0015712734858022814
0.0005483411428563252
0.000419172807979359
0.0004171264255648705
0.00026700548782022243
0.000828669815929148
0.00031742325025575584
0.0004940449689670374
0.0008528669798544253
0.00036151896223698087
0.000395582726485822
0.0007219095500196082
0.00046184332143116036
0.00048105163195526825
0.001957635255178128
0.0010155527021921715
0.0029061213156386326
0.0011828483143351584
0.0003415683286274997
0.0002855672633005454
0.00048697036227566957
0.00040888470167227214
0.001251554784508031
0.002267566221071684
0.00039758751059285296
0.0003548942447974025
0.0007106886850753757
0.00021877563657906143
0.0005535209945089188
0.001516328059617136
0.0006808141285242654
0.0005105486402968149
0.0010034437963569625
0.002188922722573302
0.0006741777284288226
0.000817683604370693
0.0002676886968047194
0.0002704513024747078
0.0002387120986858332
0.0008603273249763434
0.000282299479355307
0.0009993412276513164
0.0006009209313588323
0.0015365127290930436
0.0004049572641069192
0.002465698838951662
0.0009695502532903903
0.0005354577606548618
0.0009528884993098269
0.0007686527988560158
0.001671631304987123
0.0003522414675897741
0.0002357579039493918
0.0020056943410077833
0.0013877814591305218
0.0017718580725448038
0.0005843055293392344
0.001423354671248252
0.002203160138970978
0.0011257680400052175
0.0003070504808613746
0.00033771241889862997
0.0002394199665976892
0.0014383790289108174
0.00037561536030822
0.00034999893841170193
0.0009084039394188696
0.0008912530294778803
0.00043848556539069554
0.0007863751406253548
0.00041402563957000654
0.0006885521085724577
0.0006122456418971375
0.00044868099853461184
0.0005348305835175148
0.0010577808020635696
0.003672433942674821
0.0002834534851340741
0.0003511779583137187
0.0005087121550314318
0.0005442005483488997
0.0004474761118853213
0.0014365110927291444
0.0003124938578594781
0.0006133769676419309
0.001448505673503441
0.0005989669416325506
0.0013288999862648102
0.0002775177669285568
0.003833156305861941
0.0009756327680037989
0.0009517215112518121
0.0002792865660477211
0.0009389512978663503
0.0003806138942376029
0.001331517570721673
0.0010495300817401636
0.0012972975202689167
0.000459525370226735
0.0009588126379257788
0.008942178873630772
0.0003802331452850236
0.0005286804267862103
0.0005648031025713268
0.0003289849854775714
0.00033989209655482225
0.0013054869269081306
0.0008234778638953092
0.00032301922093106843
0.0033052441402680916
0.00042963783615617454
0.0003133076813185873
0.0010219029041974516
0.0004341303899741492
0.0007734886952700454
0.00039677146288786256
0.005670460677619422
0.0005221734458692446
0.0005689038922931574
0.0006918672477007405
0.0015961682265377823
0.0013545187833944848
0.0008281197046068258
0.0006079924847674857
0.0003557853236026167
0.002184202771701175
0.0005016077792259072
0.0008611231275315635
0.0011479023099396134
0.00036234753148108685
0.000259909059297625
0.00035745437194534794
0.0010579071854171095
0.0005984355773600769
0.000623140364424743
0.0014419489112799874
0.001793314904835561
0.00044603359725094535
0.0007164510455582196
0.0015367279475814216
0.000275620410926035
0.0006162629324551374
0.0018173941047661694
0.005967867871914642
0.0003461657084734618
0.0006417337086231627
0.0003902019967164674
0.0006890047563586515
0.0007683340067409602
0.0005963170916545625
0.0008244000424816979
0.0020457640154065934
0.000483484247500754
0.0006014159920799808
0.00028702627870591036
0.00046164823689562854
0.0006003658637959217
0.0004742150464634897
0.0020511594764775916
0.00045290235066904066
0.000627471307851468
0.0011954539610518834
0.0005865037362222487
0.0019110999351548083
0.0016563516000081806
0.00029648225592325946
0.0011593848681690647
0.0025295643812408915
0.0026005876484840687
0.004412914148185108
0.000535321273497817
0.0015770747949004835
0.0005719076500219344
0.0009536989585028645
0.00022698040753409273
0.001078280677597343
0.0009263953591092477
0.0004975457688940958
0.0016749377083587005
0.0004630145127637036
0.000980924724478482
0.0014134912419067392
0.00046556868914002074
0.0008659242382281049
0.0009488490655962595
0.0027053009833874642
0.0006557326427167394
0.00043957736238473753
0.0006186701054160354
0.0017413623691387508
0.00029483680256230587
0.0010032236919936088
0.000623923572576569
0.0041457120339533655
0.00046261920140980913
0.0035727334318683512
0.0007100692849270456
0.000254250953262181
0.00108493261042328
0.0015215034619587874
0.0005590990280244436
0.001113826104424217
0.0006524775700260354
0.0006327780094886313
0.0006606335216336189
0.0010025682823323627
0.00033777252479345535
0.00047577875154237526
0.0003047782393374914
0.0006378254453509824
0.001035384079476151
0.0002753507843062392
0.004245830531932841
0.0006409351936626847
0.0009345650100058377
0.0006279289821630159
0.00042247718936640134
0.0004686235390256244
0.00046763321179471736
0.0004284478007516106
0.00033455136087250114
0.00025767944029629635
0.0006440223200198231
0.00043210812132168084
0.002103001645039919
0.0010870184966123807
0.0015105615107506279
0.0005803037070080316
0.0009205232089383691
0.000403007590433007
0.0020118955054333476
0.00032130275944011554
0.001255316589459856
0.0011868406239367395
0.0003712298716329737
0.0007866156444230598
0.00038355676269223723
0.0003074001301773213
0.0006440065531954309
0.0005599189848643985
0.0005091466626599925
0.0024702386578428596
0.000278129449312565
0.0004828854560704748
0.0008322896215123916
0.0006046820546378835
0.0032818664042183854
0.0006480768991442756
0.0008602519565420498
0.0018094677713881176
0.009505951487190002
0.002972596735469021
0.0019026775225286928
0.0006058018376814927
0.00374813104755939
0.0028745034418402498
0.00024238516836036134
0.0025688759998745403
0.0007408946318457759
0.00045417248938914144
0.000643730396784307
0.0003151760570992405
0.0008883494967007362
0.00023956228344752112
0.007766406217744562
0.000601656903372533
0.0022050379186071283
0.00042564499262711747
0.0005309998583089512
0.0002657647171831578
0.0011712683389419614
0.00034302723623981
0.0016351057387198453
0.0002154260996080711
0.0016016511511799875
0.0006907556685714499
0.003254509221559483
0.0005680323536284636
0.0005281113829542418
0.0004885083199650198
0.0020112609444180953
0.0005506445870082968
0.0009308157904421698
0.0004809883762013191
0.0004885033147610976
0.0003059542527033494
0.0005876440049928188
0.0022113676932775553
0.0005607571566037683
0.0013107441028222875
0.010381681817158341
0.0002450801206885307
0.00029163164884662653
0.000556662518709768
0.0011303850097321994
0.00040850960917204987
0.0004419857440462059
0.00038461832930566144
0.0004338449725822208
0.0010876645230205974
0.0007917568284106075
0.0007373632595929064
0.0005799377710603513
0.0009044480987291783
0.0012612446122122973
0.0010690025420703453
0.001156836574204172
0.00025357028475183095
0.0004976265180745027
0.0017239186023603101
0.003387589165670513
0.0006071558205676438
0.0004735819268572976
0.0005734317548487029
0.00039190058064072825
0.0003725839485474007
0.0009147865770202814
0.0005921400838737667
0.0020980082737672655
0.0008810512528482604
0.0010914982327655217
0.0028661877984409614
0.012376261778912582
0.0005925633791419931
0.0010386090042408028
0.0012382823380479816
0.00038928458765191264
0.0002973294923124323
0.0004700336400658754
0.0005220768537448748
0.0003971611375286543
0.0004692924634332194
0.0005035103939225062
0.00022023172960857366
0.0008531783924227129
0.0007292971104370074
0.006780005752794907
0.0005347524021101456
0.0003564501626723626
0.0004869402914095689
0.0002356708853696792
0.001134731695863035
0.001523544631299653
0.0007787585641035953
0.0002651592159419232
0.0002902892829877142
0.0010719432841483478
0.00034787394822341137
0.000823362356715436
0.0020343400843237684
0.0013666098375955248
0.0013012895231158056
0.003551230574426647
0.0002672023628950471
0.000760887349924937
0.0007239276911095781
0.0003182240174565855
0.0006430171223918044
0.0009341370547654431
0.0007077698230556078
0.0007892559678658686
0.00046833637566168505
0.00029164152319818484
0.0006959203581702866
0.0008069509984760941
0.001432348314299454
0.0027450251792664796
0.0013231234237168008
0.00044822912696342975
0.0007225615288601127
0.0003361543874487864
0.0014785717183636467
0.0005704409188102757
0.0008378970187944365
0.0012416567186597453
0.0016277950372045019
0.0008376897185174959
0.0009311572721561556
0.00025284107240400593
0.00027738191734930724
0.00026647363173686235
0.00024057006831309846
0.0004535423108194498
0.0011863445365105398
0.0002478775703587711
0.0003690159660152928
0.0012057704568998776
0.0005382769003114736
0.0011328399407940504
0.0004257259361259587
0.0006918876243178232
0.0005736206703875334
0.0007206556763358477
0.0006455186899398
0.0005935740055404668
0.00018750938806098928
0.0006940335954544074
0.003773955780086001
0.0008238417637078527
0.0010042707384691674
0.0005825956790114097
0.0002254096410887295
0.0006047549138580183
0.0016897899780315662
0.0007463972985017754
0.0007709825820652225
0.0005942712499669374
0.0005524570052472492
0.00044337992205578197
0.0015054393398320166
0.0003522157009201215
0.00048682020936724024
0.0012022128080728114
0.0004221199498171113
0.000218348565693854
0.0019449047966685546
0.002443156992119639
0.0005558326877249692
0.0005018123388366742
0.003772323947954091
0.0012309578242109894
0.0002530433897549038
0.0014657204953256525
0.0005719721780023333
0.006378823653568244
0.0008502355442651286
0.0006198227233937738
0.001008334021743793
0.0003310696176031656
0.002958161746462393
0.0012392677734201982
0.0006542237281492306
0.00046269057147849027
0.0002689527758170778
0.003397264390360298
0.0006540687286623998
0.00036102315504877956
0.0009010655456192562
0.0012143637182857572
0.007545977697353325
0.0007901632989317927
0.001437164632707803
0.00029960106433515914
0.000955067886051382
0.0017518634264013682
0.0011228446859352977
0.0004630290410634604
0.0007684575048341927
0.0006722646042839585
0.0009229534325080095
0.0003608902411907451
0.0004711135438528137
0.00048360919780035517
0.000716835701557789
0.00027915952550330777
0.0007319743207726612
0.0004634818133125807
0.0007904895200381587
0.0009220560852919751
0.0012689377517412404
0.0004886273190660194
0.0009026042077553127
0.00022112679163073537
0.0017816994825312258
0.0003738725219858203
0.0006066059257192043
0.000795426344600088
0.0003812784000629943
0.0002061766370074966
0.0004988657153047519
0.00041930476211828505
