0.03413978721444442
0.011619704342770688
0.009816362174769324
0.020912390750713106
0.048316675554336025
0.011870517645032311
0.0494166778609867
0.024062590046391028
0.05503003528909829
0.03378666500430525
0.040188302383025495
0.029042758815915514
0.009349977428935745
0.03587254105641052
0.04245838405485891
0.02161443528406707
0.017032640448172556
0.024662028046247182
0.03739416209506868
0.007487830485791931
0.056447271427382935
0.012008636530660522
0.041065545677321486
0.01745587781231074
0.02048642888940481
0.06072400944003195
0.0051961807279650345
0.021192972349196103
0.07412713493348237
0.0066198360997684015
0.014849481410748057
0.08430143977788514
0.02537192693496809
0.014288061458874266
0.016281861090400248
0.07838708480387818
0.015288959099502617
0.1315054723228518
0.006268467312876382
0.007774301578080258
0.006538085528409666
0.07584044425468989
0.05312017861850635
0.015841577598207902
0.1328304792885002
0.0074394243348550005
0.004702349638315615
0.01128100717681356
0.025889160471465042
0.006060633637185604
0.05221048165969078
0.007792282737945076
0.03876217679891726
0.05519745472550407
0.014464220619120104
0.010423227483015824
0.007331931181136899
0.06109066316818328
0.027064978932494148
0.05565748082111654
0.0482073968168181
0.05996122801713474
0.014917592525163342
0.01563486229437347
0.02778314651562167
0.011380833470709256
0.03731411421871624
0.023223992708230366
0.017848782016552607
0.020963462424436294
0.013208973651082508
0.050688919952369044
0.056616218921734664
0.09026956208342786
0.009058531443742331
0.03197831304942532
0.02416469224631673
0.08137915604125584
0.009265383421355201
0.009454845412538484
0.3112463064382449
0.012401548111778555
1.2197595426300245
0.027226341134776122
0.010167666083948312
0.3139141807932788
0.03542854713405369
0.03742908607750791
0.019178380623314648
0.011747279653004254
0.012859845042574623
0.017845910853755625
0.00981246754528517
0.02039302228198608
0.018432167131271104
0.009306691567212647
0.01431983581474873
0.007750967009344601
0.018381927477877414
0.010089840984469816
0.02385059124389691
0.08968193237321533
0.01827036449050829
0.004460364892187397
0.00981637139776017
0.003344486003785542
0.015242487575991812
0.009877626226167217
0.01595798474138906
0.009992626539257305
0.007365462586681974
0.02916284966747071
0.06203656432576298
0.004003320478726172
0.047092603881118265
0.026499033154787896
0.011090860015548711
0.0048131492819233615
0.016608975298164293
0.02817983788430591
0.010571977722506504
0.03199322584124202
0.03662542786024442
0.13907058127296823
0.0020913888015803503
0.01400677904820171
0.01134839210758168
0.5622012623738123
0.07624288694344188
0.027912716400119053
0.08269730682206865
0.007015039797302479
0.008574450397019326
0.015794247999597267
0.026271416091688347
0.013531927768912322
0.017410107755489512
0.03990988994942016
0.0366584375091444
0.022669981207022374
0.05679118060531998
0.1769676031323266
0.019728019235839753
0.20920553705666411
0.00208435417422444
0.026066627139834413
0.02679200182076122
0.004963503700370682
0.010122123040996748
0.003907725853037789
0.00438687514401411
0.014473853259668988
0.07672587465426946
0.01488257370837749
0.013880733667018827
0.003098731184571666
0.005033088093603751
0.06868448108485631
0.011473946211891356
0.002457270773643182
0.007914159942910623
0.00898076593801896
0.04711967374071311
0.08702388268933323
0.01639118606041868
0.07526800550692601
0.015423200403469145
0.006715542792761092
0.10714122422335165
0.017046984431276748
0.023563456522313623
0.012158668901253736
0.019446078602279558
0.0019645291501148663
0.014924357135525257
0.006848913365917961
0.049856238881944986
0.005194349393648209
0.027182092773784666
0.0475338778836976
0.012206652865975196
0.02444051706574381
0.006114878549487563
0.011419037519611729
0.0031101850193467487
0.021406377805648438
0.02194966485364764
0.019165277102278406
0.019174618701978004
0.009629961107637534
0.04340199844879486
0.03489769959364804
0.061611713904668235
0.08970384570188478
0.04228020719879837
0.0029112179141279125
0.23375375004017634
0.0017243564491406882
0.00348956804144697
0.002853488785662418
0.05030286527363575
0.03879091101016362
0.06862257669623323
0.0051220461514306335
0.026693490917916896
0.16949736965359316
0.0044656825143991625
0.14726325128854612
0.012104564047102697
0.004939897583992615
0.016804726802880036
0.0017975983552771335
0.020139921098866954
0.025295062398212245
0.03945253711144871
0.03377748402515591
0.0039289590009956455
0.0072941817215353665
0.01824383344330685
0.013624911812692372
0.044357510763270214
0.0029752526395190352
0.03618557029885496
0.008440255867389047
0.011153758193664529
0.005319969312589524
0.047733772067693546
0.7059813510770042
0.00861062844641134
0.010719031016633502
0.018265672826564563
0.005539698705204482
0.11386448777449351
0.011152329874957885
0.0022406322997479576
0.005124432854348778
0.002839161749835497
0.01768684649113502
0.01202759894418813
0.0952038892036409
0.1041466873668884
0.007165656048639519
0.006292064325697806
0.0735975372577104
0.00785107662735736
0.07196632285962154
0.049727113104453415
0.09700850910864213
0.07182810166988961
0.1071642165036914
0.002551905553002341
0.057464789648271
0.01273625369950719
0.008214914727224482
0.026124752239756893
0.027905792092580258
0.0029339847815741888
0.01051247818947151
0.013964390486152651
0.036426772438263755
0.006736283881363941
0.0752840289519643
0.0965009932910465
0.004935301553419345
0.017338924822253472
0.021622362145337592
0.03261983935687605
0.006306331948137787
0.009496300263518383
0.05376942629318556
0.09981517822208708
0.002310152533682306
0.01595553285736078
0.019410599789219597
0.025761660082877703
0.004391927548739658
0.007948465623950298
0.002533878851154516
0.007772139487636136
0.007477909728259899
0.005772942002442737
0.007633651627534891
0.009563673541241685
0.30173381767684104
0.03127066478100267
0.2910654517058926
0.020072505129758503
0.006385622331907045
0.0020121962499251972
0.02725856543741194
0.01261545910532003
0.006941756670257744
0.006403989962008342
0.03767920971929488
0.015424795287542882
0.048243843151149955
0.12362115253113502
0.015163902717750607
0.25778722210703536
0.09483889197575891
0.017429732746696305
0.009998866478188664
0.005738069858200037
0.006037378068594661
0.011673737372793331
0.044005171443982555
0.028262949977058305
0.045181200500266375
0.02375011456170417
0.011456801117476169
0.006563296817779824
0.01218245430003398
0.03637806875452248
0.023698541650743657
0.005645550113290923
0.011011466227853385
0.009917683990313947
0.019500055924057576
0.01035223146996494
0.016264268690824406
0.04266041780063799
0.0033418887679797673
0.011006049460432606
0.007254778875138284
0.002673894389714555
0.024381701817631756
0.1416941626211869
0.03474515710858989
0.01603459356511537
0.02074223849917592
0.016946868606655598
0.019025101680163376
0.004736478822424619
0.0063662732938822245
0.014925063765708185
0.017199387078680874
0.00960687518181315
0.20312336287204188
0.0647614940706945
0.016015827354713973
0.04289598561571817
0.0334162976515069
0.0298153078266014
0.001700036668290173
0.004938413399713664
0.0018706661039977566
0.06673408222393987
0.07517560873952227
0.04884577421327031
0.010492161759125908
0.00167148707799188
0.004852470617760758
0.058551388424544756
0.022941998203610186
0.03934126043360964
0.011548402372706802
0.003952681162202975
0.004286016890714251
0.01785260141329529
0.01709200146310488
0.04500762251299973
0.005357419204434929
0.04235330888218799
0.029064966721612625
0.017843918134757178
0.011301053838196993
0.09085009434143661
0.027381383634666294
0.001612105371729401
0.019249415353817072
0.0035423486658100836
0.011094363894473018
0.0786417947644957
0.01964004238358744
0.023176170204900384
0.01163273106919669
0.005866324790495248
0.014568359422768061
0.011123780887210818
0.0049878385849826306
0.020322571485681774
0.011263524739341254
0.014026137847829327
0.0027226424659854667
0.19498572289832883
0.0033491403796110527
0.01028976892660809
0.010235772401233821
0.007926392345372544
0.021366917526769415
0.002396881314334161
0.005205930446958222
0.01813569250401548
0.18531879098312906
0.01407841505807048
0.09177878478668523
0.005054477677368251
0.003343061815462096
0.049084811184988336
0.005072299964038375
0.010697293499405331
0.015245625874306579
0.00842323854793497
0.025689217644565304
0.005807054651393488
0.06111667114382275
0.0416586718042387
0.002523408765961622
0.11014523314985111
0.007394135712124043
0.04337183485974508
0.009235147726435137
0.002249620849168839
0.06851983998980318
0.016646932614612985
0.041531702790437386
0.006212051859361413
0.0029249424864633837
0.07093194108208484
0.02916693086995258
0.03740632964461751
0.03409338228104589
0.00525814555560327
0.013220720011032541
0.029816538396493092
0.004819813592295064
0.0021060650632000284
0.06680283069348104
0.003878589874287458
0.006741966862428499
0.043759859212882245
0.003178246681370295
0.1043910470661588
0.007021902896650343
0.007348313620470163
0.009728585229684448
0.029368758088837196
0.027373483246945204
0.03705954095315967
0.009378151019799965
0.14961791727864726
0.005062978106316795
0.045243495306675166
0.006576894353032753
0.0484372225452883
0.017567243842346113
0.004190021075116211
0.011950654860710792
0.007317245174971535
0.007540871464914497
0.024042151356297583
0.02589473734707643
0.005366162298640946
0.06581502326752646
0.01031724944604195
0.018351139758443446
0.0788493289169478
0.018210342486307388
0.007734474206788987
0.007207277096209943
0.01882652808097467
0.16986560235539855
0.003777146322130673
0.014916272253527017
0.011514025490759455
0.2509999143542531
0.032042231569783426
0.023429490419906777
0.004444570223359217
0.03512927958329932
0.02749035128877964
0.0537306244099975
0.05388964216652582
0.008916906757590002
0.03444110456052845
0.003693892418095519
0.002816259771196805
0.0985637197446
0.08366316689157971
0.03752199337807692
0.05874400381454681
0.011504910450447568
0.0034857225412160023
0.5897032781734015
0.05041606713726141
0.007049630745877807
0.01791811011034641
0.058859152228058945
0.004832762647001822
0.03263545060797889
0.033031846623126755
0.011267391468951346
0.07896801515286807
0.007485307988134988
0.006247143905025411
0.1026983650518601
0.0580952643557388
0.5701081788624898
0.004996403449291651
0.9302475125908003
0.006061802971354025
0.024167401773630023
0.006985028086827307
0.023318137147820956
0.01777297497110872
0.017540278339691753
0.04075931898086728
0.041891831007322376
0.0186764235531982
0.08575192761205075
0.023985924806384375
0.006784107719496818
0.09156300649827549
0.006356463192592082
0.006574636011848507
0.012121482852690778
0.009261423276582505
0.007302673410970092
0.03931678621174538
0.026209296431848834
0.007895487262220908
0.017692199225358588
0.0020538105886454784
0.053415945746547955
0.00914764664575126
0.4814201181136041
0.02631409303788348
0.008391542545587561
0.0031428168897190897
0.020285792132200647
0.006312887279028693
0.0025877766233869115
0.12339536847538896
0.0018216920301999471
0.0036524720962768666
0.04033402106328963
0.057827405836884595
0.03572737136406813
0.07340184499839675
0.03495027245868269
0.009040883185655808
0.12242961682690615
0.024074674037500694
0.0052051090044543
0.003415155779984576
0.002583756901862746
0.13996020754398536
0.01770285070055984
0.04101088400931182
0.029024875662608866
0.014348708302908058
0.0039555019683274115
0.16238519579919117
0.017341958748605727
0.02141683311390327
0.4892146310835008
0.02185963984949525
0.04084614549048488
0.04869471670136921
0.005458147116983013
0.023454729137664748
0.01584271091065185
0.0071738377911418506
0.012065175512346708
0.013342930108577851
0.023768902666910195
0.009912825799346716
0.003106957491362532
0.0052638168237779635
0.013233567677406346
0.034573566959486
0.08483232800601441
0.2905587296257016
0.010019374284051277
0.030904948507730703
0.03399639507269718
0.001884119151566555
0.01743476559434572
0.06904841360109278
0.030538002483003535
0.3355415791924884
0.010075793763728809
0.01545360192665423
0.043414311152608465
0.0016254792732501675
0.006475313611216293
0.013895643305046558
0.0027982198950501015
0.17796069022024008
0.02559999406041744
0.003609390800831181
0.0072464895067468
0.003686684014446323
0.00318154380196553
0.03646401793195489
0.009213284635400226
0.010605739350715166
0.012611453612337861
0.025769764389236397
0.057444155493551315
0.17356937809143466
0.001219650585614041
0.008955345816202434
0.005201821104298998
0.004728623969662054
0.17555537221054576
0.027671090168288965
0.02756414267444409
0.025447400475850587
0.004789626953914012
0.003570504414034645
0.006637067638258067
0.025085587965272233
0.09910473315246954
0.0031796273368647813
0.025864186863023768
0.003776460399094871
0.01809638141075672
0.05545116411076872
0.006560501393978041
0.004147796896737664
0.09911159000147307
0.018684294005472477
0.020537609427906677
0.004121942790001401
0.005996121716635152
0.017690397548088287
0.02793209663077128
0.0023876027531174416
0.016931753408729364
0.11647422382764136
0.0058915610313064574
0.005806967445298303
0.013090858230677632
0.005725079578471841
0.2663039416666649
0.03904179996199125
0.05777067773776414
0.003115764372969399
0.019285637249463788
0.008476629604426219
0.019842265228940593
0.013529890800431994
0.01892453174530108
0.0043417444987669486
0.03747317528068266
0.01791935762852063
0.06392076709030765
0.017071358069362066
0.012022022149513336
0.007428422500684563
0.005425046440436613
0.012226719152240143
0.002556911420429669
0.09422583677076664
0.008264320771278926
0.023172899338116726
0.00263889877803368
0.024054437435778186
0.027094511812696707
0.007035572965894712
0.00413160202886732
0.03991206101907598
0.0997030736158577
0.009332330414272838
0.053330371623692495
0.01861365693349036
0.07338316041693912
0.03645680489006438
0.0023454592436979362
0.05833122754648975
0.12774422614438094
0.02250680558235982
0.014176381260811818
0.0251521235701615
0.014767291367558373
0.010979834805860749
0.1671141159188516
0.05408577319177161
0.3008079637399229
0.009228328496047907
0.008397994409919814
0.004239379511429969
0.024816524578893977
0.005354889025533456
0.003324744714002626
0.018051266064257134
0.03390551138041375
0.011856556339849408
0.01612280655454272
0.01845576716428198
0.15606657753447065
0.05328582484701846
0.04486577866612175
0.05701239262868041
0.015988657605408903
0.4605715622635077
0.058275690735248915
0.05868403956648824
0.021860110703240516
0.04269585955797434
0.061129479764005956
0.0015426969412275365
0.009222430876299545
0.04918505358597653
0.00964273720502508
0.11889610136335012
0.04351269791688442
0.013557774519983296
0.407193749681437
0.05138243112855315
0.035470133211152104
0.0055066661921081665
0.021759007494245367
0.08716761282957051
0.003700212539962661
0.022720818363272274
0.09158906724222916
0.10760536974991743
0.004400531803868662
0.4341332718706289
0.0021903070977980525
0.02665565188751223
0.027778850999598058
0.009524141174297087
0.01082061555080316
0.013746721859647218
0.044574887296141036
0.004544917121479803
0.07989115044601415
0.0035099357649196073
0.0012076074493066829
0.028975672301216313
0.01950240515025943
0.1632119378286705
0.2875019210980316
0.05079443262315149
0.02576881642867358
0.03289140487839209
0.023344515533268967
0.015217538361136144
0.007571185906172049
0.12482445286785081
0.02121638702011732
0.029319308394047477
0.022748792224731425
0.003604546472460023
0.05065113211883796
0.005627636475635039
0.04251757634603571
0.039589125527369505
0.007898914116350735
0.009653877425121558
0.11433715530441484
0.005787635294975278
0.014817521418407541
0.0007014268618195235
0.009412087122230576
0.00586593422634046
0.010768006309247029
0.048690513365644596
0.02132081903018072
0.0010673115502789832
0.04911297897403411
0.0284792809193312
0.18305028964739195
0.0057536817708861415
0.004077974160607569
0.0023637981890979737
0.08425829978433941
0.20077475776981862
0.0059578299719833415
0.009258939470972456
0.07466097053957878
0.013141293947011497
0.01435457576342059
0.004560012567624641
0.01716833392559638
0.0034708883246117777
0.013552060709858434
0.07584881608782422
0.0017772421448368264
0.008618542606641218
0.11050274944110772
0.013016375952620758
0.00252921668505854
0.02838986345293145
0.036645395362151244
0.010013096060986647
0.03604081252428795
0.002052390312186909
0.052742708159825465
0.05530957403318062
0.6960080434331648
0.06282370745657162
0.015991080279935083
0.0044093823076452555
0.04291313950936683
0.013523275219431752
0.014992794129414183
0.034319900495547624
0.0017487928126046532
0.00462480776885848
0.01329758358623249
0.018873779453130873
0.015109278224809489
0.0667667925609018
1.2280284775080286
0.0052869654614069875
0.045065088791539074
0.017579676307681206
0.0611190424286847
0.011529132942456466
0.002336642709267096
0.0043514864511412
0.003792288896116547
0.0035004680886912966
0.002484258120628473
0.004063667738549132
0.09981084860846254
0.0009008414656648352
0.009253361230357965
0.015129341223665228
0.011522824024243455
0.03156472473581359
0.010785741937417466
0.027866072044228644
0.007362028376465986
0.07217346937889146
0.012703330411510068
0.2388215937889433
0.012047096686507204
0.015616099265201445
0.011312381683965943
0.003030937454965061
0.8531492443808335
0.010066262851311155
0.005171178618923037
0.03796724197266632
0.03619137971289457
0.10054731563161323
0.02386568803041201
0.05053037685556327
0.008813019365621703
0.036841891257208964
0.04241601510307152
0.00454627017188926
0.05190581223665596
0.09622899217269261
0.004488259230959115
0.4948374125246407
0.017800065073126963
0.1507779159052849
0.00715650954457428
0.08394367468290576
0.0765004148558715
0.026096849670506253
0.05337716474218584
0.006825660134016149
0.009692087580725749
0.02664411683640078
0.004833695677868751
0.006902147837547479
0.05088516425440376
0.0033685733457576327
0.004943897615356969
0.019263314492863934
0.0022295160234197912
0.004466070302607556
0.006729153019632438
0.012391672786503145
0.003330998403718608
0.2786595198973508
0.043205204268978475
0.15797995089976272
0.08241908076228328
0.004710182898562908
0.11321360114720193
0.01289236095314434
0.006827752247161983
0.008947559079804173
0.034388815566426104
0.0723092117880503
0.013780702160049983
0.19617471942057332
0.034312731636208404
0.0023988390325079484
0.011383932435981351
0.04122508226403579
0.0377062762206673
0.01691854359875087
0.01401442619254479
0.006602337587845076
0.0035526166289502428
0.07276293048444901
0.041382160610871806
0.027009706157950144
0.0037542331694691193
0.0202683930861151
0.0141420555027234
0.006392639248780278
0.009298273373713556
0.028403344095605233
0.000846655141195128
0.0030951541984542163
0.016026765273938915
0.09724311044221212
0.020986161670094528
0.03482431727866642
0.06017548039176627
0.04982636694600895
0.009163952066282744
0.0029564687717685187
0.0021517207137352447
0.0021093985280167993
0.06329378028696044
0.009796820190195111
0.002700477566049654
0.013197350444021351
0.1224746367910933
0.004516374844416456
0.15038821197444818
0.020571767839332414
0.0023283701892821596
0.006120609388542754
0.002869095354832836
0.004612616682004035
0.019094043054701356
0.018494717536293146
0.0021876788671005196
0.14892388945027374
0.00608944654020864
0.013841757307939033
0.017770616396501102
0.004249905922699811
0.001279615326089863
0.03520504787732898
0.01924681129484726
0.012521920587041073
0.01797103662093673
0.0038658861695845814
0.03482889110727378
0.031224262496285866
1.8390090646842903
0.0928986209395793
0.015096807813632162
0.06863714397339032
0.06618158998570782
0.021930329106430627
0.03630766263546456
0.004123680258647956
0.015875771943805152
0.002227975999857674
0.16023464322425393
0.0029507949826674913
0.0027905801321859904
0.10159985039343046
0.008015166224086672
0.025929815185496464
0.06790286770873752
0.01184678845657016
0.010257896144555396
0.007402167106475881
0.13819878714233086
0.01471228466931596
0.013569681257765
0.00983958609401685
0.014230631408393308
0.026258449812035255
0.04137414226025079
0.004310270984331068
0.006890227078120185
0.18219544111008862
0.03250333317111045
0.013269566474821354
0.008603663016884618
0.059012345263715724
0.04831301774887157
0.013792921411361556
0.02718274934549266
0.0012547320678974897
0.001446006137602677
0.007126125305457813
0.006466630439634819
0.1324661395479437
0.5229313982221672
0.00674765130516082
0.05497175242463902
0.005715135506471423
0.2943532750813976
0.0023540270013748953
0.042804357131997046
0.0027853625348918695
0.0507997704891617
0.15694143769696484
0.02850195206057769
0.009604752613282355
0.0441501383889926
0.11331389897019101
0.024503612484335097
