1.8107281966056775e-10
6.512651013207102e-11
4.6414839373303515e-11
5.85890104421658e-10
7.54388956820497e-9
1.5740288362894595e-9
5.858455438837407e-12
3.6497695719035115e-10
2.4976899577164963e-10
1.5367962854187915e-11
1.604559250650603e-8
1.3189565423190876e-9
1.5783244374480925e-10
1.8221377199465876e-10
6.800843412352923e-10
2.6869896373629974e-10
1.8698238570346087e-9
1.5944983544166297e-10
2.8420575027868794e-10
3.1540604655974255e-9
7.34999749541208e-10
5.763696840617298e-11
1.53087577898541e-10
7.317420169576742e-11
2.1023945102057453e-9
1.8893452852839288e-10
4.25343373885101e-10
8.915333677843747e-10
8.79513494380204e-11
2.351616020484894e-10
2.7525009333234116e-12
1.0480370090852243e-10
3.393319004724269e-10
7.9798908503466e-9
1.912829407965326e-10
2.1687648487624697e-10
6.1851816499167886e-9
2.1074673640626417e-10
2.040518980731086e-10
2.1426360638207456e-11
7.967050405226962e-11
1.3543091434026285e-10
3.6438848475688546e-7
1.1318672787407573e-9
2.509694475758058e-9
9.281886121063e-11
4.8336051731089793e-11
3.277147400390241e-10
1.0276912419360316e-8
1.8467829406506476e-9
3.0177889715562803e-12
9.470059236306371e-11
3.6396038689604674e-9
3.7155461274630995e-11
5.7724992455898444e-12
4.5057460877900756e-9
5.103052627088215e-10
1.806720634796588e-8
1.3521782925358778e-10
4.737761801178162e-10
8.674518741646967e-11
1.7769165371460373e-9
7.588160993402452e-12
7.891193661840592e-9
3.640513293005505e-11
3.634185810421515e-11
1.102004689437112e-9
2.1258164591178714e-10
3.832846151270213e-9
2.530793670069653e-10
1.3551687684781127e-7
7.424033937682355e-11
6.164079709948362e-12
8.815286613779886e-11
1.8077898495923346e-9
3.384707514937509e-11
1.9362690713481885e-10
8.218574348194132e-12
1.0083370782512529e-10
6.392677155729331e-11
5.0089428614644404e-11
4.372250458310629e-12
1.5277733007255286e-9
5.996695379334261e-11
1.8506007919843263e-11
6.783328608734745e-8
7.247572625252309e-9
4.1386285476101915e-10
1.0344729363161695e-9
4.5226393753943693e-10
1.2493822689279869e-10
4.061747978130431e-9
1.6745103437136778e-7
4.872856965625109e-12
2.0643725204268924e-10
9.806224580569394e-10
4.318883642926347e-10
1.6650206848645883e-8
9.367440107669595e-10
6.3720813565234945e-12
2.5321133574750654e-9
5.444787588081234e-10
7.0865412509537775e-9
1.4202935227528138e-10
3.393425978285171e-11
7.1833541825737415e-9
5.621547514081391e-9
1.0896043274311338e-8
8.554448643774719e-10
2.327576900898489e-9
6.473138697975384e-10
4.311121443835833e-12
1.6401260078133102e-9
2.6074921125575918e-11
7.148449340710681e-11
2.3771918911348842e-11
2.0721916604049175e-12
1.3401146821736873e-8
1.7041519804422278e-9
3.9621893833977824e-10
4.54929546011651e-12
3.154426311398025e-9
2.661806193056915e-9
1.8381940090684803e-11
5.963879886538513e-10
2.212451579994857e-11
1.4047102291818146e-10
1.0555571944592798e-10
2.1898042854408155e-10
6.4161685590687224e-12
3.077246185872718e-10
6.050620222877857e-11
6.060763990701366e-10
7.1813968001122e-10
2.9491926457389935e-10
1.4910571158083952e-8
1.128684310502332e-10
3.326030522516462e-10
5.518589946360442e-10
4.402191215643372e-12
5.406971257853048e-10
1.9349599253250196e-9
3.084443702012493e-10
1.083057798885068e-9
2.617251379221136e-10
2.985523567391009e-8
3.1431917433437433e-9
1.6396737200971814e-11
7.818608409714348e-10
1.0287557015774087e-10
3.736424935823123e-9
1.2795190009823436e-10
5.512841814061424e-11
6.100323517134344e-10
3.911178015644488e-11
1.5227939600487918e-10
1.0177922092591168e-9
1.1518338414214318e-10
6.645870148046842e-11
2.1578496984915463e-9
4.1268633721848806e-12
1.8061740186643147e-8
6.200240147933632e-10
3.5591085331246976e-10
3.864482374395676e-11
2.358755146711451e-10
1.236355684175091e-11
2.4266430159065244e-10
2.3487805189649034e-11
2.427188626338321e-8
3.061547056283598e-11
1.9712297524619269e-10
2.2139890465348048e-10
4.266439333879417e-10
2.7449089677574728e-9
6.047562325053338e-11
1.66376425507261e-11
1.1869712832567772e-9
1.7978262335980267e-11
7.458554646504589e-10
1.2720246603803298e-9
4.612359670148015e-12
4.754207686390831e-10
1.0761047204437772e-9
2.694503092913231e-10
3.349794977298169e-10
1.9742806556332705e-9
6.995544868880462e-11
3.9726769119293775e-11
1.4949356275680575e-12
9.857921342405659e-13
5.363012138765909e-11
4.351419363558246e-7
8.365359372308527e-11
1.5010860153772094e-11
1.1687694038685552e-10
6.594713935542448e-11
6.689414197257099e-10
2.2340717950706885e-8
1.6077740861832103e-9
7.209453647315541e-12
1.9725801569916163e-8
2.8698167095944325e-10
1.9105476263195079e-10
3.968690351069113e-10
1.759024394320809e-10
2.0228930877063767e-10
7.773442629426355e-12
1.9406874294859143e-11
2.4403545831062686e-11
3.4910292034731494e-10
1.0119495522672148e-10
1.3512720374685955e-9
6.368224029128543e-12
9.671000402128079e-9
3.082360243409519e-11
1.8371320289562053e-11
1.3560210478217772e-11
5.2394271709450116e-8
1.4030569489293686e-11
1.2293062362373378e-9
1.0312370050797698e-9
7.121043329420995e-9
1.7638172900220656e-9
3.502073385371901e-10
1.8214177597248735e-11
2.970252972176765e-12
1.2116880162141396e-12
5.869771812650377e-10
4.1367841060862265e-11
3.570186286855537e-11
2.4350566123842353e-9
1.0942841276779877e-8
3.1641096852272473e-10
1.6258791779500932e-10
3.2497611532992104e-11
5.785942985357769e-12
5.038713325397779e-11
3.9862378399868344e-11
1.453478562394616e-10
2.2316646891970464e-10
2.3389955604341273e-10
4.95141414000039e-9
3.4128458796724155e-10
9.402270297405833e-11
1.282392097615357e-9
2.5107446241746106e-11
1.0998197223738665e-10
2.391045429515103e-11
1.0201163751280115e-10
1.293330131027515e-10
1.569759169853617e-10
1.55201900699955e-10
5.749932362683084e-12
4.164575622586675e-11
6.351280935061616e-12
1.0755092175381996e-10
5.6822713587755245e-12
9.06032060667959e-8
4.1988257082866014e-11
2.4664000697039996e-10
4.988909158934177e-12
5.974963875265411e-9
2.944161241822157e-10
2.3447931052600058e-11
2.1729331722031007e-10
9.78922385002934e-11
1.2921382746344257e-10
2.485816566753319e-10
1.0817813341963986e-10
2.1186307865521e-9
1.3619014615471771e-12
2.3623079938957784e-10
9.437463056930286e-10
1.866865187034761e-7
4.196778834651359e-9
2.070443242356759e-10
4.66712980074808e-11
1.6888509523669038e-11
2.0813090531243817e-10
7.879325545748384e-8
4.967338576502433e-12
7.738181777338242e-11
3.046801082537309e-10
8.042141307506983e-11
8.578201164054128e-11
5.53153031468217e-12
2.368587627847721e-11
7.020728306148175e-10
4.928258790772666e-11
5.457021862971878e-12
2.855076176574455e-11
1.865844584677402e-7
5.19328940102936e-12
2.2945068989663356e-10
1.648867660206363e-8
2.0283564053680724e-8
4.477898270191326e-12
1.103696431235903e-10
9.188036945690418e-7
3.3196886828104494e-11
2.656965192707649e-11
2.543862032300707e-10
1.0280778643910127e-10
9.418900514788708e-12
3.5127710416769248e-9
1.758956222847469e-7
8.628938566863352e-11
1.1596796586228048e-8
9.780601903276693e-12
2.566590813276984e-10
2.933316894901522e-11
2.778880232714052e-10
1.2212078043441223e-9
2.1706821089678612e-10
2.5253888048844067e-11
1.3209307137217333e-9
1.6556087063239676e-10
2.694726812715558e-11
6.490181819899663e-10
4.657162868396285e-10
8.168833856563995e-11
4.4573422644597734e-10
1.0525233417016272e-10
3.1285043498415327e-9
9.039169503342938e-11
5.3517077852556955e-11
9.459556694162408e-11
7.726001913723228e-11
5.719631615993197e-12
2.454410712574269e-10
9.240625554460219e-12
3.811804522778143e-10
1.9946616520418816e-8
6.75184005095677e-10
3.3008594973977094e-10
6.80821951029064e-8
4.1674065643905594e-7
4.643246394360989e-11
3.859587429188153e-9
2.8271023270961268e-11
1.1431099968475786e-10
1.2753996985806475e-10
6.595314288483352e-10
4.812264471062484e-12
6.791873778694816e-11
5.94948895952769e-11
9.286293886061394e-9
9.31920498263097e-10
3.311742645109495e-11
2.7992876906507595e-9
1.2121843518580304e-10
6.531949852893692e-9
2.2918340674443142e-10
2.3846710180802487e-10
2.2802529723704358e-10
6.722973798418891e-11
1.9731611630512475e-11
9.983177901049744e-10
1.028396225655607e-10
1.9558916995747893e-10
4.743689143353988e-11
6.090053910486337e-11
2.2776557029346718e-11
8.52621704910956e-11
7.505787902454909e-11
1.9223634878016177e-10
2.1669792966662323e-9
3.303359279505659e-10
8.986791198017825e-10
4.802671264184258e-12
5.704829916620682e-10
2.339724628380491e-12
2.9920559928193846e-11
3.0192932345754334e-10
1.0773960109286783e-8
1.6136768088160846e-10
2.0426677350810344e-7
4.571691316990667e-11
1.6192445936425325e-9
5.365274069078259e-10
1.764449887061976e-10
1.1779314607775799e-11
1.2827632501899716e-9
9.685347719714194e-12
1.0694492013061687e-11
1.0731791907822062e-10
5.904261240792865e-10
1.0813788441280929e-8
1.992633777492642e-8
3.708771206921838e-10
1.5795979293468907e-11
6.969899070890198e-12
1.0133266378916114e-8
6.64386934399153e-12
2.374686979990631e-11
6.404473917409565e-11
2.418293656199402e-7
1.480415590058127e-11
1.0320963457540123e-8
7.209303385992056e-11
2.0224166178834556e-10
1.8038480687783015e-10
2.5317695866831577e-11
1.9767569278829085e-10
6.382031694100042e-12
4.908549740210731e-12
4.7461193793536114e-11
5.47931046497609e-12
1.1167833609314762e-10
1.402968954447736e-9
1.5813236159166457e-10
2.2638730919820704e-11
5.874704207841259e-11
5.101067213424697e-8
5.3601732708081546e-8
2.905555383413441e-12
3.9372111988975485e-10
2.7215500912166415e-12
9.559741546029328e-9
2.0326574342075394e-11
1.509789647828148e-10
2.928206224973995e-12
1.7765946444883156e-11
7.592109219379789e-11
5.1873247042960715e-11
4.699467673072769e-9
2.651694471732156e-9
4.037150698323582e-10
1.7183390117075214e-10
1.0794734176224528e-10
4.40128472404964e-12
3.73557124140619e-11
3.7700614051508764e-10
3.785356525038986e-12
2.3567296474481576e-8
6.50483847443804e-11
1.784073722763172e-10
2.9057325984494965e-10
7.612047436327842e-11
7.466765916001336e-12
1.4534785888292443e-10
1.1894957516452938e-9
7.062467327168171e-11
7.247320846206047e-11
4.729501569835992e-11
5.364074666326845e-11
1.146902375651499e-9
6.267168279058476e-11
5.062005728076629e-12
1.0283939814265667e-10
4.1604915694364897e-10
6.1693241785160295e-12
3.83843207271687e-8
4.109745386049472e-8
7.133113119126479e-12
8.392617058860308e-12
4.626881401410763e-11
1.7403413804652551e-10
1.0728578423056982e-10
2.0069141233928974e-9
4.107359450156832e-10
1.6574174143045562e-10
1.6686864993076002e-10
1.5127337442711417e-10
7.297103799225956e-9
5.871083225989458e-10
3.213140497737543e-12
2.0916508702265303e-9
7.971726467798142e-12
3.6808748653344467e-10
1.9251318745125582e-10
5.74513887586269e-10
3.8740360625739607e-10
1.152415575539226e-10
1.8128371951876064e-10
3.2447364460905986e-11
2.0722651257054766e-11
5.043455700099223e-10
1.9125304405287216e-10
1.279214659073051e-10
1.38470369241687e-10
6.2477185385031965e-9
9.905867439010146e-9
3.73826806405805e-10
7.830687646076049e-11
6.084969366337807e-11
7.273033007722462e-9
1.2562986625560509e-9
1.2607648166158696e-10
5.39975012370811e-9
2.338044765825474e-11
8.040444332498552e-11
4.688434100225669e-11
1.5674726970649157e-10
4.1580524808214106e-7
6.578152655411559e-10
8.498140834073735e-11
4.9526159337238506e-9
1.8279499877571776e-9
3.061651850150255e-10
7.521584840251782e-11
1.6164867634165693e-9
1.2345343351308683e-10
2.119880951070467e-10
4.374182368358683e-9
2.0144470109434147e-10
3.694552661170951e-10
2.1920992555127562e-10
2.5156667309014e-9
6.625390881040444e-11
1.7695965202807986e-9
1.8651303912046587e-8
1.838149149802218e-7
3.7040113186195126e-8
9.142806321838596e-11
5.126296052894815e-12
8.345227761110287e-11
5.214189383166057e-10
3.1839838484937295e-8
8.541466338811428e-12
8.579721192053058e-12
7.30448429470679e-10
1.0044877842416543e-9
2.4719726103529536e-10
2.0486592074649386e-10
1.1097965179526624e-10
1.1017541586541528e-10
3.350007327565384e-11
5.014363942317409e-12
6.28510300809533e-12
3.5423647353059214e-10
2.801153728437896e-9
3.233610800457954e-10
4.611831786563786e-9
5.800310560841186e-11
7.315391673363013e-12
1.0998488592078988e-9
1.6935417165243783e-11
1.965128823875324e-10
1.1274629280014861e-10
4.778598559797927e-11
2.6454166070225783e-10
4.871759936174781e-12
7.360519388719505e-11
5.279643197915535e-11
7.395199834231761e-12
4.582787468198963e-11
1.0668222317052934e-8
2.5867161198655493e-12
7.367326397937569e-10
1.452610169929188e-10
1.511161961760952e-9
2.6075185292374693e-9
2.546152020930113e-11
1.1972547298176945e-9
1.1128717296828772e-10
1.5503802111444405e-11
1.509863870541018e-10
5.11019773084069e-10
1.3732746088395268e-11
1.5826825592875864e-10
8.393439309502835e-8
2.6437212794100944e-8
9.533860550129174e-11
8.877929947335899e-10
6.466514712382801e-9
3.750614811502815e-11
4.441205950092461e-9
7.018331998052178e-10
3.355216682620311e-12
1.915960568051387e-11
2.01680289901935e-11
7.055569515344093e-10
7.479628274938777e-11
8.147366060426402e-12
3.5324776263044475e-9
7.959723323386406e-10
3.2814052886198115e-11
3.1320280824204878e-9
5.739212936846681e-12
4.893233260614785e-11
5.827261701603046e-11
3.978400672345492e-11
3.4084357910386955e-10
6.407289016130588e-12
1.2569764531187174e-7
2.1703121492448787e-8
9.48595956024433e-10
9.642563377288464e-12
4.759360223035112e-8
1.7678738941546113e-10
1.7132271730798596e-11
9.052254371485015e-11
9.773416904015912e-9
2.841551033679076e-10
1.1625100143427467e-11
2.5667638340948384e-10
1.5667015265534817e-11
7.422707109902038e-10
4.0991048624047294e-11
1.831066897430842e-10
4.274951138560103e-9
4.7610291449909014e-12
3.490767716195263e-10
8.550699434297507e-10
2.0738841222721435e-10
4.768472965001004e-10
4.256661924023512e-11
2.327310635047836e-12
7.158809871780481e-12
2.873119598350153e-9
7.630996277432988e-11
5.740328963059218e-12
2.268255017322294e-9
1.7317720675833821e-9
1.4646251085511789e-6
4.2544566666046896e-10
7.380976817267525e-10
5.784592859050235e-11
2.2842838430452732e-10
4.499768283679585e-11
2.7058058726134368e-8
4.536854723042605e-10
2.698144471316998e-11
1.7657161006712705e-10
7.424392493693995e-10
3.1513076752002414e-11
2.271223558947967e-10
1.2973881006801638e-10
9.342151906704824e-11
2.8492409201399904e-10
2.099412980477194e-10
1.0075092992797579e-9
1.4754126009697598e-9
1.1122930965743533e-8
3.516025136753014e-11
6.655575442579286e-10
1.1769253559822547e-9
1.4516846641763881e-9
6.269206960415621e-12
2.254603013631074e-10
5.671330580569954e-10
2.6901660193130106e-10
1.4709227682718258e-9
2.3605162603715316e-11
1.7214399362817288e-9
3.8416236944783425e-12
2.0707302910865844e-10
5.98586444593886e-9
1.057369213071902e-9
3.26340933222365e-10
3.159240613603807e-10
1.0972448673472064e-11
4.437042303175937e-7
5.809703660028841e-10
2.2872479312152548e-10
8.409774188804279e-10
1.170704089364191e-9
1.040999980486437e-9
1.413806637794599e-11
6.490668440199226e-11
2.221675754122274e-9
5.29522759551888e-12
1.53502643005878e-10
6.74450303136754e-10
1.5963116885258187e-9
1.9969597779951013e-11
1.1218161978468803e-8
4.191595775994678e-9
4.382025462862175e-10
4.0027587298666676e-10
2.516031264716372e-9
5.263260334402935e-11
1.679716159550835e-10
1.9357708093941946e-11
7.942351792627336e-11
6.443627312626089e-11
1.9907637948831877e-10
1.8068351325683376e-9
3.575303588094204e-12
9.760877785589665e-11
8.739848361422993e-10
4.9449143464218733e-11
8.461441709993265e-10
3.829777005433351e-9
6.790045903511259e-10
3.4600863093801938e-12
1.741608481259254e-8
5.563784655179798e-11
1.303401334322425e-10
5.229215607829894e-10
1.19409454492872e-10
3.5509634343186993e-12
1.8995306347512112e-8
3.797290041765002e-7
1.3178635009969548e-11
2.7112130025032452e-11
6.840243433612292e-11
1.1447231410875506e-10
4.525890719356498e-7
1.1686668035263092e-10
3.831874335971293e-12
2.3262146527585277e-10
4.749516777056339e-11
5.926111438715983e-11
2.369521116109371e-10
5.547018559767097e-10
4.219108873335345e-12
5.52794515822192e-12
2.505296800091011e-11
4.512114935782939e-9
5.782401372973541e-11
2.962582379328079e-10
1.9420072680919152e-9
6.503470374057385e-11
2.113581396567069e-11
9.435492528556434e-12
5.494846253217776e-10
3.023943491964692e-10
4.910357221578666e-11
1.2796052247663087e-10
5.469597023818618e-9
1.6820750674984605e-10
2.2140579148179532e-10
2.212137156920093e-12
2.443675524746024e-10
5.7764243260696057e-8
2.791900459288316e-11
2.6936761083848705e-11
1.1032075138104452e-10
3.711593505799593e-12
4.190774698748404e-9
1.7969576514837861e-10
6.98566155691748e-9
1.2489881697864728e-11
4.4548257501985817e-10
1.2454906205431817e-9
5.320207179391555e-10
1.3057411722442507e-9
6.163659645476567e-12
2.9234038185140453e-11
8.222729543645944e-8
7.859161315395637e-9
6.214056254469713e-11
1.9964513835416803e-10
3.3387971097478995e-11
6.058938184198265e-8
1.5438072895492392e-11
1.0232582250570197e-9
7.794594315322889e-11
6.067350709624247e-12
5.1293890625001414e-12
1.2560410936251542e-10
6.029401145971274e-12
1.4351330910257841e-11
1.6119188432981636e-10
2.264046467902584e-12
7.706638162425003e-11
1.5463488933805012e-10
2.5796769208109394e-11
3.186459695928034e-10
4.494130660013151e-12
2.7622201793453766e-11
1.068598942771878e-10
6.1135666730623854e-12
5.850224320083945e-11
6.990414273141124e-7
1.8682472887089044e-9
9.712527819185826e-8
4.0424211597996065e-8
6.078519675818587e-10
6.328559517894418e-9
1.2142425966840974e-8
6.995844836976967e-11
1.4485933794875978e-11
1.7683160023800417e-9
4.922935643628979e-10
7.864013734583793e-11
2.450385811720366e-9
3.4927073337744493e-11
4.647714787573969e-11
8.353924648106517e-11
1.0623006213490681e-10
1.8637064813601882e-10
7.15284935642651e-8
5.7029610327863574e-8
1.7559032642044872e-11
9.023217998489255e-11
4.606732044459563e-9
3.6308816692986054e-9
1.4993234185801658e-10
4.2904620215531835e-11
7.208817933296126e-11
4.8197298231206885e-11
4.3881367025334393e-10
3.234099200033531e-11
7.971097427104917e-9
3.746562810527212e-11
2.5674247554468554e-9
8.564840054462981e-11
2.0653040844095467e-10
2.6521986239517915e-10
4.485795167715083e-9
5.825106358755635e-11
6.078996022428459e-11
3.1704540824176864e-12
6.033345731917737e-11
2.1541520141588225e-10
9.98859162193172e-9
4.0151485512254886e-12
8.494489034914071e-10
1.0396343256695512e-9
3.9582708378792916e-10
4.1380307444404757e-10
2.942750011152646e-10
7.0416759247715976e-12
2.633784529457198e-9
4.744057499168999e-12
5.6318846295051284e-12
9.807401034070414e-12
1.160191276648595e-9
8.308670014725664e-8
4.8297563706772686e-11
2.8694915890997897e-9
2.4834799009179794e-10
3.314827082605053e-10
3.399577539006317e-6
1.0211081889319874e-10
4.959665637207979e-10
2.216599741161564e-10
2.841642494481574e-11
1.5585879227215816e-10
1.3795862100091027e-7
2.395485488780832e-10
1.0787111869080187e-10
6.4982275375401e-11
8.756348818970849e-11
3.786779592038325e-8
4.1966791836321553e-10
1.2350936303417998e-6
5.245069813532159e-12
1.2272581516184988e-9
3.9934355316073413e-11
2.3406345355350917e-5
3.9679364607590694e-11
4.936365638453952e-11
3.1149231076588956e-10
9.261200220085553e-10
1.0595729266444741e-9
6.164118745975997e-11
3.829808509618352e-10
1.6274064407529772e-10
6.548962409262515e-11
2.3905653247441424e-9
2.0841935310273252e-10
4.313425699093984e-11
7.066100834325889e-9
2.1746344056679784e-11
6.675264695375711e-11
1.8378909551917481e-10
3.4216072888872753e-9
2.8729186287061232e-12
4.037224522795931e-10
8.191346474878083e-9
7.535382291109846e-12
2.744770016215819e-10
1.1322070682838507e-10
2.1543342086484005e-11
1.120416742820037e-9
2.9319631798354952e-8
5.87454598120653e-10
1.4607376286637096e-10
1.2412480077384324e-9
1.2976578208628827e-11
8.028571379395636e-11
2.238127414618386e-10
1.1157366230025312e-11
5.0384875586915096e-11
1.1870013090934718e-8
4.447293013404414e-12
1.561822215245455e-11
9.725900745986369e-11
6.159948455955235e-9
4.8697515179708385e-12
6.068966446523171e-11
2.182023511685754e-10
2.6784746259395146e-10
4.867529422870359e-12
5.934015364743821e-10
1.1219303055886398e-9
2.2449829541680166e-9
5.991918325425172e-11
9.19127233347775e-12
3.739082805472139e-11
7.303553954341987e-11
4.0942479710336594e-11
3.2239153522728485e-10
1.3103175907409506e-7
2.454632512741468e-10
1.046589131373583e-11
2.26950545787476e-10
5.377561456024983e-8
2.694531268684196e-7
2.955124720741251e-9
1.8179862653926784e-9
5.190053259312216e-10
2.4298067753051513e-8
4.716039393892146e-11
7.543451489337587e-11
2.8798294178358237e-9
4.6416370053196885e-7
2.4555665136595325e-12
5.724458536084191e-10
1.290424021450886e-10
3.761534053220336e-11
4.40309620345496e-11
4.7299739956329837e-8
2.953338598454775e-10
1.960003791819279e-7
5.985612632738238e-11
1.885869806574043e-9
6.015109754757374e-11
8.490701988705627e-11
1.525885361551064e-11
2.2642782961968446e-9
8.787643296019616e-12
3.437011019130982e-8
5.36122382677338e-8
3.342697357280735e-10
4.562947369129179e-9
9.798132357362901e-11
1.4871320078525673e-11
1.494895285658963e-11
8.054418929192979e-11
7.692724240537972e-10
3.5548026802516066e-12
7.784355197890081e-6
5.804035653319357e-11
8.82030615184605e-8
5.7862658730241485e-11
1.7543571238375863e-10
1.7537770372478216e-9
1.2683154336518561e-9
9.079439433064993e-11
7.439765050183313e-11
3.2242702136840587e-10
7.079220553843269e-11
1.7531195284622427e-9
1.1572059827205178e-10
1.40689569494567e-7
4.562157261161959e-11
5.142078272324793e-9
4.2648495958662836e-10
4.983881251548969e-11
3.936106390070149e-10
6.951097420714493e-11
3.7952105149192474e-10
3.1557188315396424e-11
1.307882329906079e-10
2.747967906241565e-9
1.6700528156175434e-10
3.794962342537458e-10
2.336245050477501e-10
1.0428979332119878e-10
1.7351311600060337e-11
3.3596584265613584e-10
4.081627566963009e-12
6.583938007095063e-10
1.198753953059624e-10
2.391061332967775e-11
4.1570797950993075e-9
1.3172200984309518e-10
7.554141364486819e-10
1.8412244890713475e-8
4.049520276184356e-12
3.2378762945728165e-10
2.252232836615552e-11
3.481833841922226e-10
1.8358891305243968e-10
6.974059279435493e-12
1.0879374943046206e-10
6.109542731426582e-7
1.3866278504295694e-11
1.0270779584790662e-8
8.28549872951328e-11
2.0872025488865536e-12
2.1111091040201268e-10
1.997510157709393e-10
1.215417699497796e-11
3.1108287515919593e-7
1.0589237948894001e-9
5.101622325558796e-8
3.178062062693526e-12
1.3741009205351311e-6
1.950900826520687e-11
4.8150785505742e-10
1.6278448510212737e-9
4.575748788536171e-9
1.0420338668844856e-10
