1.4194687296496928e-5
9.187551429201848e-6
7.4725730858106935e-6
1.2061799877911665e-5
8.201706148934895e-6
7.901667266732548e-6
1.898127692244907e-7
7.395785107983437e-6
4.909135652740906e-6
1.0264624894616445e-5
3.2981828901860474e-6
6.313077471193653e-7
7.794116907133819e-6
2.7297245754591094e-6
6.818393658073103e-6
6.938906233805777e-6
6.409764580304798e-7
8.552282341514745e-6
1.2746001340741013e-5
8.182510089322949e-6
5.384985581523502e-6
6.570129422216021e-6
0.00012145513640702684
7.569885236178526e-6
1.0514348530739937e-5
8.80413466566647e-6
1.386952184309233e-5
4.0472569985321e-6
8.974818729314646e-8
1.1394751721697388e-5
9.28173737752532e-6
1.9759609911320313e-7
1.6383460795677325e-7
5.764964136688563e-6
9.97761296026934e-6
7.471579240389863e-6
1.2375346288917484e-5
7.435128944767046e-5
5.490064386655149e-5
6.151970869695417e-6
0.00020089320533734208
2.9576623273795363e-7
0.0008914382427934232
1.759236387418286e-5
3.305375368913005e-7
2.615049368949156e-7
1.519113094151339e-7
1.2947889214330158e-6
6.531326565654856e-6
5.3360005247170764e-5
3.842535630022326e-6
1.3820594030560964e-5
4.113448325105003e-7
3.6381457048078765e-6
5.8412719779475e-6
1.1832269704349375e-7
1.6190370472936853e-5
6.847132451486857e-6
9.649625436388252e-6
1.0255966391196599e-6
2.8447463576880537e-6
1.4726533211219397e-5
5.800110837087854e-6
6.473849395018834e-6
1.6549611501130687e-5
1.8824048229794664e-5
2.9226734832831443e-5
6.36516669546675e-6
4.8329274233519955e-6
4.031685467291264e-6
1.4415525440319028e-5
1.9907981415734434e-5
4.004646948038306e-6
6.932743905931799e-6
7.427787124912571e-7
4.47381828991631e-6
6.816500278133059e-6
1.7324621020206162e-6
8.110785676977513e-6
2.678283356382733e-5
7.223936676582995e-6
9.893053339552512e-6
1.1236047324496803e-5
7.983233560444058e-7
5.951777453872289e-7
1.646927053901909e-7
6.804971851411608e-6
3.556323206608345e-5
6.277426851841942e-6
7.522476057142562e-8
5.909462058194838e-6
6.3395162335886845e-6
1.4787427806217029e-5
4.977678610861395e-6
1.2760138460712078e-5
5.947011054119111e-6
5.756475966207457e-6
2.9084537081351517e-6
7.7886010324792e-6
2.2373998542942004e-6
1.8655780525966922e-5
2.1552893914832567e-5
5.768685797704078e-6
1.235020886890474e-5
5.150474454131345e-6
8.509855212240475e-6
8.7852969261866e-6
5.712192090140907e-6
1.7676855464029985e-5
1.3261869823004433e-5
8.597279321736218e-6
5.639686408334198e-6
3.586643237425176e-5
6.4614659626002735e-6
6.674751263732436e-6
1.900314840776641e-5
3.050036380282278e-5
1.0561342579723672e-5
3.55453209019455e-7
1.068304821944195e-5
7.3921609526490965e-6
8.864970076091835e-6
3.0985813236920644e-6
9.605005852382244e-6
5.126860293892796e-6
8.277808443591713e-6
5.980522048846447e-6
4.292460568245267e-6
2.709961559792995e-6
9.396941764328659e-6
5.817243808309113e-6
2.2157852621347364e-6
5.038375709904788e-6
3.98024248882152e-6
7.23691962725533e-5
2.0707631325280283e-6
2.717353684087415e-6
5.329537886463736e-6
1.86484289125879e-5
2.433076158376888e-5
1.5780663667716335e-5
1.5346714565038732e-7
1.3236725890797556e-5
6.84911985074072e-6
2.0797649886761525e-7
4.272391025335988e-6
8.372183666714841e-6
5.7442726115058846e-6
3.027450659839612e-7
8.951913775919355e-6
8.090741377409354e-6
8.668061377952024e-6
0.0001168373605930119
1.987999186833612e-5
3.863935667750464e-6
7.758419412644101e-6
5.674759740754965e-6
1.1878267674756494e-5
1.2507805661339228e-5
5.217116545657786e-6
5.933373414765104e-6
1.754473712070556e-5
7.709422577714498e-6
3.2174828061222283e-6
7.000821256041491e-6
2.0555206598009566e-5
1.663455432441016e-7
9.389362447742884e-7
1.0360766574470048e-5
1.6063777065176786e-6
3.2404770460283687e-7
4.0022854594295826e-5
4.549036742616633e-6
2.363468387996041e-6
6.416980419516773e-6
7.180806711538964e-6
4.72460147740507e-6
5.109671088864174e-6
1.0064535608304386e-6
6.138023664908025e-7
1.2015922900174293e-5
6.901078126027216e-6
3.251542688892187e-6
7.174050962661893e-7
1.0050241082418979e-5
1.2424046679663677e-6
1.0384994091181631e-5
6.356606197467954e-6
1.9261128154339436e-5
8.962893749888315e-6
1.3364773765045985e-5
9.538174627119773e-7
3.252226116478733e-5
2.266547719269857e-7
8.034972514574537e-6
6.235114916521606e-6
2.613614682008237e-5
0.0002658904733670958
4.867311749787037e-6
6.51664021453296e-6
7.198518312559595e-6
8.230542783497211e-6
6.000376013208777e-6
1.1400484042619679e-5
1.5091810589856772e-5
5.504020285107488e-6
7.6743810114714e-6
1.3321988655270959e-5
3.4155826956266886e-7
4.5409900588286245e-7
2.046525423322999e-5
2.2995793702925977e-6
4.7726455909292886e-6
8.346605211497016e-6
4.469445706443664e-6
1.798582598169135e-5
1.7309249250861805e-5
3.5700182615260695e-6
2.1771460686133856e-5
5.6010541433886855e-6
2.781529696590453e-7
1.2226310661110546e-5
7.5541254897707964e-6
7.88432803846769e-8
3.1804085692459353e-6
8.118806561961233e-5
5.0869357426820434e-6
1.1585575321746359e-7
1.2584001435399116e-5
4.901111194484195e-6
5.975140702055034e-6
2.598283120319283e-6
1.9066171391987588e-5
1.5966363617511786e-7
1.2170908851738031e-6
1.1701793580586436e-6
7.315444422400853e-5
5.741196788907272e-5
1.301921845280881e-6
5.9262046882977196e-6
7.848091372370606e-6
5.202309818934052e-6
2.6275604261036034e-6
7.377868554006766e-6
1.3106649566636898e-5
1.4964224661876997e-5
9.653907399065333e-8
1.7142861455839296e-5
3.6777318243318014e-5
1.8410302213233088e-5
6.189482377522537e-6
5.381166800545084e-6
0.0020479436802740064
1.2548161858239606e-6
7.635051080972243e-6
3.3180222718913264e-7
1.6874426999237385e-5
1.0859996238459498e-7
9.321511142320214e-6
1.7938809994057731e-6
2.3906431792235363e-6
2.733763061830834e-5
2.0431454025038965e-5
1.873592601312687e-5
5.486539663966904e-6
2.628521127095915e-7
7.047592289883559e-8
1.607869223595766e-7
8.8424596677648e-6
1.4522661765086263e-5
6.293037393144167e-5
7.752985433110302e-6
5.336326901102227e-6
6.375101517333858e-6
1.3902447361286003e-6
7.816546629429935e-6
4.459813429299208e-5
7.554946180751052e-6
2.1736040314058056e-7
5.765214457810446e-7
9.169044301999108e-6
4.0934027993473226e-5
4.65060318498791e-6
4.366923256724367e-6
3.5656654901128434e-6
0.00015696707438976704
3.649823927781792e-5
5.540257186795224e-6
4.315571397551266e-6
1.555479229455588e-5
1.2718422812415065e-6
7.269779926569498e-6
3.106846587934023e-7
9.685693720578506e-6
1.2133228486479739e-5
0.0001991047132807951
1.2342512708339632e-5
8.144105719458265e-6
3.709563468685889e-5
9.873844959997855e-5
2.7623249888676777e-5
3.0263164996669213e-7
2.067677981029216e-6
1.4083590725246604e-7
2.4774640324755476e-6
1.421469287254626e-6
7.027544152357271e-6
3.1951702668691497e-6
3.3189973699697974e-7
1.3684681229583028e-5
9.030477415378636e-5
6.316855403177689e-6
2.8861093671429347e-6
5.088516028681179e-6
1.15078576120709e-5
7.283160320556991e-6
9.29766272053659e-6
8.890753956093833e-6
4.5909535215388e-6
1.811931218802177e-5
1.1035021195842113e-5
1.6869891438477564e-5
5.112905160726485e-6
8.801525948967366e-7
1.9920390421847613e-6
1.3291479829552161e-5
5.607689354972045e-7
9.34042243958548e-6
1.6456759420872245e-7
1.610069232336289e-5
9.191834556210236e-6
1.5871395462731085e-5
2.8138434320268054e-5
7.666654732635732e-5
8.787056375621947e-6
4.335602990358343e-7
8.271404506761934e-6
8.026790964918524e-6
5.10686124315612e-5
6.009651657642314e-6
6.045320064655296e-6
3.695441084528499e-6
6.607979291780524e-6
5.660726728202989e-6
8.584909395086688e-6
8.832559393702642e-5
3.3004437301051073e-6
1.926331473834854e-7
1.8202302880146788e-5
4.593979003879769e-6
8.109832872851893e-6
4.74509954411895e-6
1.392905503718345e-7
1.0409147089485914e-5
4.207304908006714e-6
5.443738985511717e-6
2.1497702901242352e-5
8.053626696428127e-6
8.889844087279494e-6
4.196789307305675e-6
5.7385137727232075e-6
1.3366297776852148e-7
1.957036625940881e-5
4.806457127430163e-6
1.687007970573526e-5
4.6257963113974606e-6
2.5847730796370603e-6
1.0190502932849801e-6
5.237996301772974e-5
1.3243847966014786e-7
1.5035788595115631e-5
4.613838956066226e-6
3.7206579638462303e-6
6.631831924408897e-6
7.987545696594848e-8
6.680330658820884e-6
1.1028154055321819e-5
2.656574043773161e-7
2.2195184853532315e-6
3.6363744257748e-6
1.330640424896658e-5
3.935058068491354e-6
7.172852970940109e-6
8.729372674813842e-6
8.380060115073405e-6
5.5941778638504e-6
5.4551523619375335e-6
7.894230715000713e-6
3.415903632356387e-6
1.4656475316644681e-5
2.6448437525726263e-5
1.566887025752403e-5
2.927345235827615e-6
4.028042351473635e-6
2.540174833049107e-7
1.0449308428985816e-5
2.0145193585420217e-5
2.6529307458646246e-5
3.067505794400519e-6
6.949972270995632e-6
6.864270764374147e-6
1.720741399856307e-5
9.534100221224383e-6
1.6745589901610913e-5
2.280182028440333e-5
9.042485605837528e-6
1.0229688492978627e-6
9.476130577386118e-6
1.3655810208456668e-7
1.3156133647025765e-7
1.0539063471606623e-5
8.840687576464264e-6
1.1505826410421058e-5
7.723242108173892e-6
7.969639357413481e-6
1.7386953049486185e-5
5.0321946105109485e-6
8.40671689202883e-8
7.165597724542363e-6
1.9485843614283524e-6
6.21905428319886e-5
0.0004409594738270626
1.7707029027688975e-7
2.7707137069892086e-5
1.0064523329118448e-5
1.5438101174558254e-5
3.935120189468455e-6
3.967495030699195e-6
8.922353284677825e-6
5.309643002904985e-6
1.8893568315168157e-5
6.539612321474688e-6
4.0372645192735925e-6
3.7862295614656333e-6
3.9775017489359596e-7
8.579576393950497e-6
1.968290615148953e-5
1.0686395530693558e-7
1.9234599029018918e-7
5.636044964838313e-6
7.637873732235072e-8
2.6872091005801166e-6
9.095212701618957e-7
4.444161213677885e-6
2.3218485385526145e-6
9.616327769976704e-6
7.457629008040096e-6
3.95414911130875e-5
8.675430766327376e-6
9.325303307313645e-6
1.7618965266697417e-5
4.090566848950641e-5
1.405236760053977e-6
1.0954523523532397e-5
7.0349737211781e-6
8.060323079336527e-6
8.459337250226421e-6
4.276286649138238e-6
1.1256322581876477e-7
7.536211527476901e-6
1.2378909116261687e-6
3.467595203779659e-6
5.759521012548728e-6
2.4825316210834966e-5
3.5621379258618132e-6
4.390956507575781e-5
6.532455969007247e-6
1.582892147628492e-5
5.548540898759149e-6
8.12744878690039e-6
1.2913925096510163e-5
1.8036147748057978e-7
4.239702566108517e-7
1.4658129894805972e-5
1.5921127649481147e-5
3.5142229896317147e-7
9.577824177419554e-6
5.037949764993151e-6
1.350086179284296e-6
1.6090410456334377e-5
5.086876981712972e-6
8.356408651645462e-6
1.1579163292169209e-5
7.116351905607739e-6
1.749387036839734e-5
5.166015439537158e-7
0.00010787010970401628
3.5505337709602127e-6
8.382502579168961e-6
1.0255549253170509e-5
7.5496915324318836e-6
1.0590783211520279e-7
7.046414071440759e-6
4.6664880325486824e-6
9.21428969369617e-6
6.968852030739613e-6
4.2050021381708265e-5
4.716048277660975e-6
1.6967660409557283e-5
3.641947264432367e-6
1.2781559870337173e-5
4.528072710220425e-6
6.911670888958633e-6
3.63043489768447e-7
6.392036991396094e-6
1.0463744486692824e-5
5.443636808243937e-6
2.3574110492978518e-7
5.0596471333234256e-6
0.00014534039777765293
4.554019123990901e-5
1.517774228335812e-6
4.314891162296496e-6
4.263746041310419e-5
7.737047306718508e-6
8.903782800824368e-6
5.383821236392159e-7
1.5913761818655395e-7
2.4368091881228586e-5
5.6036383097867885e-6
1.6471770205438265e-5
7.435919223092327e-6
5.736551208847221e-6
1.935845955936461e-5
6.868151494324491e-7
2.0681515627187886e-5
1.8263657546033205e-6
8.84883471184345e-6
2.3426097759245625e-6
2.6955732878276573e-6
1.059321904473132e-5
1.7868024554502026e-5
3.2314790674341303e-5
9.937954123448296e-6
7.437011630512288e-6
9.72117888769174e-5
1.0034926150054598e-5
7.283676258152955e-6
8.268109375914068e-7
1.7591356669959533e-5
1.4741541921987987e-6
1.0057959660971558e-5
6.398766969719861e-6
1.7343418826900753e-5
1.689255897638021e-5
5.2949270681527855e-6
1.1258216013175324e-5
1.3531714942990557e-5
4.683941584288446e-6
6.803809014295238e-6
6.743594740423888e-5
8.832003304297387e-7
2.5031766883292364e-5
1.7723713144834428e-5
3.4983176027157376e-5
1.1820388586196071e-5
1.1430801258224401e-6
9.082672696033406e-6
4.338575651261063e-7
7.88999098265632e-6
4.146688872349184e-5
1.754424039171005e-5
1.2179159921439655e-5
6.515619923796686e-6
1.5424413491178848e-5
7.65427904304518e-6
1.2574272433338259e-5
3.9957443063057545e-6
1.0196154433070455e-5
6.66073844270286e-6
7.5580230569948e-6
1.9572790778007717e-5
8.90276342291404e-5
6.500227682295792e-6
3.787776073964631e-6
1.241942977823288e-5
7.455630161775927e-6
6.407303173465259e-6
0.0001482743005986155
0.0001079163103739905
1.0903197308366577e-5
6.654460734741056e-8
5.59965220220654e-6
5.688533493288783e-6
7.581936026457003e-6
1.4955235672092755e-5
8.180777411436496e-6
1.890919063076375e-5
9.523279814507912e-7
9.7710553793769e-6
4.098000170720262e-6
7.500616202685516e-6
1.43328070262833e-5
3.873204847776099e-6
1.909005991067227e-6
1.1268566569375482e-5
1.891399253891286e-5
1.9897602941080567e-5
6.302378169914039e-6
2.1329328063783994e-6
6.252607019522506e-6
5.182891406649817e-6
5.773778098542422e-7
1.2892854483111985e-5
9.533384150569301e-7
7.205303692706613e-6
3.0893335712103255e-5
6.917627441229578e-6
5.593979960798061e-7
1.3589093645555213e-5
1.2429106809913139e-5
2.535017837488843e-7
1.0687265010320101e-5
1.5897195445334173e-5
4.539908629903678e-5
3.459592533010674e-5
4.934687757514611e-5
9.29681609852912e-6
3.6031653276522223e-6
3.3677273687319124e-6
1.8409893902248354e-7
2.8248494427012798e-5
4.929586590211595e-6
2.528941234875249e-7
6.125940137547833e-6
1.2037104714206277e-5
2.2645896078915365e-5
4.549130351868225e-5
7.643018185930258e-6
5.920512557784851e-6
1.7635876175437525e-7
1.3137241945390068e-6
6.524023678625365e-7
2.450358659126298e-6
3.206889323691709e-5
0.0003597842911129828
3.692885668138434e-7
5.742274431094312e-6
2.0996329044674686e-5
9.040232537239078e-7
2.490446476910418e-6
1.3332268938736538e-5
5.619352774475e-6
2.8853650157451897e-6
1.3364400844258093e-5
9.086952550397354e-6
2.659348694403644e-5
1.6191831051020306e-5
8.432312237549834e-6
4.89617595759464e-5
1.2284567192255633e-5
2.990275227115055e-6
1.3078458813489875e-5
5.61516570097907e-6
2.2796491045379888e-5
8.238300503091269e-6
1.1433471435517284e-5
7.834269736607522e-7
9.532512976425197e-6
1.946726465315522e-6
1.561840137994089e-5
4.392434226227941e-6
1.3605345436303894e-5
9.257052695305772e-6
1.8719345507134548e-5
3.199419185169854e-6
1.042405071155872e-5
7.193262382416622e-6
5.138957164073482e-6
2.23644893269134e-5
1.1698860024416637e-5
9.205234377793197e-6
7.988259618986633e-6
1.021807101774273e-6
5.49427182757387e-6
1.2037236296436413e-5
2.228319658163682e-5
4.435888178972757e-6
4.47409521771643e-6
9.826954604286967e-6
1.0310903718584927e-6
3.517507553773471e-6
6.006090008600095e-7
1.0638246425583903e-6
3.490560512156193e-6
1.2068086685805153e-5
3.4924876931741256e-6
1.8711073548575465e-6
2.3516777582003306e-5
4.7467326456146905e-6
1.85969779699848e-5
3.1181866134948698e-6
3.035654245289723e-6
3.2005818599407786e-6
1.1506848777644357e-6
1.8859352178006803e-6
1.867254953146396e-5
4.054780496443315e-6
5.4897980614277194e-6
4.607595217085912e-6
1.8135987333804502e-5
2.054703142245008e-5
1.136328428368069e-5
1.6387011129674796e-5
7.304591015909664e-6
1.7348701124056007e-5
2.2374011057552722e-6
4.579863060721246e-6
2.057607315697093e-6
2.2136707058973336e-6
1.0766469781703086e-6
1.4022937583525186e-5
1.3945475763391124e-5
1.2498803440591248e-7
5.809185677363901e-6
6.657431675853692e-6
3.199521755305867e-5
6.494184077211302e-6
1.0772338777120963e-5
2.0578570953242108e-5
1.884789726233925e-6
4.964934657099139e-6
7.07882709836415e-6
5.315371424787788e-5
1.8186924669300776e-6
1.1410245847033363e-5
1.1469576402744348e-5
4.21168479273504e-5
1.0731490735599629e-6
1.4585766290525254e-5
7.770574868634351e-6
6.990278247312402e-6
7.123967067539153e-6
9.013007094028474e-6
3.8012576671853962e-6
6.035247330911497e-6
1.5509433595911478e-5
4.439668754732257e-7
1.7159389216698118e-6
2.6555718264799555e-5
1.7194502110460542e-6
4.941164202386274e-6
4.1959026837535345e-6
1.918403797937039e-5
2.0914155880924966e-6
1.0291161600215144e-6
8.022856487924028e-6
1.9139044154562755e-6
8.513491047625357e-6
1.299896973362657e-5
1.1580299393116872e-6
1.8202526436807337e-5
5.854940893795321e-6
2.0300479592015117e-5
1.0476055322659642e-5
4.444129029746261e-6
1.911604856179666e-5
9.570637399604561e-6
4.6173068871299194e-5
5.4833259440669425e-6
5.197232028619415e-6
3.162656766667139e-5
1.0437698350632773e-5
5.414444053241038e-6
1.1503326642787102e-6
2.473969274606375e-5
1.9976258581715912e-6
2.270040530382819e-7
7.180021582744136e-6
9.929539839854476e-6
6.063730260274392e-6
1.3857980441796655e-5
8.14643279110608e-6
2.2054147461887478e-6
6.0465355748527675e-6
2.4730992440870856e-5
3.0176352060987175e-5
9.258671936957784e-6
3.1565908239527484e-5
2.000660772511881e-5
6.813486598143514e-6
1.320010388040801e-5
4.548553698131173e-5
1.9833477395675296e-6
1.9736298613157614e-6
5.033308744259693e-6
5.436954125610816e-6
1.489978438410276e-5
6.719001173953838e-6
1.0430269818585574e-5
3.6793992736929637e-6
2.3011377355497788e-5
2.483528921803847e-7
1.5987884634913823e-5
9.694471533193758e-6
4.2717170050651057e-7
1.4954123795862326e-5
1.0661647980384382e-5
6.949310438830602e-5
4.479876218237217e-6
1.7722131187034818e-7
2.1177375761682585e-7
2.7256446306662512e-6
6.031157322828585e-6
7.855891124627277e-6
6.993680962615623e-6
2.4096453581339895e-5
1.2130635687161388e-5
1.1145387475735787e-5
2.699804992113886e-5
6.796013317962118e-6
2.382615313407609e-5
1.1187342971323632e-7
4.6332442413728705e-6
5.16856296151849e-6
5.174742868433508e-6
1.2653906185675393e-5
7.195016200025831e-7
3.797255119459177e-5
5.877305462397717e-6
1.2864184208856722e-6
7.090640513005318e-7
8.14932220670558e-6
1.0509004022364403e-6
1.8017867208827796e-6
4.112048574189981e-6
5.617888761779725e-5
7.454498608759084e-6
7.834849969177316e-6
3.124716315573373e-5
6.65142904327387e-6
4.970156268602445e-5
1.741020856103236e-5
1.5989894681398583e-5
3.975653176729899e-7
2.4874762795902214e-5
1.1612132308466468e-6
1.952950485105512e-6
5.380802014821855e-7
1.3052035301615675e-5
3.098093284375355e-6
1.0296863683832016e-5
1.8613182105791138e-7
1.6628411223058224e-6
2.8600804148404712e-5
3.1796289704959536e-7
1.4605004532848897e-5
2.5204554137980945e-6
9.509813257482263e-6
6.211029894369024e-5
5.232960514246032e-6
7.958101262299443e-8
2.2078267965663308e-5
2.7182423498135755e-5
3.077435428850709e-6
2.544369475143639e-6
8.035742965691656e-6
2.868963933153925e-5
1.1269930822859219e-5
7.56466614291054e-6
2.293505323057712e-5
3.1503603777714345e-6
1.4328427102314437e-6
6.674268229176043e-6
1.8977314823727178e-5
1.158663368094279e-6
2.1303776096111342e-7
1.5166527736412321e-5
2.124082396966429e-6
7.385388584835715e-8
3.7207310058457766e-7
4.4940440713506243e-5
2.0402131815719312e-5
7.668147343110935e-5
8.264290126937812e-6
1.146882624209232e-5
4.6233470553102355e-6
9.312152063073808e-7
1.0152373060106922e-5
1.020526834888293e-5
7.165950930157889e-6
1.8794432877490333e-7
8.442496839579626e-6
1.709687864455508e-6
1.61148565337064e-5
1.1462758468218058e-5
2.286450087985844e-6
1.4112918529232078e-5
5.7773674655022185e-6
2.327388922665486e-6
9.466555950279726e-6
0.00013790109348247402
3.812949468819877e-6
7.864879688798618e-6
5.403030600601688e-6
1.129031994772598e-5
7.450052242806692e-6
5.8013071943768503e-5
8.354539268456374e-6
1.461998588326408e-5
1.4549159101662916e-6
4.5410859435208405e-6
3.806852867766278e-7
1.6874616144935933e-5
1.163261115624328e-6
0.000554029837046962
7.181027359619715e-6
1.3304971139648832e-6
1.6210094686457214e-5
4.5882567304287374e-5
1.5244220528698418e-5
1.6563188496821695e-5
9.594021926903835e-7
4.4438052671916143e-7
2.920126989027616e-7
3.0450157183128085e-6
6.313292099165256e-6
3.33095465250415e-5
3.915662201684734e-6
6.421290703222328e-7
7.637252848640673e-6
1.4576535734126102e-5
2.1347264564760193e-6
7.1377264149104424e-6
4.953457273422461e-7
7.359003215650805e-6
7.903135976338015e-5
1.054280734468082e-5
5.203853668946861e-6
1.715770648325153e-5
8.413801836267882e-6
5.836888592659403e-6
1.000986411143339e-5
3.229940311012232e-6
8.49290403941775e-6
6.768938661025342e-6
1.9633614456398414e-5
2.277038348249325e-5
1.0481009658924863e-5
4.644997331881185e-7
1.3115128036556596e-7
4.198388855819963e-6
2.2193907684077352e-6
9.619219423248087e-6
1.1421174566323068e-5
4.88614873365028e-5
3.49582760683569e-6
9.322270491757902e-6
7.450546213282284e-7
9.676266130137344e-6
4.789515266364769e-7
1.1315043768782717e-5
8.228286516583579e-6
9.20581759167081e-5
7.967918816929913e-6
1.2753090919254545e-5
2.7784032927582156e-6
7.5974970927470735e-6
3.81742443429295e-7
1.3862436241200954e-5
5.8603692551447704e-6
8.037410727157928e-6
1.0565452319245376e-5
7.950331054448881e-6
1.8006973977770224e-6
9.61437817064229e-6
5.559807878352507e-5
9.080231911796408e-6
8.156357399115283e-6
9.289202700556767e-6
9.436289809015328e-6
7.69225083119108e-6
5.657014914704402e-7
1.0625157899506874e-5
9.654062236447554e-6
1.7656000426052966e-5
8.68143181037072e-6
2.6871614041286686e-6
1.0275495574965947e-5
4.038142625750289e-6
1.894591007218575e-5
2.18173250822096e-6
4.3223177960282307e-7
3.0982958110902503e-6
2.321753735229722e-5
4.4029322395328e-6
2.4208124662933272e-5
0.00030564728709520897
2.24834137647328e-5
6.995469331255077e-6
2.3498003671111854e-5
1.0885529154684015e-5
1.2968852186617304e-5
1.7391328285581983e-5
5.921464212988733e-6
1.1297064680848887e-5
8.945689565439503e-6
4.915251490833946e-5
1.5165494874845106e-7
1.4575483878795317e-5
