1.0548590781723414e-9
1.8251950143177855e-7
3.2440851714665495e-10
1.5725961146722945e-7
1.5761799979612914e-9
8.702059964577201e-10
7.689566714634351e-9
7.018685859495854e-9
1.101096022834695e-8
9.673122426826445e-8
7.00584570882632e-8
6.732738322205771e-9
6.541480287479832e-9
1.9462161549864577e-9
2.2448061267049613e-8
1.1826791463170209e-10
1.2795465210818565e-9
3.527369280543883e-9
1.3825673762686544e-8
3.392681913692309e-8
2.6502296314375742e-8
3.3854607647456253e-8
2.8047287185159985e-8
1.9030746559743189e-10
5.390361804092683e-9
1.8966169996852853e-8
1.0670143672723395e-9
1.9495010379100842e-10
8.037160967508965e-10
8.033378634546384e-10
3.8453109873955015e-8
1.4709726722964684e-10
1.2528905445064132e-8
7.299277432201463e-8
1.9271747716354713e-8
8.414873128426784e-9
1.9433372686108363e-9
1.2748112056575553e-8
1.709162354424838e-9
5.64860206355892e-9
7.218562043493118e-8
1.226916081460141e-9
7.875777698489993e-7
9.567303161423266e-10
5.2403331349137315e-9
4.242140021075452e-8
1.5425395520511817e-9
7.295926263119722e-10
4.695819479225717e-8
1.565499932265922e-8
7.653041049431058e-9
9.196403769773019e-9
1.237806661513082e-8
1.3410394315084471e-8
5.891995744085054e-8
9.89811945555628e-9
2.6268158812168853e-10
3.21268612275144e-8
6.19173065078673e-9
3.6143417261117314e-8
1.3448542490293075e-7
1.565363840682645e-8
8.986314417862012e-10
1.7529639208326333e-8
1.1847415277665474e-9
8.441529815826031e-9
3.2703322631226676e-8
2.7115374855745364e-7
1.7066009762785358e-8
1.0630537426927685e-9
8.449708132407787e-10
8.872104061352227e-10
6.623419096878337e-10
5.236130822445711e-7
1.0777087753697258e-7
1.4502264199475275e-7
1.9896014269516564e-9
3.721648196067881e-7
6.150922887534124e-8
5.189981890000675e-9
7.489295655955067e-8
9.973940599755894e-6
5.888263592100007e-9
5.9001507655254186e-8
1.5765641594397937e-9
9.266108304515792e-8
1.239981411688278e-9
4.440708760542729e-10
3.206103605739785e-8
4.527861151532043e-8
1.69223764504794e-7
4.862046131551205e-8
1.1597660385450715e-8
2.7658344934732384e-9
1.3837381181606105e-7
1.0650845383324371e-9
1.30177442192099e-7
1.904430505538051e-9
3.6082394658918483e-9
5.935677323658376e-10
1.924767137644202e-8
3.978491813533454e-8
1.9380732427048923e-8
2.0787286030694943e-8
1.5143630550361895e-8
1.2832923135757912e-7
1.270939616541627e-7
1.615217375716842e-8
3.968012843760488e-8
3.8257668796124213e-10
5.240677724878531e-9
2.0011921894970204e-10
1.1166435809723496e-7
6.769315202739657e-9
4.1639255160895447e-10
1.5458150151486902e-9
1.2349991199054968e-8
1.884595369602685e-8
3.5012405223477393e-10
8.431293016019283e-10
5.019530027616968e-9
8.168079958276657e-9
4.627326456195901e-9
1.1037792438440957e-9
1.6811099768730938e-7
1.027517001544926e-7
3.2889701510814747e-10
3.059707683635328e-8
3.214734146281105e-8
2.6282175907878315e-8
1.1877393593377545e-10
7.91756685906934e-8
9.816908850693281e-9
8.752294569522884e-9
4.176795176031533e-8
2.0271889379204086e-8
3.1016190465674176e-8
2.2351179587598702e-7
7.861291956908822e-9
3.2897837586018464e-9
5.023929916321669e-10
1.5912776637737097e-9
2.823696231402038e-8
4.414717670040263e-8
2.247937388493535e-9
2.320816426822211e-8
1.913680952538268e-8
7.948671835561158e-9
2.5955723477029557e-9
4.514125008806007e-8
3.326404283438839e-9
2.1645454994378063e-8
1.2926116158533286e-7
5.4880526579858005e-9
5.211923637395597e-7
3.833944913606511e-7
6.942708321343277e-9
2.6469337545606034e-8
2.1946507608026962e-9
2.045145988028479e-9
1.83365656150258e-8
9.11398451116467e-9
6.607159695198331e-10
1.4124358303303417e-7
2.799624598502061e-9
3.150898293599068e-8
4.692583908202307e-10
4.4980609505610265e-9
1.0759082740989943e-9
1.0936260718284126e-6
1.560187787993427e-9
1.0787495512394605e-7
3.345573660568497e-10
5.441314069263164e-9
3.024618793774456e-9
1.1769264849721843e-9
2.2509332544143937e-9
1.2215134176082263e-9
7.457604991040876e-10
1.1278619888363485e-8
1.9145088212230605e-10
1.3572916847599343e-9
6.9982030465940245e-9
2.5346633271497373e-6
3.0558654167521655e-8
5.4225252973373376e-8
2.029615801124525e-9
1.6722744308963386e-9
5.070772677270675e-9
3.980542689381522e-9
8.450733350554217e-9
2.5287375460420717e-8
1.4681904483036717e-8
4.588468553933233e-9
8.922180738625222e-10
2.4130820445906643e-8
1.0025057188543973e-9
5.818443559438815e-9
8.834503901096357e-9
2.1722829914890722e-8
2.101381152180432e-7
1.2266945782955147e-9
8.492098219986742e-10
3.5401845613240924e-8
4.195541748938136e-8
3.1635041989468777e-10
7.014393311790849e-7
5.745887364849853e-8
1.286630054462216e-7
3.632283060643618e-9
2.8650203542993313e-6
9.667343213893446e-10
9.691883293903568e-8
2.6208421903213457e-8
7.197758937729481e-8
2.5634010007589377e-10
3.954822606974339e-10
2.7420327048809673e-8
7.413121072193011e-9
1.9476234670812426e-9
1.9656945305187256e-9
5.456982135424509e-9
1.4726313492619867e-9
7.621319257759515e-10
5.779290920233715e-10
8.459474102037425e-8
3.801196867004963e-9
1.1765466208745015e-10
1.8629919649535935e-9
1.5659024375977003e-9
8.5411251433113e-8
4.959270214268991e-10
2.5560127910254602e-8
8.403289604661397e-9
1.0581777229009552e-7
7.290479386452489e-8
3.831797112618531e-9
1.1222786252771802e-8
1.2469157403503957e-9
1.062108742483131e-9
1.4665565348394117e-9
1.0995090807996093e-9
1.6423629673660455e-9
4.561504646492515e-8
8.125056221057936e-8
3.9596874978520947e-10
6.997887416547459e-7
1.0274236581152861e-8
3.4310660790901962e-6
4.88911149766196e-9
5.258383735303357e-10
3.201680077787614e-8
2.8941601840449533e-8
1.240990302923836e-9
6.19199819185131e-9
5.842993373663868e-8
4.0218750457210404e-9
4.5220711633785796e-7
1.1767665782091769e-9
3.897314602346552e-8
2.115972967656936e-10
5.659950681937162e-10
9.018858979550516e-9
1.3997233954807208e-7
4.379482757784355e-8
1.6151653869907693e-9
5.761482044984485e-9
4.372616046970763e-9
6.307671604247354e-10
5.126306037178018e-7
2.486613829109014e-8
1.265398614191499e-8
3.2951410732609635e-6
3.863121301315258e-8
2.5125276499611538e-8
1.2077979349849066e-8
2.1635086443004932e-9
3.227396021939039e-8
8.052145407817852e-10
2.995256488793697e-9
1.724704508191215e-9
1.6121938631124919e-9
1.5603963612297536e-8
5.446006313540238e-7
9.764615444273575e-9
4.623468902305506e-8
2.4441135328514665e-9
9.831145102930354e-8
2.0149718175346827e-10
3.852469179849084e-10
2.2803571152976737e-8
1.6415164690392085e-8
1.7394212524410784e-7
9.461319350021012e-9
1.3498002405787916e-9
1.474308020581426e-10
1.4847581188517647e-8
2.6395548498445195e-8
6.734247569579592e-9
4.2331768422479504e-8
2.5785491625088633e-7
1.1581520350095171e-8
8.604499609650461e-8
1.0746992751545467e-8
7.845819735600345e-9
1.0102004521401217e-8
5.141561964096984e-10
4.547996160156355e-9
1.2857037536499367e-10
5.826306855432656e-10
9.627073711046899e-9
1.0006323894278232e-8
1.7420900404918917e-7
1.1525129634791894e-9
4.470107734280703e-8
2.654779497109308e-7
1.6462051641542704e-9
2.6057827993321233e-9
2.5329039219928863e-8
3.7244282631926337e-9
1.1976085996084306e-9
1.1947696806967685e-7
3.866737647009251e-8
5.233908847302834e-10
9.84891079701434e-10
3.164671069321751e-9
5.573342052315253e-7
6.35514633964915e-10
4.4809731475518145e-9
3.110981305615747e-9
3.0700643014378667e-9
4.109386779144971e-9
7.544248546838442e-10
4.988581905373879e-9
1.589718125179658e-10
7.028472055011047e-10
2.5502660328607955e-9
3.196849335437936e-10
1.145381113595979e-8
5.695950070228941e-9
2.558777060839802e-8
2.2021828344205383e-7
6.12154711639104e-9
3.972687289725844e-8
9.819010817416188e-10
3.269808502029709e-9
3.819263298177489e-10
5.5791124898303555e-9
3.799650059538332e-9
6.647654272069123e-9
6.852703889543882e-8
2.3806750522525456e-8
4.959493506957132e-9
8.85209064952993e-8
4.039276690502518e-9
7.65583761678695e-10
4.739633104397396e-10
1.879313842109721e-9
6.768296392730075e-9
8.953576184446765e-8
2.70615278282269e-9
1.316760905563972e-9
4.038850810822015e-9
7.722451722236818e-9
9.802647339495573e-9
7.456915506858336e-8
1.1470604099427044e-9
4.540039511686605e-7
5.484568207127106e-9
8.224949162876663e-8
3.4776564335555864e-9
5.9040926120173754e-8
2.0887762193185723e-9
7.180808497085324e-9
1.3286621071382098e-9
1.022213251826034e-8
6.406462203014987e-9
2.6624086472357566e-8
1.1317463183497206e-9
1.0864561992370157e-7
3.2554995581382826e-8
9.891804768332742e-10
3.5671507379119195e-9
7.713337981141464e-10
2.649943637074304e-9
1.515821953963301e-9
2.655472527103073e-8
2.494851899996237e-7
1.1510049079029457e-8
1.3177813140717903e-10
1.8943167921243846e-8
9.342586020071374e-9
7.577588412136416e-8
2.968416234870111e-9
7.327287089087657e-9
1.7912481308530088e-10
1.7836626955972845e-9
1.3001557244373306e-8
5.510073928512074e-9
1.9837100883741812e-9
2.6469878497548418e-9
4.067045017436309e-10
1.3263356963436416e-8
6.709919874579003e-8
1.2581329465061321e-8
2.2390970167594702e-8
3.687358548334164e-8
2.921147028326644e-10
6.912964909266257e-8
9.669058103969358e-9
2.2752120136956032e-7
1.926792145370499e-10
5.854174152010115e-10
4.302828196462043e-9
1.0905946013757234e-8
2.3997615931119646e-8
5.981401174167354e-9
9.403634685857425e-8
9.937542766229942e-9
1.208882448269192e-7
5.497441063769381e-10
7.744396439297322e-10
2.8264618479923312e-8
3.9883687605744155e-8
6.001122047671381e-10
3.038054781165483e-9
1.4907984238030746e-7
2.693848089163939e-10
3.0984322408437514e-7
9.15421330948436e-9
5.220112960037692e-9
1.628089363041703e-8
2.191274695914365e-7
3.4413733268570253e-9
1.1222941767290787e-8
2.1919820372125466e-9
3.2910279262617094e-8
8.930376702324672e-8
8.834132665664436e-8
4.655913090961957e-9
3.870698768544115e-9
1.3426516073483807e-8
3.5947447203906616e-8
1.4646205839934602e-9
3.5743877068512845e-8
4.886179817907069e-9
5.7523595117965414e-9
5.526464835060936e-9
3.373032926717793e-9
2.380715955319486e-7
1.186355970614639e-8
4.6875950776483675e-7
3.9319369076462e-10
2.2062849387667817e-9
2.0480283420492609e-7
9.50692715840205e-9
7.074221304248444e-10
1.8306359086112682e-8
1.4478032765740973e-10
2.530304135046587e-10
6.937128793971053e-8
5.609215684634703e-9
1.2004436568399913e-6
6.364988664562096e-10
4.1703234494698186e-9
1.0748464641135955e-8
4.8127062500532645e-8
6.060883999418182e-8
2.1220086299550457e-9
1.8171148552548031e-6
3.7866180667663506e-9
3.920017239323925e-10
1.3971719729079147e-9
4.426425958868673e-10
2.0940662079445818e-8
4.319928666706255e-8
1.7045319846032278e-8
7.562258491579144e-10
2.4748184911425818e-8
5.350463177516505e-10
1.2805945722572229e-8
1.962124567372417e-9
3.865788840341784e-8
3.588905687186461e-8
9.218563316494399e-10
9.355686628482453e-8
3.613209118070769e-8
8.828550158650127e-10
4.149412587145305e-10
6.878770347219138e-8
1.2458547254203304e-9
4.469499969501604e-8
6.011036000658879e-8
5.8171730090470065e-9
9.489704116350222e-10
6.474080326099439e-8
6.19437593648195e-9
8.51628476494392e-9
1.0139485637383558e-8
8.026175642681738e-8
7.699114657856483e-9
2.7408135549385794e-8
5.623643808204032e-8
7.447027290077348e-7
4.9534730878100613e-8
1.7432102931899173e-10
7.942412093814854e-9
1.0076663169014756e-9
1.6607497814061805e-9
1.429680179120128e-7
7.431050882011979e-10
1.284755355191438e-8
6.684619691383263e-7
1.331550582342153e-8
1.0799496138279767e-8
1.9974788965360351e-7
4.092840262701396e-9
1.2231779426441966e-8
4.2464097251857334e-9
1.5934960634871072e-10
6.320131404306092e-8
2.2518233974809927e-9
1.738062949279449e-8
2.4552687122815702e-8
6.489706458559351e-10
4.6198650378081236e-10
2.5424553536675927e-8
5.183586461319846e-9
4.4714767149686923e-8
5.8240811592919934e-8
6.677138244550088e-8
2.693218789681499e-9
5.761070532461791e-10
2.1306589924556657e-6
9.396941015113236e-9
3.712659632633619e-8
7.693497755349607e-9
1.0148790194460616e-8
1.954761336994137e-8
5.091301276367212e-8
2.1659781847800155e-9
1.4264935790256256e-8
2.537676646738553e-8
1.4748452128780952e-7
2.1607512863643e-9
1.1384986173979024e-9
5.521537419727515e-8
1.95174106523682e-8
2.591447741654919e-9
1.8568837108576866e-10
1.7629773949694414e-9
2.0326361412203457e-7
2.2715307269142625e-8
4.810871896683783e-9
4.686961393601543e-9
3.7152387891526796e-8
3.0651204749318055e-8
3.15348618673778e-8
4.454564641376096e-10
1.4813747147344604e-10
1.9589879852799515e-9
1.0554357448741504e-6
1.0953981308545566e-7
2.9585107888382698e-8
2.3381816702803755e-8
8.287650280824938e-9
1.0904855152044341e-10
1.782095808305576e-10
3.3518188234267423e-9
3.572574054870635e-8
1.166450968600799e-9
5.513836566528863e-9
3.3596484369532e-7
9.724719724524604e-10
1.0445953064665432e-9
3.2605847083455085e-9
4.482359715066826e-9
5.95749506282332e-7
9.63257294234266e-10
3.684985964422017e-7
3.0863817065172154e-10
2.4402129287018355e-8
5.355671496394217e-8
1.0156310821655376e-7
4.423481351046722e-9
5.698025032909516e-9
1.7746998123178032e-8
1.3394664230834261e-8
1.1037316788760867e-9
8.804481364180494e-7
7.569697155138375e-10
1.222230104969259e-8
1.1809320437468214e-8
1.6658252857541908e-9
1.0261936758537157e-8
2.1985339980764266e-8
7.195463291009438e-8
3.3379197349309964e-10
5.697805039199674e-7
1.1294947705919297e-8
2.070439928552937e-9
1.4009288096331266e-8
2.3019155028762047e-9
1.4516598262743575e-8
1.866630688671516e-9
3.8086928077935984e-8
1.4365712969243438e-8
9.472491392002292e-10
1.475733133439536e-10
1.0429812591190434e-9
1.4663917812332479e-8
6.988800691345717e-9
5.1932940632371406e-9
1.6224702386229382e-9
2.7903986223941252e-9
2.208126769226038e-9
5.346942793655038e-10
6.926107261192647e-9
4.117366514475116e-9
1.3239346535287893e-9
2.5168961657400798e-9
2.0395080687358802e-7
2.4356477773463274e-7
3.959307426282574e-8
1.3843108553735336e-9
3.308316023633238e-8
1.1378385193532152e-7
7.986347110973721e-10
2.4903637304974333e-9
3.6365152764523024e-9
1.4618887691336352e-8
4.885937858873673e-9
5.189493779392943e-9
4.985360404431056e-6
1.0728094523310523e-8
5.907642610625063e-9
2.2821375724606314e-9
5.700306295294128e-10
5.137356329937748e-8
4.3238434684435865e-10
2.6516305855708803e-8
1.6967072951642435e-8
2.497460357694023e-8
3.580240421914948e-8
2.8929152907332094e-8
2.3781462728823893e-9
7.429968009690406e-9
1.2829880296942333e-7
4.3894834229382534e-9
4.232550787110544e-7
6.689027091676979e-10
2.579321943487407e-9
6.287025393370779e-10
1.844690680208025e-8
2.60681891433084e-8
3.621408527724094e-8
3.36852665654976e-10
1.1025301049065667e-8
6.200417279033127e-8
2.7881483921566928e-8
2.4496628453248887e-10
6.288632494249647e-8
4.1474079789119816e-9
7.788438410427924e-9
3.2523479172760654e-9
5.2633267028603745e-9
1.3279580837461605e-9
1.0394911291252403e-9
2.220568073830873e-9
7.664680183352406e-9
2.760887689481689e-8
7.097694441735382e-8
4.4879538309839924e-9
1.3553621368758762e-8
7.10260835857302e-10
2.0174470464070608e-10
3.804252634216276e-9
1.3227435338796339e-8
4.261630124405696e-9
3.554386090652475e-8
1.3060575009053234e-8
7.072374922061177e-10
1.5784968199169049e-7
6.554619438747805e-8
1.293131342003817e-8
2.725722684556508e-6
2.993134789052396e-9
1.0078868798914328e-9
1.1409554097108364e-7
1.7796210299723829e-9
1.4910047514870606e-7
4.6574343766702226e-8
5.0444594058021276e-8
9.956242414470708e-10
2.121479166678557e-9
2.0591978462903495e-9
1.208372936535768e-10
5.201729366504312e-8
4.655460976773845e-8
2.0743554833086008e-6
5.195555775736877e-9
5.736057323673275e-9
1.2250457987402834e-7
5.602031261520556e-8
2.0138157695708918e-7
1.5962514178179075e-9
9.422623975518165e-8
5.2480765722751555e-9
1.5409886860681308e-9
2.0283520848088014e-8
1.8091881951966058e-8
2.166961912343974e-6
3.035606619872094e-9
4.485044620253827e-9
2.5118405016481627e-8
1.565086338931385e-8
1.2632647343427659e-9
7.50416712133468e-9
2.2810207082173436e-9
1.814934041060041e-9
1.589055216622923e-7
1.710775430279796e-9
4.631423164399699e-10
8.54122653815822e-7
1.73122959657289e-8
2.2981698350986362e-9
3.001548256830901e-10
6.877195986758629e-9
3.2440759925732993e-10
4.925567727585222e-7
3.9387970470438524e-8
3.7787354974945444e-8
1.9933722398221746e-10
1.2836834699299282e-8
2.0983123264029943e-8
1.4590833224622637e-10
1.3643165314467233e-9
2.1935730940042573e-7
8.340129523476194e-10
1.3768333939183046e-8
7.638783378674475e-10
2.235026982893831e-7
1.3555114148897691e-8
2.2368734345806096e-9
7.38039703194539e-10
3.9562392948084176e-8
4.52943441161143e-8
1.193856890722936e-9
8.493256284429782e-9
1.3372461882164144e-8
4.851742251567918e-10
5.800173727167559e-10
6.460540289921337e-7
1.3250366878764655e-10
2.120993753681328e-9
2.7628859933449826e-8
1.6924680825180444e-7
2.031167775505396e-9
7.935957787726284e-10
5.693047133879197e-9
1.7300720187177222e-8
1.5256541522732259e-7
4.26522222976205e-10
2.2076580779333797e-9
5.618048678561834e-8
1.6766882312652363e-9
5.148136053273265e-8
3.7994823806745907e-8
3.6554896506559923e-10
2.0111886573890395e-7
9.09781737479431e-9
1.7951713250011176e-8
3.9756594000632204e-8
1.0124552049077722e-8
8.968513139775623e-9
9.386855429685777e-9
2.351237917044803e-10
1.847748809252954e-7
6.97110940704869e-8
2.4218559442965046e-9
2.6192900016015083e-8
2.8119832071324863e-9
5.290371424329075e-7
1.1308051304560362e-9
5.1896532025712235e-8
3.100401767705929e-10
4.4026435312550523e-10
1.0658439089870921e-8
4.341935903965304e-9
2.510566411426224e-10
1.0197043934632545e-9
4.3305699925105054e-10
2.0994727302628037e-7
1.5578630443502254e-8
1.4928628122069316e-9
4.501574951460782e-8
7.359442044089308e-8
2.656796716132714e-8
7.822803656196925e-11
9.434700671959463e-8
2.539423010119521e-9
1.2555211268406972e-8
2.9644048206707866e-9
1.4705575192095066e-8
6.917253216826175e-9
2.1237921837381586e-5
1.651750092579064e-8
7.188098251624561e-9
6.634916766039186e-10
6.035634926237049e-10
6.730377653121736e-10
1.878766425542828e-9
5.0015147742111355e-9
1.7987275778718214e-8
7.816716922521887e-8
2.229261808733975e-9
5.396557536309684e-9
1.4159233396903158e-9
7.758576179722283e-8
5.665230316434335e-10
1.720636826977801e-8
6.899092617394768e-9
5.024705819016473e-10
7.451927265004133e-9
5.729826041639149e-8
1.3756040511171686e-6
7.72019490787397e-9
4.653199579093409e-8
4.0564531519504066e-8
1.214546377029769e-9
1.5651098991273962e-9
2.087485008746759e-8
1.6045405850280842e-9
3.419133067127364e-9
7.610301292169114e-8
2.7066740471788908e-8
9.426574189270395e-8
2.9498515245668555e-8
1.8530993822995886e-9
2.286670703015638e-8
7.008649410588257e-8
4.0621698938858314e-9
1.4425653446979933e-6
5.874101039054624e-9
8.321455445062799e-10
2.7535089636204847e-7
8.699950629433077e-9
2.6557137156070626e-8
1.7743966505438092e-9
1.62303719779858e-5
2.9808860616930995e-8
1.4036724348670794e-8
2.2971286464924155e-8
1.6634640781027097e-7
2.822459334096269e-9
2.4869602687739197e-10
2.5741065318023103e-9
2.4471424819343463e-9
3.146248715118072e-8
7.570700402142298e-9
1.230137424491409e-9
1.2724300179829216e-8
7.658197735783047e-9
2.4920337378245702e-9
9.750403458187985e-9
9.863408038486335e-9
1.9236392673726154e-7
6.62201811294916e-8
5.790962387821573e-7
4.453248431353903e-10
7.188241701619548e-7
6.578951208137085e-8
6.744405606954465e-9
3.6719087730268876e-9
1.0551904040444122e-9
2.535011199390608e-10
1.8077068239822998e-8
4.088869862684516e-8
2.3567901337319202e-7
2.6324268400544504e-8
9.603274661940306e-11
3.5859090206599336e-8
7.021117436340355e-10
4.054364858023343e-8
1.028071584278214e-7
2.4910334032516414e-8
4.5043710462683326e-8
2.562434768564587e-7
1.078890733076984e-8
5.727409815433369e-10
1.0350643243430767e-8
5.721174955873883e-7
6.424307494534371e-10
1.8190948565786825e-9
1.269518363773483e-9
2.4853648929312006e-8
3.3891753019930435e-9
1.7985852269565667e-10
1.275314904675804e-8
1.2214728746166099e-9
1.4396280918914317e-9
2.4592407003667348e-9
3.9847986887191344e-8
1.1755969767626924e-10
1.414519199066229e-10
6.4822026951599196e-9
1.6169426046225278e-7
2.5657664999940972e-8
3.176063146662613e-8
7.795695186298755e-10
1.1229408628868867e-7
9.629475189327139e-10
3.576798402894287e-7
5.049869474179331e-10
1.0048774991284286e-8
7.064610138087542e-7
6.7733138146658e-7
4.898795701408586e-10
1.473004332369962e-9
3.736386602172154e-9
7.857882244811433e-8
5.86853297414866e-7
6.176532010879674e-8
7.326377263844495e-9
6.37020055119886e-8
3.5302935163280936e-10
1.34850309294333e-7
7.915900445868217e-10
2.590393292247575e-9
1.702556165605357e-7
8.520852100512205e-10
3.8634849276613455e-8
5.107634162495069e-9
2.9753427177697044e-10
8.508894998776801e-10
5.781484691033167e-9
2.498643043171913e-8
1.3887367577451407e-8
3.445637631274659e-7
1.0063446967004118e-9
1.960866721480016e-9
2.2717095662531488e-8
1.3081801737838905e-6
5.3062413542118713e-8
5.315595960095365e-8
1.878725338959634e-8
1.0961101302809007e-8
3.270969084366202e-8
3.361901025899655e-8
5.6138722436410925e-9
1.677135729219608e-7
9.479212965268586e-10
2.0218593691427386e-8
6.234485345812665e-10
4.8686704344947125e-9
3.854880289807065e-9
7.184289445506786e-10
2.1398609593238013e-8
4.6675336312675384e-8
7.46920866813012e-9
2.6307927468365365e-9
1.5137486556129462e-9
2.5336442199275636e-8
3.9275975055080245e-8
7.986258179562112e-9
1.5350128218071078e-7
2.2831308863522567e-6
8.571230773092692e-8
1.1987602013076185e-7
7.266022977023002e-8
2.1383378869032971e-7
2.073567397321968e-9
1.575300900465289e-8
6.151806291481342e-10
1.9069420783339357e-8
2.2798094255983905e-8
3.2429485130143703e-9
1.6809704479859085e-8
1.145140915024096e-9
5.457312538386239e-10
4.545914390197031e-8
1.384678272360647e-8
1.1155649061919296e-7
9.588997529411076e-8
2.237888685763765e-9
4.5494625668601736e-9
5.6980467928770156e-8
5.800883215316558e-8
2.170096049324083e-8
1.6949826122799925e-8
4.667774970760914e-8
9.915519423561989e-10
8.993968225666887e-9
2.663037572654583e-9
2.513731415938137e-7
1.4575418320480938e-9
3.066953239455287e-9
2.0109593633277174e-8
4.769004334314715e-8
2.2952349770284898e-8
