0.00010619916410560235
2.3493029749484906e-5
3.559709878460322e-5
1.755781891756915e-5
2.3862598548259082e-5
2.057166987868688e-5
5.217666007395007e-5
4.026374784305487e-5
3.8971230597130736e-5
2.2643103586548627e-5
2.4053277249466408e-5
6.313338200638831e-5
4.3496897803840466e-5
5.308612564357666e-5
8.209161746183634e-5
2.1499804939854492e-5
4.5536498456243836e-5
2.6068643433987733e-5
5.462053880116298e-5
0.00017926316954714364
2.146180003793826e-5
0.0052545981824673235
2.693839959768792e-5
9.867349652399253e-5
3.092607027992911e-5
2.4628741866287557e-5
0.0020949540227434018
7.851350778514116e-5
8.14135743994767e-5
0.00011766525682642195
1.8256553287979356e-5
0.00016274551013233508
4.5997347264796265e-5
2.0090195905839944e-5
2.129628709256745e-5
7.753908636354253e-5
1.8790786434599617e-5
0.0001025075813202761
6.75750340687162e-5
2.0237604365606368e-5
2.116144607327082e-5
4.339273826988532e-5
0.00024547951485880826
4.9716360680968866e-5
3.130564158775401e-5
2.844807557266782e-5
6.294828962027525e-5
4.781289094183693e-5
0.00012913033583423727
4.0467402696492096e-5
0.00011025056815186573
5.0889640894134604e-5
8.651286200808998e-5
6.539067058166226e-5
7.64679807520293e-5
4.7466307390060586e-5
0.00010518843437387488
3.2925345119796586e-5
4.553340633373793e-5
4.012592598200285e-5
5.8157098653378495e-5
7.359890959578594e-5
9.79803427991667e-5
2.60905730729505e-5
2.9151585633112594e-5
8.381451812910351e-5
5.2840266275112794e-5
3.3700618804170535e-5
2.0060528940899077e-5
2.877799040203283e-5
2.395714215909647e-5
5.105825372284071e-5
3.341269772236453e-5
4.419468193769844e-5
6.186479369550242e-5
3.581595045602224e-5
2.172048700918286e-5
4.775999124783307e-5
5.269063891594609e-5
0.00011199729414991077
2.0884206110664982e-5
9.55524726425988e-5
3.494181385513209e-5
7.712584300885801e-5
2.533022603305202e-5
2.0422766872589013e-5
4.647577009342167e-5
2.591235280981578e-5
9.694753565013012e-5
4.427078550451841e-5
2.2480745903677963e-5
4.3652172254236585e-5
4.1747613213416865e-5
3.528774359019847e-5
0.0018112345113331094
2.5717428145647683e-5
2.0522339098845602e-5
7.836643776964374e-5
2.38613304808941e-5
2.5116950881968994e-5
2.997982602437434e-5
0.00015265233037572984
7.992959909634114e-5
3.8699730316233266e-5
2.9563626459542093e-5
9.705184440821485e-5
5.401979115008061e-5
4.715357365054432e-5
4.7412983810104996e-5
5.843310552860509e-5
5.452175374334202e-5
2.6616697105036562e-5
0.00019057644452948118
2.5577827122519184e-5
3.83426742836621e-5
7.43201048698265e-5
5.625279108488235e-5
4.09835082613779e-5
4.9136821210192626e-5
2.4999627432515363e-5
0.00010770099798334274
4.2627811932461514e-5
0.00011761084271764712
2.627120087712732e-5
2.216504174057793e-5
4.2906954766602136e-5
8.454878402868444e-5
9.097129250810588e-5
2.3520944394003394e-5
1.7590018519598913e-5
4.846307678977918e-5
5.882734526538256e-5
3.605389411036251e-5
4.8729538793873246e-5
6.45282973136471e-5
0.0001639791150968108
4.4455519450129754e-5
2.9000557983667558e-5
2.9616738671277444e-5
1.9682981176386106e-5
6.147147649555807e-5
5.222639123756736e-5
4.301077532776549e-5
0.0002014289643129634
2.335796189535774e-5
3.947115774526673e-5
3.6552253155565004e-5
5.2374387847595623e-5
3.184679913360139e-5
0.0001083054816721437
7.019908974426746e-5
8.602298418028051e-5
2.1313070035781933e-5
3.304434424752668e-5
7.943641759459245e-5
2.0516399524871758e-5
0.0001593678888975203
0.000161552662838407
2.1836633490414174e-5
5.893409671362099e-5
5.132720860625996e-5
5.736235215674342e-5
0.0001053739996572044
0.00019600779028464488
2.5265322546010316e-5
3.2351903975797885e-5
4.296955146112115e-5
4.298667430700013e-5
2.727069562961584e-5
3.8521985209257816e-5
5.6664790795177386e-5
1.7721005434619367e-5
5.808948226797166e-5
6.545290296221564e-5
3.84177673538526e-5
4.2640142536537476e-5
1.8711450674243253e-5
2.8593567436916094e-5
0.00011761048596233075
2.0367723164875124e-5
2.5007102543531822e-5
5.231905633285093e-5
2.6822624615860958e-5
4.06406594196209e-5
9.182886499085499e-5
9.427005657760696e-5
3.337671726827491e-5
3.202098829343099e-5
6.031932449064694e-5
8.233590717869698e-5
4.782033193829354e-5
4.589955891870244e-5
0.00011237651047898586
0.00015519639439742945
7.622813643227977e-5
8.709667124654643e-5
0.0001374041452639259
2.3908709080831597e-5
5.196729796343045e-5
4.1533162958556646e-5
7.779417639072883e-5
0.00010235051407960645
4.1092696935633464e-5
0.00021629625058350576
3.2458485346787953e-5
6.18429535143099e-5
5.556185302560247e-5
8.527378404312476e-5
2.7387617350811965e-5
1.8723499140583046e-5
4.781047370474085e-5
5.522522911059454e-5
5.4171081433548395e-5
5.8596916018194524e-5
2.7011330415223203e-5
8.119131604912421e-5
2.07751030597876e-5
5.77515676533381e-5
8.066355049489386e-5
5.953205008307527e-5
9.312618069442752e-5
0.00019764620016779342
0.0007957170074669992
2.17015153773871e-5
0.00017158965245636637
0.00012453045987667526
0.00017019299277324198
3.2832642518057076e-5
2.0355886183864552e-5
4.428948372389392e-5
6.537640521900168e-5
0.0001430330524003901
7.280101876593982e-5
0.00013405638617829748
5.6351569659290845e-5
5.55046336147783e-5
5.112130667711343e-5
3.111842806561067e-5
7.443293297045845e-5
5.8791272566786504e-5
6.73669710468165e-5
4.2933967549647203e-5
2.4486996462901554e-5
7.884926529419577e-5
1.8870097540542365e-5
4.5679403443751186e-5
6.933896379398708e-5
6.257571863547298e-5
2.8839632095828834e-5
4.6493343066132946e-5
6.633983204326108e-5
0.00019086810851772968
6.369145187833629e-5
5.266060834247943e-5
3.572885888900075e-5
6.759761663501053e-5
3.385191938378986e-5
3.810327681201369e-5
4.6120259482176596e-5
2.0325203659342547e-5
5.214690283538242e-5
3.527658602342758e-5
2.1105331939788348e-5
9.176664533956216e-5
2.738347697522573e-5
3.705323685819602e-5
6.814810001784015e-5
4.592077797848705e-5
8.665318636770949e-5
2.5937042147796798e-5
2.2760217704420804e-5
3.364917962073755e-5
4.985182127808292e-5
0.00048304541704197396
2.1949502393415202e-5
5.6192568023619053e-5
1.96449248666531e-5
4.022939688044782e-5
0.00011135274140789194
4.291509168512496e-5
4.085662981425027e-5
4.175051359066183e-5
0.0002224065009474538
2.4165608422194506e-5
2.1679310665332147e-5
3.312626415683993e-5
0.0004899639701203296
2.5074267245416475e-5
6.009530257008565e-5
6.16383289066159e-5
2.8917648453697982e-5
5.613999112374356e-5
9.257538244731079e-5
2.4153347950513136e-5
0.0002313857657830704
6.964137511854623e-5
0.00010726885939179584
3.820760388481734e-5
3.2784991148653145e-5
4.716773235556898e-5
6.263337500695741e-5
4.240339578996794e-5
5.5142435819417225e-5
3.416598555442287e-5
7.407211481421862e-5
2.2207952729831082e-5
5.628424848028786e-5
6.196280478993149e-5
3.6865240975203334e-5
6.236386980701056e-5
0.0002409179749262891
2.3597529104163075e-5
8.652734230723982e-5
3.0889177128828324e-5
6.161705853651883e-5
9.434128307646813e-5
0.00026575445760800844
8.335451586344041e-5
5.7243410072490884e-5
2.5438399480884217e-5
2.414633779920594e-5
0.00011760598073292584
7.732706553734283e-5
5.090633704676919e-5
1.7303362876859238e-5
2.7551337412526166e-5
3.6751239528052037e-5
4.413380659396109e-5
5.836957841863756e-5
0.00030195246826112196
9.925363067133275e-5
6.78852366713879e-5
3.710107861900998e-5
0.00012407656364552225
7.105326368978654e-5
4.365579543766351e-5
5.616906139060661e-5
3.46972425683167e-5
0.00010534191323746706
7.81272137013097e-5
1.8894564188238712e-5
3.099974272062589e-5
6.105818531330092e-5
5.16975459452622e-5
6.11348412843338e-5
2.9717380955748572e-5
8.843748994551594e-5
9.39092869558053e-5
3.369284565017124e-5
2.389646113222678e-5
4.426382845033615e-5
4.234190163415148e-5
7.706723160230954e-5
6.807628561652418e-5
6.798800782204392e-5
4.6351096337899e-5
2.205355616062463e-5
6.193908829819364e-5
9.002218900762814e-5
4.060608964647707e-5
4.768548128627173e-5
3.306023168232609e-5
2.139385435112745e-5
6.649876779868598e-5
8.807913234323622e-5
4.7714928112590834e-5
1.8243149175128618e-5
4.4912152538196355e-5
0.00047865505526163764
3.707796253392477e-5
4.987940180480606e-5
4.8090410741326065e-5
0.00013964338325421995
1.6890009901409956e-5
4.559744348623985e-5
2.0514637548438346e-5
4.7900357141360883e-5
2.6394599629608965e-5
6.489706129115176e-5
8.717493719978398e-5
2.7259405301548837e-5
6.937277726755941e-5
8.45202798953069e-5
5.1459776294733224e-5
5.385683653691409e-5
3.578213169916632e-5
2.7666107347580853e-5
2.2437080279280394e-5
4.8508560697824017e-5
0.00010943978645280419
9.886911031180932e-5
2.3567659115726082e-5
2.67839732591554e-5
6.294895491602677e-5
2.477150031332136e-5
0.00021809590975079728
0.000147123951702119
6.542794216711915e-5
0.00010373401417644468
5.5600715067966566e-5
4.953131892599742e-5
4.8083736857603986e-5
2.8484682235946722e-5
4.611153506736381e-5
5.7171031078180216e-5
2.877761978380806e-5
1.8592894431798396e-5
2.618287036077332e-5
3.658858764232345e-5
5.660820045892657e-5
3.756038027799401e-5
6.169305170873787e-5
2.6796190077457835e-5
5.439050401864975e-5
3.081174434844664e-5
3.822628275779751e-5
0.00015113639734091347
3.8846899654088694e-5
2.793114455967304e-5
2.712128197981716e-5
6.745703362046923e-5
2.4909230410325132e-5
5.6255063680401626e-5
9.124725310248754e-5
4.430103340619178e-5
2.9171731556054747e-5
4.2556596892792846e-5
3.7178690652970465e-5
5.4762368971002414e-5
1.761695747311262e-5
9.866276365997216e-5
6.414463243270485e-5
0.00011364695071767295
5.7153663107249875e-5
3.239766332489816e-5
2.2487496304104554e-5
3.6746289204689267e-5
4.224273661883718e-5
5.358756841662005e-5
0.00014734456985304525
5.187159066053703e-5
3.365963080716651e-5
7.192652423660408e-5
4.411304133819155e-5
2.7306047618353067e-5
4.862774280370184e-5
5.8749495285213154e-5
3.265008570432713e-5
5.499892230951623e-5
7.340880676433448e-5
7.943204114989013e-5
0.00011603114533056711
0.00011381926838668723
1.7801354664841344e-5
4.1943606873149696e-5
7.806346268172381e-5
6.877393715558997e-5
5.148404671089301e-5
0.0001295837982289056
4.47888226894738e-5
9.574401118340354e-5
2.369244378548549e-5
4.753181410954416e-5
0.00011426630689926108
9.340464935574503e-5
3.7516560887266494e-5
0.00010566760643102439
4.725433606655373e-5
6.354205405070375e-5
1.9453245353392346e-5
4.5754469955723746e-5
2.0790886485183253e-5
6.099834384612934e-5
4.578347441481676e-5
7.861691198405576e-5
2.5848209415434924e-5
2.5298451952242287e-5
0.0001136926231777455
8.099667729360786e-5
2.0707832836800206e-5
0.0001040935486453622
4.703570753136023e-5
7.42119972594996e-5
7.690313567046971e-5
0.000341528250017742
8.909187069120498e-5
0.00017921278918218978
2.7941685988009173e-5
8.03428889544994e-5
2.3917723755574364e-5
2.6563921539653194e-5
3.058589701636834e-5
6.715844083413583e-5
6.746428984398404e-5
3.3762693601842674e-5
9.347772602968444e-5
6.008105264506596e-5
0.00011516713804634419
2.3908534248387458e-5
8.893489196618197e-5
2.485372028042559e-5
9.255408618429755e-5
6.317604321102638e-5
6.870095222604974e-5
0.000451387842113693
2.621418009834291e-5
2.4245159020219446e-5
3.132375681702527e-5
7.0296375075317e-5
2.6677078379430258e-5
2.3330558901879904e-5
3.174060627620924e-5
7.175022404119484e-5
0.00023189881581685444
5.621826703413469e-5
5.396793539574812e-5
7.832849970649931e-5
0.0006454750433544912
2.9236400953624163e-5
0.00011743044548316508
8.208508612415526e-5
4.9560990138164506e-5
5.7064293175138125e-5
6.064982099971357e-5
5.148990382797446e-5
0.00011451992172520001
3.801080488398819e-5
8.827696664167474e-5
0.00034319153438551274
9.05477949109942e-5
2.9151858463176165e-5
4.256028882232809e-5
8.356677985090498e-5
3.972552124038866e-5
7.010082254946637e-5
2.306631508567555e-5
3.031872251637197e-5
3.743057795708786e-5
5.5121872939234105e-5
0.00011118172087042773
3.701308926322552e-5
6.360979439338933e-5
2.4274432218249426e-5
6.722899130270289e-5
6.363671260506167e-5
3.0917009743074405e-5
0.0002438655387931434
3.07545766900721e-5
0.0001727317325951381
7.40640904397012e-5
8.159751748069829e-5
2.0528299997528254e-5
3.861127926172384e-5
0.00013447469906439018
7.327133233476798e-5
6.636581521038283e-5
4.900580014275805e-5
2.206945654522238e-5
5.193824475782163e-5
4.234219821546783e-5
0.00017128886034414712
0.00012329701762169024
7.942589839532078e-5
6.485698795150259e-5
3.536292964541541e-5
0.00010793312374438122
3.757554513506441e-5
7.742239274153205e-5
2.4760800680282103e-5
7.572597622811743e-5
2.327365050712989e-5
4.088399945773135e-5
2.5517740250448158e-5
4.21608039001942e-5
7.34374151206451e-5
0.0014869892240984971
0.00014095783577047224
0.00012114256808291231
8.701494889252898e-5
2.186333468638634e-5
2.4866224582653773e-5
4.0512286128670366e-5
0.00018648771954277374
0.00016571103060025795
3.415314610640581e-5
3.524782888849267e-5
7.444908255678616e-5
6.570884032896395e-5
0.000291967754314171
0.0001948618418240135
0.00044094671471412366
3.267430736922332e-5
6.73920721220159e-5
2.170598138627068e-5
2.2061066476166464e-5
0.00015290346382698585
0.00014074069926856196
9.758443930285782e-5
2.025134754679268e-5
0.00012047417101974218
6.11550618413137e-5
0.00011635543311232207
3.9245249348059e-5
4.1881454007934066e-5
0.00012087860175657642
9.181048030967198e-5
0.0001361268736079859
0.00020284217286822191
4.7816425462660136e-5
2.583460496609336e-5
2.8994079159162702e-5
0.000332407079050748
4.178324483252142e-5
4.4096156533788176e-5
0.0005963116065380317
5.801788725755148e-5
4.337356715079923e-5
0.0005226423922497414
5.431855747784149e-5
8.045047284174811e-5
8.401037160067164e-5
6.76680321546974e-5
4.68323401029284e-5
4.440088396812932e-5
0.00011635290783056354
6.58096452055873e-5
2.2623260052476728e-5
0.00013026546581155197
0.0002275912631863566
3.096829956694609e-5
0.00015321092560220283
2.4088087281380345e-5
8.244728744563934e-5
6.943398017487549e-5
0.0001924554518831187
2.4024006252883474e-5
3.4830325803519184e-5
5.80689388443934e-5
9.332188164667156e-5
0.00012452029788797436
8.677616092261979e-5
2.4372181512617047e-5
0.0002895260726808839
4.806903348878067e-5
6.273859981247862e-5
0.00012092387188900423
2.591860443452391e-5
8.772643817281983e-5
4.3033706203331876e-5
6.915119808402064e-5
5.864349162211947e-5
5.191777629179779e-5
7.111758408723943e-5
1.7469616506700662e-5
5.072913324920343e-5
0.00018413511766042365
0.00030641935836908175
2.056351262651447e-5
2.716971544497722e-5
2.535955944547635e-5
0.0004912972613311163
6.100250240472849e-5
7.064967998872934e-5
1.9574385280196834e-5
3.804201953692033e-5
9.119857168029123e-5
2.2304806024065094e-5
9.804922485393271e-5
8.697735239560809e-5
5.391191947580422e-5
7.998655499688153e-5
4.435956157954812e-5
4.902303234639791e-5
5.402294204340831e-5
0.0001112712207390184
5.254496694318852e-5
6.448376349145712e-5
0.00010642257628539941
2.7200656756085212e-5
9.256656080788718e-5
9.197506466381566e-5
6.752185212725566e-5
0.00034614257540739563
4.751216835976466e-5
2.5644409414644785e-5
0.00012565902369089066
3.308024892488696e-5
0.00018857626262251876
6.86754168379355e-5
4.634490162905764e-5
4.0347004368636534e-5
9.230017511621032e-5
1.864403741897706e-5
2.4794554746795152e-5
0.00011438220530331693
4.033680543732771e-5
0.00010094205575343764
2.9451446259308854e-5
0.00022758684486614623
2.3498988307183746e-5
4.3284390974771385e-5
5.051999056398921e-5
2.908857815428855e-5
2.5426216626180935e-5
3.791129237475195e-5
3.4302158824772545e-5
0.0047680371768458185
2.6686191203126613e-5
6.995534575524769e-5
4.669451983859367e-5
4.875226472461922e-5
5.0759043773646064e-5
0.00014520069092825892
7.461694621332004e-5
2.5297828509767315e-5
8.877716711751696e-5
0.00011923436115942764
0.00033466682300984437
8.223864276033922e-5
6.38186751536543e-5
0.00011484005284401008
8.232475599078917e-5
5.924834416012415e-5
3.4744356329391345e-5
0.00016956129786271075
0.0002155247079684176
7.655297353960395e-5
0.0001732524647806932
0.00016947055060604347
4.263464044551709e-5
2.588651086948203e-5
5.3516991055875645e-5
0.00018819123183941457
2.253071430111187e-5
7.39200342257759e-5
5.426508867922386e-5
3.382044050020877e-5
2.872548765159281e-5
2.9004010017324585e-5
0.00021788431273429224
0.0002571887734214644
2.3344360157020068e-5
2.0778298944257535e-5
2.4117802405763056e-5
0.00016307883385472066
0.00023405275109106605
4.3153935501831333e-5
6.993383476800523e-5
0.00024457418757743287
0.0003034052980034643
3.2227639196758824e-5
8.403313761672893e-5
0.0005195718481391911
7.001337549463516e-5
0.000234828021013531
2.2605619283451052e-5
2.7746921311868415e-5
2.5059837660667455e-5
3.4456556099176226e-5
5.628425863399591e-5
0.00014030321308935488
6.870237131495088e-5
5.2909650204008816e-5
5.353074722941421e-5
7.404074524566129e-5
3.20397777415427e-5
9.028402472215736e-5
2.3327210148331813e-5
5.103580660297112e-5
8.544550738121234e-5
0.0001449086810268654
2.7181612592558026e-5
8.546302486661745e-5
7.956499176758322e-5
1.9569786255040362e-5
5.492674817696134e-5
7.027323819255464e-5
9.530047183152582e-5
4.6473666048757414e-5
4.480321117646075e-5
8.2596830921139e-5
4.4359915579518316e-5
2.2789160302108364e-5
6.274571579078879e-5
2.0727418038048357e-5
5.4293816581490594e-5
0.00014110734371867995
6.810163288352726e-5
0.00011047502696853655
4.3598052384652495e-5
3.118955550108335e-5
0.00017718211114216702
3.423017583784726e-5
2.301270624544431e-5
0.00012337921541237396
6.48267435232851e-5
0.00010684110194918265
2.4891299535938336e-5
8.704738889206214e-5
4.971750189597505e-5
4.0816482477295024e-5
6.154800410360962e-5
3.587448007652967e-5
6.9791624381379e-5
3.76159982945289e-5
6.268701964241654e-5
6.884964764484748e-5
0.00031738360555912874
6.001658725788547e-5
2.2459356918293992e-5
0.0002933702394850739
5.077307758206826e-5
4.7442463495224735e-5
0.0001558661739600899
4.233608570728321e-5
5.633995148751244e-5
5.094346688743806e-5
9.787336681031964e-5
0.00013459704062056312
0.00016364290849712616
8.299130560723588e-5
4.985111126128799e-5
6.70716791289722e-5
7.473801976044446e-5
8.726856856727032e-5
0.0003598822601446025
5.1662194753686615e-5
6.541229931073645e-5
5.90191391466536e-5
6.506413839270299e-5
8.460807423077307e-5
4.761208508370866e-5
5.471724346989433e-5
8.334853565212343e-5
6.797638722150043e-5
4.373225013780897e-5
5.5727882951694333e-5
0.00010466792101587734
5.216330174555484e-5
0.0001304967236169968
0.00017356021245164938
5.472052598187058e-5
4.7848687494008215e-5
0.00028225222670438214
6.000194149350202e-5
2.3907218024088868e-5
4.348410604369503e-5
5.5444837201913636e-5
0.0001577132422131746
5.106458711985733e-5
3.125969849021533e-5
1.788144583090665e-5
0.00010273974090542994
3.513301507316423e-5
2.1266167614976443e-5
5.34081792855737e-5
4.0037508070608286e-5
3.6351808541859345e-5
4.6829063842421735e-5
5.00505696082388e-5
3.675656125399472e-5
4.8530338325183744e-5
2.8983712926435016e-5
0.0001421960905593302
5.855177710248585e-5
2.9691581622375544e-5
7.466654370874905e-5
2.7402256970197203e-5
6.108614273570282e-5
3.3518615835991984e-5
4.069970846540705e-5
4.770666619909536e-5
3.675581575204876e-5
0.0001247018330643086
0.00017273113746603128
9.20680539673155e-5
5.987550691988839e-5
0.0001779107538923273
0.00045718522354215314
0.00016652708728889256
0.00023569987011413997
6.337760671474043e-5
5.1057573950521864e-5
4.0775355162282025e-5
4.901074899769167e-5
6.125769928290137e-5
3.3551180712896576e-5
0.0001410692063465562
2.0607701504448156e-5
6.455871239971486e-5
2.4271369782218015e-5
6.698360178669124e-5
0.0002762013397089341
2.7138514990840608e-5
5.7002591083838566e-5
2.148989240592614e-5
8.987464629669697e-5
6.364144696883594e-5
0.00014033388594983498
9.87509019870648e-5
2.426607719920605e-5
3.215245942548008e-5
8.144381101975144e-5
2.9823971436791955e-5
9.687224279252506e-5
3.8995246762721546e-5
7.170360975751554e-5
0.00013911837704172608
3.75551136142998e-5
9.45741375788099e-5
8.901175892918503e-5
6.681908696276176e-5
4.7923492135835056e-5
4.3273861152107506e-5
5.4701543158121084e-5
2.0319741522081612e-5
3.8169334366702755e-5
7.848263022452132e-5
0.00030367301695484385
7.292206065251981e-5
9.039001609244572e-5
2.9237267017793433e-5
7.116831853881033e-5
2.7260370660599653e-5
5.4199803252313365e-5
6.886222282453021e-5
3.2852329514128104e-5
0.00014949226754036577
9.551279244052198e-5
5.5318834132297604e-5
7.210679595456798e-5
2.2222481516258695e-5
6.0648034658369164e-5
0.00015303824915211754
5.1685628370530106e-5
5.4773334010131496e-5
6.062659687088257e-5
0.00010213144563950825
6.865154982961054e-5
3.834232041104189e-5
2.799427632480497e-5
5.8515301522895056e-5
6.537101928746528e-5
3.5509688286836354e-5
2.2456425063197066e-5
5.642315759845309e-5
6.058410454681516e-5
2.3766316834850117e-5
8.815900696230403e-5
7.829479572759069e-5
3.780330889330177e-5
7.478952125748861e-5
5.385080205244243e-5
7.827668706707162e-5
4.790090027364455e-5
4.993349739449018e-5
0.00019471454990212903
4.717266578782232e-5
2.6425204927830204e-5
0.00012160353535014553
0.0006921654421208363
9.360508645179159e-5
4.361546655620483e-5
3.799517781035479e-5
0.00021605441015637013
0.000198460441518971
0.00012950321294010142
1.7912310351802855e-5
0.00012973870425672193
4.084819288242133e-5
3.330519527144744e-5
6.330627905843307e-5
5.365297917240207e-5
5.859266493989308e-5
8.647272135931868e-5
0.00012658743534457568
4.988877796291607e-5
0.0001449303396821018
0.00015262303144657582
3.687143492631475e-5
0.00017568154630338733
7.302246606193726e-5
4.448897867997234e-5
0.00015797039907002915
3.640808562788817e-5
3.248719005626725e-5
2.789869280897437e-5
6.110401672706807e-5
4.929552993823194e-5
2.7915575148217988e-5
3.165701563917853e-5
6.637627491055666e-5
5.1629085498757396e-5
0.0005438846834298889
0.00010030643926432702
4.7551697335833675e-5
3.9321270856403514e-5
0.0003019277079482172
5.4568282810923616e-5
0.0002269465403443729
