1.6304972615677205e-5
1.3662367481345142e-5
6.177256238151562e-6
2.323593687529322e-6
1.5817005650057934e-5
7.770557628093664e-6
6.30876471083179e-6
2.7005738988113215e-5
8.986777647831165e-5
4.818745815322122e-6
4.1753664214878706e-6
9.568125832772616e-6
1.974015395423755e-5
1.2027480267000113e-5
4.778959069191874e-6
7.988299255108306e-6
5.223996513730808e-7
1.424238924887714e-5
6.647713233244551e-6
3.2641518012375957e-6
2.624436567316391e-6
7.875637957824768e-7
1.3548853162457589e-5
4.974007775333923e-6
3.42698000109644e-5
4.129962595242648e-5
3.2910677997348454e-6
5.506935646594645e-6
8.503044907694908e-6
8.671812559050078e-6
5.844149682321368e-6
1.4980551962957007e-6
3.2736207033492346e-5
1.4426954328350257e-5
5.238763086103242e-6
1.9673574296751986e-5
7.653330656189865e-6
1.3418238686185399e-5
1.557228741077317e-5
7.791533635335377e-6
2.4340502730723405e-6
5.126008570392334e-6
1.3379478340471664e-6
2.4243254813332938e-5
9.666927162159067e-6
4.277448964570982e-6
1.7246492846326833e-5
1.2374186979882055e-5
1.3104027219995414e-6
1.9600310289781792e-5
2.5192561083137632e-6
7.672073392433739e-7
3.3731801287611955e-6
1.8186023444366354e-5
8.23604796236285e-6
1.9258814446450644e-6
2.3316568340994454e-5
0.00688876790037549
7.032989566947957e-6
8.842281860521667e-6
1.136882615254153e-5
1.071279162445867e-6
3.666536149187395e-7
1.5064666175491322e-5
1.3802286309755187e-5
1.1747853730417162e-5
3.606787133744102e-7
3.04622134448874e-5
6.295867819880708e-7
2.7991647868276153e-6
8.657667686217427e-6
4.971144609368578e-7
3.3812644968263905e-7
5.690600389131782e-7
2.4832997231934568e-5
3.414109771401198e-5
1.5004586059062478e-5
2.081723543628525e-5
8.472463030128899e-6
6.778039361842202e-7
1.4209044957251296e-6
1.3645192258370823e-5
9.599950098982091e-6
6.689141981009088e-6
2.2226998064770424e-6
2.913171954651413e-5
5.509887592240726e-7
5.187231976691486e-7
1.1797713584073738e-5
5.950363031122779e-6
5.283217107084981e-7
1.415409941814961e-6
2.086524565867579e-5
2.4434296056195784e-5
1.156307058633561e-5
3.217381356007715e-6
2.124032534561264e-5
2.2468441553955856e-6
1.4361787006201504e-5
4.606862943882584e-6
5.201381148485585e-7
2.420160352522566e-5
4.2729092532657145e-5
1.5195110590329997e-5
1.0643668291192873e-5
1.0180428994092744e-5
8.640127440352135e-6
1.7353282729957357e-5
3.229675324601094e-6
6.127677200072192e-6
8.354629419189252e-6
1.3681598805093828e-5
1.319901573181434e-6
8.150519004497089e-7
3.4530889670765666e-6
3.803913288744827e-7
3.296195724287612e-6
8.895000859579001e-6
7.673340082362627e-6
2.8089951114929963e-5
1.1140652270791326e-5
2.7705277144065584e-5
1.1670001074464971e-5
5.631730663004378e-6
1.4878657107057093e-5
8.569201292175715e-6
6.560781584921648e-6
1.2863957464699005e-5
7.217548382463678e-7
0.00011084166227769437
8.052803212946045e-6
4.0064893666803266e-5
2.36984192876126e-6
8.957913242728372e-6
8.421004704233295e-6
1.0725740803008136e-5
6.635791131294627e-6
3.091273021556181e-5
7.831593351235681e-7
6.696242379781899e-6
1.128190117124808e-5
8.786658281074841e-6
2.0616913059414968e-5
1.9349179129973042e-5
5.025666337968867e-6
1.021305946080319e-5
2.8576409829901202e-5
8.93495073254934e-7
4.659207059751036e-6
5.165983427111235e-5
4.672937040057285e-5
1.274906911360232e-5
1.2651624905242828e-6
1.7190858749371414e-6
1.917701031287948e-5
2.781991379454587e-7
9.699222346204597e-6
2.402574298504265e-6
6.916272206910184e-7
1.1633716073353432e-5
6.711975387466638e-6
1.856044628663441e-5
3.0315434438222643e-6
1.1657366307620081e-5
1.161953977676111e-5
1.2821455828112633e-5
1.1779863102208855e-6
1.3525679868680749e-5
9.941089995062284e-6
1.2051380952426455e-5
1.126474317347665e-6
1.0761553356971668e-5
7.684941970604577e-7
2.3887343367961858e-5
4.574725395744432e-6
2.3393782811361297e-5
1.0048156869101967e-5
1.6623553235537585e-5
5.144103494264493e-6
1.1637146686712935e-6
2.9120643115064404e-6
1.2317587416508672e-5
1.1614138024179738e-5
3.6548528933224005e-5
1.1956391168997947e-5
1.2249303778168023e-5
3.6175202431142723e-6
4.139244841656008e-6
1.0017374477640407e-6
1.502508803394696e-5
2.892144067443172e-5
1.3182790836288952e-5
6.233362183044044e-6
7.071650215185744e-5
7.254122586086705e-6
6.098108704693297e-5
7.998218903510253e-6
4.3517881587477346e-5
3.4767879073441548e-6
4.446740778052423e-5
1.9992027149523367e-6
1.849419481527913e-6
2.170393136208657e-5
2.6683024123630817e-6
1.3984694737950938e-5
8.121727264172418e-6
6.719327955895685e-6
2.0652466868807676e-6
5.492850517293934e-7
2.5858007757749513e-5
3.7299606322004184e-5
3.0874513445800873e-6
2.6034347121030387e-6
3.839810033622955e-6
8.000291271263762e-7
4.393077838030907e-5
1.5956627341094472e-6
8.021023115154541e-5
8.0017431041384e-6
2.2314315730730463e-5
1.5101347303285574e-5
1.1352593648004299e-5
3.221094713193159e-5
3.6858829731633716e-6
1.3868960602057832e-5
1.0662024164127246e-5
1.1783157311316126e-6
2.6061419691343023e-5
5.9282890626700064e-6
6.235607852524023e-6
8.915655850498205e-6
1.2906853187143911e-5
1.4984663796912206e-5
2.803816118436447e-6
2.7494279693380314e-6
1.0631912469192204e-5
1.5218565000556346e-5
1.55289793145929e-5
1.8095467873648694e-5
1.5415872135137107e-6
1.2227944634166311e-5
1.1131524724874681e-5
1.632981085901699e-5
1.7712338080796278e-5
2.6872319278055065e-6
1.9484222351672883e-5
0.00019577618784539027
3.7815573011575803e-6
4.217775028503252e-5
8.63124383065737e-6
4.942915562483611e-6
1.7446478787278324e-6
2.737722800422519e-6
1.925391297325169e-5
2.8325933582597867e-5
7.289835787120017e-6
1.5978423318354268e-6
1.3729040729248382e-5
5.594333938279422e-6
1.43666403603307e-5
1.6036388987330584e-5
4.277641187476769e-6
9.002619339953066e-6
1.0566857596107991e-5
9.079412922832817e-6
1.6730451050718416e-5
1.0716744086648352e-5
1.4125380718786957e-5
2.7686019122024856e-6
1.3615342969791223e-5
8.936104235013718e-6
2.460826538258442e-5
8.822139536053891e-7
2.5746140916225445e-6
4.917655805035855e-6
5.792875243698318e-6
8.272495345907829e-6
0.001963652434484188
1.8996010853713066e-5
3.3875333909869115e-6
4.1541897546220126e-6
7.3132098192020155e-6
1.61239918084887e-5
9.270558871351965e-6
1.305753389286134e-5
2.0909205049112294e-7
1.4962237174795074e-5
4.038042142609865e-7
7.853564196769332e-7
2.3995914415498893e-5
3.453186802488258e-7
7.788550246764672e-5
1.8824308420618547e-5
1.7300773220700064e-5
0.00012439841599062068
3.2854487378555246e-5
3.4798250631768402e-6
5.268546460319029e-7
5.351681306358454e-6
4.2503181571692654e-6
5.72878496791708e-6
2.975598433208105e-6
6.404845698354443e-6
1.5767676010888496e-5
1.4149080590266819e-5
1.302418301369244e-5
1.5959398863249227e-5
1.5855745589042495e-5
4.829103826381476e-5
5.723711019214779e-6
3.8802666768986577e-7
1.0523361403846303e-6
3.878788799074993e-6
2.9781998313508776e-5
4.401422113347636e-7
9.179184606309161e-7
7.830248170396719e-7
2.238294167028438e-5
1.6757637107039575e-5
2.575738694512847e-5
5.911320552950751e-7
6.552778100944329e-6
7.69072102294977e-6
2.4108694456154586e-5
3.0238451536942426e-6
1.7685200570338338e-6
1.087736010333938e-5
3.606102180732407e-5
1.6443329831339963e-5
1.0026767001430776e-5
2.867195720260442e-6
2.2954355664263514e-5
2.4196826365472765e-6
3.2108530052801826e-5
2.236161116252534e-5
3.3417398165337783e-6
1.0351770136859233e-5
5.720056038787104e-7
9.55087294902842e-6
1.6305182547648534e-6
9.855537356283066e-6
4.729598935497494e-5
2.4255118706582975e-5
2.8874010847280968e-5
8.188813738135174e-6
2.0263955028704928e-5
1.2464097277723906e-5
4.3146657698999306e-7
3.314209098750922e-5
9.210967077488923e-7
1.0696376223153285e-5
4.584979233172969e-6
3.0238215548253e-6
1.6693550526045325e-5
3.667929261821305e-5
5.783300958945229e-6
3.855147890180224e-6
1.312470970870887e-6
8.050656831529958e-6
4.859362175816364e-6
3.494166921041382e-5
7.317827896292363e-6
4.599774736285068e-6
5.158491369658586e-6
3.274135321092598e-7
1.409472306453033e-6
3.037818180279966e-5
3.692986374559541e-7
3.573700370244716e-5
1.0063146744268663e-5
1.8619582640411214e-5
8.347775988458904e-6
1.4573457836899897e-5
2.9696905453698152e-5
7.5974881746172975e-6
1.2769043683118811e-5
7.931214278105116e-6
4.9426949827786655e-6
1.2629130485288992e-5
6.0615384040351666e-6
1.2359665877265566e-5
1.1497636514664778e-5
1.6244692654554416e-5
2.2544113601835996e-5
2.826957514360837e-6
2.3968975078808993e-7
5.470157910427407e-6
1.7791430896372e-6
2.1598208472953824e-6
1.8713317600626047e-5
1.780192696603657e-5
1.1633364470922817e-5
5.288238560528298e-6
5.331227747002449e-6
1.8475126652516452e-5
8.848405328464208e-6
2.689703290767392e-6
2.892815175587282e-6
8.927157788332042e-6
5.967374301436624e-6
2.806016629918022e-5
9.78670828338409e-6
1.0264612742613066e-5
2.7820396004202726e-6
1.0060805412602871e-6
1.4844438278938028e-5
8.026300871209981e-6
2.348616988078729e-7
2.9864469095278884e-6
3.708138429568697e-5
1.2822094153659536e-5
2.1541202144944014e-6
1.0318314428692711e-5
2.1597287445083798e-5
8.362121675039382e-6
1.216310720088033e-6
6.305323376902617e-6
0.00010477815105783736
6.585363789103942e-6
9.92807947193218e-6
1.769552614675762e-5
1.2173286270857227e-5
1.9858524571330457e-5
4.2186019032824755e-7
4.3848036110975354e-6
1.0048543750157882e-5
1.4461098605650757e-5
5.13403111950147e-5
1.9812251381916472e-5
3.070051035078458e-6
4.898674752983175e-7
1.0960092348188378e-6
8.078009986772173e-6
1.851792835170618e-5
6.049280886285763e-5
5.804444887448325e-6
1.511189277636225e-5
2.842658463651796e-6
3.1111386975757964e-5
6.558210549924641e-6
6.879728776670101e-7
4.059304618192739e-6
1.3920707033375732e-5
1.1998675699776563e-5
6.151027618185789e-7
2.1995237292618144e-5
3.4882798920288683e-7
1.0299504251537832e-6
1.827612952416066e-5
2.0116654524357893e-6
8.61317862570358e-6
2.2544740049225878e-6
1.5288356950716374e-5
1.0987197187262976e-6
2.314532190642952e-5
1.5869722238927135e-5
0.0005568140615195669
1.2480525720591987e-5
3.349538132961732e-5
2.101169452546053e-5
2.103017475042517e-5
4.566029202536672e-5
6.703333483515176e-6
6.436565351665012e-6
7.177014866423125e-6
3.0281550073078918e-5
9.352127706230801e-6
4.894742011309417e-6
2.1805453735105693e-7
2.5131877390343173e-5
8.041076455207828e-6
6.567755871703546e-6
2.018494736979404e-5
3.727256107785778e-6
1.0227788201330325e-5
4.823695040516725e-6
1.4614880901335636e-5
1.532333645365441e-5
5.3614388581554654e-5
1.312577148284234e-5
6.856890712788761e-6
1.4447165343982247e-5
1.8548189946951433e-5
7.8466964893158e-6
4.9969202397972536e-5
1.1177157896458076e-5
2.2963632508617537e-5
3.737613474971363e-5
1.6961191416216274e-5
1.8210623248133697e-6
8.86235048481162e-6
1.156870256595754e-6
4.439848416028556e-6
1.0421453564712666e-5
1.3667330606790423e-5
1.1450646451197578e-6
4.4270454112110615e-7
1.0962167338500781e-5
1.048399761371422e-6
1.2168277070764922e-5
4.089790616951094e-5
2.1689781595078645e-5
1.0314950011742418e-5
2.4973579258707106e-6
2.752941929010541e-7
1.1590675002054759e-5
1.0686475134971334e-5
6.432451871731863e-6
1.2506282345171264e-5
1.0485443384815602e-6
4.588029883035676e-7
7.944920539987492e-6
5.632947463243938e-7
1.2788279489492483e-6
1.3625866740717019e-5
1.07996574360547e-6
1.4770985499540646e-5
2.2235794739225265e-5
0.00011182822784150737
2.4463894249145795e-5
6.82036028274915e-6
4.8849395898416554e-5
7.4984285219045275e-6
2.9797378820387046e-5
2.794741678385087e-5
6.401206417031008e-6
3.528013566456757e-6
2.1141055184098427e-5
1.3041749484574334e-5
4.201100869560327e-6
8.94905309365886e-6
1.0392133489661956e-5
1.9568315562911982e-5
1.3945109372527901e-6
2.6173606478267453e-5
2.7845150455641003e-6
2.9213046258240846e-5
4.669317771085826e-5
1.4789354098768965e-6
6.4053948458777645e-6
4.007129077331084e-5
4.6720641505493176e-5
1.2281848489730817e-5
5.003271470277126e-6
1.0668062999817782e-5
6.368767393934983e-6
1.5571455125394614e-5
3.41494669510403e-6
8.903665566124859e-7
3.2606898711450635e-6
2.4045754981040915e-5
2.392333899565681e-5
4.521776072606747e-5
3.381292724726738e-6
1.7505356598897024e-5
2.9112407784879172e-5
5.708609024465243e-7
6.846149763644197e-6
8.872431163303132e-6
4.329001437807481e-5
9.061541456622638e-6
3.33494176227427e-5
2.0110637753158388e-5
2.8716447023853105e-5
4.078795249860189e-6
1.8984896412597525e-5
7.448392898579169e-7
8.940142793818425e-6
8.871487741340546e-6
1.1174998801071256e-5
1.079139897324085e-6
4.32950952345596e-6
1.6182572495732269e-6
1.6700248511914076e-6
3.7752556103649143e-6
1.0992866485497786e-5
1.750255269116728e-5
3.458360352506362e-5
1.4005645486869974e-5
1.2978170764319853e-5
0.00016635205094025213
3.811280689846089e-6
2.467435712310333e-5
1.1682954622775315e-5
1.6088056015863988e-6
1.9814002842832293e-5
1.33100194859821e-6
2.8481716351481716e-7
0.00019188961883556533
1.8442878621005216e-5
5.030360446904325e-7
6.469915240001926e-6
5.963671480579566e-6
8.590106222850405e-6
5.074787015742876e-6
8.051445181350788e-7
5.086288050208425e-5
1.5915155247905934e-5
6.691583527101752e-5
6.571014485879635e-5
2.2316385696341989e-7
1.5904934039301282e-5
1.5642320088333812e-6
1.268732478735896e-5
1.072479685127682e-6
1.2617236348740527e-5
1.0149625380961125e-5
4.069298948495586e-7
1.2065764228390915e-5
0.0005135196488265267
3.4079842258226707e-6
3.0507798156790638e-5
2.347991678765086e-5
3.766080038266595e-7
1.3145750855197945e-6
3.9173618410033765e-5
5.895292714030345e-6
1.4489168667528743e-5
5.829402366588e-6
1.1264469925148242e-5
1.0280802842728089e-5
8.613845970124729e-6
2.988740291985931e-5
1.4231094271061994e-5
1.240869397943638e-5
8.265615153069718e-6
3.725628567296928e-6
8.166100217155973e-6
9.60061343137102e-6
1.0950574988200783e-5
3.606312274776936e-7
5.509078566949063e-6
1.2620484090551845e-6
2.2284023438054126e-6
2.6186269986432217e-6
1.3223332983316845e-6
3.149358124899123e-5
2.163614265059624e-5
1.9598349311470136e-6
1.1425999459339043e-5
1.577697243237192e-5
2.6245656196966515e-5
6.908086610706017e-7
8.223702361647907e-6
4.398891002579067e-6
6.377533591891066e-6
1.2251186129247206e-5
4.162079500268842e-7
0.0002696415623162089
1.563421534776036e-5
1.2676018742880739e-5
1.6374363713831872e-5
1.9588534101734146e-5
7.759609804801837e-6
2.7646901961433493e-6
2.546855255179383e-5
8.457352674530859e-6
6.855737274898131e-5
2.097944975887149e-6
2.2592779409108925e-5
1.2109057992095962e-5
3.1122714220399766e-5
7.587369457634984e-6
0.0001365952098448334
3.119120037450852e-5
1.0907818497525271e-5
1.0902231512981607e-5
6.097540931861174e-5
7.209014481613589e-6
7.0229911762970076e-6
2.1447851737505005e-5
1.0757023118143514e-5
1.7005245694696797e-5
3.01912663926274e-6
5.518416431947294e-6
1.0287090182246248e-5
2.7504251908932346e-5
9.760597954542756e-6
2.531273395160523e-5
6.945550584257817e-5
3.092343005365289e-5
7.991929274435285e-5
1.648570668115648e-5
1.3389875578034616e-5
6.1602248075487255e-6
1.6479559401808325e-5
2.6431798304691586e-5
4.247796320113792e-6
8.966023039817663e-7
5.823306736439456e-6
3.297100759738349e-5
1.002465055553249e-6
2.3392944717816876e-5
1.3766031846697171e-5
4.437676969827565e-5
7.108490034004526e-7
1.4438908977540073e-6
2.4999774171175676e-7
5.510851268638459e-5
2.0419462043263268e-5
1.0713441788081955e-5
1.0953564616786784e-5
6.044519990593458e-6
1.6966858569220573e-6
6.827363705254088e-6
9.391547774000786e-6
5.544757939407249e-6
2.4125879454780827e-5
2.9809536865532508e-5
1.0000594230590641e-5
7.679766753271226e-7
6.287524347538219e-6
1.317471577533082e-5
1.0720128143666973e-7
2.8696232586639293e-6
6.9520527671309904e-6
8.812899506487344e-5
8.419101244476612e-6
9.187361124084297e-6
4.5847312629893266e-7
3.105141102416237e-5
4.7744858377224066e-5
1.0102177756494002e-5
1.110114944308604e-5
2.973840351823821e-5
1.7587464535705288e-5
7.1793708970495675e-6
6.6151322937437895e-6
1.7450850094414374e-5
3.2528527965780457e-7
2.5292594803240516e-6
1.1003029842138066e-5
2.1182000223934762e-6
2.0209114272557128e-5
3.0077834121165066e-5
3.7327850570758276e-6
5.322549332331587e-7
1.5870367300270472e-5
2.144162308055186e-5
1.204092181114895e-5
9.954028989025962e-6
1.1130169998740889e-5
1.4595015045836694e-5
2.2311571492172186e-5
4.532301401676656e-7
8.774318796013933e-6
1.7418628832247783e-6
6.509316285630812e-7
1.144720151096298e-5
1.998809027196385e-5
7.000819915956636e-6
1.7556885448262114e-5
8.952698999077936e-6
0.00016656551869573722
3.3036191709192155e-5
1.4098372105162767e-6
3.0809599807756555e-6
6.069644972935047e-5
1.4219170937801914e-6
1.4861210948577635e-5
2.2104252078545704e-5
1.195687246069023e-5
2.22199743999957e-6
2.3256417491807844e-5
1.5127347262950413e-5
2.5750282538470636e-5
1.0653309592854013e-5
1.3434274236397514e-5
5.623265133965617e-6
1.3044985748413942e-5
4.140239555329215e-6
3.577011159990007e-5
4.9122478739402194e-5
1.1959177998183318e-5
3.661055745525683e-7
3.728052068084747e-6
1.6198160377017746e-6
1.5734261801865233e-5
6.735018120144527e-5
4.457118213304411e-5
1.8921723606897137e-5
4.384307602977228e-6
2.8548093469509363e-5
3.1344066783430304e-5
1.7048312804109007e-5
1.5886731743049966e-5
4.42288749302078e-6
1.5995974259364864e-6
2.186700383758781e-6
1.1797261562857835e-6
4.450278589904505e-7
0.00021874798523810522
3.0120071992499265e-6
8.483338342745256e-7
1.2373103448729963e-5
1.7186342249756562e-5
7.998832299307516e-6
5.0299926109894516e-5
1.1743698632559633e-5
9.717307380865383e-6
3.437133834481625e-5
1.1953734806381949e-5
2.1197343963678145e-5
2.2809147606841268e-5
1.0851993205164265e-5
4.913939735839288e-6
1.6629631775219646e-5
8.82102208155025e-7
0.00013606359117655908
1.0474666989826939e-5
3.72521140174046e-6
1.6981143674956103e-5
2.882573547478018e-5
9.771223737311659e-6
1.2181282284997038e-5
3.602488059478582e-5
4.316189240957318e-7
0.00011377972079185385
3.521986420290511e-5
1.6782622141169304e-5
1.32027941977069e-5
8.968252899621407e-6
1.2448185517119951e-6
9.262498232791965e-6
4.669912753227857e-6
5.253407774004978e-6
1.7144687223037846e-5
1.7944881833429598e-5
4.908023995682474e-6
1.7614501226384956e-5
8.01375546743153e-6
1.2967642491068238e-5
1.9753169639922798e-5
3.779064385531579e-5
3.684539785277999e-5
8.647040097173212e-6
7.357672618163101e-6
3.3925996551252514e-5
2.354601708861751e-5
1.7777416127475677e-6
9.038706433921467e-6
1.197590195596937e-5
1.849136065979912e-5
1.7971525268789823e-5
1.781253377225604e-5
1.1466412619648794e-5
3.402537918544364e-7
1.5412116029155634e-5
6.784734939197952e-6
8.947018037510224e-6
8.107148342491774e-7
0.0001713024414083896
1.2931511191120442e-5
5.6128310463705676e-5
3.5489660328987494e-7
1.1050279658830843e-5
1.4375138306273732e-5
3.2736865336483993e-6
3.252245838978736e-6
6.23353454770006e-5
5.512811756860777e-6
3.4628138873953605e-6
5.445475644316066e-6
4.132634325656411e-5
2.822349932419082e-5
4.350391179361751e-6
2.2624286659591876e-5
2.9937765492953552e-5
4.243290621064486e-7
4.024323925649737e-5
7.10634707432828e-5
3.1759917324504326e-5
2.0981613337572826e-5
3.431497659546385e-6
2.6132700545422117e-7
9.562436956252181e-6
5.265475472780628e-6
3.962351310809389e-5
2.1805639680861817e-5
2.69187349049134e-5
4.339711258644826e-6
1.796885396916403e-5
4.917229190266591e-6
5.662541905731918e-6
1.9306734324933364e-5
1.2247865014077576e-6
1.2915839517298365e-5
2.0748759903759585e-5
4.055305549741457e-6
1.418027138523471e-6
3.420818205947143e-7
5.572770866058363e-6
1.895985356711995e-5
4.281230748997053e-6
1.794388984567243e-5
1.1684235813772805e-6
1.9869128487680514e-6
0.00020567357199464484
1.3204598188921302e-5
1.3760975588008684e-5
5.775453931620194e-5
1.3643086593360843e-5
1.4303367667637023e-5
3.161698788692906e-5
4.102470757795256e-6
1.4815746350227925e-6
1.104550767870689e-5
3.933484668478947e-7
8.373022026138947e-6
5.066746400532917e-5
3.730142178630159e-5
4.333706169499918e-6
1.1380750345765774e-5
9.455012212941428e-6
4.06635942894666e-6
8.946265360251699e-5
4.780286736121593e-6
7.431750827901129e-6
1.2673589891456705e-5
2.4382976014495567e-7
8.735046643162438e-6
1.0162849705450187e-5
3.0179265104272686e-6
8.383162384961127e-5
6.548071180788026e-6
1.654515486323347e-5
1.4451250583638926e-5
7.823004259461324e-6
3.447466339497109e-7
8.62127577758556e-6
1.1545557086638568e-5
8.646490002559656e-6
2.3806696673519237e-5
2.542572914554893e-7
2.7947240421296616e-5
6.222361095264859e-6
6.04697066193776e-6
5.111428114685239e-6
7.41917563111776e-7
1.0580527764454081e-5
1.621481288388997e-5
1.5597561973287265e-5
1.9161918696165032e-5
5.416469999119552e-6
1.883909440619233e-5
1.183979005790101e-5
1.1415440814580495e-6
2.010759210738636e-6
1.2697340135361548e-5
1.857621728036023e-5
8.670173505775514e-6
1.923661354210053e-5
1.0955723882603883e-5
1.932881770086537e-5
6.850329793459392e-6
5.918961124546884e-5
4.850631317384886e-5
4.4117018999651615e-5
4.856896903103353e-7
3.347688716073285e-5
9.717355898530835e-7
2.1736937743748572e-5
3.877436667224985e-5
0.00019018181325102058
7.328245825667368e-5
1.3574416891658757e-5
6.967818721717494e-6
2.524869001216945e-7
1.2258451079056359e-5
1.8903882337198942e-5
7.028325745949951e-6
1.9094864889175622e-5
8.760030664001552e-7
1.1221693400054189e-6
2.375362516651852e-5
4.168965446092671e-5
6.959532632383917e-5
6.633453910593992e-6
1.1930144645807475e-5
1.026481031548171e-6
6.803312918547238e-6
9.519046816445547e-7
8.647513581011917e-7
2.612252426974508e-5
3.6139741773805886e-5
2.4521605941007217e-5
2.246225002570977e-6
1.4628818806315022e-5
2.1933117728863728e-5
2.6944162614843783e-6
3.380373228145852e-5
1.535621112308977e-5
9.032142834887666e-6
0.00010940142387338216
2.9330471477126348e-5
7.519046725140054e-5
6.391520005349346e-7
3.4913158979747184e-6
6.293269805133806e-5
1.2552222299194776e-5
