1.8565646875070444e-9
7.769819333021455e-7
2.0807511571571968e-10
1.6162860246520094e-8
3.8384559992038155e-9
3.698660232439769e-8
7.603983462285358e-11
2.970550982975284e-7
3.6471898364980585e-8
1.5645248870980612e-10
6.760290490541057e-11
1.0728338078337347e-10
6.438513239249352e-10
4.1978892090388637e-11
1.7596024473835531e-10
1.8591506443247846e-6
6.676728032508682e-9
2.697994978551011e-10
9.558048682735506e-9
1.3581609071984086e-10
5.7560603859378806e-9
3.796919464337923e-10
3.9592260292320366e-8
1.313067755286318e-9
2.9936286957746813e-10
3.391601042974615e-8
4.539471725447219e-10
1.9339504539148784e-10
8.885707513340968e-10
4.2308976315242705e-9
6.715952414801862e-10
1.1716409443151024e-9
7.664363561621075e-9
4.004534582207473e-10
9.427583545989028e-9
6.867855098835748e-9
3.416496580095549e-10
1.4303892938788378e-10
3.864864378753684e-9
3.547186837553627e-10
1.0587823579093966e-6
5.153235289293597e-10
4.985306188185843e-10
9.234050088363791e-10
5.3357714662442575e-11
1.9270956971124494e-7
1.2249765126829293e-9
1.5205011651156289e-9
2.5388113917448374e-9
3.9111716969849755e-8
3.66554618364448e-9
1.0751528857519564e-6
9.251911982502262e-8
1.4354341203420737e-9
7.191339204804985e-9
6.743793056555793e-9
1.1680522453910729e-9
1.8593019984470246e-10
1.0372600466676904e-7
2.1056460569833284e-10
1.2314871338838333e-9
8.834828474555063e-11
3.0285462738502053e-10
6.851382372102116e-7
6.741862433584189e-10
3.7131359103565633e-9
3.035779569308935e-9
1.3258521726047135e-10
8.262505350085869e-8
3.98341438768891e-9
5.554226309438396e-10
1.3355543247797577e-9
1.4079249025626065e-9
1.0384344595337025e-8
3.542386706670486e-10
2.976391055445169e-8
1.2062887525292006e-8
1.5235030530291113e-9
1.4541850200593184e-9
1.6433870971579472e-10
8.064085129232501e-10
5.389329109128526e-10
2.268524179957337e-10
4.598193411737218e-9
1.1517263929520062e-10
3.68732494390182e-10
1.830966520680015e-10
1.3909990082179587e-9
5.7943991920500585e-9
1.9205764290378934e-9
8.870814342588684e-11
1.572458397180676e-8
1.6751811957344862e-9
9.429956470992258e-11
1.033112862968042e-9
7.220088194105798e-10
4.5232390839487447e-10
9.662502910219027e-11
1.3746175908709545e-10
5.387266983524097e-10
3.3849700872599057e-10
2.4937492643080746e-7
7.390125444844837e-11
5.008180520468652e-10
3.375469013905672e-8
6.20155101064653e-10
7.829621508316634e-9
7.504627902515616e-10
6.036033217827751e-9
4.920610022022983e-8
1.0600991214625082e-7
6.901324929542524e-11
6.406275869438521e-8
1.0103404933677107e-9
9.587773492688212e-9
1.1738849807560213e-9
1.3441634283810626e-8
4.843828633621608e-8
1.5042477003060225e-10
5.947102373151661e-10
1.2327502550868491e-9
9.595293743399003e-10
1.2722137510134764e-9
1.4244923061870628e-8
1.8693807906964415e-10
8.79470943859446e-9
9.793593979952493e-11
4.89046635738476e-9
2.7241312490581117e-8
1.2855485954819657e-7
3.903759637722119e-10
4.623693505844792e-11
3.3338606722323018e-9
1.0913326324273389e-7
8.248603292997868e-11
1.6011413611651593e-8
1.065682527196916e-8
4.843141450563218e-10
1.6910845386342216e-10
1.903212540031879e-9
1.0356470907660607e-8
1.8886812116010436e-9
1.847998026250818e-9
7.56940204450773e-8
5.944170110651635e-10
3.2911747111212784e-10
1.9156244757358487e-8
7.34352612430263e-10
1.2108164317704786e-7
4.484753525697444e-9
5.712448545176382e-10
4.264693747808789e-11
8.105445872819175e-11
1.9868048591627988e-10
3.4762228845902273e-9
7.979673346914265e-8
8.209721635347802e-10
2.4023353619571515e-10
4.035566097845188e-8
5.923675940927464e-8
7.143331439814049e-10
2.6671212190705917e-8
2.7235930340828187e-10
1.1190802381450585e-8
4.734374458044719e-9
1.4942573294600745e-8
1.2866198881788133e-8
3.25415940942222e-6
4.423030998360223e-10
4.218299850543207e-10
1.516939119636988e-10
4.035669918506237e-9
6.111924614549286e-8
6.450514084832799e-10
3.569867383089619e-8
3.8819481535982116e-8
3.5301216317425885e-9
8.033983892636986e-11
7.66631285649215e-8
1.6857224120743579e-9
1.5190944705467631e-9
1.7296268198730884e-8
5.5188672145146004e-11
2.451565058312185e-10
9.975640674148279e-9
8.856105672404672e-10
9.426562188380718e-8
3.8395548202387005e-8
6.470334660426947e-10
3.6765596006478307e-9
1.6455442382300524e-9
5.014853704795022e-10
8.368135360987566e-9
8.690184971640648e-11
1.2774919226361545e-9
2.2926922760236372e-8
2.174431532964565e-8
1.63018476028177e-10
1.1052110266492607e-10
8.132180980613445e-9
1.2896762691203436e-9
2.0914226768039218e-8
2.1703736359128847e-10
6.927850415549283e-10
2.6365172551152564e-10
3.9959129730007283e-10
1.3787377800198928e-9
2.093309600798395e-7
2.080826252796218e-9
6.05806681166794e-8
4.787596236898921e-10
3.6673900390269646e-9
2.1649057457176466e-10
3.651381224433867e-10
1.5702966106973638e-8
5.397348214416408e-9
7.854153570842882e-7
1.6864613196981422e-9
2.9121503497034954e-8
4.7420050180265075e-8
5.91223337837801e-7
1.0987072631756909e-8
2.2508756289658285e-6
3.704529757034905e-10
1.522985510940004e-9
1.1945661085747638e-10
6.265487759790987e-9
6.5077725617306384e-9
2.4919297920634515e-9
1.0694140789395308e-6
5.6292556064509577e-8
6.00791476573636e-10
1.3069797203981594e-10
2.1202833396261016e-9
2.8614102729446282e-8
9.463146686940422e-10
3.177361752896635e-10
1.930461785551753e-10
9.495098928605168e-10
4.923441553024193e-10
1.1972955743108697e-10
2.4470920407180735e-9
1.946593270979331e-8
1.8127616015689926e-9
7.39589118121854e-11
9.247128597232038e-11
2.1784168717392827e-8
9.222084992630528e-8
5.432651326683356e-9
2.0302158075322226e-8
4.41174828059344e-8
1.4895550025625847e-10
1.790505482468441e-8
2.0644928648171414e-9
1.5785891069750412e-8
9.340724411887422e-11
3.0471287304966054e-10
9.253044179591659e-11
6.59028667556743e-10
7.135038500687002e-11
4.424493323351262e-9
3.722593705805628e-10
1.5204698483354102e-9
1.0280668620203033e-9
1.2827716019051218e-8
5.053562230899775e-9
6.397624140152248e-10
4.1964641955769807e-10
7.805562252748543e-10
2.965516239772667e-8
7.48016036068735e-9
1.869559868947269e-10
9.016447085466823e-8
1.3325640443449213e-10
6.078920002671839e-9
9.717482018488496e-11
7.822317921959737e-9
1.3831755974111375e-10
5.046287464416866e-10
3.1632122728025175e-9
1.9070602202458422e-10
5.37844352504338e-10
3.915093423646179e-10
9.555142257153758e-10
6.209021124707185e-8
3.1815185322342494e-9
2.39028995503748e-7
1.5138282353298427e-10
9.078055588234935e-7
2.6022025393372375e-8
3.040987829351534e-9
1.0886864774710954e-9
2.2632027896095063e-9
9.403602327652496e-9
1.8078235904537993e-9
2.082330872224252e-8
8.111502059043775e-8
1.0351606630088337e-8
2.451314669161479e-10
4.5258486995365e-8
2.1743498175692198e-10
8.457197931148556e-11
1.3723992044715144e-10
2.18272863387207e-9
1.0407104449579288e-9
7.445052167484083e-10
1.1246189536294134e-9
7.685523953485624e-11
3.022073814444318e-10
6.522061908410048e-8
1.1534733745031499e-8
8.34842148468706e-9
2.991546492733854e-7
2.7301200318884835e-10
7.99051310937085e-9
1.1010141153335162e-7
2.0007399748003073e-10
1.2845917784048995e-9
6.590874683038726e-10
2.3558239783105263e-10
1.3447814443765526e-9
5.57169327838719e-10
1.4623043747328158e-10
2.2839636974739116e-9
3.919473580659069e-8
1.3796923082561026e-10
3.8941895321150723e-10
1.6242197389934692e-8
7.339546033016433e-8
2.3769312583312235e-7
5.399271173732102e-9
2.4099402420636964e-8
1.0335615347301765e-8
2.0598644206186266e-8
1.7373787896634194e-9
1.917420938311617e-10
5.686210854980616e-8
3.396180525869016e-10
1.820191237146754e-8
1.217630258816141e-9
1.2992188422764885e-9
4.312940162121426e-10
1.2952561393342057e-6
7.290564812330401e-9
1.914792378006479e-10
4.188964550188074e-10
4.035075023193803e-9
1.0725723143543554e-6
2.6824537674335882e-9
1.165182278151326e-8
2.960480751422164e-10
3.5252349361210986e-8
8.280133722505813e-9
4.132986958025711e-10
1.8830921490452915e-10
6.67927922480203e-9
6.959598513978449e-10
1.2553112155522304e-10
1.251691764805836e-8
1.8172095381639665e-10
2.8251491770685447e-9
3.742771671746909e-8
3.4906361179471072e-9
1.1838615291010116e-8
4.708430511628176e-9
7.378061494542909e-11
1.1342688335122854e-9
5.192228217479978e-9
6.26523670612199e-11
2.1835808953309736e-9
2.658897886109561e-10
1.971923217794696e-8
3.152238517620438e-9
1.0134004392005727e-10
1.5213897150708002e-7
1.2444541972205363e-6
1.7312413283809892e-8
7.98949173667043e-9
4.524939411165743e-10
4.028189821124276e-8
7.231751792724594e-8
2.7545999349125664e-9
1.80163328219328e-8
2.3655032567964677e-10
1.6965912958554992e-8
6.533740917174486e-9
1.9251663044755002e-8
1.0018957691190383e-10
5.423871413350242e-10
2.868183567547136e-8
7.972298382512592e-9
2.4453630338769616e-9
9.688645959014478e-10
5.972051558548721e-9
1.1869761436605806e-9
1.0531520960620235e-10
6.965645580382e-9
1.63624065701656e-7
9.70936251433614e-11
4.993171416518562e-10
7.071640553387798e-11
2.30899865307653e-8
3.5566349912505184e-8
2.1818794786672878e-7
2.094026617286861e-9
1.6556615689797756e-10
3.792861674328844e-10
1.4452321628502343e-5
1.617204764497489e-8
6.593142028780895e-10
8.879646449159439e-9
6.5153499558416246e-9
5.195909073252427e-9
3.975220657424874e-9
1.9499220681422183e-9
5.319614317120314e-10
4.671327235901733e-10
7.825997522800666e-11
4.0118057030287467e-10
4.46117746789785e-9
1.0540050679078353e-10
7.947780775716059e-11
3.2519861877161434e-7
1.6325263164976173e-9
4.461145053068393e-10
1.7271019873502203e-8
1.4317724580158984e-9
1.2843702066212876e-9
1.654739295899931e-10
2.191043586583571e-8
1.2617273074609093e-9
5.182563208562096e-10
1.557261481113342e-9
4.43500661761006e-9
2.575550083738065e-8
4.5548647545284133e-10
2.1891124684643985e-9
1.6510228158408244e-8
1.9093737978228273e-10
4.5623480630059623e-10
9.127264767584599e-8
6.028856471638601e-10
7.574158263946442e-11
8.014286812366423e-11
9.493234099869566e-11
5.733042902443094e-10
9.738280717219019e-8
3.057940835460146e-8
5.017205205230847e-10
8.888354676571826e-10
4.5477601446591246e-8
2.675493696371924e-9
7.525050489769124e-8
5.349350690294869e-9
1.6236846795113675e-9
4.227303428368374e-10
4.377184204738174e-9
6.107143701453165e-9
3.110857516210643e-10
3.5790436184487486e-9
2.5006408984448058e-9
6.461636749990776e-9
2.0189168382175556e-10
1.2736570121947724e-10
4.922946917411465e-10
1.1242351583409013e-9
2.0314370009021054e-9
8.2356296186387e-9
2.4777327343935857e-10
1.1992106817340553e-7
8.821425674033806e-11
2.9067177802257006e-6
1.940205095872236e-10
1.6932158422306364e-8
8.6133344273444e-8
2.7545033996415034e-9
7.140691472685454e-11
6.062702930364089e-10
1.17892936132512e-10
3.803701617941308e-7
1.8348678538890945e-8
1.5421291461296263e-9
5.476305602704004e-8
3.5780303816751705e-8
4.740835631971493e-10
2.893959891652935e-9
1.4987676026193395e-10
3.085983895113187e-10
1.5781571281012118e-9
5.0014974357900696e-8
8.501148674329628e-11
2.3915004084106955e-9
4.560840433950853e-9
1.372997537769915e-10
7.505336773496098e-8
1.5686456615909596e-10
3.3373445607842715e-9
1.0154275687719956e-10
3.2792928073779245e-10
3.9308106588043583e-10
1.9919462854864958e-9
1.0847645480502043e-9
9.151411088278203e-10
1.1477298558883385e-10
1.0869685880093556e-10
3.5129384730268558e-9
2.3980416551065704e-10
5.588641927111437e-8
7.699638035681932e-10
3.150059178220309e-9
1.1612194593975097e-8
2.355560441102219e-8
4.904541683372415e-11
4.0327828074848375e-10
5.6132692774024664e-9
4.789514478767974e-9
1.3360791369047375e-7
2.055585632425498e-10
1.9837997268580844e-10
3.5784177403625716e-8
2.7733927173762842e-9
1.2415594415167949e-9
9.697373538199519e-11
2.183076803949118e-7
4.298774787965474e-10
9.553429559058654e-7
4.2439030646194566e-10
3.027220179996838e-8
1.0895655231900983e-8
1.4713720329496143e-8
2.010190561039906e-9
4.439284263195103e-5
2.803613713209568e-9
3.01770877733174e-8
3.031171200250926e-10
1.3783021037507637e-10
7.661923725181524e-8
1.2918913055722946e-6
2.0888885852540764e-10
9.624898559959854e-10
5.169140836238706e-10
4.6493783021318205e-6
3.9822877681375063e-8
1.5097420408064393e-10
1.331589560594625e-10
1.6126887028292591e-9
2.330556997037768e-7
1.153121928878341e-9
2.0720728003492736e-9
8.384823653985232e-9
2.92876106095583e-9
3.770600291479996e-10
1.192323126782339e-9
4.0020724696344717e-10
2.3462171786921177e-10
1.0208402870830222e-9
8.344018850065863e-11
7.098818500849515e-10
7.287325643354663e-11
1.40493881240559e-9
2.172958308560549e-9
3.8003141552838465e-10
1.6364302323897675e-9
9.926710422155161e-10
2.167903414888541e-9
1.3441447724914974e-9
4.2676933338976407e-11
1.5805951420328116e-9
3.3679672549390383e-7
2.1327745760953746e-7
4.142059008073684e-7
9.890129566577871e-11
1.0737460539593358e-7
5.803029789389087e-9
5.637659683100794e-10
1.0907381396915173e-10
4.3561750916146826e-10
5.822316227820997e-10
3.7731074385744015e-7
1.0361216749418715e-8
9.63624272871771e-10
7.63743096085328e-9
1.6392320434169335e-10
1.4661079840377264e-10
2.4888495281243605e-8
5.936770071284771e-9
2.581690764411155e-8
1.8486037411538077e-8
5.88502765800065e-9
5.356194723422571e-8
9.63408519070748e-7
7.715243758752806e-9
6.730821303882222e-10
5.298058212301292e-10
3.601261252561694e-9
3.6088668128053507e-10
9.182070043211992e-10
6.154953774655311e-8
5.006059139790628e-7
2.360444639504687e-10
9.093007839150012e-8
2.556488084984015e-10
1.1041808569804622e-10
2.6825441223643904e-8
2.1126347078915253e-7
3.6985479316929894e-10
6.717954570656373e-8
4.5768287163220807e-10
5.21939682307212e-8
4.1632264173501556e-10
4.4055318671746514e-10
3.713761761068062e-9
2.1912786441899916e-9
8.115012271050181e-10
3.753269866975589e-8
2.544492882959392e-10
1.0926590409693125e-9
6.888223549424686e-10
1.1071526063177636e-8
8.462195263222648e-9
2.9130092650003875e-8
7.23430274441989e-9
9.840980749839925e-8
1.2469653160560119e-9
6.051155309953798e-11
1.419284547577261e-7
1.7591679068741396e-7
9.153237335233894e-9
5.381414432830217e-8
7.449098065271987e-10
1.7340807886290408e-10
1.893779723861682e-9
1.5206848813561192e-9
1.7579426143769273e-8
3.3501234097998367e-10
8.7008882533949e-11
3.226201099935407e-10
5.511558294890373e-10
6.936097724738085e-8
2.106499843019834e-9
2.4177495207635295e-8
3.191596510802001e-10
2.084463597506966e-8
1.991598776754038e-8
1.583641734485834e-8
7.692292139429731e-10
9.057832287970868e-9
4.2602403319790047e-10
3.376577759502052e-10
8.048615748818912e-11
9.212957993039242e-10
3.305794387055688e-10
2.4388858400143397e-9
9.686046608469917e-8
3.584290569088154e-8
1.6703953684900242e-9
1.8397085514620053e-9
9.608413823082584e-9
1.5680158494993835e-9
8.644482657482895e-10
1.852137182876593e-10
6.830864479433627e-11
1.5444599563487153e-9
7.382544802594256e-11
4.008580162374362e-10
1.6375240903188888e-9
5.546145796396161e-9
3.2759791975094744e-9
6.4522712889065825e-9
3.6050815787370013e-10
1.0821017438955983e-10
5.354957823237098e-10
1.9529669909045528e-10
5.556705583326715e-10
6.725602138751735e-9
3.514913652996771e-8
1.533409278472876e-9
5.903353644915626e-9
6.061690879475431e-11
4.3474821391620106e-10
1.6544908088306899e-9
3.1483321202555342e-9
1.890893742315407e-10
5.466355262143489e-7
1.095686292064652e-8
8.495592627820381e-10
4.089537953789207e-8
9.71093418346514e-10
9.511026786720687e-10
1.4575130625106354e-10
4.211914314136951e-11
8.20767579547294e-8
1.316506413846785e-9
1.0103047978521784e-9
2.067354232110764e-8
1.2109487087697453e-10
8.997086833624767e-9
8.241051677843912e-10
1.5964338462872787e-7
7.683258162763562e-10
1.863987735597402e-8
8.995654749190622e-10
3.344262000125881e-11
3.301886035643937e-10
6.756800043680023e-8
1.1085127231210173e-10
6.687696687192131e-9
5.046492672599096e-7
7.369475819361987e-9
6.533491559346291e-10
1.1460482287241276e-10
2.469856512996801e-10
1.1973118632340383e-8
1.5734598429729307e-9
2.2682968479439506e-10
4.27516270467325e-8
5.484651975196145e-10
3.5756477667943735e-8
1.3220489041014711e-9
3.609929245786609e-8
4.5294965872151454e-7
3.4327806655022037e-10
3.291162511437731e-10
6.483373367143609e-8
5.113945304906874e-10
1.8341889709556815e-9
5.194693393113694e-9
5.8471619544135286e-8
8.467542424549296e-10
6.273475794207853e-7
3.401443914468509e-10
4.575909262017793e-10
8.427864965944074e-8
1.0102793801754322e-10
9.196990482426716e-11
5.974308166492144e-8
1.1038767769189226e-7
9.016068843245791e-9
2.68184626916809e-10
1.0980338840162614e-9
2.826784383352243e-8
4.0855995625272346e-10
1.5238224655201704e-9
4.836106432244365e-10
2.5690774107189113e-8
1.5817465913997322e-8
4.8866885539674234e-8
1.1179186646971197e-7
8.817576334499121e-10
1.0958413047909668e-9
2.3100936685271785e-5
5.982965554246833e-8
5.01180060803827e-10
2.3605935602297872e-9
1.4237345089155662e-8
2.5811039020141432e-8
5.590074382177474e-9
2.1128291440954757e-10
2.1202506371051213e-10
4.154654168576261e-11
4.1796167766354145e-9
2.6672436419178737e-7
2.3281872120678794e-8
2.932789344498124e-8
4.668221265803676e-8
1.5327665098660268e-9
3.046780974075511e-9
1.5316411942679888e-10
1.7520030345976655e-9
1.7896714071132467e-8
2.7422037931614543e-10
1.650173837103805e-9
3.9483960808255e-9
4.845972817619148e-10
7.763262683091483e-11
3.930396849988435e-10
2.572634538493248e-10
4.260324765766028e-9
1.7867620114799799e-10
5.595401952846608e-11
2.087576590416058e-10
2.2046242060474028e-9
7.513478591906122e-9
5.2721557595767696e-9
1.9987359060181993e-9
4.084650702805832e-10
1.0052789201366164e-7
2.2196323978913777e-9
1.7031793928751756e-10
1.9323508366950014e-9
5.37582688988297e-5
5.8233738031616e-9
9.926544851179122e-8
1.3597260417179714e-10
1.3213511613760565e-8
6.04693065119594e-9
4.89161692642718e-10
1.4761433335763992e-8
1.9006997096498078e-10
1.6458110663235543e-10
1.196195178280531e-10
8.259118891710813e-9
5.595145100116122e-10
5.719814511339984e-9
4.337791108170908e-10
1.2326031080356932e-10
3.1175411002493686e-8
7.776825991322152e-8
7.920128350561312e-11
3.351824603936143e-8
3.8611447310623237e-11
1.80172183927043e-10
3.5113251563543128e-9
1.043286594314148e-8
6.853734290768092e-10
6.401322359940533e-10
1.0850552665279569e-10
6.572393318625373e-11
1.3846158569100319e-8
3.3252040488936866e-9
5.616236417643421e-10
4.812124860314808e-8
1.7396614655617332e-10
3.9219089968711975e-10
1.9580123172101886e-10
5.5665210388316276e-8
1.5063973231117466e-5
4.840086463034475e-9
1.4207548776907647e-9
3.3468063838154227e-10
6.285762539706895e-7
6.472080054693774e-8
4.661778230676666e-9
4.551182103399336e-9
2.215600932439585e-9
4.403525973927032e-11
1.5377256280073666e-9
8.443682130066726e-11
4.7018614827707634e-7
3.830495020241495e-9
1.0806290036197312e-8
1.0016541302913413e-7
1.3533716193100985e-10
2.1835317001981494e-9
1.0250385224937234e-10
1.870264916677746e-9
2.078533781946724e-9
5.099716843536665e-11
7.158779589965951e-10
6.397315012010784e-9
6.816258728120419e-10
4.732040386468718e-10
3.1698232178218345e-10
1.5946608817677163e-10
2.954426504840658e-7
6.385938650855829e-9
2.0148272977903002e-10
8.08510820270906e-7
4.6184605003311767e-10
2.7992247500511297e-9
5.051393014185841e-10
1.03142255359541e-10
3.357499156933077e-8
1.5021505816741585e-9
7.691671873734392e-10
4.955327434800549e-9
4.713001216830781e-9
4.978075214009889e-7
3.006705496279205e-8
2.0353866781551105e-10
7.915766780777279e-10
3.907282768631921e-9
4.43848433126803e-8
1.2937138477566722e-9
3.9127554754862574e-10
1.1043259617115358e-9
9.185226661617865e-8
1.2420726028143015e-6
2.7481151074732503e-7
9.260300981488804e-11
7.650752301329398e-11
3.5175637352468723e-9
2.0272248135411366e-8
9.67303400433935e-9
1.1713710825849604e-10
1.2734876583821743e-9
5.136369854714485e-6
1.094161087087902e-8
2.6827921688083433e-10
2.930931384834804e-9
1.4524761139855637e-7
2.4988478925864135e-10
9.434081085660897e-9
3.2173478034241987e-10
3.961316699632371e-9
2.732701446976516e-9
6.711103170330364e-11
1.4895939016500353e-10
9.096360833337674e-11
1.3465622378107742e-10
2.9547569410907897e-10
1.2016046144671758e-9
1.0511376340692819e-8
1.0669962335993984e-7
1.3399418296609277e-7
1.1411750755792614e-8
3.839523832474983e-10
1.5018122591181222e-10
1.5640020283042464e-9
3.892193268709256e-10
4.189873968469559e-10
2.756124800098171e-10
3.452303897272056e-8
2.06912619688864e-10
4.315825633471751e-10
1.2955076579399527e-10
6.898680576691717e-8
7.616522608706144e-11
2.7621631980778923e-7
1.5725102452484585e-9
1.6292301228219085e-10
2.6856457421050502e-8
2.6314693098078515e-10
3.4385149478316577e-10
1.931119945961903e-9
2.0699588070751922e-8
1.5523783333330223e-9
7.46319388829932e-9
1.0505279021733191e-8
5.524673564221484e-10
1.1427572834025541e-10
8.161459251493417e-8
1.8358945235549948e-9
1.5146130382897275e-10
1.400096709619431e-7
3.415459992078714e-7
2.0716038337917876e-8
8.708842477354431e-8
4.707442063889108e-10
6.148735006986734e-10
6.491883035065217e-9
1.3210497843336151e-9
5.47178497929238e-10
7.938258400397594e-9
8.596970345633344e-10
1.1808046860645157e-7
2.1538847758700953e-8
1.7026559972203898e-9
1.304868325579036e-10
5.520065056213608e-10
2.965552317166125e-10
3.82282217496138e-9
2.6065929182121587e-8
7.863664161454607e-8
1.185456469287236e-6
3.501939687204871e-8
1.5168905734799064e-9
3.764439617026085e-8
1.3705279557132058e-9
1.06967866020746e-9
5.2289202172211404e-9
9.616434645607524e-11
1.934632589547817e-10
1.233893017523769e-10
2.2553806897234292e-7
9.938158481912734e-8
1.6582760957964452e-8
4.6351780767966986e-10
2.858975569111843e-10
1.9138456865543084e-10
2.843441446274206e-7
1.288977362970828e-10
8.813192530397713e-10
5.793168369875208e-10
7.60546738258693e-11
1.308819509987302e-8
4.370345397308906e-9
8.484660341444395e-10
6.889109952799095e-10
1.2870635096208837e-8
5.6478260648004874e-9
1.4115141740395054e-7
5.327149105395062e-10
1.653773504377629e-9
2.7007742537129056e-8
5.625417945846586e-8
3.6902270199964845e-10
3.2648077378627947e-9
2.9108590952214245e-9
3.309069932204418e-9
4.1581153853620947e-10
1.032463829191573e-9
5.433442076620096e-9
3.0296025117072224e-9
1.2358494171025122e-10
1.9102284442720852e-7
2.5466753074029285e-9
5.690137230532819e-9
1.0202089255965863e-7
3.392958024707268e-7
