2.208969346859017e-5
1.2848496209492459e-5
1.3389024999963215e-5
2.3145096861825407e-5
4.315290828986565e-5
3.939176965493259e-5
1.8685497830247808e-5
1.3802633010648228e-5
0.000133386384289317
1.2916146498533205e-5
1.4610451891109961e-5
8.962594244897494e-6
1.2857560632934852e-5
1.5318691947055665e-5
5.257688772990544e-5
9.240298335729686e-6
1.5834602796720537e-5
2.031786208216848e-5
4.825568084275846e-5
2.9072824666034373e-5
2.2222877029242722e-5
9.70919017117958e-6
1.5827596118784156e-5
2.634488182453184e-5
1.319776063948613e-5
2.377757691044968e-5
1.120520441083721e-5
1.0050720493582168e-5
1.4708905880001253e-5
2.3767236505526597e-5
1.2711930978634872e-5
1.7417860083363558e-5
8.478669955013835e-6
1.232306683689094e-5
0.0010287310470276784
1.2172871642182751e-5
1.8998831877930768e-5
4.263607863356594e-5
1.2477090866191032e-5
1.1483240874271963e-5
1.8227636596069902e-5
3.2540542888556873e-5
1.297879516939377e-5
1.1663069571626322e-5
0.00012283026346797843
3.664187075564326e-5
9.405064127515537e-5
1.1670721396028061e-5
1.7965913223637873e-5
1.7297527292945954e-5
2.371373109082832e-5
1.3526624330095754e-5
2.166782275752881e-5
9.43918923437965e-6
1.4254089833146651e-5
1.065073260486005e-5
2.795687757682045e-5
4.1944242505875756e-5
1.4100995493032353e-5
8.163146559866487e-6
1.2072751355947756e-5
1.2960942509730794e-5
1.0869478159116564e-5
8.760972862356932e-5
2.499374599175647e-5
9.050777254969794e-6
1.3364597999210684e-5
1.6504244824932676e-5
1.1632744578334803e-5
5.539702713095726e-5
1.2705699658558147e-5
1.691527452565411e-5
1.780316539453502e-5
2.0890750324327858e-5
0.0002500031425956166
2.109476742668428e-5
1.0441374568330177e-5
3.016822569769073e-5
8.866018588811039e-5
2.1503818894251122e-5
2.661401559703921e-5
2.926921676985899e-5
3.205406052311189e-5
8.654467490700687e-6
1.0506056889788691e-5
2.0864450225353024e-7
1.631345131912239e-5
9.794729501944071e-6
9.311829908418059e-6
1.2809414915319974e-5
5.8797819287089884e-5
1.9848371827402347e-5
1.2353516668171952e-5
1.2687772876512837e-5
1.1059128741642747e-5
1.3041329820461354e-5
8.461679584710977e-6
0.0001835908683275422
0.0004509307125010344
1.108062503578854e-5
5.562416926207353e-7
1.942773348680028e-5
1.5553033047733825e-5
2.1084542203292017e-5
2.240208155917653e-5
4.7755070684281744e-5
2.9701384515971556e-5
1.1986788825070405e-5
1.2884791898917562e-5
4.836080802363589e-5
3.8635920779550925e-5
9.845328194535603e-6
1.3563422413160754e-5
4.593833749962708e-5
2.9607493212633993e-5
2.1047986325166327e-5
2.7520316955905255e-5
2.0453709500731738e-5
6.626697668352093e-5
4.5060734729233975e-6
8.628559677022901e-6
2.8998875214968383e-5
1.7842833056877796e-5
1.612376154192296e-5
1.2310988911427424e-5
1.725298959575528e-5
1.1715894950060064e-5
1.801379963353418e-5
0.0001908932312257852
9.485183636693481e-6
2.3184784117385998e-5
1.4618039892929493e-5
1.7930790521406063e-5
1.825987416503333e-5
0.00036806027261012336
1.512949642119372e-5
2.7798979738380452e-5
1.585337359551003e-5
1.2489835158587754e-5
1.0204665224819324e-5
4.2277809459110724e-5
2.4478549051417773e-5
4.093466614965675e-5
3.609657410276786e-5
2.4052508518878003e-5
1.5264773491159135e-5
5.1807765250345724e-5
1.1038144031708633e-5
1.9463067744381793e-5
1.1799560655493507e-5
1.9623669291391092e-5
8.010240147431095e-5
1.3504157225017885e-5
2.3908873745291283e-5
2.1781892441272694e-5
0.0004146531211176034
1.9905998402024175e-5
4.424404769353222e-5
1.7536639065642303e-5
2.34695198554884e-5
1.2317674443870068e-5
5.181854993716244e-6
3.123549678549974e-5
3.3357336286330006e-5
3.2884757985543044e-5
2.5529854417805556e-5
2.0517506860683206e-5
0.00011518412626378056
2.5193138851074038e-5
1.2795710088371431e-5
2.1904295658148313e-5
4.950687186687191e-5
2.0451900817691485e-5
1.5310287367143564e-5
1.8150769401102858e-5
1.915359210634456e-5
2.0046222511023192e-6
4.234122250849913e-6
1.7321289224478882e-5
1.1782727493136994e-5
1.782449672167068e-5
4.0601749667616185e-5
1.2072000205425506e-5
6.409515824084839e-5
6.201983002803196e-5
1.1630823210295364e-5
1.3662458375963338e-5
1.1283897102300437e-5
0.00040816640389710083
2.922677469060026e-5
1.2369099000720336e-5
1.8467158993515237e-5
3.863133617642623e-6
9.778490161261797e-7
2.733454684584646e-5
1.7669716428603962e-5
0.00015306486482686172
0.00016807579855274192
3.547851603840563e-5
4.196755557643989e-5
1.7566429044833286e-5
1.6403876629435494e-5
1.2392214830046054e-5
1.5829168224003e-5
2.4903459369819304e-7
4.741099648499603e-5
1.9739725490903262e-5
4.8343133647842455e-5
3.985013397280067e-5
1.6181901459176802e-5
0.0002485969151319028
1.4279854760643064e-5
5.5973764732348404e-5
2.2079216685612236e-5
1.3947948485175965e-5
1.4702177382856588e-5
3.588560923134643e-5
2.496258089887418e-5
1.3148154879167612e-5
2.24237635007608e-5
1.4432448995611412e-5
2.3615199203462638e-5
8.979290187070249e-5
1.5733174455327534e-5
2.2532281950836868e-5
8.751392949365265e-5
4.6683444518052515e-7
6.009868529214585e-5
2.509131210680012e-5
1.1300647934808592e-5
4.045761763340461e-5
1.4051642374708581e-5
3.1818996638062144e-5
1.3339532720669973e-5
3.1683600778355275e-5
1.3448105688929057e-5
1.8021214535448037e-5
1.310054878513119e-5
0.0001295580933598314
3.0129387404744564e-5
1.5442950083608733e-5
2.2353723986003645e-6
1.2642720146254348e-5
1.2378693910188986e-5
2.5022393626623543e-5
1.2705452091651788e-5
1.645670118066337e-5
1.378399085116909e-5
1.4767275109673131e-5
2.7922477550677633e-5
0.00036524277918168537
1.508030276052108e-5
1.1215114772799529e-5
1.8705132999221391e-6
3.42344132748095e-5
5.337796036356636e-6
3.4287662946494217e-7
1.0683507047480174e-5
1.7108574769693116e-5
6.632817566835403e-5
1.6999093875339927e-5
2.0711222684532657e-5
2.6730561292572062e-5
2.8057370544154336e-5
0.0004785615326578743
1.9641152705699418e-5
0.00011123100562124611
2.5713756645108208e-5
3.04318769208972e-5
1.688403846644543e-5
1.549287794323985e-5
3.0527295211921255e-5
1.427409376744411e-5
2.6263321980070104e-5
1.1719763312010952e-5
2.535254390815713e-5
1.4847663974960693e-5
1.1426342912671507e-5
7.813645513154688e-6
2.2878620874465467e-5
1.641354020158993e-5
3.3400504992520435e-5
1.5296573244800174e-5
2.200899486194484e-5
1.3997009262037853e-5
8.608379649595201e-6
1.3710440992924434e-5
3.3929003750508177e-6
5.2269756140350424e-5
1.210587426148634e-5
8.59764295336597e-6
1.8508455648325927e-5
1.4682566966723223e-5
1.4901983627716728e-5
1.5727508291500602e-5
1.8980886101455263e-5
2.5614044984403222e-5
2.8373804385105844e-5
4.7421940342514154e-5
1.1539541674925314e-5
2.504194170861983e-5
1.3111537096743027e-5
2.8512351803207104e-5
1.2388338709644657e-5
1.2279309769323354e-5
6.405130120599053e-5
2.32408907225352e-5
9.089062098478418e-5
1.9591592447589874e-5
1.1836310821589891e-5
1.578891135593051e-5
3.769161799317987e-5
2.5955575201487682e-5
1.1039149772688301e-5
1.3744596640779357e-5
0.00015829078328514525
0.00024352158573217082
1.3048416894780314e-5
1.8685967347394473e-5
1.0696189231989174e-5
2.203743267878243e-6
1.124482248805603e-5
0.00014747530224330877
5.697200097350516e-5
1.2624231565052886e-5
2.719171674799105e-5
1.6441714669417203e-5
6.313457055218674e-5
0.00010020233303533465
0.00023373891821100201
5.4749467878938914e-5
8.257319066230069e-6
2.414369927052895e-5
0.00014507271973455404
8.402692913045493e-5
2.4388393838229625e-5
1.5344183398165572e-5
1.8360764074735408e-5
1.3633112163885733e-5
3.009246457625067e-7
4.60836537751736e-5
2.284633504231831e-5
2.1020767480867926e-5
1.6070328718471297e-5
1.4175269502648975e-5
1.7356274776414236e-5
1.2052991676416852e-5
6.622272749438342e-5
2.7336429496387593e-5
2.7969323877333372e-5
3.061425489251524e-5
0.00028687641201236236
5.038375518072785e-7
3.5746661256705994e-5
5.7490659028562875e-5
1.5477677690903108e-5
2.6701640181753255e-5
2.867888344347906e-5
2.914832374776608e-5
5.481812040303654e-5
2.553035803458204e-5
1.3076466690585455e-5
2.01139342520846e-5
3.344755146521542e-5
2.5367327730612708e-5
7.522924393913557e-5
0.00013656854240798707
2.015000640021495e-5
1.1250507777130085e-5
1.8996339796115316e-5
4.137940908163995e-5
3.6152126340521644e-5
2.4357186053993573e-5
1.762083103170096e-5
1.2278125289927987e-5
0.00016373068191330963
2.814743298489907e-6
0.0004621070365016747
1.609593638098458e-5
3.714712796911389e-5
4.68243550015752e-6
1.711976160308939e-5
1.8911658811690076e-5
1.2719818142530428e-5
3.120690941426446e-5
8.610601637020954e-5
1.1720224647008282e-5
3.556334494905419e-7
4.361121337109989e-6
2.13382908995442e-5
0.00018849895681221466
4.596489602698808e-5
4.146524012494388e-5
1.2261989969644035e-5
2.8351071545898594e-6
4.032778880648103e-5
3.0607762326693525e-5
5.505042588136126e-5
2.012102039816334e-5
1.7191866540339902e-5
5.7592953433960824e-5
1.5336041480033425e-5
1.5044238466660015e-5
9.808787852955338e-6
2.0300314240702367e-5
5.0777494481256965e-5
4.453545771987429e-5
6.760466147579383e-6
1.6858794357821837e-5
2.0571783843654328e-5
7.975934772078704e-6
1.7611373997846345e-5
4.760637762770508e-5
1.6641689667578765e-5
1.8930131755336472e-5
1.5545319292462395e-5
1.4817082943099038e-5
2.0026198444925868e-5
6.334570728840108e-5
2.8898025087893274e-5
9.047348257898186e-7
2.7433853008686624e-5
6.752420346906725e-5
1.742715521827689e-5
1.662274402635557e-5
2.402502872557394e-5
4.8519634332305996e-5
1.988647227302571e-5
1.5585616747492636e-5
0.0003063711682130424
1.3327773881925908e-5
2.8484499195137572e-5
5.015613358963951e-6
1.3249714027950108e-5
1.2181882238970441e-5
5.2134890841692956e-6
2.2483943843534614e-5
2.3850895081996237e-5
0.00021274143271147238
6.447551227812013e-5
3.1105025802488987e-6
2.733618623921435e-5
1.1043252239239243e-5
2.4158201094631847e-5
1.4432033446681729e-5
1.6092988129548574e-5
1.2701060897223495e-5
1.7429381291553254e-5
8.22944744751038e-5
2.580090250604774e-6
2.5195257980328572e-5
2.817455258025627e-5
3.168161951941223e-5
6.7760743802167e-5
1.937619018933431e-5
6.9200221372164135e-6
3.0577853017198335e-5
1.382189620593021e-5
2.3220566618775687e-5
2.3250955650700897e-5
1.6572609843267705e-5
1.2982892812850588e-5
1.7477859252513195e-5
3.305032383653205e-6
4.081580897005392e-6
4.979437716763727e-5
4.092491400249345e-5
2.0027214079090284e-5
3.143564294299958e-5
6.027890646020396e-5
7.719532718933213e-5
2.1790906076664354e-5
1.2125853597035567e-5
2.212425809793999e-5
2.943134060538676e-5
5.9475940077421454e-5
1.5036651255377613e-5
1.1503834748270935e-5
2.239176765082482e-5
5.087672260644624e-5
0.00018730419646016629
2.226703996665937e-5
2.7828149968391406e-5
5.3534318930667845e-5
0.00013843687425712503
1.9215295443068435e-5
0.0003237582430868015
1.581760881094081e-5
2.8605636062796086e-5
1.2312368492624604e-5
1.8612800553573333e-5
1.4687439478688423e-5
2.90237061887491e-5
0.0001069091549384322
2.7525539267835798e-5
1.2692125595150609e-5
4.1739438317906576e-5
1.820115963656088e-5
1.62342129463139e-5
1.3004915609540268e-5
1.884837601900251e-5
3.907856876481229e-5
1.4288507526320186e-7
3.6455913316255566e-6
8.977924545744993e-6
2.4379136221358344e-7
1.4267905797720776e-5
2.5197857264932872e-5
1.2111367189006197e-5
3.944638744467221e-5
2.1315236769136823e-5
1.540191779318934e-5
0.00012997075357285023
2.0651655726966618e-5
1.6957231952767798e-5
9.298092193332068e-5
1.1864751349057197e-5
9.8867880329746e-7
1.3748422012410504e-5
2.0288202597020174e-5
0.00036199786323668414
1.7141436090002248e-5
2.7755558631051195e-5
9.530365137460541e-5
4.4426323499316925e-5
1.4005174635603398e-5
4.8690413688633916e-5
2.378173181557547e-6
2.062243391718964e-5
4.1327699685133954e-5
4.74862239700132e-5
1.4656882245537326e-5
3.0560796654734564e-5
1.7880295005208225e-5
2.6251095396898575e-5
1.0193630674614318e-5
2.4129101390387902e-5
1.7868307871559107e-5
1.4590120906123378e-5
1.0206880297046722e-5
6.653269886720759e-5
1.6220667644868387e-5
1.4753710209868513e-5
0.00010770529737080468
1.8943300567987493e-5
2.6892849368183062e-5
2.2120081677100096e-5
2.064775486328817e-5
1.1291046504277294e-5
2.2320190154662456e-5
1.458988201385158e-5
0.00012065989717438039
1.493233414413233e-5
0.00011905846932422655
0.00010400201631424725
0.0007053591716451607
3.6330268325083465e-5
2.3939521411066662e-5
5.131247580139304e-7
1.187066874710193e-5
2.885675712834473e-5
2.6579863663152616e-5
1.5068676814744297e-5
6.876154678795109e-5
1.4525867387079556e-5
5.950917864048517e-5
0.00010331234987001419
1.3169907547586107e-5
7.153289741014127e-5
2.2470978563813707e-5
0.00038845762258618154
0.000763544728160103
3.431146649718583e-5
5.38809576388116e-5
5.510575537710627e-6
1.1771465125168676e-5
3.0383504692372848e-5
2.0119453264972147e-5
0.00011409445685874454
4.216693241915228e-6
2.5873897643542086e-5
2.7198776580912955e-5
7.827085730169876e-5
4.009446236624333e-5
1.427226543967848e-5
2.532935456607015e-5
2.21409291516127e-5
2.0112921332280172e-5
2.812596078136395e-5
7.840446642246747e-5
9.906792484203065e-5
1.8945800764555212e-5
1.1767324468366228e-5
2.6263895024794183e-5
2.522165898608452e-5
1.3449211843711136e-5
3.3881669952545315e-6
3.1508995748889726e-5
3.3156444417180756e-5
3.21853243321851e-5
1.37531803296224e-5
2.3594900174882315e-5
8.655799211594664e-5
0.000105197928243889
1.8125333116815108e-5
2.9845597249775572e-5
3.398879333569775e-5
1.834464706783286e-5
0.00015399943406274266
1.9208498732784786e-7
0.00016622299054743463
5.963100741699309e-6
4.577682725946219e-5
1.5079523977740227e-5
7.189777353135248e-6
8.218431773680572e-6
7.6379828192099e-6
6.72198112444729e-5
1.896546895740512e-5
2.0901683973698454e-5
1.1276483552599719e-5
1.2381949942319932e-5
0.00022102616198566973
2.972501709649118e-5
1.2347408926203372e-5
1.4792133099947713e-5
1.5537030195055614e-5
2.5561714364215302e-5
2.1129763261187584e-5
1.5201114771773504e-7
2.5266020754205685e-5
2.3167652290037614e-5
3.980341671792448e-5
0.00014480138307691067
0.00026506944551290125
2.2409052912837823e-5
3.0063023409483035e-5
1.824964549725507e-5
2.4199122209366223e-5
1.0694723525384368e-5
3.2679474275389805e-5
2.0399230402640267e-5
2.3943535386593272e-5
5.61236462173756e-5
0.00023448376684870326
1.4888930040068715e-5
4.0025069027053747e-7
5.0026460942464975e-6
1.169212809526219e-6
2.1523297431266455e-5
1.604600790720391e-6
5.4771074905385776e-5
2.184421077410744e-5
1.4875116667389537e-5
1.6488252055912128e-5
5.369000078400316e-5
3.640062128919652e-5
1.7400782203520494e-5
0.00017520485533249104
1.1238984544536128e-5
1.2259376502078328e-5
9.481850697233962e-6
1.838045936336963e-5
2.477394729525266e-5
9.978609731145718e-7
1.601942278808956e-5
1.628170382182868e-5
2.4925759328844644e-5
1.0491257839389303e-5
8.388256290960954e-6
8.605494366719372e-5
4.918930884237781e-5
3.791935276482589e-7
4.466817902949547e-5
4.216314149232178e-6
2.0676394393773712e-5
1.390366373506014e-5
3.794777088063328e-5
1.2719690838165575e-5
5.157023304297189e-5
4.0934408886332004e-5
0.0002934864617623612
0.0001353493538447889
2.0454720951604915e-5
3.4836634460560642e-6
3.6023048549043174e-5
3.6709501115107626e-6
4.4360645883202e-5
3.074137522413564e-5
0.0003917876675464505
8.490217555925767e-6
5.258028339955156e-5
2.1504903934760478e-5
5.635737413873614e-5
1.1148977304017684e-5
1.7318773658105417e-5
2.0736973672751896e-6
3.316336466641207e-6
1.8515470972876206e-5
4.284519099611317e-5
4.533802319479332e-5
0.00022073147560967377
8.107962294105222e-5
1.7975094089101724e-5
3.594736428987311e-5
3.432539090053444e-5
6.40341814760253e-5
2.6772129082908686e-5
3.058427487117501e-5
3.352426685792355e-5
2.968269850401741e-5
3.795529780648421e-7
1.1373548998824821e-5
3.765852412526609e-5
7.733037543493974e-6
7.252748814814535e-5
3.560652647790181e-6
2.2434456165817917e-5
1.2058372047087388e-5
3.562082340178313e-6
1.9011665926351695e-5
1.5649138847717658e-5
2.8087263196625356e-5
2.2749744015351107e-5
1.4507292376947875e-5
0.0001691147215864436
5.980028157080413e-6
1.9415351469095364e-5
3.351146820691996e-5
2.9216471137713095e-5
6.777909383322732e-6
3.254612482463416e-5
1.4061521723232199e-5
3.68232401327519e-5
2.5061977448707832e-5
1.8041553922850905e-5
0.00022522355393829279
6.0387995157801924e-6
7.014054238804751e-6
3.3652923594432016e-5
2.159301067413259e-7
1.1340375371627424e-5
2.022094612191835e-7
5.707543816604634e-6
6.247299113466995e-5
8.406842991738315e-6
1.843041780882307e-6
1.633319646120796e-5
1.812846546575835e-5
3.0083202965586357e-7
0.00018594816704739037
2.0587004869532343e-5
0.00017619997494134493
1.3172134699537311e-5
2.7778920578812637e-6
2.4129574346840275e-5
0.00021509399706663197
3.435566887462954e-5
6.961363339593554e-5
2.4189319676314505e-5
1.4961206719419212e-5
1.7508363958663896e-5
0.00010634463445904674
2.2108069567353684e-5
1.9985843346694162e-5
1.5144400507335298e-5
1.6343911596415154e-5
8.243693941223265e-6
4.642271814962598e-5
1.9082345324183965e-7
1.872076376223317e-5
5.122854815259723e-5
1.7220685382603212e-5
0.00014983472394408857
0.00033485886061694343
7.222840153353564e-5
5.912822155568121e-5
1.558805232932541e-5
1.8238366412561504e-5
4.4231750372870647e-7
1.634184825269714e-5
1.1841331304960826e-5
1.8115329045402923e-5
1.1075395735383666e-5
3.307231560620176e-5
4.10684751363388e-5
1.6037926531640093e-5
1.535194300616948e-5
2.0075961770994903e-5
4.149693882666596e-5
1.7681029878690815e-5
8.619748488478001e-7
2.9823277477720484e-5
2.5018077430294344e-5
2.169311549477588e-5
5.452322293922451e-5
2.0952605924477116e-5
3.02712557999189e-5
2.6259151249092695e-6
0.00044522858074641573
5.608109875707511e-5
1.6393948966361282e-5
2.038909814893024e-5
1.1850528076249914e-6
2.9648752139776393e-5
0.00013509576071491506
2.565932793559713e-6
3.943153458248738e-7
9.131511989821554e-6
2.7024824750535567e-5
7.139330820165521e-5
5.128306759963441e-7
2.1851435937972913e-5
2.4002081125585764e-6
1.3574089247635853e-5
1.1014958007532073e-5
1.483529363037565e-5
9.059620147884072e-5
2.0774032767959177e-6
0.00014230682478644997
1.5287654316067276e-7
3.098900450955747e-5
6.144266235519985e-6
4.965374262789541e-6
9.208374701608036e-6
4.1334138504467004e-5
1.825143665526856e-5
1.246934292358031e-5
2.8824785187521644e-5
1.5995855459914676e-5
4.7626046544660874e-5
1.9066344821139788e-5
2.7653724964088084e-7
1.5230339097839074e-5
2.214822396466779e-5
2.523098717010409e-5
1.36175887046663e-5
1.4645707498913514e-5
3.621800355316419e-5
0.00025673536998211814
4.274040080799344e-6
3.23387369622778e-5
3.748342660606548e-5
1.5954447547570794e-5
4.9748635436540915e-6
4.807468991734115e-5
1.413417830892086e-5
1.9970806362532586e-6
1.504037908858203e-5
5.477249057863074e-5
0.00024631011539035256
3.1906253129175327e-6
2.3647117112413194e-5
3.440206984010279e-5
2.1579771039898467e-5
7.097029542225307e-7
9.73535076980202e-6
1.0506091197650993e-6
1.3022917516786816e-5
1.254942318692987e-5
1.736691599533483e-5
1.852773148455002e-5
6.138349090890105e-5
2.7698289589424036e-5
1.7156125404140614e-5
1.0284024094363517e-6
7.693289895238581e-7
3.211792055981576e-5
6.0397941456554796e-5
6.146553508612682e-5
1.3129825194247195e-5
1.5397121820117933e-5
1.1988698366262055e-5
2.2335924517354114e-5
3.547808109968435e-5
2.7695315094465573e-5
6.506617448027691e-5
1.9595781447398443e-5
2.196968631710596e-5
1.759019661456295e-5
1.503090118725462e-5
1.2463848765264812e-5
7.66346043365379e-5
1.952948435598605e-5
1.500874711923365e-6
2.3801022154990788e-5
1.2576036814076486e-5
3.7284405735744017e-6
7.919894110464469e-6
5.088687745271048e-7
1.2773748432007309e-5
2.8509816669852533e-5
1.0232894636269215e-5
0.00023510495482632383
1.2000068873295649e-5
3.601089089018254e-5
1.746621266720367e-5
1.56020417408151e-6
1.8532382965049715e-6
1.8221898802727307e-5
5.977410638134632e-5
3.108651629588863e-5
4.1602741225983353e-7
9.149661146151635e-6
1.1618541162387437e-5
1.8171535761852498e-5
3.0716026655386674e-5
4.7826093407370996e-5
4.016751080260626e-5
2.4802095569941857e-5
2.7690206378054648e-5
2.042215617157686e-5
1.9082947205747825e-5
2.4009234831245602e-5
7.940269332676924e-5
7.211202909283618e-5
1.2529900982906356e-5
7.661079185296852e-5
2.459475386919291e-5
5.696408440644177e-5
3.597774306299256e-5
1.959060552377037e-7
0.00015601298598438463
2.083752598145081e-5
4.384190539569379e-5
0.0006302186351617765
1.9113901005162133e-5
9.559668828777548e-6
3.1170844164239285e-5
1.7156265832843354e-5
8.929399511408449e-5
6.171863000412456e-5
2.3748626056902667e-5
3.690116615726571e-6
1.975777746697617e-6
1.6107351124933935e-5
2.1608582488005665e-5
4.121010473595524e-5
2.758151793044024e-5
2.356238560389855e-5
2.1842421364255304e-5
1.058702608744026e-5
1.942365315370615e-5
9.796929395246705e-6
7.130830596651145e-5
7.92253048356206e-6
1.7431527245332025e-5
0.00012764453118027294
2.238685905669687e-5
2.693815242378834e-5
2.9574845441176934e-5
1.76045864815274e-5
1.2547251293514276e-5
1.1649538688411659e-5
1.2609152647098796e-5
3.139355586706593e-5
6.670721063373918e-5
1.4357654553345627e-5
2.358693586415802e-5
2.632268398087903e-5
4.38793091348238e-5
1.6058340367643586e-5
7.768071199155622e-7
1.1916352186411001e-5
2.659338339256091e-5
4.538307468116573e-6
2.9340181024039736e-5
1.3737351638092173e-5
1.5499527356239107e-5
1.6513437039358824e-5
1.229392722870923e-5
1.4956467811006743e-5
8.061454676439009e-6
8.791245572670179e-5
7.158085674556316e-7
1.8480049179914396e-5
0.00013912785834318606
5.359847089809821e-5
3.601891771713635e-6
3.544541146437653e-5
3.176973164440844e-5
6.493086708832925e-6
4.7492962871626785e-7
3.1210429478803976e-7
2.119611333035697e-5
3.3813569857859735e-5
1.336325391182592e-6
4.95062186451195e-5
3.203911750189697e-5
3.183804766908911e-5
2.604069675782824e-5
1.561595194941394e-5
2.1171455443563306e-5
1.663673497030919e-5
1.0820633947947468e-5
5.0954528771708196e-5
1.5494591974586864e-5
2.129658448307293e-5
1.9743314422398888e-5
2.188665128511435e-5
