1.6539811724486495e-14
1.3587792438879044e-17
1.6643210240088985e-16
145.15546203609296
1.0403260996225727e-15
1.0
4.059963132776968e-27
4.941996536143893e-18
1.0
4.954889219383936
3.5561625794732663e-20
7.704929183526628e-16
1.5414738511175657e-15
14.764031179914076
9.055291766710663e-5
2.5154977711474632e-18
2.583032684222552e-16
0.0006835807661710281
2.5886096134457238e-17
1.914634344257318e-16
1.0
6.242493062657619e-16
4.772395044931381e-19
9.438428097592404e-19
1.0057639127949885e-14
9.918540559184782
1.0
8.327226712989245e-31
1.957669475901389e-13
2.4426981517040618e-15
2.1729396624481696e-14
6.209963004448005e-15
4.762551218795971e-14
1.0
2.1050042261084952e-6
9.132713850404422e-18
1.4263892944627088e-18
9.132428512668771e-20
1.1883169007397636e-18
9.664804166307944e-22
1.2401045520634842e-15
1.0
2.7176162039134215e-12
9.568056513963027e-23
1.627364401882594e-16
5.681406127326642e-15
8.462043011638227e-7
1.0781537365327644e-10
1.0
1.0896637807308543e-8
0.20614357232144617
1.535291376346174e-13
6.534190610830979e-27
5.4570588741816665e-21
0.00044706803833835176
3.4315582102421356e-18
1.0528160789042325e-29
30.044468934039987
1.563072869063189e-15
1.1117736865966237e-18
1.2437568297603116e-25
3.313422018194255e-15
0.10189456236602963
1.9663442221855294e-8
0.0013542569986892594
6.927959577421688e-14
0.00030290297216197513
2.510983591302777e-20
1.8860246252232487e-17
5.5691875061716544e-9
0.00026353437540406954
7.366243702631084e-15
1.0
9.570232584989215e-20
9.651324065451624e-15
44.02676258287519
1.1658469337993298e-15
1.736623926793927e-5
2.873599189707962e-17
3.1667683515834813e-16
0.0003454069068024203
5.885086992530982e-11
21.655341861167724
116.99429772221185
1.3422107022620034e-18
1.779748961240532e-8
0.059157204278258636
394.47733315696337
1.757389978460843e-14
1.085045259954026e-8
1.0
1.3436189098691618e-14
7.318619360149728e-13
1.4752858734063292e-10
1.0421168511669834e-20
1.0991541624538553e-13
8.287751939696942e-5
1.5149572135708404e-21
6.805141838005176e-24
5.2271581326513994e-17
2.418517180452374e-13
0.2485875789366325
7.868235862708287e-24
2.2980968167086346e-14
5.2142739143001354e-18
1.1983893415391189e-11
3.597249940963398e-16
1.477377415720795e-18
3.169018402004887e-27
5.2761472102058635e-18
6.922809968815184e-17
0.16728650475571924
1.2214135077520395e-16
4.25152687035272e-8
1.0050811563234693e-19
9.044786254558694
1.9551271231720966e-14
1.8577514546330778e-8
2.240995243886685e-6
7.274025289681142e-17
1.0138727935603705e-26
1.0421378661689495e-15
4.754225529219642e-16
5.163637011435597e-6
4.4316001361477634e-13
0.0002333070185471053
6.908877963222712e-13
2.3141087343567923e-14
7.458910355268461e-11
0.0025692024913113007
3.0134313259070056e-7
1.1064284627919856e-11
7.488439410467291e-8
4.999042933635237e-12
9.280589727956993e-5
1.2216539849203237e-14
1.2124755050709698e-24
2.6943336996036087e-5
2.5634505799525873e-6
1.3699671763671996e-24
1.211579982811157e-16
2.1088039311566874e-15
0.009005715878634852
0.0003762712815075134
7.234373933707708e-6
12.732159402649218
5.1527500734878373e-17
1.0
0.00016004766410058357
4.422104200296014
0.055371251827270485
5.518551699534452
1.0851110228555759e-6
4.607858024247574e-12
1.0
7.365581696030146
0.03110658794193994
1.254254741987987e-9
0.0012019140484084779
9.006377418868535e-21
0.00012962319783274066
2.7212362647465195e-6
2.638871065862485e-12
8.98890706470312e-18
0.007994243358145582
1.4854148730220093e-23
1.6403469334986152e-16
2.8803439610176457e-18
4.0975552181156944e-17
0.013991123716892793
14.84650556570587
3.081342485830874e-25
2.662010723121051e-7
3.8977931434230867e-10
4.579216319349256e-18
0.0019297410295633106
2.3935845684800286e-7
5.75282644803289e-14
1.900043706101134e-18
0.0002736818715670104
1.046004783818111e-5
9.721527581059046e-8
4.531121887260619e-18
0.21234121036028647
0.02693418281046016
2.315309907519877e-12
0.02529156373727657
1.3935846404770937e-6
1.0
8.84421862925431e-6
9.4111287669242e-18
4.796429658229977e-18
0.026348570673241714
1.255793262213785e-21
1.8252048767195985e-15
3.4718243438244438e-12
1.8655832802633657e-12
5.921863636588347e-18
0.011270057399289279
2.8887396439131574e-18
1.6729656651741545e-14
0.00045404387842160174
8.342057379703711e-16
22.473063916969497
2.4057510602611055e-20
6.1151248839183975e-18
0.0007534625886845964
0.38740770821268344
2.4331237923906247e-14
4.243948072976703e-12
3.9595189781551526e-8
0.18326818703438533
6.061051813676189e-7
1.9494285220211355e-13
2.3851572126371535e-8
2.0254674808602638e-11
18.84768753090808
0.3605041078991723
5.8874461656289655e-12
0.8337592760121665
2.059709092615278e-6
3.0046596011328286
1.6260813813614845e-21
1.266845875135028e-9
1.6872687770178693e-6
1.9831908263504988e-19
8.799069370264991e-20
3.4003887095017677e-17
2.057782353308018e-24
5.8115266491908975e-15
1.7963575214472944e-18
1.2764895938239238e-7
1.0
4.510901555038868e-17
1.0
5.121936972175001e-18
0.04533227033650365
0.009667489740521513
9.239673670661043e-14
5.245962221896847e-9
5.813338366983967e-17
2.97257790649636e-12
2.9564476466780024e-15
3.2033655269331802e-12
3.378121763826196e-14
0.00021861736380432285
7.835857501994202e-5
7.527420267220056e-11
149.134221441754
0.01242986629421029
1.7980877330700934e-5
2.050182991821966e-5
4.760386473892045e-10
2.835940750220885e-12
1.0
3.986053650868821e-5
1.7771895680556669e-12
1.0401248461923061e-8
3.792801021422606e-6
1.0789875981750299e-14
3.1377688931625957e-15
5.962871223981059e-10
5.041249107422374e-17
2.30905627851352e-9
7.574711883762118e-8
247.89441674124146
5.557903958824188e-20
6.291227214510746e-21
1.3995482400554162e-24
0.23854480284704685
9.061611659764561e-18
0.0020928667367406182
7.544846497778452e-7
1.2754727719565639e-17
1.7459026550846286e-10
5.235257046676631e-12
8.926584343468666e-15
1.0369999631580405e-19
99.60359725660038
1.0
2.2836040851042662e-17
5.500202526442007e-14
8.158078404400042e-10
0.031337030108805446
9.273526638402014e-7
3.754036464751921e-7
6.059497737378468e-13
1.4008607245308324e-7
0.24097452962388513
5.494776000790882e-22
3.4485251004701e-6
1.1435777381738556e-15
1.1794350763350386e-11
2.4892783506351705e-11
0.1613717994896906
0.06364254671556631
1.7956093407061335e-6
1.521616050017248e-16
1.7740483757291901e-7
3.7554191381136655e-13
0.029545453114604343
2.815033072880219e-13
5.924179248683417e-5
2.622846227772641e-11
4.162065016999866e-7
3.895746293137439e-5
0.000974454804946384
5.383592384713023e-19
7.383479945514263e-8
1.0
0.00036760885253298714
2.0226188041013894e-5
4.900800103674566e-12
7.4768004029211014e-6
1.372444229107804e-10
2.497532694699334e-6
5.437131983773824e-13
1.5171080245903812
4.086651025933574e-7
0.00018479924272932314
0.0008589564177287028
8.59593471217661e-6
3.76883155603593e-10
0.0005885897344198492
2.066382005955169e-18
0.00381795366879102
1.4734835623437906e-12
1.9318414067261074
0.0807884866488778
3.4598152888860056e-5
0.08090052095796127
6.55328878857073e-7
0.45026909549161936
0.0017092103296652797
3.567349812409768e-6
1.4241933562715415e-7
1.2395017151586255e-8
8.940377130485442e-11
3.318788097324638e-17
2.3981238316006233e-15
0.0006107636502749584
0.00013580513192363138
2.836104628792322e-14
1332.126363067868
0.0021218343255917714
4.508210619214848e-21
3.925969730915414e-10
0.00036349240986139285
1.6174232197312954e-9
3.878939984566375e-10
1.780738521909885e-19
6.500143526774288e-25
2.614418303628728e-22
4.9955004532061646e-9
2.0285716609753504e-11
1.5755084969218434e-20
8.654306718589063e-6
2.1169353570465232e-16
2.2610118782387865e-7
2.0546097474235646e-16
2.491968879249203e-7
1.5513037338762335e-11
7.602232193553644e-11
9.02178008031004e-7
3.003828103479452e-15
0.018389295929385898
1.921312900232176e-17
9.380900848602076e-5
0.02375101656582872
0.07311666325590661
1.3964580539822489e-14
3.0275122479269563e-6
5.254416461657591e-6
2.8128175033600463e-5
7.668688720805826e-6
4.5484295841250886e-12
0.04291439493614292
0.000142538124427245
1.0184020960612973e-10
7.055698481766155e-5
1.1212047770416075e-7
1.0565377091473048e-18
5.91089776755897e-8
1.3163817864276958e-5
1.0108714750463318e-7
3.598437712732014e-8
3.730575408248852e-21
0.0003490979759172216
0.2552017662882507
0.00011075013305639339
5.753852301222831e-6
6.38244573918764e-20
6.548814582322858e-12
8.204734478860625e-13
2.052870676461985e-10
1.0
0.005938959860619156
3.8339005080623377e-7
0.10644054820831363
4.829853408189544e-10
4.636382991253893e-8
1.288099878776304e-9
3.432299087773397e-8
0.003390820294554219
2.7972252291313164e-6
1.3812367391246353e-14
3.2732158416780613e-5
51.16032439268296
6.054200291700777e-17
7205.5529965520045
2.769229497317846e-6
6.662485084037085e-7
1.6824464622017408e-6
1.1637861463288485e-7
4.952705803409124e-5
1.2156574533989218e-10
5.727048843138522e-16
0.11517253298769285
0.0002106095892614864
1.496259917511059e-8
4.589794717157345e-15
3.135520741243911e-14
2.985018299570575e-8
2.298444452102518e-8
1.0
4.2391007558870333e-20
6.592152342674744e-6
1.905588601640862e-8
1.7504330141783086e-5
6.587399631958357e-9
1.2386509897880005e-15
1.7048739186134087e-15
1.808989440312877e-10
6.533796006016163e-17
1.8242828878538982e-7
4.345353833128774e-37
1.4334293244104895e-6
4.964301723722771e-19
1.0837040846041893e-19
0.00011770700366506893
1.0684766343167335e-6
2.8550798339728735e-12
9.00305398934666e-6
0.0005832185839144624
0.008945225753813067
222.35123848637136
6.213718151149884e-7
1.9347515941525627e-8
1.61888670712528e-14
2.3238765525129688e-10
6.240007068689591e-5
0.0006465956868455722
2.258967247051305e-25
3.018969184317807e-10
2.112809098423938e-8
3.0477716983897285e-5
7.3669242520980755e-9
1.5498334835973446e-9
6.199272315535605e-11
2.3881001100303163e-7
1.1872636286594144e-11
3.0265152382586828e-6
9.618507044940348e-16
1.116458096511922e-17
4.312401313374244e-9
1.2513558869355897e-6
3.392216742422561e-6
8.583173043717946e-30
6.897157772124792e-11
1.0
5.232131191483351e-10
3.993512676215188e-16
3.694722857986222e-6
3.697235480510401e-7
3.513980655048005e-10
2.6339588580725053
0.02414444410500355
4.221828969288675e-10
2.705714031410384e-7
1.068531411530321e-10
9.777681985879214e-7
0.020993839054097414
1.941878890833578e-13
1.464661416363086e-8
2.583859453140599
1.3509689414930628e-11
7.032774852867114e-6
3.941875558006359e-10
1.830777382481408e-5
1.2397991585010569e-9
1.1486823113992909e-15
0.0010474213695992364
5.6469651791044386e-11
3.762419610896445e-18
1.5034666892124883e-8
6.835307452132432e-13
3.0113397771283115e-10
1.0
1.825358003163232e-5
5.053798112175084e-12
5.532929292667568e-5
7.116031209620737e-13
7.421700366493045e-6
1.004157820504568e-5
9.230169711740911e-11
0.00021890610569180724
1.5507328953859677e-11
1.0
1.2343508943346163e-9
2.2541337525404534e-7
7.042459569381e-8
5.812323312807007e-10
0.0006320755673277542
9.289036643783025e-5
1.3734437506263908e-11
3.6618014061236345e-11
1.6792481153294315e-5
2.930114523081834e-8
3.303733547178863e-14
1.3075311755201335e-14
0.6085761260215169
1.6304636293839153e-6
3.072892659090133e-10
3.348026215675827e-10
7.748640597368824e-10
2.13684863032697e-6
1.0245814443475866e-5
7.540684043800676e-6
3.4459721440152053e-9
8.536165070497108e-6
6.638112571783546e-15
7.68288526965561e-11
5.7862472381890525e-15
1.7098421818053995e-5
6.3154308879820325e-9
6.345551359987126e-10
6.916527443184818e-13
7.941960332681023e-5
1.9577705724199228e-10
5.059920687753518e-12
2.8419805736607443e-13
0.20908532508162758
1.5576871220653714e-7
1.777094853781368e-10
2.738130604285603e-5
5.029453034625612e-10
4.38199213484283e-6
5.474394244815055e-11
1.0612688135006723e-9
7.787484718617514e-12
3.573755388846008e-9
1.6743648902612694e-9
5.954806780666301e-17
3.410419546943846e-17
9.744441458543824e-13
0.00012219986628200997
0.05941482205060669
0.00010354252069977342
1.0838846244538386e-5
5.823474600698222e-8
3.014711580007284e-13
1.2216832020149407e-9
3.600747916439768e-10
4.120872977557261e-6
1.036202387159022e-15
3.831419545125607e-8
1.2903394967983868e-12
0.007615365280729602
3.609158131260056e-13
1.91494487374543e-10
2.840016793453459e-12
7.017288020907574e-8
7.887347831838814e-21
3.378129206209737e-7
4.7195106174220956e-15
4.8259325289406525e-8
1.4334702880864449e-11
1.0824056745257672e-16
4.199017338910366e-10
1.4471408523409478e-8
2.1873792266510543e-6
5.294970401786053e-12
6.942441582992508e-7
1.2719321592231006e-6
1.5156646643636155e-5
1.1494695224925326e-14
2.70381063149165e-10
6.25342838698354e-6
7.379242192261197e-11
3.6961948597122714e-9
5.964303482715505e-20
0.007398883974415888
3.8843095705782805e-11
1.9013262556738673e-10
2.3783223933671064e-5
1.819433189126711e-8
4.102581023562672e-9
0.00042017281519461506
5.016474885418578e-5
4.0632985471784984e-10
1.3168649099336757e-11
5.30053399917865e-5
5.00494137674666e-11
1.0
4.107175404014779e-9
7.174671649640391e-7
1.348678761479183e-10
8.566820549414979e-11
4.240314494622333e-8
6.847025853549891e-13
7.933120170682567e-10
5.095755693504774e-7
2.3776542967753306e-10
3.9235585695396166e-20
1.701331546561714e-12
3.23310282338706e-16
1.4933459123506372e-6
2.457134044668878e-19
0.0015040873816072517
3.1326891094707827e-18
3.1385305234573884e-6
1.8281299341360604e-7
9.719467189079936e-17
3.124423576936575e-7
1.6054393933679778e-8
1.0937519876955086e-9
2.3834723126292446e-15
1.84835602805239e-5
9.548264965875926e-14
1.884532420810182e-9
5.343322915797286e-11
3.2333643754684985e-10
0.0001579819757372273
6.355970602739936e-5
0.012153848986868856
7.578279341569763e-10
2.5878907448714514e-7
6.693728211396172e-14
9.80638109072888e-9
2.3164886226201935e-6
3.3198676042715653e-10
6.557547821443624e-9
8.416576058923139e-17
3.1819203560445514e-8
1.7597753546535065e-6
1.5331020587659706e-8
1.5473298265358048e-28
1.2413067297435554e-7
1.3240452741427746e-15
2.788219485071703e-7
0.0002573108181847725
1.1217968740862385e-7
7.833379979866054e-13
3.152767483233716e-17
3.547701183211618e-10
3.8053076413374645e-7
2.704393855098548e-13
7.619831418575691e-21
1.501200673102758e-13
8.938890038764567e-15
2.186734004901158e-10
1.0310412506156943e-5
3.782130186942643e-8
2.521309152767908e-6
1.3708309174810177e-5
1.8587944486708673e-7
1.3659034111702142e-15
7.914485820032439e-8
1.9123027937601776e-5
6.776725553565656e-6
1.0
4.112218453601196e-6
3.10089847805278e-14
8.51178678205041e-19
2.3851607450213887e-10
8.160586444177562e-13
1.0290146798446752e-6
3.694064233107568e-15
8.006801076286914e-14
1.2051639730480087e-13
2.4822647526442887e-9
4.603628625046238e-9
0.0005389907018698431
4.056362314951348e-10
1.095981455015853e-5
0.06972416888468669
3.1115372506399525e-19
8.901295151997675e-17
4.0054628204621215e-18
1.6910817266873348e-6
5.416539686204212e-13
3.6759143749856604e-8
1.8564045070928165e-14
5.668674602449541e-22
1.763309825634882e-7
4.966086240507618e-9
9.186161038617302e-12
2.5865877153648864e-8
4.999503939214815e-12
4.42073810018664e-7
2.0886587011390832e-9
2.972860542805824e-12
4.392705651833657e-26
1.0607642612250075e-9
2.3006449429489324
5.293831762026329e-20
8.350993944742796e-8
1.2128600248736439e-11
2.2688526710671546e-22
2.1684800987672033e-7
1.3464982195347079e-24
2.2366750472719144e-12
2.5197766945296475e-13
4.920943930934636e-12
0.000728183062117706
1.1107758403485816e-11
1.7054575444783024e-15
2.2782791597772036e-9
2.2866345021617476e-10
5.6492286336545265e-14
1.9690070811081678e-23
2.3350410733167988e-8
4.675331633967874e-10
1.718000921989057e-7
2.1389648624033085e-19
2.333285991848826e-9
8.084543889690628e-13
2.70628746517645e-19
9.428439123084011e-16
1.392255557500027e-10
3.2465220639349276e-13
7.484257273404574e-12
1.7182578801743346e-11
2.655311882167595e-7
4.5404232442569983e-7
1.0
2.648438691380663e-11
3.337215905009725e-6
6.045254229821368e-12
1.6968387286300234e-13
0.0004233005177263584
3.850803141191387e-17
7.802924846824322e-13
2.8233491221067836e-13
7.799687340220703e-15
743.093008173845
1.0977713595545449e-20
1.2663348360556709e-8
1.0
4.428624798763727e-12
4.229526134482337e-13
9.32063985909084e-11
1.0497547405364316e-10
3.331639737579493e-14
4.678429741387133e-11
8.077820973953895e-15
6.935335653478702e-7
2.4154311056916244e-17
0.1325041695687212
1.7922809140610416e-13
7.329653450519423e-7
8.068115769766316e-13
2.2212671400602493e-16
1.0378215382176242e-10
3.2690697864753803e-14
9.531882994397002e-9
1.747931914395277e-9
1.8496420000710993e-9
3.3518002093168516e-18
5.2452337728076145e-14
0.38722070812247206
1.0
0.052961766235076785
5.990652219219597e-8
2.2094362408532717e-5
4.196200782391525e-7
1.0652041853555071e-12
7.5842913046315e-15
0.001214576035487385
9.098212607739018e-10
5.111813229998652e-8
8.586939319001241e-13
1.0161854538369147e-14
0.18628266408256547
8.483440645508813e-8
5.925516362181389e-20
9.56894401259355e-10
3.7886958127454714e-16
2.7233212385820233e-11
1.8967608072252684e-7
3.176649919162079e-13
1.2799458423183912e-9
2.602302359008873e-10
1.9231854374222494e-13
4.176017658383729e-11
7.186155500012852e-7
3.910541495499536e-12
1.406091144076555e-5
3.452555430259492e-15
2.0414617576693353e-11
5.008202882165637e-10
2.351759536431203e-12
4.086236209069702e-11
0.06416509287872882
2.4275695488302094e-15
9.059021435662941e-14
1.0
9.528151336457072e-10
2.0055981048582013e-11
3.0531669287001086e-18
5.490429169339727e-7
8.989170748665964e-10
2.675318693198422e-11
0.3277122515664454
2.1027235163841255e-9
1.4565326557520298e-19
1.6031350104360237e-12
7.199172804726105e-13
7.890460769728301e-8
1.8076351393919826e-9
0.0040111688062226345
4.179319576650548e-17
7.326626736444919e-16
2.5672193593242448e-11
2.360346676618229e-8
4.967252687514682e-7
6.400803467191832e-13
6.861625924729644e-8
1.524004632946031e-10
7.222723960628103e-11
2.183471798051369e-13
1.0111364959450325e-23
4.887349907235119e-6
6.5283616678777754e-12
4.907514107407088e-10
1.4437788634869518e-12
6.561786136930414e-9
1.4767636710786831e-5
2.10698215592255e-18
2.1736360237516873e-13
9.272059018788189e-19
9.37760546403515e-6
0.001673701667324037
5.24646165656742e-9
1.1247006647994689e-14
8.415009075315555e-10
3.579468568511225e-11
5.961062213234588e-13
1.2959640740398284e-14
3.974097245441022e-18
1.8327075516759e-11
3.9256076111126266e-11
2.5448667016948506e-27
5.518566627733339e-12
8.831768765695934e-10
2.0653101367091467e-18
1.2704308082279287e-16
1.1212641907386746e-6
9.08948718439305e-24
6.363692554714145e-17
1.478131298718336e-12
1.0
4.6715538785555e-16
6.54766817984974e-8
2.583326179596383e-7
3.386690806005089e-10
1.6480833420900254e-7
8.197627928075566e-18
1.0978795044540868e-16
2.4333142196762974e-15
9.560369153102703e-14
3.246365772551359e-7
7.00834696591319e-18
1.6483375424210836e-13
620.1695318684451
0.0013880393080073145
2.287675923209729e-10
1.0653004788009274e-8
1.9458923072996726e-9
1.3594804577556308e-17
3.3884587556043164e-15
5.442039997544542e-14
1.0
7.143156537463275e-20
1.5872738095670894e-6
6.810123064512932e-7
1.991235080534541e-13
3.0143481288551124e-18
3.0412121287017315e-7
4.073839968173347e-15
6.50893288341269e-14
5.6475194870739635e-12
1.4467553683461664e-12
4.794903534803508e-16
1.9100617166616594e-7
5.294929007741517e-13
3.73286597685153e-10
2.252936569914448e-17
0.001012411959577059
2.4678942329642248e-5
6.684717279311062e-13
1.7152023250325955e-7
4.3947567657812576e-10
4.8452608303016385e-18
6.84768192917283e-16
2.3452444697098e-16
7.053184586070822e-15
4.72456760137071e-16
2.433799308275976e-9
1.099216697981916e-6
2.291282728827892e-8
0.0059819500910872295
1.0835680937763688e-10
1.2216293884614727e-13
3.328868738146668e-7
8.51808119997455e-12
3.1103002901861294e-15
3.720989755077448e-14
3.176646579185184e-13
0.3205942985014624
1.0
1.0
4.5399622552145e-11
7.298529547515479e-10
4.886274609715939e-13
3.2926890095718226e-19
2.092978982304035e-19
8.63906957677575e-12
1.2197078635898563e-10
5.29091832694754e-16
5.456254171747907e-13
9.612528977126874e-11
3.2314063917186403e-12
2.8770869625827518e-6
3.399894737031628e-11
5.928788107928507e-7
4.002334950659215e-23
2.378673078295851e-11
5.943317503196496e-13
3.108300423282497e-17
2.614667297494228e-18
1.6845564200230544e-17
6.260157409246328e-15
5.11587894981574e-17
2.4665604857843603e-10
2.7975102541164172e-8
6.112229867874575e-19
3.6317371775419484e-20
6.448607131067862e-24
1.0746330541021243e-7
8.572047622466609e-18
0.003263665932537076
1.8301100851390937e-8
3.8340124240884656e-21
2.0026709848013394e-16
0.0019866667301355018
2.142392471488354e-11
5.892772998586574e-19
6.257095745799796e-22
0.4203969411301821
9.47480729678956e-11
1.0460378581452547e-14
2.9392618779548694e-17
3.3851608327526834e-17
1.2973394991010222e-12
3.4688614084008313e-10
6.4664404672441994e-12
7.254482574017979e-9
7.586513281477676e-6
3.1748415066505757e-17
7.296542997432439e-9
3.9813175146394473e-13
3.1379576764871596e-6
9.298819257499072e-17
6.281787946739919e-14
3.5904844597214163e-13
1.1469197899149348e-20
2.260327906695407e-9
1.0
4.5432165037443796e-33
8.983667904264584e-7
8.660037148875004e-8
5.386445194436375e-14
4.649527229354854e-6
5.6533123151405124e-18
5.388415165333603e-25
8.580487500901529e-9
3.44729021320539e-18
6.862933808928125e-17
6.940558792567801e-7
1.9457598425088258e-10
9.673790139671651e-27
1.5522000568687703e-15
4.155846509923268e-9
2.4203652854551516e-10
5.6177487850634075e-12
6.433241411598722e-10
2.5829789185248682e-11
9.802879363743753e-8
2.924778759113146e-14
