9.637813514278325e-5
7.555436527206951e-5
0.00020510907537965304
0.00014820595135960705
7.60601993618336e-5
0.00016238406316658121
7.001187535860256e-5
0.00014703696007848594
0.0001820981607362559
0.0001641409834208768
0.00017647830033064847
0.00016706066390424366
0.0003380976656788482
0.0002688321922713987
0.0001661733558237932
0.0001338647862528251
7.939342282638234e-5
0.00014170509410104076
8.370695769729636e-5
0.0003495394514710786
9.657947666602894e-5
0.00023063990365812694
0.00015301382224216706
0.0002533572679186649
0.00025421718266062956
0.00021844175945477843
8.11696795807307e-5
0.0001790914850216509
8.657257476916504e-5
0.00025108473916000664
0.0007342749733543067
0.00015311155623741582
0.00041616516233369756
0.00018724775866523586
0.00024161458817449093
0.0009086419719734877
0.00020886661856861055
0.00010674433164235901
0.00011053213874204263
0.00019163375570666516
0.00015760266755549
8.513678403960469e-5
0.0002898561608051939
0.0008803453720397314
9.289188535478814e-5
0.00038500246490233875
0.0001713483396108982
9.004871399120488e-5
0.0004649707701463767
0.00013353746104355664
0.0008728870698337392
9.912934629589801e-5
0.00010219657460740683
0.0005093818780891263
0.00026307585603738815
0.00020994277126714972
0.00019560324923624623
0.00014925542781671393
0.0005719618410328106
0.0005495092309569603
0.0004266030615831716
0.00031616510755689414
0.00033714012605154733
0.0003166089298949606
9.95197665541999e-5
0.00028153994417160345
0.00013780653892022849
0.00013622717185312198
0.0005678687590681003
0.00042902697530817314
0.00018577010144256288
0.00028107860088067186
0.0003593013309719909
0.00029874308140874695
9.905810008062594e-5
8.998035191461618e-5
0.0004576359542012627
9.382548699533046e-5
8.820541434153421e-5
7.773307503566367e-5
0.0006399441170231981
0.00014190095828112685
8.53656591695052e-5
0.0002564545899112162
0.000149743237156844
8.659422993172677e-5
0.00018198081742361503
0.00043296100918685217
0.00018846805829987316
0.0003976891260191413
0.0002637073485174583
0.00015200672584194964
0.00153191243931961
0.00021687046332163266
0.0008415875985811381
0.0005961763073735315
0.000327190548901099
0.00031368513929146873
0.0004140077601757004
0.0005173758420371861
8.49996610053721e-5
8.243767972495537e-5
0.0001656773525032147
0.0003611911945285608
9.553703264441093e-5
0.00022043943067012238
0.00018539478590546288
0.0002869907677039486
0.00012509909339353064
0.0007427963140960572
7.104744666355113e-5
0.000370389710603998
0.00012302105265809865
0.00011093299475796575
0.00020626475930683982
0.0004938517241901989
0.0007091761392847954
0.00014318762796073763
0.00016201126049997125
0.0002777152923209696
0.0004119911837914264
0.00017220118663951949
0.00010899874688286865
0.0004938840005315376
0.00023069945840429072
0.00041431639300149915
0.00020615464966500463
0.00010610258044307245
0.0006230562224245445
0.00014504305541479054
0.0001488727899747189
0.00016039410292490196
0.0006201328496078747
0.00029635373104127576
0.00021470491957635148
0.00011420972180768024
0.0002124036650845348
0.00021895533741586002
0.0001523396671606217
0.00020721001342424294
0.00023704552413384425
0.00047609467862197674
0.00010725778596712367
9.536757724402795e-5
0.0005565791328438101
0.0002308713896556399
0.0002615560547789668
0.00024559371936153963
9.937507106955641e-5
0.0001495675760327402
0.00030807510824425416
0.0002007043224545019
0.0002863438567138557
0.00014777474641881915
0.00011097858662096127
0.00013245552604344824
0.00014926726674249527
0.0001666647496394166
7.435777678446453e-5
0.00015324787921092658
9.608799812265678e-5
8.582211360778021e-5
0.00013577966474497333
0.000105700301498461
0.0016992518753524747
0.0006597477243104457
0.0003902854916912648
0.00018830069164376643
0.0002310146563134378
0.0004767122997927844
0.00010523884723492409
7.706247923241303e-5
0.00011938495063066239
0.0005635048915832819
0.0010430766835103063
0.00013716974833068336
0.00025252564759229253
0.00016944218270772146
7.698672410884503e-5
0.00014868773663723214
0.0001609254303581473
0.00024271733827404347
8.974172043089648e-5
0.0002391910425445089
0.0004018483071973113
0.00019579899079717104
0.00024513970854245774
0.00019399445567175013
0.00010608099947039183
0.00010485745028959251
0.00021879586795188285
0.00010680777651452244
0.0003187437978836408
0.0001822475026741052
0.0001663509936680946
0.0003643852306365554
0.00047830279603394775
0.00018128972525371283
0.00011837746770166022
0.0001421708673771517
0.00022938953506265806
0.0006817278449643027
0.00017229649909832498
0.0009252535776361134
0.00012484827511386723
0.0001359847170631464
9.42112359082383e-5
0.0006557340161849164
0.00017719009259141113
0.0002055405876770679
0.0001934289287431467
0.00010728617534331982
0.0004058365313218385
0.00044352660606959156
0.00014167659000400765
0.0003230293014545663
0.00022386755675418382
0.0002533677116029348
0.0001429768395591495
0.00016248236063142217
0.0011376714486251332
0.00012570249212740656
9.096147867036613e-5
0.0001508516019405362
9.231038820345365e-5
0.00031827136986337654
0.000228859970559643
9.03377652475079e-5
0.0008603131163186541
0.00011916950277314576
0.0002036054264068633
0.00015131842494579402
0.00011933980018326587
0.00012962975515673622
0.0006900327584375594
0.00012911413325159696
0.00032818767494710804
0.00010663119194507912
0.0003405596495244084
0.00010180966245265371
0.00015081434249248292
0.00013585824606713643
0.00041029627039606317
0.0002082118283613492
0.0002534893056711098
0.0002836663695693785
8.884849734590326e-5
9.795150893512733e-5
0.0003482783582336631
0.00023288537852171663
9.741137730276059e-5
0.0003522844260835934
0.00012049731628839071
0.0005219765303749945
0.00012087969934367129
0.00015535886417509612
0.00033075473179167906
0.0006245278078374579
8.772683801960857e-5
0.00013930578075762153
0.0002514373156387009
0.0002590585397228278
0.00016365172537682646
0.00021660114435918064
0.00013617424764411843
8.669710616237665e-5
0.0008900542492816739
0.0001518055288530017
0.00014775175558643747
0.0003208091737241063
0.00020062217340643387
0.012702529637227403
9.882360316372337e-5
0.0003643605840646306
0.0011945788347260547
0.00024402641083283138
0.00013725392935537938
0.0003077469028563175
0.000814469342749896
0.00019199388870374862
9.44877727754613e-5
8.094180496478996e-5
0.0002285843069257247
0.00017636221246665641
0.0002364488125797831
0.00013302771935199363
0.0005146086241359159
0.00014387480689632978
0.00018240339801301147
0.0002302187545522098
0.00011316224904879267
0.00021650973017049932
9.826984383186094e-5
0.00021108032756071235
0.000357948681873267
0.00023568535115519655
0.005994993617104788
0.0008904051331847447
0.00019247774836141508
0.00020839259895682403
0.0006029383421615048
0.00012499712744396007
0.0007082669450591504
0.00025177413295174344
0.0009162846670097137
0.00037393070586760256
0.0005423832309629183
0.00017345674726071416
0.000131637558627534
0.00010575491616246015
0.00017416963454773004
0.00045154868163144673
0.0009167687964006665
0.00031437565444761463
0.00018216490372387241
7.919195171017742e-5
0.0003846591654904953
6.724667283729105e-5
0.00021076867694053736
0.00027278794725076175
0.00025873036749324215
0.00021516868282065737
0.00028385006056659817
0.0022802242793879034
0.00029677394755535044
0.000222264608491943
0.00035993981351769357
0.000293217655292372
0.0005122456565088161
0.0002077480782805085
0.0001485351574877439
0.00038524830222313794
8.2618961980976e-5
0.0003686203490573665
9.411640568334325e-5
0.00013576017533549055
0.000586508093172437
0.00019293067811679257
0.00016027731786444127
0.0002478367672317412
0.00019565914346055525
0.0002613288281229293
0.00019111988626964866
0.0003012620955602205
0.0003700456112749644
0.0002951854745559818
0.00018415663021187774
0.0002979497923133074
8.570148388217621e-5
0.00014487692947416894
0.00019652993803519908
0.00014997652227627135
0.000963454312029861
0.001253049485484662
0.001401853724983461
0.0005792694139262357
8.689206884552991e-5
0.0001672980523325949
0.0005147373224947489
0.0003283548352079476
6.95336404041075e-5
0.00025608459774056257
0.000285143373253055
0.0001400040903720554
0.0002618513744585413
0.00015361487002013856
0.00015148351736618207
0.0001567188891966409
0.0006338236831054436
0.00022818211732860525
7.568186585941811e-5
0.00011221059023624478
0.000153969453585107
0.00034037344569233844
0.00016798193472302935
0.0003727432331412795
0.00011177409013522523
0.00029102142881788824
0.0006253428434005496
0.00031397586569863043
0.00017695331886487332
0.00035146236185414347
0.00020126259589975246
0.000222070981000575
8.075522898121213e-5
9.508439350929224e-5
0.00020544098731917332
0.00017140810824428987
0.00012159926074491303
0.0007993189162934541
0.0003101211641900868
0.00013041205469888263
0.00027880657141909443
0.00020115616001283574
0.0005872946523774879
0.00043707163121834607
0.00020248907432724722
0.00019567084340352554
0.00015997961795752278
0.00014345768760633354
0.00011897533660682698
7.494855838768863e-5
0.00014160012875516706
0.00028217613038217064
0.00028851333342195417
0.00013478005689886158
0.0004328490416884581
0.0002481987414978915
8.696447280280364e-5
0.0003436586163622174
9.837819875948616e-5
0.00011741175110343503
0.0002146265119245119
0.00025421264905098627
0.00011532014512272616
0.0002602717398531457
0.0004734697533414772
0.0002664173159934999
0.0001701510523293266
0.0001473371897897541
0.0004080580636697437
0.0002577163786645841
0.0004399789092944432
0.0005011406837779026
0.0002219830180463578
0.0001594772199079409
0.0001826054562410856
8.85773412033969e-5
0.00020795899313784256
0.0003483523083437247
0.001092762145779093
0.00017436042301271113
0.0003154564553069837
0.0003824968997430284
0.00018810633316604673
0.0003367250445038767
0.00018395598759767519
0.00024718820573445906
0.00010339167852827064
0.0016372359523170261
9.106100097890608e-5
0.0001982054567617853
0.00015632629368251557
0.0010545756705553088
0.000114836514900144
0.0006244297678815709
8.866859462364512e-5
0.00020886015698304722
0.0003238120916291219
0.00014256033903790942
0.00029875354195341174
0.0007604953886253331
0.00037122839706333027
0.0005490282000822234
0.00034868586360130174
0.00024880978027415465
0.000544281064760748
0.00025915561909279543
0.00011136172262883475
0.00039112053799040495
0.001107685067256101
0.00020061280322109163
0.0007942383358277192
0.0001543666374906265
0.00017356902026361147
0.00038546495988219523
0.0010443870290351414
0.001325798606493059
0.00014953494587367417
0.00028320887234962257
0.00012228506689108767
0.00010191640964796022
0.0003053295392088586
0.0001631566145615359
0.00038438872351854796
0.000250604649975893
0.00022947256484509614
0.0006555521589130041
0.00012583347223449624
0.00038867239176212183
0.00022088252882613454
0.00021019446934167086
0.0003950280167542966
0.00040869194552568686
0.00031376706468322384
7.734421650525208e-5
0.0009404103069103543
0.00010874826799718336
0.00011286080728996307
0.00036087085661991823
0.0002541020475532958
0.0018891340720150625
0.0002354808266686136
0.0019346825103497367
0.0016028433176809942
0.0001999715516064977
0.0002298552845197273
0.0004571876675364416
7.835519831410941e-5
0.00022406178753075551
9.565773645602776e-5
0.016101608384774826
0.00023665324678899722
9.995694826291913e-5
0.0002914888540870882
0.0004955029049075638
0.0022963251055086835
0.0002745754268996732
0.00016478940123139865
0.0005276958664257017
0.00012228324666886152
0.00011762172349122462
0.00010416162412238955
0.0006827767973070009
0.0001532449490192688
0.00028551125474326843
0.0001500294362383556
0.0014027239749170076
0.0004431675281418267
0.00022295189689910228
0.001527761016001838
0.00013687409063129762
0.00011726054956393005
0.00014241650544088337
0.00011576223005620993
0.0004360357173758243
0.0002929274651792252
0.00047030883107333175
0.00022858720711011238
0.0028389528121202305
0.00017566133274417783
0.0001445765630090421
0.0018529936283294484
0.0005302803760961316
0.0006767186182658197
0.00045910426567984575
0.00019041665007853614
0.0010062554328053566
0.00011858572475021746
8.732662715828949e-5
0.00022086512841228
0.0003748687031280511
0.0005325912843619802
0.0002122002858141751
0.0005462296874857031
0.00012777822994022186
0.00046822199877903913
0.0004003245044367597
0.0004282059555452806
8.69225113352497e-5
0.00015839460338734697
0.000157747596092069
0.0002575789179327984
0.00014334158131609732
0.0006870176191267952
0.00019120856253044156
0.000404845159998402
0.00025891762533931885
0.00019199872076879697
0.0014888597898514682
0.00011055838427563366
0.00023132930932803653
0.00015003102722796444
0.00038778809019851643
0.0005454563035062638
0.0015771687078692503
0.0006604431951260994
8.87526955831223e-5
0.00041603686127182296
0.0004110830587090361
0.00010765880104336049
0.000262383752035423
0.00042589182887932566
0.00014860993332617057
0.00042480551706568925
0.00022665046654879307
0.00012004855530997145
0.0008099693465699574
0.0003116471424226663
0.000338791054568372
0.0001516051080547463
9.311036448971292e-5
0.00021769916912376964
0.00013748454731667608
0.00028030359538022985
0.0005760431906988413
9.927964066134821e-5
0.0001274784100865599
7.86565206302939e-5
0.0003609044429162509
0.0005996332704053934
0.0006425419708044987
0.0004018451087837112
0.0010086832538755415
0.00019989780726074497
9.803141667237211e-5
0.00011803382905399065
0.00022520337018287724
9.980004567417215e-5
0.0005907751987607153
0.0001591111735551645
0.0005080817359849497
0.0015945560367977393
9.476026024100715e-5
0.00017020437451364736
0.000278082066616833
0.0003686398792279607
0.00018109118070693128
0.00028822456855639723
0.0002315964868450427
0.00017979831375525206
0.00010097496917861395
0.0002772129076326829
0.00020818369525393623
0.0001099409861119786
0.0006995860011524174
0.0004561956747367998
0.0018336562163319258
0.000842499146859412
0.00012250733234277884
0.0004755920792247479
0.00012293184295565168
0.00010113348587579504
0.00037042871696373714
0.00018553493669406842
0.00030775925004220613
0.0002280079853791274
0.00015769858088991297
0.0004271652517908717
0.0002790339343336182
0.00013405853179459525
9.593539649323227e-5
0.0002548212882914652
0.000339381283671401
0.00011704111244710665
0.00039072474457806154
0.0003338712278103234
0.00034418123257638517
0.0003049991637509489
0.00020299365371429615
0.00015748115358878807
0.0002735826784422165
0.0005084989259786758
0.00012318680944622398
0.00020705599156447502
0.0006434711028505283
0.00022767671735700939
0.00021442683405662534
7.917856928793089e-5
0.00018783005651721853
0.0001081267602626802
0.00016654398124158704
0.00014848938413016604
0.00043576960900909627
0.0008021013507244305
0.00011633222516798346
0.00012436256637794271
0.0003534068592494113
0.00020833517987050247
0.0002553348891666598
0.0006642837649589136
0.00027706774214138386
0.00020185261354507692
8.913045169091738e-5
0.00022426277750470594
0.0006461091815476238
0.00015019957687123145
0.0005246920806782944
0.00022948878213520778
0.00040834652387526643
0.00010805628161291795
0.0006368226851897788
0.00017368314975579544
0.0001689823063267326
0.0002143985719145224
0.000640115084495787
0.028433106842681053
0.00131453864922639
0.0003485901011004543
0.0001762288351477265
0.00012058774438485482
0.0003307336491063232
0.00022610845383152361
0.0001301778947183987
0.00019471704595117075
0.0005356801041549492
0.00017855258609211704
0.00010513742739568527
0.00020321007822960034
0.00029597143323254263
0.00014729482893809312
0.0009922094706725714
0.0004285986022314845
0.000279044074338288
0.0004209418313805573
0.0013551679970175774
0.0006283377394295469
0.00021297443888481277
9.462576714600771e-5
0.0005226320876540542
9.224140808666118e-5
0.00013469688479216053
0.00030530428524850386
0.00020791352646343456
9.935749256959423e-5
0.00035341323360773435
0.0003143238927112419
7.518751516087965e-5
0.0006395354941027939
0.0001855742596326507
9.612541001851868e-5
0.0001901724544984523
0.0006038977781632817
0.0001882304104717425
0.00017579450177675424
0.000971256842437348
0.0003163468544947976
0.00019176794499715103
0.0003447355642270528
0.00012865035004252007
0.0001738429854160054
0.0002666212450777643
0.0011170825046103224
0.0004517525873225635
0.0002604644408391125
0.0005606081762389049
0.000501573210601408
0.0002893544472766164
0.0002310138301773526
0.0005709581313437407
0.00011741875803225256
0.0001253333859269281
0.000462694870875784
0.00018038992450276442
0.00016259541285356435
0.00048747653743587774
0.000242545010047005
0.0006098729247242748
0.00013479742468936725
0.0005389948303307577
9.77933625981462e-5
0.0003054555055904087
0.00031544256103036223
0.0003475730725423111
0.00022300229832526348
0.0006169235011475075
0.00012619995850243098
0.00024424640914033093
0.0008418980295055514
0.0001745766271713364
0.00017249238386595413
0.0007651239696376975
0.00028807475469444505
0.0002113420050065487
0.0009332237011724167
9.832581473961179e-5
0.0001041944264227789
0.0001697042249521912
0.00011991386241216428
9.004118115749286e-5
0.00020375611286471294
0.00028463224841063277
0.0012348738225145702
0.00019262160661768504
0.0003592069614322085
0.0002719791796378893
0.00039805272511940205
0.0001400529075717276
0.0002545665768341964
0.00013461431670984514
0.0005244873762037775
9.303021613979158e-5
0.0010545964703164265
0.00015664422448586842
0.00011824808723158442
0.00031956866942339443
0.00011444521925088388
0.0002452066635947266
0.00028510130149528263
0.0003528416994901433
0.0002359996194927354
0.00019933371701097183
0.000270838672561658
8.595586029106874e-5
0.00024731098288068015
0.000801687638294786
0.0001417813449947215
0.0001401174738149491
0.00025127646491487427
0.0002481846420676219
0.00017458852200412153
8.925806933376508e-5
0.00034137611675760733
0.00021745489967249228
0.00018158211125713736
0.0001389649579853955
0.00017037977529592023
9.545684489473168e-5
0.00040186017061740896
0.0003526698614505111
0.0002561029371900475
0.00029247588212263275
0.0002072002188801777
0.0003643617165456029
0.00033309255462308065
0.0002758111034988562
0.00010113011736373016
0.000557030314953288
0.00025380886943164306
0.00027722092364021667
0.000228541874198217
0.00015654490202747496
0.00011100050664012063
0.0007453792829338898
0.00041273717611042734
0.0001626835810868832
0.00034547016946690065
0.00020829677545129602
0.008943651862065305
0.00012192615083239167
8.085719900777248e-5
0.0002355105234271075
0.0002636093767483522
0.002129125112193913
0.0003146518219802129
0.00020591432717928903
0.0002589828546291781
0.00014926910515248828
0.00019835659657749515
0.0001379075388429209
0.00016271347051669517
0.00021359423959797368
0.0002833713063559316
0.00025217219166181044
0.00014369262749525623
0.00025805795715588137
0.00016538587760316255
0.00019205998609264023
8.946492278848975e-5
7.665351959900863e-5
0.0001050622514784553
0.0003166086478378557
0.0003286329804110601
0.0011313349265325411
0.0004452603076947477
0.0003128631010826349
0.00012707781023533343
0.0008397465879095552
0.00015519894010035358
0.0001918672509789384
9.408395541160243e-5
0.00017648012132746003
8.291201856256679e-5
0.00035299164936265006
0.0006251063935700464
0.00029644743614212624
0.0005035387866300824
0.00011241845343656414
9.133296850275143e-5
0.0004089942272711091
0.0006991828650551112
0.0003630382632851957
0.00027823545240147186
0.0003593991840895782
8.115013776999463e-5
0.00014837880237095397
0.00014120439169477327
0.00047097901208642887
0.00013370262322062214
0.00020443889856528255
0.0003340392533898961
0.00012183847332170841
9.896528346181631e-5
7.741163601199677e-5
0.0005051591186260767
0.00028247824115262653
0.00027729634130771235
0.0004529274973168453
0.00024174125407203778
0.00017443026361906172
0.0003836768170789145
0.0005211471918128097
0.0001557715419447751
0.0011319763899256762
0.0004644756402819738
0.0001520513518425296
0.0006496689252377748
0.00026436389775660505
0.0001241069736500868
0.0003729194373076182
0.0002108023208508278
0.00016256584440997718
0.0004257929378093523
0.00011421567448617273
0.0004013003424802616
0.00040351169906359716
0.0009976125094659962
0.00011823435278794882
0.0001833201261853667
0.00014450404362956605
0.001321366635942068
9.165474113320906e-5
0.00032458602662122554
0.0001643749067178231
0.00010267816305075624
0.00016521912581925113
0.00022813199996788542
0.00027193160940902844
0.00013597458266439074
0.0002504441014139813
0.0001781487652761417
0.00016200889749679924
0.00035469286660230206
0.00018468288498487556
0.000372278696387382
0.00023576398376664144
0.0007846534852583309
0.00012775495748473643
0.002173847278914281
0.0001376638835493163
0.0005717246324854603
0.00012849700433343561
0.00026164032402023214
0.0007591405419961751
0.0003605043828934799
0.00019373067826858277
0.0002402111666938945
9.599274885122522e-5
0.00021957859451451195
0.00014909496299971237
0.00025822950377756725
0.0002577916949397025
0.00036790038999312395
0.00030383992525994557
0.0001484194739322175
0.00013192476756808375
0.0004531513230484772
0.00017019102561272753
8.676387762443216e-5
0.0002744513025092087
0.0006141152528204869
0.0009033231924837138
0.00020256967718723559
0.0016731116061169803
0.0003532653053461515
0.0007735909653946159
0.0002477023655873471
0.0007596793353796701
0.0001637874194450791
0.000546754229705238
7.94481838941029e-5
0.0005447920657408373
0.0004973742176726833
0.0002612261855543495
0.0008561107814065064
0.00017297589597678733
0.0003775583759792162
0.00029091978673762275
9.47212205406404e-5
0.0003699692265169894
0.00025503484985460673
0.00014831915466339616
0.0004825482237051583
0.0004217559061720924
0.0006992293246355323
0.0003611841248356535
0.00021892401359838114
0.0001716545985226515
0.0002050553140031513
0.00012950860782814987
0.00020419784907441593
0.0002322403420407071
0.0001961775086438689
0.0002162569181246879
0.0003493386318155075
0.0009956168158399747
0.009660888869411868
0.00011996903978509648
0.0005254602087372809
0.0025819603187852416
9.164314496711805e-5
9.549742868520913e-5
0.001207109959182368
0.0004678705917560282
0.0002144953187386162
9.442279504213129e-5
0.00023371683685136186
0.0003051689244806162
0.0001151076418622902
0.00022070885006473642
0.00017119125482189078
0.00029215301240869703
0.00018611303596564096
0.0006734368269240389
0.0035541970651123025
9.251754589965699e-5
0.00019982968574433588
0.00029978484691869743
0.0004868990678730263
0.0003698317509249877
