0.008714364929171233
0.0025713431177978585
0.008243135599314163
0.014799809881227019
0.00726378020026449
0.011146542942356567
0.0053192434027411
0.009708295034774264
0.01164821066408801
0.005509342984471434
0.010150189378783259
0.008604047285724621
0.004178684592648491
0.005907509740475459
0.009990177095424319
0.00328719923431457
0.004814347246376036
0.011178947739740128
0.004464555270720653
0.005951359417872603
0.0073405110607936246
0.01815528499226251
0.004330059360445424
0.017931953511363553
0.05395270993865311
0.008097895841399944
0.010716062882012973
0.0039940662727844
0.005308657008459054
0.0022914787368463513
0.008204692165858188
0.006318545922634329
0.0032204063341473538
0.009310429774043144
0.025882937524027254
0.03433685959209387
0.010540335287683484
0.011076762526092227
0.052844861113272454
0.005836834487676925
0.0054752492339623605
0.005818970048189673
0.003224942137919015
0.010870675977083752
0.04124646270333761
0.010640337306558218
0.0025882877801383574
0.016812456875792338
0.0071456960878985626
0.02170748433573225
0.003831577602228099
0.11902454239852307
0.004214461578334764
0.027032096747974996
0.016578493969273203
0.007309050171117072
0.0064569242017640084
0.010189851295501541
0.0026617043799708586
0.0033093037219971196
0.01237138348447447
0.013207437496869109
0.01989335191686493
0.007302911165911829
0.004231989893901812
0.003073670097297015
0.024651849907625915
0.04273171346483921
0.008891416895765034
0.01752090342125043
0.019854177199755824
0.005763119924886186
0.020450178099100044
0.02362856484655453
0.0037962752550257475
0.008833715917467018
0.013565417153330052
0.036126517095006784
0.0062953718683219926
0.010817581537706565
0.0035291488191897926
0.03560553728683242
0.006339247574629235
0.0031368135771725806
0.007933050655195947
0.003705443915958394
0.006504764940798273
0.00875570201791027
0.014929260898357602
0.003398859305123114
0.0030137558149892613
0.009961784599730789
0.027463027760883867
0.00767860587153061
0.011669540795897623
0.004168510455448204
0.005147610254523874
0.015155543554770319
0.023870794946122875
0.0461107265586094
0.005721865699313829
0.015450647407923365
0.005053661833645893
0.022687426292422277
0.0622216507630378
0.009221849204552865
0.020131653342494973
0.008615770634561952
0.003169318820044811
0.013602649489836235
0.010117987416855916
0.005040620054996786
0.0058142582312699885
0.020052214024553462
0.002211634368019687
0.00657819442117703
0.08003178294909873
0.002468785175665992
0.015853766556743344
0.00976413589266154
0.005602442311732972
0.03723130628452138
0.012050215614043834
0.003061029338600314
0.028360048984065567
0.007914605660281487
0.005128930512182994
0.007825418311511624
0.01111554340770146
0.04920583944541833
0.010277472735889545
0.009010237260228017
0.005104701858950266
0.018618537029924838
0.029006479787706697
0.005648940078840239
0.011497922428362062
0.008323823287904904
0.011889142518792301
0.06388640632217789
0.003499972483669303
0.01886181129546504
0.04610197386782108
0.008635726019627515
0.026904109080886456
0.0018288953814847506
0.006359798265464062
0.027521081731636234
0.009298843022587551
0.016175113957576464
0.014099702115568729
0.04773483409292727
0.008884286378772888
0.009910866674330773
0.008202413401946038
0.021911238631679594
0.004440372066663731
0.005230867060045507
0.009156721788883444
0.00653428073529921
0.014488103562238692
0.028885592346938535
0.03134921932423796
0.01238803916947084
0.006987295979443148
0.0037903477584120297
0.0032739094456975776
0.016297544251242937
0.005567726163675387
0.0016943400110781153
0.004312869500417188
0.00577920748546832
0.005949869436660656
0.03732665436573255
0.008756101545795442
0.008288419856354482
0.0849475352798584
0.022424634693973093
0.004850453894209239
0.002515773282859045
0.005832264569302125
0.0035466543152589047
0.011201624648431455
0.004791341869672342
0.005066651971668589
0.003338323322430255
0.01779519026594587
0.02641738067113984
0.00816171929837721
0.009992667769640917
0.009008146312046397
0.014425585095133997
0.004429226831363357
0.013234280024367042
0.012917457102116343
0.01775167515743737
0.01076734811843284
0.012716028720353096
0.008743111488753013
0.024881973824739546
0.007420450819661824
0.006679836245624116
0.007103941913446684
0.007653761761932541
0.013182676162449112
0.0022639596230521813
0.010787242722590842
0.00284412995040329
0.005123844701862898
0.004653377627086725
0.002318746622715679
0.01953983023382251
0.036201064943678064
0.011365462162702306
0.028084785522473312
0.012917153455140402
0.010218049075631692
0.06425730485784388
0.00647771371797942
0.009384568564790363
0.002413249421124255
0.0041984753178131076
0.026981424585221403
0.006445295955453796
0.03143229834976319
0.020756454414398533
0.0029303538748577445
0.004358943108290033
0.010267399820876663
0.004717185743198772
0.010499213642050788
0.0031321348374618203
0.017759189549501363
0.12286271070397646
0.011482449315416652
0.012743402174088687
0.006330969876316334
0.0041263256750735085
0.026588945945589186
0.009908144312060127
0.01776690566573427
0.0033080259153830307
0.002362433358758666
0.004123843089133882
0.0018887190176345313
0.009110836493818587
0.003679283048981842
0.0033656407988199412
0.0065169383098171475
0.003429884015858734
0.01198682197726158
0.002433977389806245
0.0050909302280775035
0.008529966088996244
0.006022014674219201
0.015817638377284813
0.006452019264596183
0.01761786570420495
0.0028015771215268714
0.009606958399225096
0.0038465457149905445
0.0026553223419865588
0.0061916738653163845
0.009742849747459814
0.0020931154761150376
0.016157603997259275
0.02759341431796833
0.08017309618289441
0.0047405141519520615
0.06534571883855787
0.013142838379733568
0.006582692277378988
0.019042830136246712
0.004750308790680148
0.002396119052530787
0.010313201564001276
0.0042405875776258895
0.005298934948460681
0.006152764933320605
0.007489362387072103
0.02503438404646563
0.004017724823702145
0.015335519334722167
0.03134065403626714
0.023412927768267575
0.0067625002415863346
0.006709790260877111
0.015368373747088996
0.03584874279278385
0.011038305610410007
0.016689365580427825
0.014609052929494938
0.008414130000717859
0.002350355093594193
0.014255705894772146
0.024209934530246575
0.016960452434023592
0.004102007840901608
0.0039849423699620905
0.006071266849876553
0.011467768499046615
0.1863858677634313
0.05752328624754844
0.007776563286396937
0.010667577597759341
0.0043414879015745865
0.00879801908740244
0.022945438251564337
0.00874911972630506
0.009175504702681138
0.0030790696517827864
0.00731124585838972
0.004929809205749523
0.012475460824113197
0.029921036241423962
0.010222532471829868
0.013008755388217096
0.048974947192678864
0.006033271037340491
0.006184836876238634
0.005093021342629012
0.028150956077428697
0.006023976225839339
0.0013720490178296555
0.005272715505890387
0.025381174346055184
0.010581937423260556
0.002719706408161447
0.002512912386345317
0.013647228308453815
0.022759570705260353
0.004478022345651764
0.04279471284355584
0.001640915678880211
0.014420743175697949
0.008185615566601908
0.006121053331267013
0.003293098825248633
0.015270857541738514
0.03773938576860532
0.007273175765781535
0.01035921381391535
0.006288966625846682
0.039259737635462776
0.01541932240013945
0.001439239504586504
0.022521401496689086
0.00691009092106807
0.017250318697485823
0.003235696128634252
0.01209636527480501
0.006552926380076095
0.0037075921327764353
0.006139709855327309
0.0065441380247863844
0.0020482243784816375
0.011539309032021765
0.01078960500217268
0.009594279266769501
0.0056587825733508176
0.05319872882263447
0.0515900894533722
0.0044923170764250234
0.008996147139310027
0.004489404937958395
0.0084887898592445
0.01189002410595372
0.004434964282541597
0.012060394818493442
0.003025642566560096
0.0020452466169361846
0.017664019015291396
0.0029127365427630463
0.02135229647390653
0.0028229791030730178
0.01703309482907491
0.03491402739903625
0.010117379537124454
0.011796401363244004
0.011301300209548292
0.004114837992315483
0.00747075135026276
0.07267114644606774
0.00957396660067785
0.024823043287870782
0.005789534192687913
0.15923536637362695
0.0016678382434317568
0.004850440676583302
0.0014874206312002506
0.0031488251948275023
0.0031606208414589787
0.08657252754672234
0.015624115708103606
0.032286886977077066
0.002831361530260116
0.011404513791456086
0.02912312237134134
0.013618118152936213
0.002470671603783522
0.07389659467274991
0.00656325471419448
0.015212637553401468
0.022541777642404722
0.0031988158018400404
0.00838833670759672
0.008531521378909994
0.030389174541237646
0.025718180200320646
0.0629330558997096
0.0025159261240726644
0.020471817490539463
0.004237166959409824
0.017759714504580866
0.0036777706480064527
0.004138623697408047
0.0026525717749810783
0.004804761073074807
0.018478136136270588
0.005527601743017879
0.017932632180702766
0.0015541575434345613
0.01416086581778766
0.0035954689647096226
0.00608379254931672
0.005472939830935924
0.01045767494690697
0.008004942642379644
0.012279450569603745
0.00794354553847192
0.013225099842787089
0.02032220100408529
0.007702590262978958
0.0018342803825553162
0.1095426378738902
0.009524377713472542
0.016689264381305823
0.012813580094222673
0.010023864668852009
0.02441522634208296
0.002003515163159588
0.00954646998751937
0.007178544587357214
0.0036610627971723647
0.03759769062293902
0.04677766015148608
0.008837856274800491
0.03415108954888831
0.013657453987405614
0.0077277415538847
0.004783874275131471
0.0036725107450930813
0.0027292897574589824
0.02732234154783332
0.012187942483330542
0.19038877948077756
0.016792437517749073
0.0017103802203121653
0.005253448981480684
0.03620470134209187
0.021271750247801827
0.008080344175735978
0.02823642046796495
0.004933362046246538
0.007779946780718638
0.00429085651236597
0.022984214471305067
0.004415612837444245
0.003309247336446762
0.012854636734435227
0.01307102388398676
0.07286255317455759
0.0044683708632239005
0.018528366609011325
0.03534156654974756
0.006938758455813706
0.006480125444884658
0.12442082438697807
0.004057890670340858
0.001872280366448812
0.023262763136632333
0.017132617508930102
0.012016323292388097
0.013088775098874749
0.013059647791285892
0.004428012797484173
0.008268795917776357
0.015473312225634885
0.045516727273566
0.01181039377871201
0.004796929626484838
0.008585942646152141
0.00629207338521983
0.0138578516709639
0.03006627533712348
0.015044815312897176
0.0036882027667754667
0.01113479061411006
0.01650853257154119
0.007930407256021423
0.012785510601001599
0.005185055003048275
0.0038095746685557234
0.01335528371661111
0.008686514341789641
0.013538808265269214
0.0037798270202543563
0.005958086647069068
0.005140465668284317
0.005279113777302012
0.003193985385046394
0.004378001131046454
0.009489796336724381
0.008138021478959992
0.028339807228804543
0.025890758912163248
0.008438964822609005
0.019229086878122876
0.003380539163727976
0.006152795686937561
0.053245941778599495
0.004622729549849605
0.012152032840511596
0.013534992204255488
0.013527975881416243
0.032025997987022624
0.0039383346199337475
0.015428339124931677
0.005425789080161781
0.01833566836272432
0.03313115634830343
0.00938124549875943
0.002287876915871187
0.010069158731914689
0.01660893741573412
0.016393631612423187
0.004278454125536245
0.021435032569637767
0.02070236261019388
0.004271790766194801
0.009561941520124252
0.018808610998904834
0.004972112359418832
0.009498238786487015
0.05499251585993307
0.009080321519100733
0.012813475774939987
0.010708161066814534
0.010243138307885351
0.0038623346220864885
0.026620452463619233
0.030798214248452013
0.011925951271758292
0.0071263480356616934
0.02212577613399077
0.008211764254971237
0.009011874313648341
0.01181602584016105
0.004401138950574929
0.01776047196384482
0.008815825246224193
0.016161186022601942
0.008980311256321314
0.00307006649498827
0.0020703546417356615
0.002455257438826863
0.08044730992436158
0.004442334909323753
0.008621649872013006
0.01272500411378133
0.003977563264601896
0.005056548881035873
0.003584596695091457
0.037935049639522586
0.0089344442555779
0.003687046735867085
0.011998336683117521
0.001904439544771853
0.016688950572995076
0.024276238613945896
0.033190060867561
0.013967944221918686
0.007461544284801445
0.0057178230937609195
0.01844736152079319
0.005566296800308103
0.009715564705968854
0.017529548348249255
0.007787688113055982
0.055746321647242025
0.021562857867040344
0.035767862950370655
0.003814392881239091
0.009367510721831045
0.0031120506674445275
0.004143956669708414
0.0045454841882783545
0.003716734879822967
0.011626190070676033
0.019416600664261218
0.002838081766076114
0.015688042580690165
0.006938904400875004
0.007088316745673788
0.00411679653376195
0.008681125695363643
0.0026553634990562967
0.0012886217354990792
0.03091409525022272
0.014182443498607474
0.0037252889937559206
0.003638755791273225
0.02239476433626169
0.0031695912539340767
0.004319300596820505
0.05582791962827266
0.018812063504939976
0.004545316272176552
0.012874318022348685
0.025020155637983998
0.0013530847412136229
0.31382399350619805
0.005326730548327021
0.005306686903349136
0.01867114593450639
0.00494182731957093
0.0020663896319242227
0.027501278362946215
0.005400540144877413
0.015238315175591285
0.02497381226295524
0.0037430604764504298
0.023021667607740066
0.01937281276933195
0.0312493953204039
0.027582296410755314
0.014993528509875212
0.005719482770017896
0.014702343937204826
0.010210588525826967
0.006979050646440759
0.023294098384795153
0.007541285246849023
0.002621772599869862
0.022115170426440435
0.015761535665533698
0.007779582890475183
0.006376851776071769
0.00849312663257569
0.0027053130414509763
0.015007029733124302
0.003057103897550026
0.012278383861058947
0.00620055979779848
0.04976553242595222
0.06461171918914281
0.026764727953015734
0.0019586978119426456
0.0035000910740984005
0.005283087280302332
0.013216202219027822
0.1753851019859015
0.014203785723929324
0.006106800453727674
0.008539872206507322
0.009113016628165169
0.0116975936544772
0.0037133396542389173
0.011436684345718207
0.006401117985736894
0.0033630156716585222
0.020392965278500264
0.005711730741842286
0.004949334768671976
0.0070413597859445886
0.0022101553401614967
0.011286544797881944
0.001089323711850391
0.01840230860534425
0.0023598318283969658
0.003157746495674891
0.0039062327310954393
0.004143582327033878
0.0025429597183856756
0.027379365081141728
0.02224164405544109
0.018768890260378934
0.004767641827223471
0.003717464068448351
0.07618408817547868
0.014339581489945703
0.007544590013556512
0.013393961541197544
0.0031064919621960605
0.011344167288996843
0.0017441591679871688
0.013624859887007392
0.001655195121968707
0.01691075927865519
0.003679335995800985
0.0030126154031708528
0.00196337848098775
0.02553074456719012
0.004421752020828761
0.014020214542075918
0.011472255491752471
0.007285153405745085
0.0035595078985775205
0.007536950120742092
0.00909862054401928
0.020283793689733078
0.01173076397681545
0.033016076366416326
0.020577918805288708
0.011881156187064229
0.0037441554849807373
0.02510250244775101
0.0026847527352969625
0.012796132606644419
0.008863103244928333
0.013441429701624414
0.005271492136048876
0.00776567659191529
0.0030346603295762346
0.023830126551040554
0.003972222146879626
0.00470510538487874
0.051003398582678605
0.015004355140983599
0.002768574790316682
0.01732475010125598
0.011302623858604779
0.02539281124266674
0.024572640271697928
0.0010855337463050836
0.003766650306242184
0.021634440263865132
0.00350762709007366
0.006414957795071117
0.009369311355000146
0.10366365061571181
0.05581234156163994
0.00706731879438502
0.021103078677856883
0.011742209963073682
0.001719429452453113
0.011344828357608487
0.003103285314920648
0.008673594489397493
0.002256096412027099
0.023915025328668602
0.01726724852365863
0.013959622092330322
0.047510890156016575
0.003913230023296178
0.0027997863038984787
0.006133202485093253
0.012011603189260854
0.02242663753699941
0.001488961929894622
0.013679915260257768
0.002255422569886371
0.009775221104281143
0.09866557677530048
0.013588610383216968
0.012793835334806991
0.011381074738900838
0.020033050815800958
0.02694961653017932
0.001696958838249965
0.005073751723115749
0.0050803742784812774
0.01962231110141039
0.0016685860513514766
0.0023065381270209995
0.022780859120336363
0.0029320367852192766
0.027929458130488253
0.006590675718512825
0.0016040127783661087
0.02662171368093738
0.0022688012997918294
0.009263854195224373
0.012554817333553679
0.006524908942853285
0.012283637325143504
0.006620390713871693
0.004096242754699489
0.010486947928909644
0.011474611894015179
0.004764783549715907
0.0066147889133100915
0.014970271751395212
0.005819787709211818
0.0029171277650274145
0.015288763178996962
0.008325115976889869
0.0064299927763707045
0.038196252495573124
0.05771998078852828
0.0027049239717862627
0.0034587658602817017
0.00669165580761627
0.004336485479370267
0.013332435536153582
0.007947746159668144
0.002354152697706223
0.08483925469214701
0.004330716244140937
0.007742150792156156
0.0028017658086767626
0.021180204739530254
0.011092415120446671
0.012191516871947031
0.00891744856497615
0.007827293764128468
0.01516687281752562
0.008795258046085327
0.027098733716538512
0.01986704309363592
0.0033331255707308837
0.009863872650798834
0.00335593598267956
0.006511585059157007
0.002201175463404821
0.013445243673900075
0.0039006963836630886
0.014540132175216929
0.0017778330162459596
0.022532008689813383
0.017025340040279592
0.04814673933204176
0.002534765603679776
0.006488296169877108
0.01058578542930432
0.11607074562233793
0.005751111539643853
0.016926905697744094
0.01819218097124051
0.02179254126804512
0.019749692819527535
0.0019935199930046993
0.008688641918605014
0.05619977824930471
0.015022023721294
0.004055751215544655
0.036835473082590275
0.005942301355144946
0.06751804578108007
0.08268047479086964
0.04951519499988241
0.014739888069913642
0.03395122869267792
0.0014903384045130029
0.005009470308549223
0.03401164755468455
0.05058056394618828
0.003841864961183117
0.004285078442431399
0.005764597099478647
0.00514492670938479
0.03202017707728675
0.04471394887078898
0.007709334310575903
0.010392321784992328
0.001856112457491715
0.0021745804112583518
0.00782271657269053
0.004214945304210034
0.013869240607832452
0.003663961528086582
0.0033850010297772196
0.0074834287331578715
0.015939210206118142
0.004196829290829439
0.027468963502406858
0.03200216773266423
0.04957311752106675
0.0020444473390545796
0.003958840599002139
0.004913439510366831
0.02138189012628228
0.019189912504818163
0.004976212714526871
0.015694446276478844
0.09016121326554134
0.0053563029896104624
0.024261220966947487
0.0025802770755112172
0.009795109042404578
0.01742155600950263
0.010548771897379353
0.007443630770705785
0.006810107434056805
0.010247884044004115
0.0019385618992764824
0.006056879349647238
0.006202061129659618
0.05536075770469727
0.007212849340624001
0.07574274673878888
0.0026622828388513896
0.00504737824452164
0.002246834362912578
0.03880235731403738
0.002865190552060602
0.013002659226746755
0.030587377173605147
0.0033993655739726664
0.006783809557376806
0.0033253813875871044
0.007642414456263618
0.007172640216693155
0.007233988917640739
0.032237122973749616
0.003278000641717295
0.03355105043981646
0.006395422903661633
0.0031177781262963955
0.004354878640202927
0.006781065403830475
0.0037922891481192616
0.003338207416377393
0.027785623756879124
0.00432369729533315
0.0015661118717712726
0.01906852361476676
0.008211689938920911
0.024533708178721844
0.021044706292868847
0.018019609488891444
0.006227030751210975
0.003435841960309177
0.022869255478315212
0.02462692710520027
0.0038967259255229688
0.01618751415949223
0.009699224504016009
0.002814811286541397
0.006379873954654859
0.010309590755863053
0.010588175748218182
0.009709888947286688
0.0017230954282088568
0.0062932803924451095
0.0018594128540744968
0.011134595465054332
0.025605846023620465
0.023855946541511963
0.015498331541399195
0.03437629566389236
0.009955769945656927
0.09502602719683684
0.004711924778575947
0.006704547072378899
0.004284531564350193
0.017787169087603475
0.010645223182442312
0.02308461023346894
0.0030781684885039817
0.08598936555498325
0.031930995213675074
0.009779758160414893
0.007126265039449456
0.004748530725838287
0.003988584905876842
0.003304078160536443
0.015889549106971258
0.026271748692851402
0.024812050437500066
0.003986594957698578
0.06455156087967849
0.0829872499494324
0.003883611166858138
0.018573376999400325
0.019007059019349397
0.021557354846183843
0.007501909389438949
0.005540642379400664
0.04314412221142215
0.013392896658357146
0.0029690003531820863
0.031394432804594245
0.06533316833802182
0.01797184503710662
0.002852599626455788
0.021598591112131738
0.0037692817861601923
0.044479578863988296
0.04067660792099082
0.007484834769830208
0.0013524852311474762
0.022613213753473197
0.004068910808705844
0.0036787423562290715
0.003208742135591158
0.014116220750737634
0.0021469984154177417
0.0024520138544067284
0.0098361035612613
