1.541766006998273e-26
2.561739929112517e-17
3.8234900808980105e-24
6.611819092855373e-25
2.2087862891962134e-23
8.426347347058427e-26
5.0075542371183774e-23
1.236265738257706e-18
6.950246674345261e-26
4.054136585117472e-18
1.013848858595324e-8
1.6036144473155864e-16
3.0266443787008234e-7
7.034747141482596e-22
2.7843113271659976e-24
7.331146595612209e-25
1.4850706614137302e-7
3.588907941012294e-23
1.0871294715759253e-22
6.856240347096425e-9
4.832982791977187e-20
4.451324247803577e-16
2.4800253178797125e-24
5.343131458701497e-24
8.896737396882455e-25
5.655522522084131e-9
9.179075635213985e-27
1.18993536512594e-24
1.756484341699017e-25
8.123275024399805e-25
1.1192906139946692e-17
6.3792869728048015e-25
1.667795614976647e-26
5.618670078039251e-8
7.853721080030866e-26
3.2468246631699886e-24
1.788173721288785e-24
6.348705932197939e-19
5.6978893759081554e-24
1.4376023920039908e-26
5.665971232915304e-25
6.141892269630646e-26
3.4559977623296906e-7
1.4510807369663694e-23
2.5450567448633805e-24
2.4184432368245068e-26
1.170029865194706e-24
1.3232290954537013e-16
3.574535876703612e-26
2.1410790368527804e-22
6.6151338973650695e-24
3.4537087366797547e-9
7.85613317097166e-24
1.729579711405606e-23
3.0293423711596826e-26
1.7964024098421274e-8
1.2138097426697252e-17
1.2182799530337609e-23
8.477599815066048e-26
7.066122742745317e-17
4.4197583568493946e-26
1.212106550331306e-7
4.641034296648445e-9
4.87973687477182e-8
1.4501287146283527e-9
1.487526067034922e-8
2.3073454044373656e-14
4.480877062213018e-9
1.0350596605754374e-24
8.85170959904772e-17
2.795988684724289e-26
5.9522734405170795e-9
2.152222541892246e-18
2.146466246150562e-25
1.9410609777242099e-16
1.2638334403465545e-23
3.6353328399491177e-26
3.778555224453145e-25
3.2848610849161198e-25
1.8435856609216466e-23
3.19548789628963e-16
9.249908334144618e-23
5.2002096167974644e-21
2.2666274711333106e-26
6.694801177193779e-9
2.415490819559023e-24
6.580630348827806e-6
3.7742093770262067e-7
3.3037555731483314e-24
1.1618388858314618e-26
1.4835200462448318e-26
2.0810868267345353e-24
2.4401721993151197e-25
5.7285637060777125e-18
5.684987398612888e-24
2.042933391435442e-26
2.319157819417371e-25
1.724681071429998e-26
1.3818815755376607e-22
2.48238614877101e-7
2.0836340898296014e-26
1.6855532882537087e-26
3.934425864358732e-7
2.266051230525712e-9
1.5655061088764493e-8
4.630190571273694e-25
9.190174150899213e-24
9.977288616328652e-23
3.227666898078495e-17
1.4158380304354952e-7
1.7243927805185635e-24
1.5931406583314596e-18
3.655968017293867e-17
1.0777800168910412e-14
1.0674374797862433e-26
1.3348559280174354e-18
1.0368089373841411e-20
2.1256073496228663e-26
3.0593326736465545e-18
6.116111468928119e-25
1.005513010519825e-8
2.081789820432844e-25
1.626584423934866e-9
7.509747150071521e-27
2.2632578800409654e-24
3.4235136100712926e-22
1.2276987396180477e-25
5.2518634077817964e-24
1.9141521556624125e-17
5.128086862784303e-9
3.2596016535445517e-15
5.581661551746333e-9
3.708282013913625e-26
6.371534448907144e-18
3.6603837385340365e-24
4.657608231363465e-26
7.383039341048382e-25
3.772525157012061e-7
1.509934776131657e-7
1.985643921338356e-18
2.5073015507436083e-25
1.3408020670578857e-24
3.243183812478113e-9
8.398120547842386e-24
1.506689663806334e-18
2.1408274160642095e-17
6.625314667607166e-17
3.4753003647952777e-25
8.272236848170329e-8
9.985492065628674e-7
5.336606443167664e-19
3.6654071572003144e-9
2.754883149053216e-16
9.2791978309114e-25
6.026901720487396e-25
1.6895856413884662e-22
8.261851612060617e-21
3.583387833363693e-26
2.958580938497623e-25
7.762703190685096e-25
9.431817843333393e-25
1.3651510814726355e-24
1.607001102620887e-24
3.3333937225418894e-26
9.593907138120134e-25
7.919875560374002e-19
9.272937570980434e-25
2.769431487778018e-24
1.1329467384607133e-5
1.0593481473634049e-17
1.702498972777608e-8
7.817152890421345e-9
1.1814997586856135e-6
8.242288622368669e-27
2.82899514297296e-24
1.5494398461824902e-26
5.659395806298665e-9
3.01897473202849e-24
2.6339159451607435e-18
5.603312924270325e-26
9.197526669461888e-18
5.653097738333385e-25
2.8178244502141e-26
1.828014944578959e-8
5.31253893066871e-24
1.801723280681276e-25
1.8994066152173782e-25
4.8608518524145616e-26
2.1311038725778832e-25
5.792570676302824e-19
2.0411712538826487e-24
9.064057203919771e-24
1.1780428816805915e-23
1.323916265406267e-23
1.884929410145985e-6
1.8922792606207476e-24
2.0755047734875702e-26
3.4621010439468086e-25
1.336382406414188e-8
5.627596964014508e-8
3.7375012680291035e-25
6.233424704841816e-26
1.3110080800581676e-17
4.37762890721453e-23
2.615024669678006e-25
4.3857856524932e-25
1.4722838564087132e-7
7.149406884568452e-25
1.1719158520889037e-8
3.2019838477081016e-25
7.723156733804077e-19
6.673362373922878e-18
7.069777546562544e-16
9.62340940800536e-19
1.0586827420686672e-18
6.521655761931081e-8
3.9818284646222682e-25
1.4537155827687553e-17
9.608849028716506e-27
1.2404454253487701e-20
2.686563437588662e-25
4.188751245935835e-18
1.3568087812102619e-25
3.8543398407958437e-26
1.0093523683875144e-17
1.093803191158263e-24
6.232757970788858e-8
2.3624076594744617e-26
2.21977981373826e-8
4.6039793506829825e-26
1.922868098932483e-17
2.197721486609992e-26
1.5722477091083754e-5
7.58208264902608e-18
4.442401399286369e-25
1.750346042897633e-8
2.0011809741336686e-17
6.434280241964396e-9
1.1471310464960121e-17
5.395873825882096e-19
4.987240812931203e-19
2.36319206376009e-8
1.8519891975083648e-25
5.4949359946651356e-18
4.961420425391839e-25
6.2777663704258225e-25
2.0957582084691484e-23
1.0235200783488976e-24
2.434017681106431e-8
2.0199513245631824e-24
1.4917636009408356e-25
2.5030094662303582e-25
7.969876700254584e-19
2.2230437390326007e-25
3.688162555578505e-25
9.478149614637542e-9
2.1884044844121216e-26
1.6504823707554338e-26
1.721789713199665e-24
9.57552918960996e-19
1.505141463324475e-23
4.5086763334147963e-23
6.935984806931429e-24
1.2828344871460308e-24
4.345911272743593e-19
2.8965563552295877e-24
1.3854973148555346e-25
2.6748119885742485e-9
3.72226413468494e-19
7.247604538171536e-25
2.3186317130009663e-23
1.1602743535037542e-8
9.769037897410619e-9
2.4106808393634077e-24
2.785464448263075e-25
1.6798186939433078e-23
9.35207792303217e-18
1.5606437607060536e-23
9.016894623785878e-27
2.806658903424074e-26
7.895528503843056e-23
2.807127709311046e-18
4.436358434025578e-26
1.8804314735480894e-25
3.826795664879837e-25
4.327156204607228e-18
4.0242232660406595e-18
2.124514589972433e-26
6.325523414115205e-23
2.937267109085838e-26
1.512372686110398e-7
1.506350865406239e-26
2.956602911530732e-17
1.4422945840213231e-24
1.141139654940127e-26
5.367220740379598e-18
7.081485612335322e-24
1.1843956403600401e-17
4.9509926931176203e-26
8.303532452323126e-6
1.3287691789816174e-22
9.952937066922981e-26
2.3497010671415947e-8
1.6238417668505845e-18
5.611427934945121e-25
1.2321158997961906e-16
5.467114740482427e-25
2.226931889429122e-24
6.875943496686468e-27
1.468315013390446e-24
1.2432652437232736e-17
3.109147860463287e-25
6.729563963450723e-19
5.080556785000784e-26
2.3198263801596276e-22
1.7713990420573112e-22
3.7579048250932276e-24
7.188216091498458e-24
6.52239429701953e-23
1.0488103040332856e-24
2.636838654861122e-8
9.745465138788068e-26
2.768824513846429e-22
1.3643029311706694e-24
2.9112771182394358e-8
2.5710664294026588e-25
2.2919812459945186e-24
3.991159246204504e-22
9.830329661941787e-15
5.328587320220123e-25
2.6345837121148438e-17
3.584171419388245e-26
4.7050058073578236e-24
8.900605457090392e-25
1.0064480221165723e-25
2.5864671899974548e-21
3.6620705643540875e-25
2.0005276085469186e-8
1.6350077803717642e-22
4.493444547938314e-25
8.243167536807482e-26
1.0085073248613432e-21
1.011235552502783e-24
5.210056892473803e-24
1.1885277529150843e-22
7.821322061842717e-24
1.3402874971728135e-22
1.3946773011578799e-24
2.9079573921978603e-25
1.3595482421527682e-25
1.5261268942745803e-25
4.1001867281672697e-25
6.141363344068286e-26
3.924195792480877e-23
1.971999231608691e-8
1.1249282281965622e-22
3.122307518998495e-25
2.036149491726857e-7
8.834900052228986e-21
4.6078262048706014e-26
2.545075778010783e-26
1.3841479386638828e-18
1.850928009481032e-26
7.1166508824337465e-25
1.0881796595390217e-6
7.18077911999551e-26
1.4129785444190242e-24
3.290427971409099e-26
4.928874019771377e-22
2.2714012445337065e-24
1.0089481132428592e-24
1.2400677654417417e-23
1.386797149445478e-26
8.880918177152448e-23
7.123066243186441e-27
2.1447044627827133e-26
1.7074205650206384e-22
1.1406964987293412e-24
3.2901079985382467e-24
5.1037671161059854e-26
8.144629802477927e-27
3.2415470465557715e-27
5.409985000927476e-17
1.1522272508887964e-25
2.020630865154595e-24
1.4154219015282441e-26
7.956236681988506e-9
4.490843785430139e-24
1.4418654507369498e-25
3.564175386664264e-25
3.245390813860962e-25
1.2029968441468554e-18
9.263529025348971e-26
8.893503383364951e-26
1.4756469263697235e-24
5.213765122110283e-25
3.7789517466989836e-18
4.4573738901555556e-26
3.3460888402801096e-26
1.4592780757504025e-23
2.2853297164685708e-9
4.7226436050005346e-27
1.9699498991333915e-25
3.7961514607902867e-26
7.241487721767695e-26
3.5365857504967056e-25
2.7356983878108374e-25
2.4146578777171965e-24
4.184486095591705e-25
2.6137769443716605e-27
3.268729989379052e-25
3.873092539761481e-25
2.918562756956384e-23
1.4720107062925256e-25
6.330654456650011e-26
2.9500563630989953e-18
6.89994987011387e-26
2.7313927320000472e-17
1.0451100250124634e-26
4.121250289098795e-24
3.2304333397539127e-25
6.813266307124152e-24
2.636607112763747e-25
1.9321789833124384e-24
5.553153048461641e-26
3.9623494960557925e-25
5.582260119705428e-9
4.767889435268916e-16
1.4191505707401343e-26
1.125255551384367e-23
1.3607548508765512e-23
5.415263321642253e-24
5.108131125893566e-26
3.477839657179249e-23
4.5959305047211665e-25
1.265275611323322e-25
2.011392734945834e-25
5.5626936758605864e-24
8.050844755433451e-19
7.960688241861678e-19
8.978894831030769e-7
3.1412083869015804e-27
8.313290107365965e-27
8.381197682999588e-25
4.826558246756527e-26
2.753446067512677e-7
6.164283113843713e-7
9.366148712232891e-26
6.719653497150455e-25
1.5276448533912482e-26
7.989167063155365e-6
5.045634036592967e-9
2.834158074711677e-25
1.5297680480954276e-26
4.261185058854521e-19
1.2689252861269474e-23
3.702381651101897e-26
1.1110209616078782e-26
7.626133522080879e-23
2.0922400738701773e-8
1.187019446803237e-26
2.547787327733902e-24
8.167511290724274e-17
5.39767055013836e-26
7.300642442906278e-9
2.7568525075794705e-6
3.5588093865152626e-24
4.2055738949969824e-24
1.5464478722174358e-24
2.8261842208554277e-24
2.2148441611857074e-26
4.28883501025125e-9
8.31062508618786e-19
6.196897616369555e-16
9.262744886423892e-18
7.263328124840662e-27
6.618387678753874e-23
9.859290603003114e-27
2.8500960985972136e-24
2.4899284495786958e-26
2.12542506940717e-9
4.78438486318427e-25
6.867011605675885e-26
3.851310274589302e-25
5.829849686734053e-26
1.416578682861897e-23
3.2166486150188234e-23
2.024321516864223e-21
1.0452865228102856e-26
2.619342948011897e-25
1.8063011863052658e-22
5.726077510611579e-24
9.764724443359132e-27
2.2599333271777642e-26
1.3156537931830166e-23
4.940573559832895e-27
3.91592376609332e-26
8.563283276201094e-20
3.417257448335611e-24
2.625225623909725e-26
4.148641107372989e-22
1.0136872297847206e-17
6.744533623346095e-9
4.534175789483963e-27
1.1810587714155488e-16
2.6784344029424276e-24
4.833680203379594e-27
4.667100692313565e-25
7.440773419185197e-27
3.1316613434261803e-18
9.807065498762732e-24
3.9928453185385736e-26
1.647203855501018e-26
7.569265738990943e-24
5.2068990389565034e-27
2.5313045614714386e-27
8.40401610439136e-24
6.261806670993057e-25
4.100102911198204e-26
7.094638938114731e-18
3.719384810962678e-21
7.575746688415954e-25
7.008648759689527e-8
4.022995196414535e-20
2.5148942321958274e-27
1.603039097417788e-23
6.480395935397561e-27
2.47569586755613e-25
7.393476227326806e-18
5.809108542457552e-27
6.160780387298228e-26
1.4140860194722033e-25
5.379512105346408e-16
2.7269966772373095e-17
3.866998891608938e-26
3.9043920276343624e-16
1.115082883112158e-23
1.848773033415044e-26
2.8420806002423402e-8
3.241729502309276e-7
2.1411492460713836e-26
5.8983972885878906e-27
5.194709852447619e-26
1.0194419240651323e-26
4.779026836679797e-25
1.5326883989246685e-25
1.1498451140966045e-25
4.968661511523799e-25
3.488461310771807e-25
1.2023562463614819e-24
5.282933633432895e-27
4.70769662190084e-27
1.6577880487144867e-17
1.3735892702753535e-24
4.0213229915688556e-26
1.1270363218376085e-24
1.0145659715745471e-26
4.689031398694478e-25
5.9189886642400665e-24
1.2518825943964235e-25
2.0608823920181804e-25
5.1868482610910344e-23
5.221132759202484e-27
2.9036820096145845e-21
3.19277081647658e-26
6.480339822725715e-27
8.972984624555011e-25
4.5788987286721465e-24
3.7820088766952976e-26
1.1969698872078177e-22
1.1842293749585249e-24
5.992913456997237e-24
2.167667716281309e-25
1.1693749405020688e-25
3.8364253025819036e-20
2.778923456377227e-12
9.036066829352894e-27
3.6376861546643986e-23
3.759569223343983e-27
3.224598988563228e-26
1.7282415599163583e-25
1.754486505074142e-23
1.1906581362039388e-24
2.5105365664206603e-24
3.8935017898336e-24
1.3046368310497042e-7
2.2065662857521834e-7
1.0
3.9901553746278206e-22
5.44581208625925e-27
8.056974536366439e-25
1.7967058494191164e-25
4.049328531539874e-24
2.1929681040456082e-16
3.909123282584978e-7
5.725005023724035e-16
5.37492810741826e-26
2.924523553273374e-23
3.2420183461483453e-25
5.38769431932637e-23
4.353660693804575e-26
3.412920896906562e-8
2.0990376750566618e-23
9.42172082604499e-23
7.304861459051984e-5
1.817891487483238e-20
2.547134744404609e-25
1.4046353917960558e-23
1.012306810348298e-25
1.3087870740103487e-25
4.985950354965161e-27
1.7246371851035604e-26
3.3609846390637596e-25
1.4880800820346035e-25
4.53898244833065e-27
1.950351212586494e-25
2.2501309721679987e-25
9.273929323827332e-24
2.4070045222621135e-26
1.2572698319644728e-26
1.276416355623526e-22
3.719299925992044e-16
2.6127517826576033e-25
1.7484976751156723e-26
2.87524374872567e-20
1.7227749478415038e-8
6.06122582262911e-25
4.1816643427877694e-24
1.7090087049941646e-8
1.5005431386592848e-6
3.507505109166479e-25
2.661099225522395e-24
3.0385237954761875e-24
1.5385607610545723e-24
1.1837431645083643e-25
4.521935065301831e-25
6.418387216167074e-27
1.3533872763833392e-26
1.0391896906338665e-23
4.3821339405263127e-26
1.3334818104709968e-24
7.993240828192952e-26
5.504357858887305e-23
3.481339911280231e-26
1.2149183834336104e-25
2.5321871280250634e-24
3.873992032027405e-23
1.0677520230085027e-23
8.503905109198638e-27
6.716259610900894e-27
4.871884548640096e-27
2.3130421843712404e-25
1.7125716929315518e-26
1.4765925950163699e-24
4.140378152980977e-27
1.5914017453832604e-26
1.2114103248484786e-24
1.3781955962860121e-25
5.693413839028477e-25
4.291812070864771e-27
1.2060910733153103e-23
5.723415676099284e-26
2.1251970924711905e-8
6.907399121569162e-27
1.8780452593564327e-26
2.029869067151956e-19
7.223597132040588e-27
4.968990181528687e-8
1.942191864279602e-23
7.31589523212497e-24
4.993254800572107e-26
6.5342304583389135e-25
1.702964701993577e-24
2.7215694717292724e-21
1.2806661314730198e-23
1.1149086239939796e-7
2.5420264189037822e-26
2.9818926527086514e-26
3.8308607041893065e-25
1.2234363425356436e-24
1.2513647180168364e-26
6.420122697789996e-25
1.3254594856387268e-23
3.2623923147504184e-18
1.4270935504387774e-17
1.2772840512209628e-24
7.049920696112679e-24
1.2896509694120605e-20
6.339091219684301e-26
4.9751516495930725e-18
8.237644409849733e-24
2.641226229272838e-26
6.262021193761328e-25
3.870296145415916e-25
1.4033218528445834e-26
8.609140947436074e-26
1.30179827597518e-26
7.0308217495031e-26
1.0542028402694438e-26
1.388997931752451e-26
6.917844848943921e-22
3.167601409715537e-26
7.551482690825337e-24
2.2147647563317436e-25
1.2778972502858869e-24
4.167652599690593e-26
1.6218044594791145e-26
6.491757981492804e-26
2.073926164711087e-22
2.82187613607614e-18
1.1630166011747482e-26
1.6551477531917303e-26
1.1818293463441395e-26
2.755675389001176e-26
4.464905127585408e-27
4.3786103561118737e-26
2.960783748522865e-27
1.0933491454385774e-23
8.739414200845006e-23
9.149108640107219e-26
2.4950963376051128e-24
2.2689189916267475e-18
5.279267078392157e-26
6.291825088079839e-27
9.224756374373369e-27
3.016728817082548e-25
2.9330379766281175e-26
1.7139733194335933e-22
7.610607478411005e-26
6.461770334605342e-22
7.226196689299465e-27
4.010669948018412e-24
6.933217263803414e-26
9.037384905012085e-27
2.501574336568263e-25
3.6460658745511476e-24
1.4148093379295196e-23
7.710287629711298e-7
2.0144857381553827e-23
3.790821914548334e-27
2.13241821952012e-26
8.789820341647165e-23
7.547321110937106e-26
4.562917363757034e-25
1.4164466560500187e-23
1.3826723215770566e-6
3.5766572385938816e-25
2.161745795661245e-26
8.471481370461633e-15
4.8734087787652495e-24
2.989651232843333e-26
3.921759563423139e-27
8.872402555569169e-25
3.8279167514222214e-25
9.043004717589089e-26
6.039415045750046e-26
1.497551182749471e-24
3.2288082316284006e-8
8.271221844522723e-26
9.922061621077057e-26
1.1604735096092384e-25
2.2770278029099022e-23
6.038124557949433e-25
9.34631413062214e-26
5.809891290586011e-27
1.8897995323714043e-26
1.8908323783714905e-25
5.768194947429763e-26
8.650647340544839e-25
3.3821066722065584e-25
5.29818071012338e-19
1.4013878454295908e-18
1.2114421003797443e-26
1.6880313578342034e-24
1.221697444740256e-26
2.530007700094594e-26
7.703819416168168e-27
3.6896391436371795e-26
9.702974683921425e-9
3.0506805819122585e-26
8.307241634399362e-26
1.323232812623087e-26
7.280865771271881e-8
2.5750495892325268e-26
3.7089015449120447e-9
1.2953660233239168e-24
1.3594558633514582e-7
2.7537066971338034e-26
1.0402082232380706e-26
1.3327623223259756e-25
1.4022371133993464e-18
5.528862386873013e-25
5.472387771252883e-25
4.4129054001617394e-18
4.4350259117811067e-23
9.655172598161121e-23
7.49547159556656e-26
1.3983146077640961e-8
4.406745668778404e-21
1.5007478752883854e-25
2.1334012871133835e-25
4.788479865898731e-25
1.6222696923179723e-24
1.0564305027139122e-25
6.622679266272629e-27
9.151249299552926e-25
5.909834340996822e-27
7.545616191534635e-24
2.4574767734754474e-26
7.813618305133259e-26
1.184127853828643e-26
5.271314801257686e-25
7.91296790916444e-26
6.461138980437615e-26
2.6830304506604285e-26
8.206502141202926e-26
4.686559984483325e-22
7.313929256363162e-26
3.528149140733673e-23
6.663690619169981e-25
8.282671787101444e-25
3.8247063528461805e-27
7.843869027668418e-25
5.957716059427746e-23
2.2886113889145706e-24
1.2129251661320652e-26
7.12868058072705e-26
1.8947060607577968e-26
4.890540062302239e-27
3.3232255082348785e-26
1.730722330705011e-23
9.1936929110503e-27
1.587905833049087e-25
1.3125012127449346e-26
1.0591003214601772e-26
9.306355803246487e-26
1.2717364252178232e-24
1.5246425493359318e-7
8.62678120754703e-8
4.174213713805412e-26
8.321880635629238e-27
1.9282709235334817e-25
1.5696402504749673e-26
1.1174319485228362e-22
8.47425529170125e-23
8.33585875606162e-9
1.3659488845836957e-15
5.466914871947117e-27
2.351144370388941e-24
2.7577650364614735e-26
1.560086238532681e-25
4.386490774846303e-25
2.8321984020584174e-23
5.514171953492957e-26
9.674709396034044e-27
6.508073586370465e-25
3.620306935196853e-8
4.210295697935542e-27
1.0993087104746338e-25
2.2642797359479104e-23
2.502863558086041e-26
4.278780576611217e-26
1.0368833833107985e-26
1.2519266128591393e-24
5.897389822645106e-26
6.916287428848963e-27
6.846243056126925e-26
1.2716239617798833e-25
4.4829658813474575e-23
9.053756195333583e-26
3.356322761607331e-24
5.759745094731712e-26
1.9973035534287067e-18
2.8498209469477996e-27
7.710185563915459e-24
9.046996718709377e-26
9.661122133477183e-24
2.560217503729686e-26
4.208165318909624e-25
1.2433729502242912e-23
6.676593866260676e-27
2.316766813691509e-26
4.1252051233498715e-26
6.047382598750851e-25
2.482676336863779e-26
1.3955687578475012e-26
2.900698053620594e-23
9.87846327816975e-25
9.850825701778454e-25
6.27552128880345e-27
5.2281104568519126e-24
4.033551029007859e-26
1.614599286539148e-26
2.116322252346183e-24
1.0757967396910945e-26
3.7848115520373396e-26
3.9630639287385073e-25
4.118495952512189e-27
1.3423771066292332e-26
1.0632467953202162e-22
7.144090829267534e-27
3.779006977813864e-26
3.7763135941371405e-26
7.411440040532042e-23
6.732687893918011e-27
2.4596349868009406e-25
2.557873239299403e-25
6.32849700429176e-26
1.7158492696714988e-7
6.202567953786453e-26
5.1653275859161953e-26
4.1836677173026105e-26
3.8829349767219255e-27
3.432191683537467e-26
4.066837366195889e-25
2.5717178456513576e-26
1.0342626207413463e-26
7.080425329120822e-25
1.8605365754360893e-26
8.570331855982075e-26
8.82610300728604e-25
8.993031476126831e-26
8.244274862338979e-26
1.2217822666608122e-7
1.0367540183992081e-22
1.0267543636789083e-17
2.7003447073210053e-24
2.3390856205935538e-26
3.416752055457946e-8
2.263738078050969e-24
2.850000425626037e-27
9.342456251978947e-26
9.253272374710672e-26
7.2374062919398995e-6
3.3074221315156683e-25
1.4730819215868347e-26
3.893886990932099e-26
1.4159321688852986e-23
2.7030763898128855e-26
1.0279538582056667e-25
8.45124959138941e-26
6.837993827197042e-27
3.8450422601611177e-25
5.504010158041331e-27
1.2219181091632722e-24
1.2773527521938269e-24
2.4176261619446106e-7
3.259704082972061e-27
5.174258227897394e-24
3.023876200341214e-8
1.1086049403221301e-26
1.581777277352344e-26
2.472581198845166e-25
7.092146536429469e-27
1.681217039395637e-26
2.5659493210032457e-26
1.901673017098482e-24
3.0320895701896924e-24
4.465700584553057e-26
1.0426731777021692e-26
7.787510231861938e-24
1.992136948467121e-26
1.7775415360911421e-25
8.27616371755353e-26
8.357372849441381e-24
1.0104199976755953e-25
1.9846104730036433e-26
3.2181530795240203e-8
2.095696356757225e-21
3.1956622212896016e-21
6.155690859151412e-23
1.7866487788634617e-16
7.454011817140082e-27
3.0561789099257566e-26
3.6387843609151305e-25
1.4879454077541624e-23
1.4777689979548745e-26
2.066644918971333e-26
4.591417702059753e-26
1.1400875482554477e-8
2.545404619529185e-18
1.0455135009868592e-25
1.417966497093215e-25
8.008137368280765e-27
1.0192070958093242e-18
1.3774743503858059e-25
3.4409377557573385e-23
1.2823274640598504e-25
3.9250060295166524e-27
8.98624379748042e-26
1.4436713865718084e-23
1.3005767738899498e-24
1.3709580786341568e-24
1.0718290354793934e-17
4.591343592368182e-26
6.139664968739891e-8
3.0787236833713635e-25
1.0938207114339875e-26
5.376577724401713e-26
1.4003153921285455e-26
