5.384883303866365e-9
4.51682741514708e-9
7.0543415840149195e-9
3.274081119280898e-7
3.3802905208394365e-10
3.88682786326187e-9
4.636873068099339e-8
9.034893227254572e-8
9.42367954514965e-10
5.967342964500377e-9
5.505985267784199e-9
8.701664344068283e-8
3.283277022326182e-9
1.054839573872764e-7
1.002052543677112e-9
1.222359362486351e-13
1.0696488293166906e-14
8.915961961181314e-8
4.995525033858073e-9
5.936695713090216e-10
8.545647709748728e-8
7.92830757792945e-17
4.731820838538067e-8
2.3992128627732622e-8
3.1684969895494706e-7
1.903755884050372e-6
5.527855977540802e-9
1.9511566114918075e-55
6.846991459548087e-9
2.7153227304832183e-10
7.606502138119424e-7
7.76851857415156e-9
6.579038130337177e-9
6.546870335953839e-8
5.839415521745335e-7
3.15982491850866e-7
4.0890865192138524e-5
1.3201823773552165e-8
1.9074490481370415e-8
2.338010375547019e-8
4.972008215314439e-9
3.126372476789577e-7
3.988002497222915e-14
2.3715882619402194e-8
1.307062375386751e-9
1.2774676572488616e-6
1.768669071519376e-8
0.00016899715506296455
2.378646362933031e-8
2.2771918312123152e-7
2.3607841219560133e-6
2.129932493244509e-6
9.472254259551037e-8
1.0385478878607852e-6
2.0466914245259342e-9
2.5863645135718467e-9
1.9181837278797326e-9
3.4937330408999076e-16
7.379217353675793e-10
3.59991085065775e-8
1.2912057430073607e-9
1.2647706466697052e-7
1.299372956488879e-6
2.5100463298921845e-9
7.577291452391715e-9
2.504193519961171e-8
8.45163223612443e-9
3.0588894487220625e-10
2.7426126244038e-10
1.7946410012539184e-8
8.961215882515533e-8
2.07413487559718e-25
2.9480106730284877e-7
5.466555901274226e-8
7.558740149102629e-9
3.848527404544548e-9
9.651235335782091e-8
2.1988434678461277e-14
4.298831686583886e-7
1.2576220053061966e-7
1.1324600152143013e-8
3.313966642107447e-9
2.420425848045196e-9
9.619230866008287e-10
1.2215524600190221e-7
4.918648088629697e-10
1.4380575752969454e-8
2.807043864126697e-7
5.565052995366622e-9
4.0024744931049857e-7
4.510205613179481e-8
3.972338553336609e-9
1.0377553884032926e-8
2.08871758402259e-8
2.5705741730572893e-6
2.0391729979614176e-6
8.14590645995459e-7
1.822815730944723e-9
6.660343983255987e-17
2.0495990987108024e-8
2.2876746156884535e-5
7.457384466840471e-7
2.614875299106286e-6
9.342090197153239e-9
6.4427622519547615e-9
5.271061401653728e-7
2.095200568009989e-8
1.6281190142738847e-9
1.3484912035101164e-19
8.938926567283984e-8
1.144046400057496e-7
3.784305214693569e-9
3.2077776563951844e-15
2.210633028251165e-6
1.8313103951832291e-9
1.0766502272167314e-7
1.2680067065159216e-7
5.61985239822181e-15
6.750213568699616e-9
2.6323973197549917e-8
1.114680597910663e-10
8.395688455848804e-8
1.8088331384374835e-9
5.392717126066696e-8
2.0406709629432727e-7
2.6385830499831407e-8
5.9265171341009787e-8
1.3572704194903424e-5
1.1903274432827026e-9
2.130862791005903e-6
3.754025710938816e-14
1.1800156872599498e-8
2.1998889902492683e-8
2.0636656316871684e-6
2.033721673078193e-16
5.28572558349563e-9
9.446753714152833e-9
4.412782067178452e-9
1.1602150673823156e-6
1.830831039752182e-9
6.134219843510177e-7
9.403358297251421e-9
3.624353083624437e-15
1.5287141339643983e-7
3.2569398064493954e-9
1.920510571352207e-7
4.1311377167095215e-15
6.16268314493084e-10
1.3882516117507505e-17
2.5724565056664212e-8
4.1805615882188474e-9
8.625793991569289e-10
4.311158436905191e-8
1.7715401849700666e-9
3.189100651361156e-8
1.511770527842199e-7
4.597101914749277e-7
1.093308232851511e-9
1.9484620671498624e-5
3.2211912535135945e-9
1.2021971447489948e-11
7.504840565512761e-9
2.9345506172683935e-5
2.388669856210196e-9
2.1813971444307975e-7
1.8113669698038764e-7
3.411209269342114e-9
1.322691227234687e-9
1.7226378414504066e-8
1.0711941933936314e-8
3.1931451301936983e-9
8.696860460240382e-7
1.3157474438532576e-6
1.1305575642752719e-7
2.6886009643966904e-7
4.311232165563904e-9
1.527531351349221e-9
4.5086107491465353e-10
5.9289584886446485e-8
4.3135257368449996e-8
1.0531543524762495e-8
4.051000743875279e-9
8.594188313612683e-10
8.72596056977566e-9
8.431951056236336e-8
1.2571703139099501e-6
1.0517684129524334e-9
1.69678267382703e-16
1.2535073662667046e-7
2.3117789914547378e-10
6.521434413431731e-10
2.209983698054299e-15
2.7972627395631764e-9
1.7311861849166652e-9
1.4537367588413836e-8
6.796417013332542e-9
1.7330473099908641e-9
2.4598451205433817e-9
1.4751282601455796e-7
1.390920658960324e-8
7.736803084543442e-10
1.1026144032376916e-7
3.220714556650756e-8
1.5696363941167815e-8
4.159724513663555e-6
4.8491070964275955e-8
5.985888601841894e-10
1.4306383871587224e-7
7.531380450369547e-9
3.4065329886825085e-17
1.1675458864073049e-7
4.93264547064026e-9
1.863665714542341e-7
2.8119241896355453e-9
2.625881012605716e-7
5.133500522395569e-7
3.2211804532160304e-7
4.161445123327574e-6
2.6217924270579172e-8
2.3867121422158605e-9
4.348448135767562e-6
1.0615687550363145e-58
6.6672589778652904e-9
2.3144833126646894e-18
6.032783933716785e-7
1.7948023396343308e-7
1.3031252002261506e-10
2.647088795802561e-10
4.748788217720817e-10
2.1856892437473995e-9
3.7645770667240144e-8
3.2332158208698885e-9
3.5753253976081494e-8
2.2677438357143203e-8
1.0025508103405463e-8
1.873485055515101e-9
2.0337435095447234e-8
5.608190930033995e-7
6.0372291542489e-8
5.234833321379128e-10
5.838001404639573e-9
5.618395967687255e-9
5.884423953329774e-9
7.413899585900187e-7
4.942226272569027e-9
2.2454545800404242e-8
1.1628521773300387e-8
1.4180130364524522e-8
6.486421421822212e-8
4.26220511806214e-8
5.648712125225725e-8
2.570465811326749e-9
1.4449515763504144e-8
3.194483739063355e-11
8.371382138580795e-17
7.701988735389098e-9
1.1647171553667484e-9
1.7986362184412138e-7
3.8847872663325953e-10
1.4939373528903038e-9
6.514549781921473e-9
1.3083804692629794e-9
9.7235515544279e-9
4.708223808600774e-10
2.1127626969314156e-9
6.122989704348293e-56
5.811350009810143e-20
2.0542834848240432e-7
3.808020418047097e-9
1.864720184122018e-15
7.468205804464552e-9
1.9892047053404553e-8
4.9461483928296095e-18
7.141859373899878e-18
4.842887592355372e-6
4.644189562471328e-5
4.4434461582975525e-8
1.849058087922702e-8
2.234986979812984e-8
1.8785149405448802e-16
2.574031566490599e-17
2.599334246934692e-9
7.985073009034324e-10
1.5832308516219836e-7
1.215725256080831e-8
3.805338561700112e-13
2.149216904643151e-6
8.946675266331386e-10
4.1706178218098e-9
6.902256774191905e-17
4.725123800039605e-17
7.99133830548096e-54
8.06726215696473e-9
1.3829765537049976e-9
1.5797924484413097e-10
1.1842776659589481e-5
4.361547435201439e-6
1.3879481264094552e-7
1.0002292055442424e-8
3.3210855072131696e-9
6.190968398687195e-8
1.6572417603288665e-9
4.934171308787459e-25
6.569250309701081e-10
1.6300451323613445e-60
1.7374868377272464e-8
1.2545718206830425e-9
7.155299260827609e-17
9.644220763518e-10
3.6581287958335e-17
1.8973088886208356e-17
3.0469688204060835e-6
5.2461484381370385e-9
4.183663255823914e-8
9.844220206825097e-10
1.4529298989317973e-8
3.283737933031118e-6
3.0555970401279976e-7
3.137483391138743e-7
1.0617607609968634e-9
3.1916529875193694e-9
2.720619062017068e-7
4.376658829803943e-7
1.3811517251612983e-8
6.20915016092256e-7
5.872172402884515e-53
1.8217947036128214e-9
6.681690510072463e-9
1.5631630730815164e-58
1.6372051011421894e-8
1.8187855509216458e-5
2.3057759928907947e-7
1.1365376494823092e-9
4.2441650712162955e-9
7.920728787760772e-8
7.244996633918431e-5
7.619364841396293e-10
8.501362735048332e-10
2.034219573476013e-6
8.115323892085776e-8
2.285813737959139e-8
2.9690340436371785e-17
7.152003694206628e-8
1.5368263402618672e-8
4.095253641396464e-18
9.74293187736704e-8
2.9739768816572996e-9
1.2894122932829996e-17
1.3660894910867833e-7
5.540095879598904e-8
7.855801256339163e-8
1.5726283394075295e-8
1.1339408661245912e-6
5.0787846676531285e-8
1.4286242757399711e-56
9.436298118652634e-11
3.44192258750265e-9
1.432000676098087e-18
3.8953016817864445e-8
2.4293399121656384e-17
1.1388208225187429e-8
1.3769863213973611e-9
2.2063099250909985e-8
1.571378103176407e-8
4.800207269219281e-12
8.458162043573267e-8
3.1926203926957416e-58
6.245039201577754e-58
4.149755026715147e-10
4.408379098499654e-7
2.393162051123311e-9
1.4142285272245372e-8
1.4527202156014622e-9
5.160157597049425e-9
1.3136210992095633e-7
6.895932295761363e-8
8.331479108410196e-9
2.834679229947063e-7
1.5567961943546845e-9
1.5059607133227037e-8
4.817655733501106e-9
1.1699111565850235e-7
2.541657583376822e-9
1.2945849413719995e-6
1.6403588736644426e-9
1.2971719762400215e-7
1.6471854624331937e-7
9.287610361667258e-19
7.506038821192631e-11
1.664196562666731e-9
1.558180783580184e-8
6.242012489875601e-17
2.8973924176016514e-8
4.816846876285483e-9
1.2543738118634706e-7
7.474687848650722e-10
1.3393701213699037e-8
3.7430596143838345e-9
0.0001097594208955467
9.580670665228017e-10
1.5529093191882247e-10
2.604107445117091e-9
1.2517679108256652e-8
1.8182219842136888e-6
4.952091145972603e-10
1.1222168267602936e-8
1.135142883628995e-9
3.2019657862032773e-10
3.484799065742051e-9
2.1947126840639306e-59
1.2875209237386377e-6
3.51214837757827e-8
5.863232158028997e-10
4.270835739151226e-10
2.3062975815207536e-6
2.738024267231677e-9
1.7916775169356607e-7
1.5942775834515895e-8
1.8620434235594674e-9
1.0748363051245318e-19
1.4127810182090592e-8
6.100985498585212e-8
2.1919167442658804e-9
6.841112614470892e-8
1.4325600359267107e-8
9.655321381758313e-17
3.725542889460426e-11
4.611763027544782e-61
1.2701520735453961e-9
2.937754038640739e-8
1.8698616894172838e-18
1.1943607741797403e-8
7.692096684161493e-8
1.2923005140655948e-7
8.679359743158327e-10
9.224862440302037e-9
2.5053570497882637e-8
1.6629444435552533e-19
2.1699812282231506e-9
1.4821553056892019e-8
1.5548833341112318e-9
1.9534600601608588e-9
1.1838289880702592e-7
6.919144803149526e-8
8.206268352770882e-10
7.059119922943209e-9
2.347437363217905e-8
1.770126086219901e-8
3.809632257540929e-8
8.695444887764139e-10
1.5784664584785324e-8
1.425397458551371e-6
2.8509757633066092e-8
4.085298468292678e-9
4.3166338304953705e-8
4.648547571891325e-8
9.344190040063652e-8
2.8644264488091105e-9
2.4705787096592308e-9
3.88735877437796e-6
1.7032494939875598e-16
1.7807307163322794e-10
8.397343254941843e-8
1.5375899430406347e-18
3.704484704350864e-8
3.94702070271681e-8
6.29883783604604e-9
5.2866223717819947e-17
2.47089083595055e-16
5.8841922169135486e-8
1.934725308874724e-9
1.204032895580895e-8
1.3062835884925492e-7
9.219043818657593e-8
8.570609983770843e-57
2.3773178080476886e-8
7.24773675364098e-9
1.1309893312981003e-7
1.1097672924064136e-8
1.1360274041793886e-16
4.136501781047839e-9
1.3096892517578425e-8
3.870934897103105e-6
2.7625822989020068e-9
1.6399575579055542e-9
2.1689262745538781e-7
1.1635271488000612e-15
1.5805967002135534e-8
4.416419107922512e-9
1.2799787678932324e-8
4.2618751843851486e-7
3.4631672042420975e-6
1.3223961430701368e-7
7.232926915024139e-9
7.3580263090759e-9
1.2703957380432016e-8
6.905545577974915e-17
6.57241696593572e-58
6.992623149696046e-10
2.4583968616216535e-8
3.6260186215076755e-8
8.160475787042322e-60
2.366516725651344e-16
4.823206965550774e-15
1.994672784162889e-9
2.7798357568051403e-8
3.9850936718628746e-20
9.045820378763113e-10
1.4238294548000812e-8
1.577405378908299e-8
4.2307055659970806e-58
8.441736439128742e-8
6.055150226023462e-9
4.382312066286056e-8
3.240098846681256e-59
3.66513594032817e-18
2.2999959190155623e-10
1.4979554973813882e-7
4.6251471930141585e-9
1.183130460558412e-16
3.4667644013166783e-9
1.3894962108279554e-9
8.713648895803706e-8
1.283712954439461e-5
1.4829096832564343e-8
5.548218099144439e-7
5.073303423536546e-7
9.897109038169277e-10
2.0743120530897188e-10
1.962342846446165e-9
1.1398777650563555e-7
7.558734074975215e-9
7.341448936342885e-7
1.1334426219042452e-7
3.976812374790786e-8
1.0348956525961828e-8
5.426954866156859e-9
2.0582164068400543e-10
6.221605056295005e-10
2.982701358051276e-9
7.589742422892617e-10
2.3891437321374394e-9
1.728969024284525e-8
4.021178502900691e-8
6.94263840179291e-9
1.2971977030370407e-8
2.736257224859421e-9
4.000811888402722e-7
1.2519918876144612e-7
6.764598921474172e-9
9.010885362064709e-8
1.7474279850593114e-7
5.2956562997324e-9
9.63155224700991e-10
1.6153269173254473e-55
1.5040624743339923e-8
1.5718981708878858e-7
1.9927599249047432e-8
1.7346232452037681e-9
2.2808171762258394e-9
6.706772113922833e-5
3.464408734261945e-8
4.86785533509271e-10
2.572683334694132e-9
7.796320478996621e-10
4.522976680377588e-8
1.2934344668981775e-7
2.6287666136160185e-8
2.191215232190009e-8
1.1321970335799455e-9
2.423518128817451e-8
2.0261550161943175e-9
7.428982086012912e-8
4.906953073700832e-9
1.0250076550912989e-8
5.189835470817695e-60
1.1628369215239281e-8
1.3187743353749175e-10
1.3314955874083255e-22
4.745096557176788e-8
2.8792612153379553e-7
1.5434950877148824e-7
3.484088155884311e-8
6.731128679054782e-19
2.5568107729389728e-8
8.116228477926232e-10
7.370154881716618e-7
3.8979612270981856e-7
7.704209499134028e-7
4.306313365340323e-7
2.0756497013903097e-8
5.6221002434029115e-9
1.3810798326716381e-8
1.392147327596186e-10
6.995717821451707e-7
5.4344888556321185e-9
8.829020848247083e-10
1.258270777969207e-5
9.506404798135159e-9
4.597795265162238e-54
1.1043488781210316e-8
5.797341011613556e-10
3.09405911327463e-8
1.0193812299701554e-7
8.623950680136864e-8
5.089319279943796e-9
3.3180728522079936e-16
1.5714880156224557e-5
9.603819969041406e-8
3.786669858695995e-16
1.9968367436448273e-8
2.0867335015679676e-7
2.4798835854980865e-8
1.2144692875197115e-7
1.2162488248735731e-8
3.1038495158828106e-8
7.550947526281137e-8
4.25194396224553e-9
5.870522675475335e-10
2.232415573175399e-10
1.3146975244065699e-6
2.3025126728810388e-8
1.3007112308237524e-9
6.623654433950871e-8
1.1919192094208003e-6
7.298118766030966e-10
4.794530387083256e-6
2.6148452800234644e-7
7.00105635414652e-9
6.571903544405679e-9
1.8190139482940011e-9
1.0258269838429978e-7
7.185353323523672e-8
7.75566768198437e-9
5.094950865995688e-8
1.2489285738209668e-8
9.723142861578053e-7
2.0565670299354285e-10
7.634479907754613e-8
2.0332860800905825e-9
7.497886595896463e-8
6.714366554889061e-18
7.398584740851857e-54
1.075812937262228e-8
5.419156623745803e-9
3.2011840881529805e-19
1.4598985494926677e-18
1.646827063041658e-9
1.850067611801306e-6
3.6744086953048187e-16
5.244942841139462e-5
1.0152037987008036e-9
2.309275738848616e-9
1.8986367364418676e-9
9.353991919115141e-9
9.815143058105886e-9
1.9797543335790936e-7
9.566433839761612e-8
3.691774472100544e-8
8.028322721208514e-10
2.226652644354459e-8
1.7036883992744788e-7
7.486483675222241e-10
2.346008874876593e-6
6.833961339218598e-8
3.4372988540340415e-56
3.075241546205923e-7
2.1769175202763224e-8
2.9680557431590754e-6
9.514315370601051e-9
6.169152361293597e-8
6.964756180802714e-9
6.480983168801844e-8
3.044359508867931e-10
8.33288879172992e-11
1.0226571380354534e-7
2.2274672232680665e-6
6.517316280031545e-9
2.6578267203055768e-8
2.975251784059497e-8
1.1652447350075698e-9
3.5458413243340243e-9
2.0352206934738086e-8
6.51121381744853e-5
1.8936974189430958e-11
1.1037357962517684e-9
2.59348214982488e-8
5.07624792234397e-9
1.2263097785650979e-8
1.03051187352047e-7
9.46056528469315e-10
2.6134315681263584e-7
1.1603477100899118e-9
1.4589634645615905e-5
1.0947208907645504e-8
2.1736133894056368e-8
1.7757791232422138e-15
1.8838547358296743e-55
5.3414548523292005e-8
2.290559391575454e-16
1.7213754721087587e-7
5.864541449714125e-6
7.471341633166858e-9
6.837916347156091e-9
5.041316973266298e-7
6.272422506818219e-10
4.157040399739775e-6
1.6310091517495975e-9
1.0812950098289878e-8
6.387619320621555e-9
7.866175738024275e-10
3.6534249778231715e-9
6.083304972903945e-9
1.260301971635672e-7
4.3770513461070205e-10
7.045161831218348e-9
6.652373167596038e-19
7.073171279655603e-10
1.640287755574982e-9
3.1108815769471816e-7
2.829522928414848e-60
2.1916993321468387e-8
3.016873600829508e-8
1.5064111867773635e-8
1.9447118173701123e-9
3.299133620311414e-7
6.167345560262544e-8
4.658268191377489e-8
5.863336352616237e-8
3.0854125775776824e-15
2.6105752763722677e-8
4.2702589113670763e-10
3.4370848407800925e-7
1.0477142567637964e-8
8.52701960708479e-9
1.1246122924531934e-7
1.2109538529415886e-10
7.809424793274799e-9
1.941431518573023e-10
2.8574656527403505e-8
2.707803101160089e-9
4.853455437831459e-9
3.653955731855298e-7
5.978078926400961e-9
2.513895402468286e-9
2.51189475692645e-15
6.442667707542273e-7
1.1014105880702385e-8
5.343060115867697e-6
3.0111747522295016e-10
2.1874601810292606e-8
1.9813880771727168e-8
1.060660556702373e-7
4.3081221222374956e-8
2.1824911497227498e-6
1.0728186932851007e-57
2.450405075877995e-7
1.7457184176960235e-9
3.134616772985663e-8
6.1527090254352e-8
1.3697879285159054e-9
5.845629923333922e-8
1.5630170503261313e-8
3.0796313166288307e-6
8.131554224269102e-10
1.5861735320456868e-8
8.873103282980874e-9
9.487636408730034e-15
8.253455727371037e-10
3.2370233252556392e-9
3.3786750661422543e-10
1.4216361440188242e-9
8.346419923782172e-10
1.9120367586266076e-9
1.2593189123195047e-8
5.958862513304019e-10
6.479606236938076e-9
9.453379830381685e-10
5.446512391517787e-10
6.586044000961305e-8
1.4944038397635733e-8
8.261984828078318e-15
1.182376182067287e-9
4.015123198186864e-7
2.1386264202899153e-60
1.1137469480343198e-16
1.2389286017529617e-7
8.289272832951152e-8
1.528882090657462e-7
5.396860581746332e-8
2.0613857466319026e-8
4.1715833015927796e-10
1.4089089057139691e-8
2.7159891180554156e-7
3.3277388292792075e-56
1.3057810974636618e-6
1.6780599306214582e-60
2.0765913522312736e-9
3.022746816288339e-8
2.4679515729832156e-8
2.0299156485464498e-8
3.152230370228566e-10
3.934985474422315e-9
2.753387178740414e-9
7.151345228487372e-7
1.8068391931939125e-8
3.3950837283115648e-18
1.0298458557814134e-6
9.249200533925459e-16
1.3435953800153377e-18
1.0096339331467103e-6
1.3961026601459749e-6
4.6759785348035636e-15
1.355112997738098e-5
7.527449378849757e-9
3.3011076062779046e-8
4.496875817157252e-5
2.8240884494244e-9
5.582691501676605e-6
7.086856920073385e-10
3.241730602461198e-9
3.8937334437939277e-16
9.054409157362546e-9
1.4014252004184022e-7
5.878835076581621e-8
2.2532305875006314e-7
1.4902914178520092e-9
2.250209611561996e-8
2.1242704863759292e-10
3.0209528639129195e-9
8.938528043940217e-8
1.3906952216585074e-8
3.6595550037105643e-10
1.3426120041496765e-8
4.038041866943968e-9
2.508306767424255e-6
4.443689885445493e-9
4.480541319294989e-9
5.0451123758433786e-8
4.303780065537422e-10
4.50634278420969e-8
2.1216214059983933e-9
5.417387673587969e-15
3.023228144892381e-7
9.985683853365624e-7
7.710794331037735e-9
1.0050127013761392e-7
9.479119637586457e-8
1.369204792002554e-55
1.8132931298207106e-17
7.30742891034083e-10
1.3765656943841597e-8
1.676066692418815e-8
1.7677874682831745e-9
1.4469109716947505e-9
5.429060867981111e-9
2.795282887586672e-7
9.590279311518071e-9
2.2409095780658955e-8
6.81605605230939e-9
2.2426417104815314e-8
4.902056954829721e-9
4.300778380505556e-8
4.4834407363720823e-7
2.1429362951641536e-6
1.3030986668365181e-9
2.0821044879467e-8
2.6128476633439176e-16
4.3570357967127444e-60
1.0144768618288156e-8
7.577872133040779e-7
7.17822017934781e-6
1.476511020136177e-11
1.2022165448593618e-5
5.891939909309088e-9
8.995537094998352e-19
4.7962550942010975e-25
8.523373561843174e-19
1.8507280171475624e-8
1.3232680918694361e-9
9.478430078142903e-8
4.23707589039111e-9
5.611853812967007e-9
6.244604011889386e-9
2.3668045751528226e-16
4.3910146012270636e-8
2.612083444254862e-8
3.0715688106831872e-6
2.0023890507689585e-9
1.8596946299457698e-7
8.30118488114515e-9
2.3183416896646896e-8
1.8853604625499702e-7
3.013887063181892e-9
3.734635547405217e-6
1.0277736530057558e-7
1.62020133319502e-8
8.387607970694314e-9
1.3966254354611857e-7
1.3834031941944638e-8
1.4746941088890488e-9
2.8316358201788803e-6
2.5647284600850444e-7
8.73451061112251e-9
5.0815028473716276e-8
9.277524418049934e-9
5.615699974949916e-7
1.3081539495504802e-8
2.011500742040912e-9
2.0146372355304218e-10
1.9235116268374493e-7
7.553886691504171e-8
1.3143394814353543e-7
2.449502371797661e-8
8.041583197057967e-10
1.2916769660220651e-8
3.739989591125109e-8
4.557355191837584e-9
5.043808342812044e-57
7.648188992719806e-10
2.0103579741119948e-7
4.309061029036314e-16
6.053149789941596e-7
1.2473310988337742e-5
6.36274711758485e-9
1.7096758651878203e-10
1.0787128750426506e-8
3.695416281965275e-8
7.295667712886702e-11
5.6021245631866225e-9
1.872190796154993e-9
3.6476292060554608e-9
2.3221657165002186e-18
1.5146249088176827e-8
2.5265940401878964e-9
7.874736790143439e-7
5.217265865605031e-8
2.3496769843624768e-7
4.35962950530883e-10
1.880159103800708e-5
9.33057612099946e-8
2.3148311498398757e-5
2.6301939778862922e-8
1.2758329638921672e-8
4.3634655382304065e-6
2.2654042108829744e-6
5.408885071880839e-8
5.244805054742614e-10
4.654219427072115e-10
1.7321599797329275e-14
1.544381081364134e-7
1.8918064255704263e-8
1.44205390475617e-7
7.113473339380405e-8
1.4146812328087978e-7
1.5373551233450532e-10
2.4442827184115067e-59
9.787727313880718e-9
1.0504054056249959e-7
1.2765954595203177e-6
3.363218808077531e-6
3.9649894998226014e-9
9.74025052056376e-9
2.2723702160858713e-9
6.683650981130209e-10
3.0682241415101753e-10
2.3962762151308055e-9
3.0057355594410075e-8
1.2428070047843653e-5
6.49605761359981e-9
1.0313161366089223e-8
3.3875661156601173e-9
3.008622832961906e-11
5.960523614519558e-9
8.450528382204988e-18
3.387979169411736e-8
5.070066288006612e-9
1.7428883917003196e-6
1.478888370398718e-8
0.00015529948193723238
1.15799522398765e-6
3.366103710994055e-6
2.5810378681730313e-7
3.7061045747841895e-9
1.2957315901299278e-9
3.455185992989586e-9
2.6352478258214135e-10
3.1494413317403143e-18
3.1102427057559846e-10
6.612604383391341e-6
6.443083993871358e-10
3.371253713940446e-8
3.2585414160820606e-9
1.2839579677911997e-6
8.865697929445823e-10
6.6944255500902796e-9
5.612513576827695e-10
5.637242381509785e-6
1.3705165168775602e-9
8.124599663436394e-8
