8.319912016580327e-16
2.9910961668771247e-13
4.344069855699288e-16
2.000864937195285e-13
1.2898667536130479e-14
7.869295774912148e-15
4.300722461757817e-14
6.410851755169083e-16
6.512032802360416e-16
9.968810987005839e-15
1.4246296286118848e-13
3.2960767222101977e-15
2.207079588668176e-16
3.624874621888154e-14
6.64593451057448e-14
1.3060563114253606e-12
7.853374268336546e-15
6.692779551788826e-14
1.4365929722231967e-13
1.1296442175664688e-11
5.1388737784798766e-14
2.2531139571009595e-14
1.9752228351871952e-10
5.41832534712173e-15
4.1506121100259545e-15
4.577641691088839e-15
6.663915259237732e-15
7.211671339578694e-14
5.9345511409532516e-15
8.500658798181347e-12
7.663343797149056e-14
3.5272433760380387e-12
4.2325168081393733e-13
2.8157761015777933e-11
1.1074128251120421e-14
3.8603742520192256e-13
1.2764947480084301e-11
2.3125309928300255e-13
9.727393789057845e-15
1.2285249360967013e-14
4.554936925954024e-14
6.119649628644029e-14
1.1345537635178426e-14
2.1203417526743584e-14
5.399308875866155e-12
8.100618643552e-10
3.240686505033004e-14
2.0217630974596228e-12
4.672742882845681e-15
5.1369389932500564e-14
2.3020129827188046e-16
8.295640566030541e-14
6.915138464356845e-11
1.6730701455946665e-11
1.1763386705161573e-11
8.82988080589653e-14
3.289818304878826e-13
8.662627960213517e-13
7.968945818181229e-14
7.361742064543094e-12
6.84923306687321e-14
5.384530761025326e-15
1.2360759704289612e-9
4.3084868339387814e-14
3.2806258480928514e-14
3.4530153560047407e-13
1.5058596236954975e-16
5.022926842764316e-13
1.3435225175935285e-13
7.03582988085633e-11
3.8058292269260387e-14
3.5748765359785737e-16
4.836037011684119e-14
8.849852148454589e-14
8.267399298973671e-13
4.590380192430157e-15
6.89403348837906e-11
3.3612488707351746e-14
6.008396825742852e-14
8.734697178747676e-15
2.56350224684787e-16
4.6001332455314825e-14
2.514223414419013e-13
5.958957369371318e-14
2.8189463789426386e-14
2.227471754472244e-13
2.1527230612173681e-13
1.0067738923940137e-15
1.5709085263892684e-16
9.856635065124731e-15
9.317521466908496e-15
2.2800413135069727e-13
2.855865731531906e-16
6.122414448747809e-14
3.2106395442581427e-13
3.868130295316111e-11
5.1198542413131914e-12
3.262808256447503e-14
2.6284924012405544e-12
3.5303134571068734e-12
2.0244148568277024e-13
1.2716722711623042e-10
4.6877609180905754e-14
1.243876785304728e-15
4.022817314667078e-13
1.0673814423696147e-13
5.314187251215045e-16
1.0711225261661069e-15
8.458122524563806e-14
1.8260139856139779e-13
2.007898574120514e-16
8.501364788258215e-14
1.2793295868874012e-13
1.3829240072231925e-15
2.482608006770635e-12
4.935748302753541e-14
5.939594470955024e-12
1.4842683288303465e-16
3.5116137768021673e-15
3.4836586859252446e-16
4.764974375149049e-15
3.2262115040025005e-15
1.413232290884847e-15
5.22908866682076e-15
1.0639661619607687e-13
9.487622959576364e-16
6.885733528428734e-13
2.551610012140418e-13
4.709561417542334e-12
3.82229994513129e-14
4.499816420467046e-14
1.3329747593638663e-13
1.4753145985785495e-14
3.150472973870376e-15
2.47920281696284e-15
1.6229849573870743e-13
3.235221159818838e-15
4.270954524662286e-14
1.5882613184050708e-12
1.4428236952693185e-14
2.439084917160553e-15
5.222792995889922e-13
7.965341253370376e-12
2.6950691692591844e-16
2.275091683963057e-13
2.069689929905878e-13
2.1639700580115403e-11
2.1544604975044102e-12
4.265236889165128e-14
9.53800480404137e-14
9.196426620847745e-14
4.153601426755201e-14
2.1282716977362226e-11
1.4667948672754288e-13
4.941099504587521e-13
6.216525698985943e-14
2.6158751613492663e-13
3.772990078064751e-13
4.896534625401961e-16
1.3445122401216275e-10
1.5120713897556738e-11
2.594191481301423e-16
1.1590746413696548e-14
8.509065315121713e-14
2.336082861895835e-13
5.894399710702113e-10
2.2190171774279163e-11
7.091852726908711e-13
1.0951364112803338e-14
1.5065863114249507e-11
2.145713249847844e-14
2.9489248881894724e-15
5.6114083111022394e-14
2.7943990327701943e-12
3.747082580895223e-16
1.7075674494986545e-13
3.436294710810861e-14
4.696511190507733e-13
4.292547123293234e-12
3.4690658524942016e-13
2.753152598808065e-13
7.095556588656176e-14
7.415784599563317e-11
3.972481299879573e-15
1.526709265660188e-11
2.654545340591787e-13
3.297119699865758e-14
8.544762115007524e-13
6.852772894512092e-16
4.505297699081926e-15
1.881562955284319e-16
4.6279925382736404e-14
1.4581147207977594e-14
3.976087421633069e-15
1.1950340941337027e-14
4.0191834142286185e-11
1.6568316054872037e-14
6.588712392452302e-15
3.58227972854138e-15
1.5878049673904669e-10
1.9749356211047002e-12
1.4308199992331082e-14
1.9097276131198467e-12
2.374984291641559e-14
1.5558797877895861e-16
1.636860847286945e-11
2.6226703128948183e-12
2.123646089268917e-15
1.9965208494617586e-10
1.7823256360356817e-13
2.32266011123901e-13
5.88889426897761e-15
2.8029977808055767e-13
4.5442480012116034e-13
4.27182254534659e-15
1.548790104274507e-14
4.7264588177372315e-15
3.2471906449621564e-11
1.6637096008331376e-13
6.288153039682098e-13
6.096423690471339e-16
1.2352756665463645e-12
8.074921724042332e-13
1.1560210158461283e-13
3.730429913476674e-12
5.902907866981436e-12
8.888890937445268e-16
6.707002896234904e-14
2.2614357132374638e-15
7.087943006611024e-12
1.5468138557169295e-13
4.7696170933328964e-15
9.972134195133879e-12
4.072958024314293e-13
1.0519427882981212e-13
1.3835531061316372e-11
9.88701315804605e-14
9.418496404678666e-14
1.1047046576999929e-12
1.982213037478489e-13
2.5506091186789355e-13
1.4649392709337896e-13
1.495341164893359e-12
1.1610317563459254e-15
3.8023827403320745e-15
2.4074917512693945e-11
1.6175602747586343e-12
6.63529000527975e-14
3.833246179964876e-14
4.251494857652099e-14
1.4664427121338399e-13
2.325576557320496e-16
5.131786629901435e-15
1.0026470315387928e-13
3.747929849711325e-14
1.5705520002252812e-13
3.8623766827910123e-13
3.92649012481176e-15
3.2396265491537946e-14
3.654949531448346e-16
2.1089799032665916e-13
1.8862004195665247e-13
3.759132381944062e-11
8.006350597737947e-13
4.4839981669911784e-13
1.384360972778366e-16
1.1109168007726861e-10
7.517677647144982e-14
7.519975471012232e-14
6.123156413047737e-14
8.197705412645023e-15
4.612793302421535e-16
9.52689093522157e-13
1.6038323691956168e-16
3.9790794360767753e-16
1.741612822486456e-11
3.525351066816507e-15
1.1203818037974858e-14
1.87267592864324e-14
1.0423520160598167e-14
4.233274681213874e-16
8.209093035030974e-14
6.423117816651633e-14
1.4412562250262286e-14
3.551545548631005e-11
7.192463991897618e-14
4.77228968435312e-16
1.5103285543793815e-15
2.8520774152372494e-16
1.0575490823188715e-10
3.0298051059507856e-16
1.3933064219128412e-13
8.744775551189936e-15
8.672461165992285e-12
1.7050364404340346e-12
2.745454668684982e-16
3.078554743132105e-14
1.1421507063418489e-12
4.993149159393475e-13
3.663489588411539e-14
1.1956602739102263e-13
5.2884941642123186e-12
4.170680401545262e-14
7.818119581489506e-14
6.083349424617906e-14
5.867903297188974e-14
1.2592806138500051e-16
6.774073544605597e-14
3.1430255952647073e-12
8.618390033433009e-14
2.5128017607692996e-14
9.772179331028307e-12
2.1845668974099969e-13
3.8350328997829525e-12
5.53210175208096e-14
4.242290707113376e-14
6.019127532784946e-15
3.2853338870509724e-13
4.0843960399050335e-13
2.774621865625302e-12
4.0193121920722644e-14
2.5444321457040446e-16
2.023907245966466e-12
2.2853632555284575e-14
6.3844029013307614e-15
1.5882558201563085e-11
1.9328114877934257e-16
1.0975577475733552e-14
5.517551633965718e-15
6.098884593889441e-16
7.490103820299783e-14
4.472997072076469e-13
1.2056332492012247e-12
4.93755241514572e-15
1.672735954062108e-16
1.9769235096329804e-15
3.7655772968154574e-16
1.8281848182683002e-13
5.495931952038623e-13
9.00571344942081e-16
1.130619051468686e-16
3.98032915324547e-13
2.2864936344061086e-13
2.3682869128734204e-12
9.267426990228595e-13
9.12438698347846e-14
8.659615488989376e-14
1.3431936253535502e-12
4.800008145776214e-14
4.634079429934242e-16
1.2327047318770273e-14
9.742242914506742e-14
9.640686488254994e-13
5.9483724356501204e-15
2.7651687868536414e-15
2.2661710808943238e-13
1.7385251126417054e-14
7.3889487443197e-13
1.7339631720848428e-14
1.830706086590589e-16
7.028055785268683e-14
8.743192341931058e-16
5.970319565150377e-13
2.4222825831297694e-16
1.7443219223565231e-15
1.9620986779506832e-12
7.177958446832806e-13
5.7987920870973704e-12
1.4417690846431996e-12
3.191869830309227e-13
2.836419576720944e-13
1.0672555773152382e-15
3.385226645475512e-16
1.916177419202205e-12
3.903234770906297e-11
5.6455997666152375e-14
1.0946587762326414e-13
2.753523866140563e-16
2.0462125887195976e-15
1.035861117525353e-12
3.0619457210837595e-14
9.231716045577869e-15
3.1333737563536766e-16
1.5697681314667524e-15
3.1376835106131795e-15
1.738376075433087e-13
1.2107863486885442e-15
1.1536697732509952e-13
1.941784191203195e-13
1.2568781102768966e-13
1.2487855700999497e-12
6.723011757727819e-15
7.65193355850793e-13
4.702658270143325e-16
4.768625469378136e-15
1.7988415398895677e-15
8.037170448118972e-13
8.17370907952873e-12
1.4896199362787933e-14
2.2192016484123103e-14
1.2800119329650453e-12
7.571951212990264e-12
3.514378169227401e-13
9.849178320840785e-13
2.673413496919439e-11
6.048558850406269e-15
5.949291746999562e-16
2.750047149934659e-15
9.58496582319666e-15
1.737354082450589e-13
7.502526489235654e-15
7.385698428486206e-11
5.32498533313511e-13
6.160257026813238e-14
6.332126596271767e-16
8.141674421506763e-15
2.2486600508237886e-14
5.745062707533483e-14
3.334907241745416e-14
2.915288170784486e-13
1.359949954529796e-13
8.829318425299302e-13
1.5527781318512716e-8
4.21179720969722e-15
4.5253304078314127e-13
3.744494200348142e-15
3.7602064223434525e-16
4.29927879716504e-15
3.470156618839546e-14
1.1187205421521052e-11
4.95407837890724e-13
7.580852373401265e-14
7.088260683754897e-15
4.97578603640434e-14
6.852202570036999e-14
4.519449672615691e-15
3.5195322534567983e-14
9.66312652229937e-14
3.2217230615808556e-11
3.187922755387888e-14
3.8850111461002344e-13
2.977486060025798e-15
7.728303528115853e-15
2.8040565295949637e-11
5.68926783646627e-14
8.948800696823178e-14
1.0559687315968204e-12
5.262168720072048e-13
1.7072124379563044e-16
3.583984529384652e-16
6.805387295308629e-11
4.331492018005885e-15
1.0821405746944747e-13
6.192355798581545e-15
8.824802466351743e-14
3.2729947095397854e-13
2.8353841334145313e-13
4.846887594573579e-13
4.6956779333728526e-11
9.756252861551251e-15
2.4848658704510414e-16
9.830830098562938e-15
6.467720739688216e-12
6.026455096267572e-14
4.7200505505963494e-15
1.3100929299374208e-11
2.7079987267031133e-13
4.71016663177779e-16
7.165258224749853e-13
1.597714588048934e-14
4.582472600703494e-13
3.1775834122831733e-16
2.6593841737599775e-16
1.6713764207135178e-15
7.176272637501594e-11
2.7011548865479873e-15
1.0521696904776279e-13
5.959305600071058e-15
1.81717969562922e-13
4.324344280638055e-15
1.2331283104084907e-16
1.3612667349673923e-12
5.721049073248259e-16
4.538962890878247e-15
1.7857998760949405e-15
6.902288586664924e-14
2.2525730281023388e-15
1.2265322906446083e-16
2.317571885454007e-12
1.1003360283713346e-12
1.598883947800914e-16
1.1518234375469747e-14
7.979420560765936e-12
1.5576280948018605e-13
2.5474452152092805e-15
8.542579739103114e-15
2.4614269152447362e-15
2.1745361856228242e-12
4.548860126587158e-15
6.471006797151556e-15
1.347344031204517e-13
1.487362582760946e-13
2.0287260978005097e-11
1.6791716603281495e-14
5.1557228820649384e-15
1.8295172002349355e-12
2.9671616880296234e-11
2.3447325750733946e-16
4.22964964910963e-16
4.652784459124536e-9
7.876281403618302e-15
2.833263679911149e-12
3.2386161282260433e-16
1.5386631031944347e-11
2.6311561968788008e-14
1.8311989667357573e-16
1.3455789664787959e-14
2.7102974144536745e-11
9.284060577865586e-15
1.2764863444315286e-12
1.2554534116133303e-11
2.127079289152064e-14
1.119280704295965e-12
7.942575870679611e-13
1.1853751218777811e-14
1.4629106948387727e-14
1.8562707995622964e-13
2.6318555564854647e-13
1.3166240388688052e-11
9.835035952530884e-14
1.0975210998188513e-13
1.7208003733131046e-15
4.424169631965494e-14
5.1112270896533904e-14
1.0149454668031072e-13
1.4756796881773366e-14
4.766086160058217e-15
2.732121758035863e-12
2.3011628003767188e-14
9.232096790340506e-14
4.945079506892904e-12
8.517280606711854e-16
2.5798697849600764e-12
2.9453700785495005e-15
5.885116618556744e-14
1.2576223543609038e-13
6.939375014938898e-14
2.130026548838089e-16
4.590921265484219e-12
1.2943363812645188e-14
2.7587306074451186e-15
4.761562922253393e-13
8.765111161310717e-16
1.832058645417756e-12
2.4094593817560333e-13
8.446083905514558e-15
4.183427493840917e-13
1.087869797271478e-14
1.3041491624552172e-15
4.630372547329377e-16
3.698228724139278e-12
2.1518134116522093e-16
2.1329342512773076e-14
4.4770762058156014e-13
2.5336689033720008e-12
5.121067707052101e-13
3.834073815676233e-13
1.7758394848686782e-12
2.0415010908598596e-13
5.087784082670681e-15
1.1473620487807978e-14
8.93153838639732e-13
1.2112029562185619e-14
1.5160190623137432e-13
1.24461457369644e-13
1.506506443899024e-11
5.087449848913693e-13
3.7477039979010216e-15
3.3312278924116152e-12
9.542807237163496e-13
1.996292580411866e-14
4.352587594971702e-14
1.5075123461113955e-14
9.027529242413689e-15
7.632012750710427e-16
1.142279144009801e-12
5.905817347471504e-10
7.216079340366014e-13
3.451990555837932e-14
2.2100659035593484e-16
3.16038975527264e-14
4.813789674288735e-11
4.360231975603359e-14
5.835944201030789e-12
1.3561764885020696e-15
2.634596540236165e-14
4.7781745535119643e-14
7.994249571762528e-12
3.638245823963258e-14
5.266513026889762e-13
4.1662857509199e-12
1.2668532404669098e-11
1.3373609047684756e-15
4.058220611963878e-15
4.1639428797880124e-14
2.432918636604064e-16
8.874326380272772e-15
4.435283287034098e-15
1.67695200742429e-16
1.0830959828772792e-15
6.166427132206726e-15
8.961297691401531e-14
8.815167617990486e-14
1.1393972376366665e-14
2.3292679491908368e-14
1.0500810934029825e-15
4.1357422982604085e-12
1.5708354005439114e-14
2.2780637597840504e-12
1.0502196266062839e-13
5.8838110473715804e-15
2.603583875979184e-16
1.1439951534405222e-13
3.981386495874414e-11
9.931940208593381e-12
1.4723844442050208e-15
1.1993469288406739e-11
5.369432332562096e-14
1.3035885618090104e-13
1.8069247810872046e-11
5.203525452341464e-13
9.456666893869265e-15
6.008248169536247e-11
1.0968732056646246e-11
9.36803549238451e-13
1.2828867969671509e-15
4.1089582313673494e-13
5.174680834488382e-16
1.6487622134850022e-16
3.97744572467645e-12
7.384584145818087e-14
2.1772148347722456e-11
5.1959038990242224e-11
2.1022484598586368e-12
3.360514677748079e-14
9.497502823740574e-16
4.170111288769524e-15
3.2212872871324603e-12
1.2106093360875918e-14
1.359490528305233e-13
8.822149465233213e-12
1.8653109883385438e-11
1.417768980541979e-13
2.9606662506902548e-12
3.65707899540702e-16
5.315751073573656e-12
1.1364105188405925e-13
1.6289340607356013e-12
7.333141903519873e-14
2.0825875543102182e-16
5.4636047153200296e-14
8.637753817468556e-14
2.1819831712634296e-15
4.572974188577452e-16
1.4610447981818577e-13
7.87236382454684e-14
1.5771777997392294e-13
8.572535362185253e-12
1.920842705059738e-14
1.1629809670335871e-14
8.129750699696685e-16
8.388170143729721e-15
3.707624859266451e-12
6.569850132842801e-13
9.49765406128207e-16
2.991519547621387e-14
6.992761170415988e-13
1.4832393995810783e-15
4.151722951724504e-15
7.787621429520758e-16
1.2870829282787879e-14
9.070046668064811e-13
4.5651884284381316e-14
3.310331269610384e-14
1.2983346094738243e-16
2.2190358201744275e-14
1.4707770270093267e-15
2.657639787284347e-16
6.905268728251642e-16
1.1627896955735328e-15
1.5783597106042749e-15
2.2685080399720766e-12
7.818962455653254e-15
6.640966720857415e-14
4.816839645901018e-15
2.5999071758807835e-14
2.7382453038317637e-16
1.0958256305505374e-15
2.035388738439582e-13
2.697655837536506e-15
2.493819009720129e-13
5.98026244627823e-13
4.391821807329319e-14
7.51419626848859e-11
1.6068850883462159e-15
2.639826941499442e-14
3.398305544580698e-15
7.238610336293682e-14
2.8946476970110416e-13
1.087096476581609e-10
5.406112600746039e-14
2.521090401792073e-14
4.003755494770751e-15
2.7282420047551454e-15
2.58851119367442e-13
3.2091392326668564e-15
4.669835459391962e-12
1.572839838560967e-11
5.360240719106929e-13
7.224412881999153e-14
1.6349983068678564e-11
5.800731743318055e-15
2.4636653810902036e-12
2.9356499509673606e-16
6.007916309309474e-12
9.613762725056416e-15
2.2841305837312072e-11
1.9031194478942792e-14
5.603163693822965e-16
7.648937605555161e-15
2.394139115999544e-14
1.8229190625608656e-12
3.679980644597785e-16
3.193082517264436e-13
3.569090040434074e-14
4.65192747576241e-12
1.5852825204899098e-15
4.281454859997636e-15
8.053332685471408e-16
4.288960877098769e-15
1.659206216389515e-14
2.1528594135027985e-14
4.9874569899858914e-14
2.0667060554638685e-13
2.7716278680795408e-12
4.221407221088212e-14
6.576934427557323e-15
3.268803463898139e-11
6.810309348800477e-16
4.556541182363923e-13
4.3017424997177526e-15
2.858718545631229e-16
3.3246629138760734e-13
5.706965082614078e-15
7.50935578971373e-11
3.2664188656180912e-15
1.54584699785616e-11
3.993031446798613e-13
8.077145374060723e-13
1.8542620391862162e-14
5.0744833546605414e-14
9.96907982276295e-16
3.8157197585678394e-16
1.408226148191574e-11
7.157092601859359e-15
2.4091867496145713e-12
1.4002836118006664e-15
3.5233944576796956e-15
1.8352913934212342e-12
4.1425621007760494e-15
1.4821682574608031e-12
1.0573018168000737e-13
3.4126753023320713e-16
4.754291530699171e-13
1.3782371919111576e-11
1.0718357475300459e-14
7.321441674711481e-14
2.7351434620049197e-10
6.356933463943802e-16
3.310057034358912e-14
7.969911453714368e-13
7.435036157650076e-14
5.982658236863261e-13
2.9487934539527324e-15
6.297479680337478e-12
2.0957308597014942e-14
1.0488192228922016e-12
5.255465460220511e-12
1.7271938013390343e-15
8.48995435311162e-14
6.205910502248228e-14
2.6576321734001595e-15
1.996118219476502e-11
1.4528183247392103e-16
8.036837843813736e-10
3.2022868170084422e-15
1.1350853485909872e-11
4.57705970841805e-13
2.0812870497361381e-16
8.48568016267297e-13
1.6597446414215605e-15
7.129428482710893e-13
2.942327076472084e-15
2.7066192543890567e-14
1.3446839060273114e-13
9.428113341882553e-13
9.125640253431167e-15
2.5051943387733423e-10
1.8742133188489323e-16
5.904271451538179e-12
2.3166806037992593e-15
1.4372155050988957e-11
2.88941498500916e-16
1.865679576094304e-13
4.4555681585558626e-15
3.0161668712912027e-12
6.859587977479277e-13
1.3564083699770067e-12
2.197617411694699e-15
6.315188890309797e-15
7.459594763540074e-15
2.163557564316951e-14
5.2433065703298545e-15
2.4105058588137153e-12
1.0860985520536556e-13
5.488654545926173e-11
4.100754312008312e-14
3.245514919541906e-14
8.781156824832108e-14
7.235373255840598e-14
1.0337400865508702e-10
6.408543104469044e-14
1.2606165605390745e-13
5.147234714948082e-15
1.025809850848977e-14
6.9595054267663016e-15
1.025421812812009e-9
8.114894998442891e-14
5.327964270891739e-15
3.8688824351251944e-11
2.695199619379658e-12
8.275674819464362e-15
1.731022285996386e-13
1.2147725366940953e-13
2.5512445591355678e-15
2.254173473721786e-16
1.5050244887935468e-16
8.953311645414828e-14
6.910386880603119e-12
1.091180222307106e-14
4.896571471321651e-15
7.501393981947983e-15
4.620824724840239e-14
3.0421328304697508e-15
3.450928339777988e-13
4.1287626174795274e-14
3.0501594538394268e-12
3.4100514836956775e-13
1.365138087828276e-15
4.344107418382012e-15
8.897622800298821e-12
1.2568250233650132e-14
1.7449512784936982e-12
6.882282996729528e-16
4.957731969060133e-12
2.0906214823488812e-14
2.257491255499153e-12
3.58192729809859e-15
1.8926592824416084e-13
1.6894183669333164e-10
4.399404310352584e-14
9.065691703684278e-13
5.821235747901535e-14
2.8064668151842357e-16
9.810858858794835e-15
3.9565084340084686e-12
9.195315851939314e-14
2.1116435938877568e-13
3.174371827329138e-15
1.0032773830607283e-12
6.11887915653115e-13
1.1633093675907003e-9
2.828975370585804e-12
4.85714602507047e-12
4.4051209629891556e-15
1.570729093578845e-14
8.053755615356042e-11
1.9994956898495006e-15
1.9660080951800194e-11
5.775802868965216e-15
2.2367227485862075e-12
6.924154193414927e-16
1.8280120553478407e-13
1.7997419844459147e-16
2.5602732625231695e-15
5.576570121125015e-16
1.3282411413672862e-13
1.1613150746225097e-14
4.300039853360979e-16
1.3794997952028385e-13
1.2854070789014744e-14
4.712177831126797e-14
4.086247070870002e-14
7.390378522088927e-14
2.7301606106166128e-15
3.549024576823981e-12
1.6476309849123225e-14
4.6945657107493864e-14
9.605540412393567e-13
3.044660164056215e-15
4.243621446125149e-13
9.459179353751633e-16
4.612181354508673e-16
3.306585125248529e-12
1.2643378110663287e-11
2.1662981921619228e-16
1.49815581220723e-10
3.239773346815012e-15
2.4204523042704067e-12
1.3509741323502344e-12
4.0693086525991456e-14
2.567011970674471e-16
2.455978962694587e-13
1.3563114569479166e-14
1.1617079892912216e-15
2.6436044699047665e-15
6.406544145982527e-14
5.022434507968752e-12
6.340899978100466e-14
7.939764277091404e-13
3.2624726496548474e-12
4.140406128721287e-16
2.400792747807466e-15
3.694400812462333e-14
1.0886332500696213e-11
1.1027859719020094e-14
5.018628070338737e-13
9.505318746834304e-14
9.061506287604412e-13
3.126236146235476e-12
2.7410487680381402e-12
1.0594425009290466e-14
1.2726935847438852e-12
3.103833232989144e-13
1.2232240120916857e-13
2.886209225212189e-13
1.6204038021230296e-13
1.9737777516555948e-13
1.564237897135301e-14
4.8363908316372034e-14
2.0810952109326672e-13
3.5735700125208076e-15
3.2524477576254705e-14
5.3623425168984875e-15
1.4102238526022125e-14
1.4682493669105855e-15
1.740574742563865e-12
5.098875416693922e-15
3.2952437836132097e-15
2.412909456937298e-12
2.446122108456527e-14
1.9413294366732025e-14
1.0942229131419454e-16
1.0197304820608578e-8
1.444925457132558e-14
1.4193328076696135e-10
1.7896727946360545e-14
7.09548305128119e-14
1.1943650620041394e-15
2.602097513736277e-13
5.310781449909657e-14
2.891280960451846e-12
3.860264153945275e-15
1.6750107791645948e-14
9.462665226161603e-14
1.0109414185913467e-14
1.8576139131344096e-12
2.270989688127692e-15
2.029442122900986e-14
3.2690065187663686e-12
6.639622809354157e-14
2.668335031131412e-11
5.976671283157523e-14
4.794945210087082e-15
2.240433303839887e-12
6.436005958536037e-14
1.7287013228833226e-16
4.198113207610501e-15
1.338093748091552e-14
3.7947407084886525e-16
4.2317363036445605e-15
2.5614795174457866e-14
3.356559916197212e-14
1.157943545402989e-12
9.815667819753178e-12
1.8360966876125297e-13
8.645760293268233e-13
1.3012830354343647e-15
7.803332413163388e-15
9.419205073571619e-14
