2.976510560184197e-5
9.631120899232352e-6
5.456545593868673e-6
1.1842069656171598e-5
2.584076614464845e-5
2.3679899709401712e-5
1.1419028448889786e-5
4.8046958223836486e-6
1.1106088823362104e-5
2.3637904817692552e-6
2.0639309076001788e-5
1.6402760764839918e-5
4.708414923442731e-6
5.333774221898026e-6
2.5515443032676102e-5
1.691205759349738e-5
5.831262694590288e-6
5.963322605981385e-5
1.1011745846866512e-5
3.183727085160943e-6
4.63075353387104e-5
1.5764866334114544e-5
2.1561232564785855e-5
6.451047885221906e-6
1.1001988691035804e-6
1.6893545119727264e-6
1.2172405542490226e-5
1.585822158538233e-5
1.1345929898860737e-5
2.2149457972117617e-5
6.115010290011368e-5
1.4929440751677194e-5
2.9974563797602196e-5
3.481485072641573e-5
9.275237567731617e-6
1.719302379195853e-5
1.0049754104196968e-5
2.617416552926896e-5
3.682209410651393e-5
2.5409675111772208e-6
1.2655273542843682e-5
3.956846872679645e-6
0.00010161766206274673
2.2324244840184966e-5
4.165634577548221e-5
7.356626996690157e-5
1.828412225127736e-5
4.751581541578837e-5
7.795159159220946e-5
1.3966533333282697e-5
0.00010528962662636106
1.4042719864004432e-6
3.1151387092383145e-5
1.4968121524463773e-6
3.466240844853963e-5
2.412700698952211e-5
5.6027586837973246e-5
5.948372794008681e-6
6.708660063196867e-6
7.332737166245217e-6
1.402597325718461e-5
2.6035516790382942e-5
1.2290360000918017e-5
1.403409806844226e-5
1.3976887312973727e-5
2.3085342933119158e-5
2.0170777050986898e-5
7.350178878187123e-6
2.296506151310954e-5
2.4339756974951937e-5
2.3303453162824587e-5
2.188310386532837e-5
1.073486241237829e-5
2.3732491133288348e-5
1.4825259016527185e-5
2.8880452933640275e-5
2.173213553294514e-5
1.6726141587877604e-5
4.7190562561001825e-5
2.5882851334170115e-5
1.6087964920650015e-5
5.5578169003245665e-5
1.163120678238437e-5
1.9116991283465226e-5
1.6490654464868597e-5
2.957232672626457e-5
4.45129921624464e-6
4.322909464179404e-6
1.0885188511621648e-5
3.813396975170534e-5
1.1249246792218641e-5
1.763581925462446e-5
3.1728025524527945e-5
1.4432807958432568e-5
7.229760530326639e-6
2.8628722848189203e-6
1.7024698604398497e-5
4.547156232800763e-6
2.8564933405165805e-6
1.1953064415666261e-5
1.780158710811818e-5
1.3205966336874284e-5
4.478446317522372e-6
4.958723926072236e-6
1.0336217991386776e-6
3.093093198122697e-5
5.1924248938323564e-6
5.9151446938916595e-6
1.3613113907841606e-5
4.452505567640014e-6
1.8341987217322446e-5
2.3900854838548614e-6
2.053915911764246e-6
1.7482557899259115e-5
1.3125139828999186e-5
1.2347647749708444e-5
1.6287167631203977e-5
1.8173529831508538e-5
4.0656644026938684e-5
4.6410464894246127e-7
2.9224036457422273e-5
2.8405880347790475e-5
1.5316237037201506e-5
2.9977620823070504e-5
1.0404500594820729e-5
1.59467572309184e-5
1.0997425261097871e-5
3.5130921017226275e-5
2.9659871265546053e-5
1.9656929008998875e-5
2.5345235756176732e-5
3.544161027750217e-5
2.410474380475218e-5
1.3027682612923303e-5
3.5821465532772855e-5
2.787660016737921e-5
2.6461561644681087e-5
7.341897692231683e-6
1.372024983338925e-5
1.0191518130398166e-5
3.606706547183044e-6
1.2881286279358153e-6
9.79453280081401e-7
3.7523091203850367e-6
2.1028794114305674e-5
0.00011287609754904523
2.2428723997377074e-5
0.00011331969290462325
1.289852629918842e-6
2.070307384551551e-5
1.1234315733666857e-5
1.7792406830815762e-5
1.4224440025567327e-5
1.7709082609855056e-5
2.3241381433944583e-5
9.639590841591558e-6
1.4116339037614568e-6
5.552696066458903e-6
4.2420380760290346e-5
8.014039312085678e-6
4.287915852213662e-6
3.6356725174288976e-6
6.879277761795144e-5
6.496018528037414e-6
7.438933212077025e-6
5.617710397067427e-6
1.3298703440081021e-5
2.347172608282543e-5
1.1785231103763867e-5
1.0958127922580217e-5
2.5058328372473398e-5
1.6212373283802797e-5
1.1683317097462357e-5
9.783040110340672e-6
8.647923181867693e-6
1.0215982509862793e-5
1.3798003431712785e-5
1.4644278731890107e-5
1.8012826294680217e-5
4.8974941209520155e-5
9.40298763889651e-6
3.865287901544748e-5
3.625354984674949e-5
4.617364027055952e-5
1.5236363361161657e-6
2.4345645760016993e-6
1.6191069438831978e-5
2.6293778181132916e-5
1.1175566915910652e-5
1.55731724630314e-6
6.844201054325735e-5
2.7806499173089776e-5
1.219910634838146e-5
1.169097168280741e-5
2.0449652432488383e-5
2.421078174221255e-5
3.1625705286887496e-5
3.8400146416139987e-5
6.244256266067673e-6
1.1076255497551261e-5
1.412781393425954e-5
1.964313777903782e-5
4.235570318705397e-5
1.1878238623195002e-5
1.8560169388829206e-6
1.0192670258468212e-5
2.737708307129219e-5
6.468776142924672e-5
1.6197720364964783e-5
1.7019911263819455e-6
3.368455811575767e-5
3.8703082894100863e-5
1.6025719764836914e-5
4.991837452343845e-6
3.0849379765917304e-5
5.6830160111488264e-6
1.75470859587099e-5
5.218823717385694e-6
1.7078357888370886e-6
1.7718800989581634e-6
2.0448956742050078e-5
4.6814555242115245e-6
3.148443975794818e-5
7.366678768271949e-6
2.57760326126379e-5
8.382770645025794e-6
2.0683170256712637e-5
1.1827329465889379e-5
6.018361467628288e-6
1.9317421201737075e-5
7.763528578063077e-6
5.288857550180148e-5
5.062704097921196e-5
4.266909308577242e-5
4.59363368548109e-6
2.359673769660741e-5
5.204160495215638e-6
2.644911007378032e-5
1.2257716176578712e-5
8.943803372488021e-6
1.284750493796884e-6
1.8992910677540275e-5
1.8452020431980935e-5
3.2938736376579785e-5
3.457949165848892e-5
4.5098950249098505e-5
2.5329554037993605e-6
1.0118240109129178e-6
1.962578999163363e-5
1.3670973993150394e-5
2.6567409753683296e-5
7.88259427478111e-6
2.1951686862737745e-5
1.2595273679627198e-5
4.318740093947691e-5
1.7142268537960528e-5
3.6176107779426985e-5
2.780187781829042e-5
1.0225060632450793e-6
5.053557301569597e-7
7.831166363737353e-6
2.5507975076659326e-5
2.944782717836454e-5
8.291031666969105e-6
9.565434523790378e-6
7.96146149497229e-6
2.3146141549139246e-5
2.6229622190383807e-6
4.069330988821932e-6
9.415755799936286e-6
1.56332302372068e-5
2.3971082766736313e-5
1.9109317522118122e-5
1.2765950075302224e-5
9.072537084281141e-6
1.2277950770107351e-5
1.781894337459e-5
1.1022956475344022e-5
2.248766436380098e-6
6.0145651722147155e-6
2.2651745429827015e-6
1.8443513146487815e-5
1.0614546027265676e-5
2.507027071636999e-5
1.7917811849077388e-6
2.226231036683996e-5
4.699112463970791e-6
4.114299438051805e-5
1.5579840010347482e-5
1.509315718578469e-5
9.026523343166339e-6
1.643495837714192e-5
1.9629785732530693e-5
5.241248483158658e-5
5.2119970101792144e-5
2.9425387323507265e-5
3.473476888103886e-6
2.5550467980938125e-6
1.5353562859906233e-5
1.7209696980173365e-6
1.094303923759471e-6
1.7152944825421125e-5
0.00038732120198767565
1.090191345833573e-5
7.730474272497455e-7
1.529496510638667e-5
2.0443229425703215e-5
9.68306978665703e-6
1.491914692667347e-6
4.210757778241938e-6
1.1949741397540713e-5
4.06500171439881e-5
9.34713732834703e-6
2.018554317331224e-5
2.54557867005477e-6
1.2776492946874393e-5
2.472058989810034e-5
1.2157291521180118e-5
1.040330462228878e-5
2.4691523525987442e-5
1.3456792134926432e-6
1.4241348014219356e-5
2.3252516472196323e-6
8.165562349539627e-5
5.938570567205056e-6
9.235541449817565e-6
4.154289109101374e-5
1.1419099409113864e-5
2.340885950960739e-5
5.51361811989384e-5
3.544118482297763e-6
2.4238578040015563e-5
3.634751889242463e-6
2.355486438699413e-5
2.22506284085614e-6
1.3913201097095719e-5
3.227093214102825e-6
0.00018904236345051773
3.0684931742641192e-6
5.8943280164549534e-5
1.0916902530430779e-5
1.7731012263021592e-5
1.9196050489068706e-5
5.36873911578569e-7
3.3507359422908e-5
6.692344679939312e-7
1.5661648981300571e-6
2.112634197607257e-5
9.671706206084714e-6
1.9020922752661215e-5
1.6903903743110916e-5
6.930357693407115e-5
1.2965841140308552e-5
5.391260429373602e-5
1.6718570388368663e-5
1.9361646343987402e-5
2.3605004677317756e-5
1.7969215264102967e-5
1.2032730938982888e-5
1.1495904745045991e-5
3.2749844903939794e-6
2.358998771202211e-6
4.461257929607153e-7
2.9661845274051005e-7
1.6585789033669573e-5
3.279838136823438e-6
1.2890582505100135e-5
4.870495225466294e-6
1.6083390548247034e-5
5.37323452605942e-6
1.1243322210854214e-5
1.3779513536643241e-5
5.575013337569749e-6
3.831554503658302e-5
1.0650593430539998e-5
1.5960824566845802e-5
8.178253781333353e-7
8.245721590731171e-7
3.277890072061268e-5
5.655078253916908e-6
1.3542309867825156e-6
1.1040081550919305e-5
9.136969484272669e-7
8.06458442414488e-5
9.706839512513319e-6
3.27741614962834e-6
1.5876307540662955e-5
0.00011121637326982426
1.1445239272220667e-5
1.2198065966934202e-5
1.924508016783486e-5
2.133381265811631e-5
1.8224806026489805e-5
1.1461542184316457e-5
9.704616119167917e-6
2.980225434955102e-5
9.671214635239331e-6
1.3246568518084917e-5
4.26028848053107e-5
4.094514428008953e-6
5.178930188794496e-5
1.4429525588688005e-5
1.3990970697303572e-5
3.958272976547623e-5
2.941160126986363e-5
3.191488394537946e-5
3.8965672617218545e-5
0.00034888978570028523
1.4936290850518326e-5
4.1940677715524184e-5
4.2470593284991364e-5
2.2320171420772206e-5
1.2021226590364897e-5
1.2690709066349871e-5
6.394943236404494e-5
1.1415110463898476e-5
3.1091703457145326e-6
2.188504798203624e-6
3.4845902613906026e-7
1.5306969934035255e-5
3.090231999646303e-5
2.4779801339783007e-5
2.175978383619949e-5
0.001632012421414571
2.1988898606020802e-6
3.3775843370016335e-5
3.2701587530332854e-5
3.4999442280843277e-6
2.757541679722012e-6
2.175316410209212e-5
2.1900236956799428e-5
1.5051139581915911e-5
4.340210488368694e-5
2.0065032247374213e-5
2.0310818661314836e-5
2.780203480784168e-6
2.545915046763955e-6
2.7320539369153723e-5
6.626393177654031e-6
1.5032647968600662e-5
3.38002550374796e-5
7.504529877389833e-6
1.3296232909829582e-5
2.4654468764117853e-5
1.412495477412373e-5
2.3569565949374154e-5
3.8006552345922043e-6
1.6960304847829693e-6
1.0212392275614587e-5
4.4817897654111795e-6
2.251490434803092e-6
8.231726618458618e-6
8.520449430245791e-6
3.5419921785824914e-6
1.751168175388405e-5
2.136441735822824e-5
3.604571761127023e-5
1.0677404932460092e-5
3.206770330724163e-5
7.085110918437141e-6
5.604392921992706e-5
2.8270949960934447e-6
0.00010630935926076018
4.467762998792932e-6
9.978048391195415e-6
3.544805759432519e-5
2.6015019008763365e-5
1.5164398580115396e-5
1.9236138735605073e-5
1.1102450913884817e-5
9.053707472484224e-6
1.0794024404571787e-5
1.693074290241634e-5
0.00024249869670214062
2.6259005554328838e-5
1.5493099764717106e-5
5.4152365445462295e-5
3.546842480404394e-5
9.257516232233728e-6
1.1894493071215703e-5
1.0781126616753966e-5
4.22897923405544e-6
7.404921628160814e-7
5.540437596025028e-5
7.127365015747001e-5
2.0739546374447814e-5
1.3676897514761136e-5
7.2327567750125564e-6
2.197927891077955e-5
1.1027038288177299e-5
1.9037058607234613e-5
1.463866463766644e-5
7.430685349353847e-6
2.5921343594978307e-5
1.116788995255585e-5
2.023281782641729e-5
1.0500018300161338e-5
2.1646391970956322e-5
2.9864166145536708e-5
1.8728793419354754e-5
2.748884064313683e-6
8.739831463579128e-6
1.4423141376993266e-6
3.702504140903292e-5
1.3293693656508051e-5
1.9359024936856012e-5
1.3724386769812653e-6
6.039768467890383e-5
3.497611028244384e-5
1.4744451526601266e-5
1.5933646085012623e-5
1.2182312856021384e-5
1.4473790607261745e-5
3.837571478205609e-5
2.5105859576081954e-6
3.054771464934515e-5
2.9848714730314015e-5
5.571728148313272e-6
0.0001314199383262616
2.199197750120691e-5
6.957477686803246e-5
5.879221702661726e-6
9.298202338988927e-6
1.4618868371898393e-5
8.612171063273154e-6
1.4377866413384024e-5
1.9598060308123822e-5
1.7682378037832468e-5
7.836241470665485e-6
0.0010182422893622747
9.018617222057116e-6
8.14705892243393e-6
0.00728467837093195
1.90179457984535e-6
5.994647657905428e-6
3.1048058368120285e-5
6.311187832902957e-5
2.7530950998087265e-5
2.995413557641028e-5
2.6309962868253826e-5
2.2794543331206987e-5
7.652770617226292e-6
4.862477667198088e-5
1.6949502252509598e-5
1.0607137792289774e-5
2.415458446047503e-6
1.4883060373135249e-5
2.4961212687273677e-6
6.635753851926944e-5
3.23245147423594e-5
1.3589708095917772e-5
3.371684714593136e-5
2.1357826029087618e-5
2.9674198825771237e-5
7.84973520014922e-6
5.298162161170081e-6
2.2663009003370376e-5
5.373769128159641e-6
7.225583951715288e-6
3.079797474104796e-5
6.8783844295860894e-6
5.750210720172825e-6
3.822902952270007e-6
1.5101200448875783e-5
1.8205759058604674e-5
2.1758110757511602e-5
1.9337650623785184e-6
1.5597063835098384e-5
1.685185249502803e-6
3.1625654646802136e-5
1.3222418472212094e-5
1.3405867230082168e-5
5.446835560213494e-6
9.502868607931556e-6
1.2679300206589346e-5
9.278528126339319e-6
1.5525747032386394e-5
4.5072849844274405e-6
9.189179633741273e-6
8.323749654557973e-5
1.499138624342317e-5
3.045044820926289e-5
5.2333040109834055e-5
7.31245062321706e-5
3.632654648519445e-5
0.00012298320992986737
9.335917094466355e-6
1.7720389686286792e-5
2.4300703728839356e-6
7.397406348899641e-6
1.5756532950719912e-5
1.249181385541045e-6
6.279169916099832e-7
1.7654580272340287e-5
1.391661416001362e-6
1.5398582242804186e-5
0.0001258835844231331
1.6640492254156427e-6
1.6168011578383924e-5
4.478389888338348e-6
1.7797413716290202e-5
7.054469847769074e-6
2.4839368057700742e-5
4.858301362636406e-5
9.608351632570213e-5
1.3547172510824123e-5
0.00021518513156173723
0.00012783230235676382
4.87089422756124e-6
1.3252711349119872e-5
1.9353009092215915e-5
1.6239964834112305e-5
8.033385393008331e-6
1.7342523148379382e-6
2.321647884347905e-5
1.0705199479123615e-5
3.257237740802387e-5
1.4089955319463127e-5
1.0270144831805667e-5
4.210786578129801e-6
3.839556462762472e-5
1.5677180343612988e-5
1.1762174902836866e-5
8.737101757525521e-6
3.803242051876635e-5
1.720603384768731e-5
1.0185291454337535e-5
5.652197966293411e-6
2.4196614590466202e-6
5.504241451345332e-5
3.287267358498111e-5
6.188361328265966e-5
2.49505453365635e-5
1.0272738077873771e-5
7.482307288064024e-5
1.4581966782513613e-5
5.9529319392208955e-5
1.747717368889119e-5
1.2470776424169142e-5
3.3993719328089096e-5
1.163560779878124e-5
1.7798326729483622e-5
9.991205193361868e-7
2.588404234137329e-6
8.698539311463937e-5
3.6835783120890633e-6
1.8585337913632337e-5
4.588740193269274e-6
1.9907259138229332e-5
3.1599313444823736e-6
5.581171481518554e-6
7.609849023299783e-5
7.3509689963087e-6
8.51463058413365e-6
3.3357659624828117e-7
5.810128028297749e-6
1.5770471884894485e-5
1.3318337050506124e-6
1.9321853867826786e-5
1.4678592352283608e-5
1.391302712385333e-5
1.789014093175477e-5
2.1564151547043854e-5
2.314579510845212e-6
1.1021929913561637e-5
1.0947545529702265e-5
1.092834404637717e-5
4.6641425945322134e-5
1.3268086852113943e-5
2.377088115587386e-5
8.758728315198449e-6
1.7428981508853237e-5
1.4086538273751233e-5
2.9934648073604055e-6
2.637327474743666e-5
0.0001522404369479675
1.7042581875302716e-5
2.3670196353118178e-5
6.515434925576453e-6
5.130393826308534e-7
4.009567885600108e-5
1.575904539563295e-5
1.9652167185981216e-5
1.1256877445787976e-5
2.46031649797963e-5
1.6951148742506102e-5
1.6825659539271432e-5
4.629892643507921e-5
3.6543473760300066e-5
1.6185303615195392e-5
2.139578133240786e-5
1.4030850160254061e-5
1.5024325339249783e-5
8.160178730866419e-7
1.0005262241819685e-5
1.884809343913482e-5
3.6982683315814284e-5
1.566986911518835e-5
1.5589619951466817e-6
4.231759887139793e-6
2.8162709080999157e-5
0.0015020253584418386
5.080682536231611e-6
4.6221173697749824e-5
2.3520763069421286e-6
2.452468042325408e-5
0.0016873921211473905
4.3344068136408495e-6
3.0206687978044256e-5
1.8216027136742967e-6
9.220490796749533e-6
1.3429883016910932e-6
5.066931212599565e-6
1.8180421626761017e-5
1.105275257834622e-6
1.7565942609628466e-5
6.910987610722419e-6
1.4309487312660898e-5
0.0009686315154626925
6.568359047567183e-5
8.746917806650075e-6
1.6558660094410064e-5
2.6218843474046208e-6
1.6926370811936826e-6
1.5806312068821374e-5
1.3462233961223744e-5
6.030941672212575e-6
1.0137488207710296e-5
3.0202510716182554e-5
1.6901210965601782e-5
8.979960865386824e-6
1.999148160683285e-6
3.0991541189576275e-5
2.2531030914730162e-5
2.0996882012614617e-5
7.383320479054587e-5
7.33840240636128e-7
7.445271929171793e-6
2.3532930768606734e-5
2.2968286947452037e-5
6.512045790280449e-6
3.83337371725475e-6
8.328960421979204e-6
7.018261451466107e-6
1.949304733076864e-5
4.7390935675551665e-5
6.921129579002012e-5
1.3361521731456582e-6
8.515964327805654e-5
1.2566092623004594e-5
5.229759576052329e-6
2.0466800637756492e-5
2.1444068331242272e-5
5.051721002119582e-5
4.733472693016001e-6
6.478949705589928e-7
1.1762646558059122e-5
0.00015907750209936456
4.608521953515384e-6
2.5357282866469223e-6
1.175664917317325e-6
3.830293692856259e-5
2.670385122607847e-6
1.598987076068616e-5
1.2270279039973383e-5
3.889100352868413e-5
9.197616406835488e-7
1.38695580653359e-5
2.1318011081145395e-6
3.430991026991648e-5
1.4522721032314859e-5
0.0001294161587019593
9.571137721670665e-6
2.296018634875255e-5
1.748168656335245e-5
3.412069281534282e-5
1.9027041580119555e-5
2.12750713026709e-5
3.9828670565866674e-5
2.393692699526532e-5
1.0364504910621674e-5
1.373913526617826e-5
7.271658170173453e-6
6.344539949146208e-6
2.6448790165482823e-6
4.0803498730442004e-5
5.8597158081886626e-5
1.950555560924684e-5
4.0869133338639397e-5
1.6682445652956097e-5
5.229959393152833e-6
2.5333289917539482e-5
1.9628352650666345e-5
1.175368406110066e-6
5.549699941174042e-6
1.1281349088366526e-5
3.5158834765220165e-6
1.811412772884741e-5
8.261759547535078e-5
1.9933659277980333e-5
7.835682909278669e-5
1.217800500749572e-5
1.0551787400312163e-5
1.3680778455276281e-6
0.00012851053432294047
1.6170166092047812e-5
2.4620293480206776e-5
9.498679435851605e-6
1.8925853301590377e-6
1.195144926409506e-6
2.139869896695047e-6
3.125841617844318e-5
7.275815376769288e-5
1.8996842111922487e-5
1.3949477482362776e-5
2.3408437050279014e-5
5.497793836159504e-6
3.3508612327159046e-7
1.7581696523354577e-5
1.809467085938562e-5
7.320095363471771e-6
1.7275856968340078e-5
2.3395148194257063e-6
1.6329656946642508e-5
1.038639646503256e-6
1.7995385875892213e-5
9.597536001347263e-6
8.569008446211924e-6
4.809084088999301e-5
2.155778696446108e-5
4.95449074178744e-6
2.2046610578821446e-5
2.2415421332220857e-5
1.8286771486107623e-6
3.9841528731797204e-6
3.833823830092732e-5
2.4926709933884444e-5
8.993946935227798e-6
2.072876064479599e-5
8.95014083354763e-6
3.8987717767321515e-6
4.58828409712241e-6
3.124666343662652e-5
2.480499198515601e-5
2.376199975121415e-6
3.599231963749625e-5
3.096607493009352e-5
1.3649994661857465e-6
1.680001537106701e-5
6.253892589661195e-5
2.4390438984775094e-5
1.1874582609208983e-5
1.002761460816151e-5
4.462415687673713e-6
3.5489132418409624e-5
3.58804799877332e-7
5.822199554358592e-6
1.812980693673145e-5
1.5915375285131837e-6
3.6736244635945624e-5
1.4005988694192554e-5
1.831257335122608e-5
0.0002123327531691867
1.241411416542709e-6
1.5555208573432776e-5
0.00019740190674340333
2.573690953480029e-6
1.7133226297115212e-6
3.238552495758125e-5
5.4932206004163044e-5
1.0078940962822269e-5
8.594581444781943e-6
1.2913267434376157e-6
2.5759903601627562e-5
3.339386029025379e-6
6.603531396537395e-5
1.762039657996003e-5
9.291537148219097e-6
4.258786604420469e-6
2.706428428010477e-5
7.583446284718886e-6
1.636605501068464e-5
1.1887617013079298e-5
1.5264482219502446e-5
2.0969992637941327e-6
2.3635350829331846e-6
4.245352728060602e-7
1.4679894123407171e-5
8.650139603197399e-6
8.700304097744096e-7
9.521964170101417e-6
5.305730801498099e-6
6.006577777255744e-6
4.447758768619357e-6
2.5483919343806987e-5
9.654198692786802e-6
2.694804713346068e-7
0.00017989106420174906
1.123461097363538e-5
1.4096215456314524e-5
2.993153940115671e-5
5.543573721881064e-5
5.982336779189296e-5
5.618158722599534e-6
2.4394478310595813e-5
1.3607254470461483e-5
1.4102216171577583e-5
5.286380388926516e-7
1.5437200704646953e-6
4.9408099817734765e-5
1.2637043177466378e-5
9.191782722722102e-6
3.574906760427413e-5
3.231502088147955e-5
9.333010087366657e-6
3.4619733920930484e-6
1.9028498229999173e-5
1.9961178852116034e-5
3.689770268853903e-5
2.2960175986270523e-5
8.978026267373338e-6
4.2984274320574845e-6
2.340567251008736e-5
3.071774198471645e-5
8.31304387268743e-6
1.2336925369515007e-5
2.9025651501183566e-5
1.9780094897922007e-5
1.1895642577465635e-6
1.261814091994383e-5
3.014843938747026e-5
2.095727815630743e-6
2.9250647933547757e-5
1.3325089107366958e-5
6.618911661344577e-6
1.1092042969909037e-5
1.1479110848110257e-5
2.0464191054604577e-5
6.416334011861918e-7
8.433428374860363e-6
4.254126663861262e-5
2.1320310438829875e-6
1.6812789718276627e-5
1.1906234234348178e-5
1.2741741590137576e-5
1.1476289480495096e-5
3.377039582204494e-6
1.5921197761735003e-5
5.9035644705428894e-6
2.234431172963688e-5
3.4747953732799213e-6
6.108545728766257e-6
1.5881877822936678e-5
8.987019254038593e-5
4.401474021448972e-6
1.1269424531738995e-5
3.683673318960731e-5
1.0885076816997157e-5
1.2196903054513877e-5
6.986228517225964e-7
6.804607140182509e-6
4.664065936224161e-5
7.436113540565989e-7
2.3155883966823867e-5
2.7890684743107565e-5
5.557929931003183e-6
4.271450835417908e-6
1.862726416302219e-5
1.465989842697362e-5
1.2585096681938462e-5
8.224724324115476e-7
1.8790914369620433e-6
1.2367943121177169e-5
2.107933827774722e-6
5.386993410242396e-6
1.8509387918781304e-6
1.1951836784284963e-6
2.8531978753400936e-5
1.02547450559332e-5
1.3769110054947167e-6
1.5702026027726276e-5
0.0002549515544743391
1.739065130093475e-5
1.1288165150857571e-5
2.1127906084144715e-5
1.1277692775587763e-5
3.655540478898382e-6
3.031329847538741e-5
1.4902313733449968e-5
2.366590869429321e-5
2.9883951683267323e-6
3.735996359745674e-6
1.3895336918501246e-5
3.777733407400029e-5
2.5368011923539103e-5
1.363172492424162e-5
3.195879119236373e-5
6.87865331003707e-6
5.1793999164110644e-5
1.9640003278586856e-5
