2.3438185895818518e-57
4.308788742568482e-46
1.7063530421976872e-55
4.651953985685614e-10
7.215475875781818e-58
1.5835130497504885e-8
3.2568937234290224e-56
8.332879996117663e-14
1.943373376731714e-59
1.527055691109823e-53
1.5684547797787435e-60
5.573393468248376e-20
3.80597182763728e-54
4.8770288175279585e-9
5.954302742327324e-9
2.8343652539383583e-13
7.730921641113875e-10
2.8669111046273297e-9
1.6367057758906128e-41
1.0335966773145064e-58
1.2137276234029985e-54
1.3750177692415777e-8
2.2779829327930107e-52
4.954556768594873e-54
2.2326027504711036e-8
7.586979647063559e-56
1.2577461560062611e-57
1.7561176998181696e-52
8.608343090307118e-57
3.590122672629314e-57
1.208011072478275e-54
1.402411215795647e-9
1.4107842521879414e-39
9.847460622180068e-60
3.3603420877230546e-54
2.1843888469160456e-8
1.2593303519459994e-15
2.2266026589610083e-16
3.6736598230255753e-51
1.6602954369209572e-51
3.332002543783884e-52
2.1406853167609016e-9
1.0036313077405531e-15
1.1337599531606963e-57
2.5228276140076893e-58
5.6644854823572906e-52
7.579062500095899e-13
1.5844613000268124e-9
4.784726845031208e-10
9.387179239397364e-10
5.805507964382689e-10
2.8563665752190355e-42
7.766223090673492e-56
1.534314081416858e-55
4.631318418840342e-54
7.033996772451697e-53
6.664796982354469e-61
1.24929638198884e-9
1.7292951723639439e-53
6.670736965476068e-43
7.667520193480608e-7
8.279783663634898e-11
4.1213139372727123e-10
2.834271804805145e-13
4.3114698795907836e-16
5.701320959943589e-10
6.162435084971395e-10
2.8918055904246166e-50
7.438612688889806e-9
2.964412297656943e-29
3.977058008121406e-40
1.7540647994063794e-53
3.848399952561504e-10
1.9257585458471e-44
1.5389567246611564e-55
1.3111711956831388e-10
2.0344985977033253e-11
6.055543024024465e-14
1.1305826601092464e-54
2.539205601335487e-54
1.0352543238986219e-56
2.2917733886089062e-11
3.23041694923747e-16
9.008425043853359e-15
4.001870030968278e-44
1.074119842552242e-8
6.419166112109148e-9
5.286786899883119e-15
2.3633557885818486e-40
7.51590806020445e-10
3.3406267971583406e-41
8.71203405579486e-39
8.753044821773675e-59
6.244680409608873e-10
5.140726089059836e-8
9.984056546802151e-10
1.165987718513914e-8
5.479758956959817e-6
9.798129566354575e-55
4.5102664454325936e-57
1.8658611074671856e-60
3.864792085715331e-58
3.659927740768024e-39
2.5741647837909785e-55
1.675160924561819e-51
5.786287217385436e-59
3.549049275962151e-57
1.1497033352389046e-51
7.76855651480139e-17
1.2200145692325191e-54
2.4346599691223818e-8
3.2043971198244404e-10
6.763280675036625e-15
1.6348701766165457e-14
4.835581492122912e-44
7.955677889766938e-54
3.6273342190091686e-9
1.544979612577583e-60
1.358389869683779e-54
1.5003744485985935e-58
2.0533585565378423e-6
1.891558371963136e-56
1.9513897887591955e-55
3.8490395328936105e-10
2.1974063390579985e-15
4.504739833879605e-9
1.1353772095539588e-11
1.5054864504817703e-9
6.674930612495722e-9
3.159197016241082e-41
3.403982405534675e-9
1.2302828635983084e-9
4.115154816053847e-40
9.890536440238321e-58
2.981504965947222e-9
3.259543922660334e-8
6.604779035737372e-8
9.056932421302625e-6
1.0017588220258184e-8
4.0276936407170213e-56
9.452548234491687e-16
1.4703242009206148e-53
2.8288058337165617e-59
5.51969349857619e-12
4.697413041636686e-20
3.197616754703715e-53
1.2554670458659975e-9
2.000453994336298e-7
1.37662830748255e-52
4.8619699200182987e-39
1.5382832088945325e-13
1.069741208141866e-10
7.03255551210623e-13
3.2033717442615483e-9
1.1724475497561094e-52
8.163473334892113e-55
4.190984141674048e-55
2.919388610505123e-59
2.4702306517679818e-9
3.2468139728547866e-54
1.0721473601183797e-54
3.6033544729850936e-13
1.219078770352806e-10
9.868929863169301e-10
7.155349857176238e-55
5.325757665824393e-8
3.218937755335474e-10
4.722190320416636e-10
1.4345576341868247e-55
1.3336739830659968e-18
9.888126407004279e-9
2.6275806886776555e-58
2.759559805952919e-9
1.6202258617413365e-54
2.021870056377012e-54
3.0748291284460975e-58
5.970111121203711e-53
2.491631796728935e-14
1.4753188824431373e-9
3.0687939300722466e-14
1.8026708231920135e-55
1.3766340884727794e-8
7.313014834001771e-7
2.720234368207095e-56
9.561209257416725e-8
4.385368147935543e-50
2.9479960107908715e-55
1.006485990302883e-8
1.5086283241262938e-56
6.305857627404954e-56
3.407147992185451e-55
9.76609110737601e-9
6.799728070465641e-59
1.4362300286860887e-8
8.799656959058961e-8
6.386390377791995e-53
1.3736325442634121e-44
8.796436791732402e-39
5.716008176901019e-7
2.7395731239603324e-44
1.69792665049863e-8
2.6438958060463744e-36
5.624303407381346e-54
4.137037647491132e-9
1.913607757607016e-11
1.5316306907329817e-45
7.525399093977082e-53
1.6225328435296277e-9
5.539170400717941e-9
3.5151275386631074e-10
2.5207774535748863e-50
1.2735651296563132e-38
2.8228205559904844e-53
3.239459323006823e-56
7.334684713137036e-15
4.536297015416267e-10
1.4418268989814104e-55
5.574291351033481e-10
9.18125438714932e-13
5.540711432069907e-38
1.565557699282963e-54
1.3885722823733728e-60
2.790200131210835e-13
1.3325813502416415e-10
1.7442992133781374e-44
3.961614574903032e-9
3.232846747194014e-56
2.041700350557198e-8
9.211042477995913e-8
1.740490347027948e-57
3.096246846079159e-56
1.1004241143987918e-15
1.9792061971035286e-10
3.2639078164334424e-60
5.414851074796878e-57
1.568461004855807e-58
7.288215245125061e-11
1.5026990788379639e-55
5.257478693850039e-10
7.219526483278554e-54
4.075730000981061e-57
1.3476125653394115e-51
3.536942336706669e-9
9.374283676193109e-16
1.2158993241426262e-14
8.524712555389772e-50
1.0808014010082921e-14
1.6432949028486527e-53
4.785957278988877e-55
3.7975309320202165e-53
2.0061472614902015e-10
7.503796566133313e-13
2.5453454612162196e-57
6.710598094119215e-53
3.0511650153232747e-58
2.2352654332932215e-54
4.0285580270143555e-41
4.404660846388869e-54
7.52082750583192e-15
1.1608593943006748e-14
8.9518420138527e-14
3.8937051134632816e-57
1.3877033976618082e-12
2.514124878491846e-17
3.0276134905323238e-58
2.102820716366358e-58
5.2151981050927546e-55
3.2591875856515674e-8
3.1401164785699646e-8
4.3903872255368314e-57
3.31059806741443e-9
2.7858645325937865e-11
2.1486352426238307e-53
1.7061570522239081e-53
4.947555073862345e-51
2.217616915221937e-53
1.3579659436760899e-13
2.0454406299418823e-14
2.4176124773392327e-15
3.977370505589379e-53
6.589681505368353e-58
5.897531562741604e-11
1.10926206244111e-8
1.3692562301743262e-10
1.732690380896063e-52
9.280385011496517e-50
6.188891614723823e-14
3.5562577308517742e-9
2.5698065433721777e-16
4.6574840590945416e-57
1.3090546166237012e-8
3.9772415947079864e-8
8.393162894459359e-52
7.272834951846277e-55
1.1674312799098677e-55
5.060106563161679e-13
8.858047708506227e-56
1.9341051622814965e-9
1.3013409009015877e-42
4.963472410952436e-50
4.141952587124588e-56
5.0404943227208925e-15
2.7145337826087593e-56
8.435380538936912e-54
2.5845275808243962e-55
8.285092170908031e-14
1.341585094587218e-39
1.0793870567851955e-59
8.407595617714704e-55
8.711595707433505e-54
2.831947291941214e-59
5.6758636082554725e-8
1.4651022904495281e-15
4.3129620406781946e-58
3.9685467914612656e-57
1.678653586819535e-54
1.9715173791453872e-8
1.2902709993969643e-56
1.6644978519893542e-59
1.566412561216018e-12
5.083952343392028e-52
2.7172346346922264e-58
5.448650151591158e-8
1.4649592449938994e-60
3.1796453699718182e-58
7.170857625567094e-55
1.9264289001239787e-57
5.367150968723958e-60
1.0545232578608913e-14
6.034422168251827e-59
5.10089663931979e-59
1.0886075600376466e-15
1.9106599189406542e-41
1.4332226260702793e-44
5.1051020288539595e-53
6.50959292963351e-8
3.2897951754768043e-53
8.657728629588953e-21
6.4522712453626676e-9
1.9096793917535136e-9
2.625083321954228e-54
1.0761639010119393e-13
3.290585231995323e-53
2.27506613248006e-9
5.992824794624293e-52
3.1574756483408725e-10
1.397298922627976e-55
1.9566247995002536e-40
4.768324229616488e-22
3.6975046128348094e-54
2.5210677033450957e-16
6.917304574255541e-23
2.5261770426004518e-8
3.640711161545578e-53
2.3174490283516478e-10
7.741358419844098e-10
3.298120986160285e-55
1.3984861278428678e-7
3.623738117841219e-53
1.6913479388349717e-54
1.7491826499601105e-60
2.53327707964344e-56
7.87508455000857e-12
1.513013745594392e-9
1.5298571984963468e-16
3.0336110324974764e-54
1.7783928077278967e-16
2.6406805120315953e-9
1.2037886501973804e-38
6.590625524790638e-16
1.3707652687564765e-43
1.98082966529401e-52
6.157706870839625e-12
1.5819107566561597e-44
1.59722268430081e-7
1.7572376424845962e-8
6.617254101531235e-50
9.786321175076231e-57
8.680091774164708e-11
6.70815744520246e-56
2.2457902032620351e-7
2.644970442042569e-55
7.001363017096777e-10
3.406391126383812e-10
0.0006838909423901096
1.0687090380195744e-57
6.797460032063702e-60
2.044138988414972e-8
3.4425341410760485e-15
7.006838503281773e-57
7.263456390940348e-56
5.611715863857805e-9
3.7892662055431454e-9
1.6212148752724538e-59
1.4371892738331093e-51
4.479798169288219e-54
9.081879865254041e-15
1.7606683351200978e-50
1.5461801406247873e-11
1.953042885956608e-57
3.5639557528472504e-10
5.672749968041741e-20
1.536203583093079e-59
2.2455445257166506e-12
2.3546644747465208e-54
5.503198654657959e-7
7.879414286434354e-53
5.665953546210745e-10
2.6072722098484604e-57
2.182794411762399e-52
7.039217072444404e-55
8.095919303245227e-51
7.167983577090762e-16
5.207469319534972e-8
9.99251903532048e-44
1.170463650919582e-8
1.6866605891494936e-11
1.1123695369818269e-57
3.7771837130604553e-14
1.2954946511899778e-8
5.3431891338961415e-56
1.0812322345534058e-53
1.750088000463002e-30
1.7628129805616703e-53
1.1091332374322166e-56
2.573412706295182e-54
3.111901800031057e-11
2.5335081418254477e-9
1.571031269520129e-9
5.670345909897279e-9
1.572386264390031e-9
3.1575052010718285e-43
5.53412950806161e-41
1.699320117749453e-56
1.9723297693544495e-53
1.5668355408943214e-53
1.1964395695708153e-44
2.60200968378412e-13
4.504427842201183e-11
1.4760671007710111e-55
1.7489272480272973e-53
7.859945823922542e-10
4.4139480223012944e-15
9.802507304143491e-57
3.872083325730405e-11
8.76056631782917e-14
7.678354424570883e-55
4.421967186511547e-15
1.1805000884041414e-56
6.430741731264857e-59
7.000933950647362e-9
1.5377186480530254e-53
6.326170078541218e-56
1.3879135206794712e-10
5.029914188082016e-11
9.739172697393992e-58
3.061333672315071e-56
2.096836475278887e-55
7.647475793605836e-10
9.459795324103568e-54
7.878416400176866e-9
1.0602300700999885e-10
1.1370015530558256e-13
8.804274137832229e-9
1.485068875950926e-8
1.791692812544683e-58
7.658687755083327e-53
3.157577968199786e-10
1.2961830047175788e-44
3.405329082833822e-7
1.665553303976681e-55
8.856030998704901e-52
4.626483892507728e-56
1.2028576916075438e-54
2.1429964188675607e-9
1.7655130238165347e-10
1.0800857259544807e-55
1.8247054032882805e-56
1.112934820318454e-22
3.085447120077299e-55
8.835249830404934e-55
7.508092060119345e-14
5.077061805763193e-58
7.122313575210125e-53
7.712909716148029e-56
2.4352629306290044e-13
5.337989262566082e-12
3.8334586395831954e-42
6.675034921878378e-16
1.0645552069205423e-16
3.273987933174859e-10
1.7174607625385238e-55
3.982247789546557e-10
2.8767550299286636e-58
8.736510904598027e-59
2.837996723772429e-54
3.053608115268067e-8
3.370786472082784e-13
5.979801879208005e-11
5.2948613972224395e-43
1.2500552486616914e-53
3.3590089155261727e-59
1.0475075258565808e-9
1.42046173777799e-51
1.9371943243261615e-55
7.66122750881282e-45
1.5802756733152152e-53
7.61181693264034e-11
2.72987017851275e-10
1.695381155192485e-8
3.014842753232604e-59
1.5518654808897777e-19
1.1166360780973162e-54
1.6028796549484082e-8
2.216536010177577e-58
2.941240596594944e-55
2.170353992049217e-15
1.0394817778028e-55
2.8987657467929345e-56
2.1212879588664905e-56
5.014417275607148e-10
1.1423021951010932e-14
2.8477223837282097e-9
2.3625850779988016e-15
4.44449324636645e-19
3.647883101729095e-56
6.687494345231198e-11
4.0178583929247404e-57
5.697100849786833e-8
3.822513484536716e-52
5.127220665472568e-56
3.180598280975981e-10
4.815864136062085e-16
6.337612473562264e-41
2.7412181696476495e-14
4.259283309238462e-57
9.114989199231483e-16
4.493722731291591e-53
1.3659416375984187e-13
2.303579866998452e-8
1.7044375118841647e-57
9.13548697333915e-8
9.2130569087431e-9
6.158342935513348e-11
2.1446644701913993e-58
1.3884853868803068e-52
1.5679370992960029e-9
1.6928655109820527e-53
4.664612781933022e-9
7.288461293846557e-52
9.518388828144944e-9
4.1979639383567974e-5
1.090093705956069e-15
9.032388322738464e-12
3.469903347034351e-57
2.10294856793861e-9
4.165945600496753e-57
6.642761518529918e-55
1.3072866290249644e-57
6.312713476407618e-46
4.612656396098319e-55
1.0923503510346164e-53
4.198337605450409e-53
3.4343912852770694e-8
1.8053074357760164e-51
2.5039914085005336e-11
2.9779493604725787e-9
1.3513861935895445e-8
3.109378118110212e-9
3.3791052952702955e-9
1.373929637177879e-55
8.4879507625981e-57
4.907495579167607e-10
3.728836881214719e-57
1.3271187975691344e-8
4.921152079693431e-56
7.311504306665853e-29
7.528284440392447e-56
7.624366510060493e-15
6.108008182463346e-29
3.000488124199422e-15
4.244570130145982e-58
7.0648320595232615e-56
1.4349546259070705e-9
7.692491568229245e-11
2.8300998442959092e-8
6.324601910937263e-9
2.237666541143271e-5
3.2904235314541164e-58
1.326287089894272e-60
1.1797983273377296e-45
9.012087664373704e-58
1.9620332152434774e-9
4.812450991887593e-52
4.584751569360066e-58
6.900673810600245e-57
3.740304885963848e-59
7.591908456883297e-56
2.724376396657804e-16
1.0008208556195015e-54
6.234916666133559e-55
7.275727733547636e-10
3.9470670087412616e-42
1.5099863708063098e-53
3.5565616699880026e-54
1.0362662506592836e-54
1.4178318064556194e-57
1.551115197214807e-55
7.620105261140356e-10
8.01145418770557e-17
6.651709869482258e-56
1.653503663100012e-39
9.419612224606034e-41
4.750364863078035e-6
2.9476586306703475e-56
1.0687234206539515e-51
7.927384249035135e-12
3.611121698534805e-61
1.9956319093317595e-11
1.3923713799599385e-16
1.4044501356226604e-41
6.2011017173065275e-43
1.6960471178081248e-9
9.523690279003872e-12
3.7551879765654676e-8
5.14606321237989e-7
1.040696535974905e-56
1.561470942695445e-38
9.107578856516288e-15
1.103794366977878e-53
2.8237133149610838e-55
3.785161492419525e-9
2.477560119458342e-13
9.319087984267396e-54
2.747287657786695e-16
1.7438423653811297e-55
1.6521114804723846e-58
8.639261750350004e-41
4.4679608280683657e-10
4.56943887823864e-55
5.829497239449291e-10
7.837313821703386e-8
1.0530060176449865e-58
2.3716472764486357e-54
2.7528050495391614e-54
2.1360130501371827e-54
1.0053259729274162e-52
5.7883685184308635e-11
2.4852645057999026e-5
5.381222739846048e-55
5.0946467807645204e-55
5.314083884318697e-15
2.3857678760046303e-50
1.2780363353243546e-8
2.355666975370287e-11
1.0060670543440607e-45
1.2356919872499563e-56
7.534594250745765e-45
4.5725221605659515e-23
3.60487151396636e-59
1.1472781715351635e-52
1.854221651709999e-57
6.038144613979024e-14
2.6813138544171953e-50
1.8474480869247763e-22
6.325614491673504e-54
1.9012597550660902e-53
7.244305567693359e-10
8.116925603285624e-55
4.6606369001493094e-7
7.561774057593296e-57
8.844937088110829e-11
4.62660636184054e-14
5.665828201043028e-56
2.5236634972397916e-55
8.930917200126433e-11
4.711132827143897e-8
1.522559542284487e-7
2.8665633647053405e-7
2.601258946919694e-16
4.268440776345587e-43
2.0996822993598346e-10
1.3193225712010292e-7
1.0641802336597642e-54
3.157710672115229e-9
4.901649832278017e-10
3.606725363808795e-8
2.236651652421049e-9
1.178846573324539e-54
6.29528916556651e-7
8.997284116398614e-15
6.055298836571779e-56
1.3265573504222258e-44
3.180879332656956e-7
9.325715460583678e-55
1.1350862112026205e-59
3.773828785809428e-15
2.75838607484578e-55
3.914904064919989e-40
4.2124488692136734e-57
1.6756988531040996e-52
2.4362357096008062e-8
3.45604766902336e-10
1.7222178182883776e-55
6.445517524971007e-59
2.1051628472933302e-15
2.8328940046675924e-53
2.987819707021366e-40
5.556209199383561e-9
2.5911717939935104e-7
9.374836336543251e-10
1.644294474246051e-10
8.723976116888222e-44
4.8199451008161946e-43
6.152939898298115e-55
9.688210292547887e-10
9.888947392729773e-57
2.3325224437779387e-58
2.9931294814590394e-54
4.211210262818232e-56
2.0647742420139734e-9
2.5635224770843696e-9
1.0027292341777956e-10
4.386894908397163e-15
1.5120048840552022e-54
1.4329205132954877e-53
5.74430364659657e-58
1.6952166674805153e-14
7.4204718682764864e-9
1.2207731852704418e-8
1.2558071915954569e-54
5.08463055860745e-58
6.4783227202694815e-53
3.43517792025311e-52
1.2282611950652417e-53
1.591491355632378e-41
3.6186179685553165e-53
1.337484989368649e-54
1.2293081410061015e-55
2.3937081144437274e-7
6.173788196836995e-15
3.364039418144348e-10
7.455512485751844e-16
3.035299146670037e-9
2.7337654208732826e-14
9.415120710068188e-51
5.342324022461405e-12
1.1226819437556325e-13
1.905810453694148e-9
6.48439440483705e-10
3.6273335977107307e-16
2.9997068709847853e-37
4.193670588782882e-57
1.0578350249793454e-54
9.848892895964417e-56
4.414674579262225e-9
1.264604776099533e-9
1.6878604452125466e-9
4.0703916749224424e-47
2.2887407013329176e-50
1.6900986384371824e-15
3.3635804341669853e-56
4.942268847610704e-16
1.7818677038810276e-54
3.250799080832077e-51
1.9678556667615535e-8
2.2775734067259783e-9
2.0914722295219315e-30
1.4063519241834605e-53
8.12330176146575e-57
2.4478320447321358e-6
2.531247131682283e-29
2.4763348811775336e-8
2.2522999784028635e-11
5.478536593009707e-56
7.075152704305848e-10
1.2173176093059584e-11
8.52189173172541e-55
4.141512869278992e-9
1.1224421825801428e-7
4.6981399633157416e-7
5.082219701175615e-13
1.7673701077486733e-45
1.296407522708683e-52
5.215564246709908e-10
2.0409201069406428e-54
7.255739676984568e-10
2.1893259450544302e-44
5.333236385234753e-55
3.263864527561055e-19
1.7652196677114684e-9
3.218264244356893e-57
6.535486198423672e-54
1.535752873981482e-55
3.0717979615644407e-59
3.046340906643135e-7
1.662171996688862e-53
3.5669835500812893e-50
1.5262368079737583e-8
5.135704228431686e-53
5.499538768132577e-14
1.16849082298982e-7
1.0499513262182943e-57
2.0666451864867393e-56
2.6753314639500837e-53
1.1891344721164482e-9
4.1063976700335956e-10
4.185924892420989e-42
2.464328004901151e-13
5.43682983139441e-56
1.828648776497794e-15
7.455872557509058e-58
4.617566038868424e-59
2.2120182027842304e-56
1.3122032847578126e-53
1.5904040440127628e-9
5.912389038667004e-57
1.3319387961989096e-60
2.9185253971794403e-56
9.28300605949168e-12
2.186016963788305e-8
8.351861656329149e-55
5.066824600917405e-56
8.281352902760133e-11
4.772692719155998e-55
1.5639757704890329e-9
1.96328150713257e-9
1.6990062071853722e-53
4.919105527028009e-55
4.458840919315762e-7
8.096495358782408e-53
2.2369632880503138e-21
2.251922454929045e-9
9.380777038792162e-9
4.6255866911974233e-54
1.7150516718076836e-16
2.9843745544418986e-8
6.5450254894177415e-53
4.139762008271882e-9
7.3872948321043995e-53
1.059692877106351e-9
1.1408682536913242e-8
4.460078001802026e-9
5.5153503354636964e-49
9.255812195695433e-20
7.110244879360514e-15
1.0329568715055068e-44
8.893599002062032e-11
6.974604882279714e-9
2.4397584822709865e-39
1.0591515244060221e-10
5.051662284864402e-40
3.163076740776496e-16
1.0765029329479308e-58
8.282787764102775e-55
6.117461720801507e-9
6.326896147419218e-54
1.8140859605600494e-54
3.25182106429024e-53
3.3495133983617396e-12
1.5635487769121968e-55
2.562178991458139e-11
6.001031820572726e-54
1.8102665467913306e-16
3.705016349385717e-45
5.146856364910891e-55
5.817499013113039e-19
1.443078352167879e-57
3.2502382624827026e-9
3.5474619744180667e-9
7.720627483415147e-57
2.745412133547516e-55
9.341471978640473e-10
1.8846967797370847e-58
4.538527771017974e-55
8.198068438156586e-9
5.35963980859124e-45
1.0595608831828751e-57
6.053327699730849e-54
2.7694530714092852e-43
1.4457022807254844e-54
6.01478807272043e-19
3.735790194324695e-51
2.1216605721936096e-44
1.9649508235137648e-58
6.299115094705869e-15
3.774927422627564e-40
5.5837516883109743e-11
3.608396289599179e-12
3.3207067029421653e-15
6.000531537076529e-53
2.689614237228314e-6
1.1168697774039524e-50
2.7634021078402127e-56
5.499082722509529e-59
2.0495706512853372e-57
7.283146717733836e-43
8.326571130682234e-54
3.4433766603304683e-8
6.447191599521666e-19
3.370227889576417e-16
3.1436639298217312e-15
1.8335288511428996e-9
3.925895100057335e-8
1.2559455656181796e-44
2.5200510763777128e-52
7.14637160654617e-15
2.0093171529091352e-58
2.314168001864668e-7
2.405229721865064e-9
6.005375755884168e-44
1.3952449861001048e-15
5.3045615871763e-51
1.994694582621753e-11
4.0168350122941544e-53
4.403599948059587e-54
5.46724424733665e-53
3.0600947743452793e-15
1.0243189696625944e-15
3.1757006875615255e-60
2.3320355290439767e-14
2.1634670802015666e-58
5.335587160897914e-41
2.3621339679392477e-10
1.9658430001363361e-57
5.788746848510951e-57
7.80486399315551e-10
2.304537352842933e-42
1.652250516325083e-54
4.006774272273695e-57
2.4922866371615874e-50
1.4206449240176254e-59
1.6648723654911245e-44
5.318552163854112e-56
5.052462885426649e-20
5.70702653086074e-15
1.4431177619393108e-53
9.495006105501995e-58
1.0735986574263127e-56
2.2216941261093253e-54
8.639776100744222e-59
3.3232048669799535e-56
3.2349081997984812e-9
1.938040735705072e-57
3.006871854739523e-10
1.7809376642803939e-19
8.373764375377319e-10
2.311917620203731e-59
3.70887652386424e-54
8.33712421307538e-11
2.7719588177186833e-20
4.8209940728261293e-11
8.73543218794938e-7
3.2143720537710378e-12
9.616022190952022e-53
1.6970039761385924e-13
5.3260955056143506e-8
4.781814217436245e-10
2.5438808539934827e-14
1.5919104510145834e-15
9.731658232263521e-40
7.731833770391206e-56
8.560187725395644e-21
1.4272549149862388e-17
1.045960798683309e-6
7.507935399843637e-57
3.0860266421350587e-59
1.882701276464744e-13
2.8349340718104825e-9
2.993079577401889e-8
1.8814771844997162e-14
3.536934483396975e-13
2.0437464657075955e-53
1.419974725054379e-51
1.173656796844305e-10
3.982498211926215e-39
7.723371864785532e-52
1.5140462090312388e-53
4.806760103639746e-9
6.392913306902911e-55
1.373608388586086e-52
5.644370191327841e-10
8.219869119113608e-56
3.27294527861944e-53
3.307870846102179e-10
9.798050393461151e-9
6.383925134100359e-57
1.6725610783295412e-56
5.2546885217821974e-8
2.3015309005155824e-9
3.128216194920518e-54
6.2435144052397784e-58
5.605626784045237e-51
5.037337386956104e-58
1.929052858120051e-5
3.1719245265871165e-9
9.773127924231598e-9
1.8625372106729347e-8
3.192797888345741e-54
2.2852796919357258e-14
