1.6047611889835198e-5
9.121800644459764e-6
1.0681619761988344e-5
1.7894669217753894e-5
9.425475812312543e-6
1.0783808556867852e-5
2.9004881397081174e-5
1.235042834581155e-5
2.308521246541481e-5
5.66843947777285e-5
1.100619308598087e-5
2.222785180656137e-5
2.2036711423350284e-5
9.442472683165223e-6
9.730272276881619e-6
1.166964385761339e-5
2.9400157220415868e-5
1.0699672505980791e-5
2.5987858952300725e-5
1.751040558325488e-5
2.637501652134742e-5
7.796645922973726e-6
2.409900683578741e-5
2.4297413831247124e-5
1.3770822214050363e-5
2.0063046681237303e-5
1.0824266162045756e-5
2.4496148338921276e-5
0.0007780309853111228
2.061081349139038e-5
3.28687231459098e-5
8.785295779293871e-6
1.2469595328105054e-5
2.0997213855073497e-5
1.4463327666515687e-5
2.593881419618181e-5
1.4627296842371263e-5
3.087485722799754e-5
6.40092489234618e-5
1.890376125458914e-5
1.85315337430186e-5
2.1099761560161e-5
1.5771681691120085e-5
2.8130610612633725e-5
2.190907082571712e-5
0.00010807067510886332
1.9653290232750732e-5
3.643930635307653e-5
2.471951015634178e-5
1.3880827631970267e-5
2.4010387946774096e-5
2.6710740685265593e-5
1.6180776408368916e-5
1.0888630531606414e-5
4.4554646196322973e-5
4.916415046724452e-5
1.4712656399294584e-5
0.00021543827351104547
0.00018202531077698354
1.943446971648747e-5
3.717479054105885e-5
1.771602893917551e-5
2.641927666959968e-5
1.0071321640822333e-5
2.6762592731759463e-5
1.0742856323204528e-5
1.3236315636379983e-5
1.199517544828124e-5
1.3903585024217091e-5
2.2052491549370843e-5
1.3057526077545444e-5
1.9922017290377212e-5
5.530180275436176e-5
1.2657141274887694e-5
1.9304948382350425e-5
4.3963263259672545e-5
2.5840463442821872e-5
1.4337261724966847e-5
1.1452235344149713e-5
5.075285373483346e-5
2.11790775117572e-5
1.5237364335521013e-5
1.0893722147198411e-5
0.0004544568502889899
1.5564863204144704e-5
1.068906863797333e-5
1.5868409921284574e-5
1.3332977764617158e-5
3.8839859034464986e-5
2.931129829723608e-5
2.502761088544776e-5
1.2670702814318649e-5
3.996042875382613e-5
3.490570768487811e-5
2.764762988186155e-5
2.838476323837207e-5
7.165913351059649e-5
1.2799782096002558e-5
5.857654899437551e-6
1.0795215979324136e-5
2.180834406455438e-5
2.0378909811037893e-5
2.6925934988796378e-5
1.754200238797353e-5
2.0075232976856445e-5
2.0975993904460563e-5
2.043297909502934e-5
7.0858673763953455e-6
1.250116367327341e-5
4.866398893360063e-5
4.656940388087374e-5
3.043736279127966e-5
1.2755335858559089e-5
1.4023549667135192e-5
5.655914956352775e-5
1.6581165167215062e-5
1.639221789093473e-5
5.151580525694595e-5
4.992212387393359e-5
1.810503862701098e-5
4.402623579542524e-5
2.070874491876594e-5
2.745932130642054e-5
1.684643118266808e-5
3.398594103458557e-5
2.6306356185408626e-5
9.74020641693972e-6
1.0920532734811067e-5
8.738621381510792e-6
1.3297017215956501e-5
2.492914217494423e-5
3.017400760468292e-5
4.283911492277976e-5
8.098826314905988e-5
9.241896116622423e-6
3.178536770615388e-5
9.96072202377303e-6
1.3975907914369124e-5
1.5216859173231303e-5
2.0047230481302876e-5
1.053912068876794e-5
1.2571333754054035e-5
1.3115796549141644e-5
0.00021739181406742647
2.3973729483599577e-5
1.4313144369960555e-5
2.0318736061292714e-5
2.726424844256794e-5
1.2277764493101997e-5
1.5427371372025457e-5
1.6395710839710724e-5
4.340124563014707e-5
1.625621151739235e-5
0.000292836096540414
6.702789533037141e-5
1.6467365630289256e-5
0.00012354419368357797
5.116048199410941e-5
1.5766679894493117e-5
3.424170212433497e-5
1.738186090654237e-5
1.56287354316665e-5
1.3729241782055003e-5
1.7944780658743503e-5
2.3754163217424476e-5
1.4235780231713137e-5
1.526435152154358e-5
1.7010796820000262e-5
2.8795797624809755e-5
8.321501132961048e-5
1.3401502748319103e-5
2.3455377270222836e-5
1.8485049995005257e-5
4.5001328577994963e-5
1.0195228202997933e-5
2.8332933895805265e-5
1.685018149053285e-5
1.3677529719159807e-5
1.4561551252121482e-5
1.3964116159295697e-5
4.3242744828389134e-5
9.87192558687873e-6
0.00010662842026461194
3.211568736023016e-5
1.732085951627623e-5
1.5338762345980788e-5
1.8852137628388326e-5
1.8297218546607245e-5
2.2755159213244495e-5
2.482759865858339e-5
1.185259734153687e-5
1.8985461594584677e-5
1.8932323923141356e-5
1.788081887668114e-5
1.3572750649985264e-5
2.4169236500101436e-5
8.504245694663513e-6
0.00014745008852195195
1.8698048975515354e-5
0.00017634293201151515
1.7600485292573153e-5
1.5742400522834072e-5
1.4047682164826976e-5
7.355732162234912e-5
9.270613443164815e-6
2.611314121516974e-5
9.785576297265996e-5
2.6037875234874913e-5
1.166003685120456e-5
1.674476462493454e-5
2.218916739147936e-5
2.090413785974843e-5
1.8121620638237534e-5
2.511547283565938e-5
2.692200549233944e-5
1.8312850348345083e-5
1.0877477000160202e-5
1.3238258304220411e-5
2.084016488789357e-5
1.8428782799405392e-5
1.8399955856340918e-5
1.0302552404931485e-5
2.1046796898681722e-5
0.00010400107796137966
5.95872802339127e-5
2.1947656961919265e-5
3.800514168205133e-5
2.0092606055196385e-5
1.8298970674568498e-5
3.503406910485649e-5
1.538872605263629e-5
4.815674523184454e-5
1.7525999979865456e-5
1.1761332917566698e-5
5.233409549839304e-5
3.472516758311224e-5
6.527407686286419e-5
2.0041727711331187e-5
1.9298241625328382e-5
7.060903270628698e-5
6.252063848607001e-5
9.432637707682835e-6
1.1438395659176144e-5
3.359360797593384e-5
1.5069573554023419e-5
9.157320045449517e-6
1.5410640276921668e-5
4.729650143875153e-6
2.4713674650153213e-5
3.4305381805220684e-5
2.5267853163593965e-5
6.205401538786236e-5
1.6345566613192933e-5
0.00012945196519760857
9.837678860673434e-6
5.846289077414254e-5
4.391235410251949e-5
8.677360986742846e-6
2.877589632464768e-5
3.440879376525327e-5
3.260388304302445e-5
8.722329580844784e-6
4.424931700367498e-5
1.6028160008108955e-5
9.445559116895648e-5
1.479811566168633e-5
1.244781154397383e-5
2.2124344401233708e-5
2.7871288714215334e-5
1.1106498158600752e-5
2.9243939965078044e-5
1.0528223589219865e-5
2.312559571145344e-5
4.793887449687498e-5
1.9335751066426128e-5
1.704813822823779e-5
3.547664547347892e-5
3.385270631307496e-5
1.9366408306665416e-5
4.3414075190393016e-5
1.0111285889095209e-5
1.3538948998345002e-5
6.990399779688036e-6
1.0872987079153801e-5
2.8452614092625497e-5
2.0613892738232813e-5
0.0007454667916347203
3.6303317116082825e-5
2.4832482657619467e-5
2.1933472518435178e-5
5.409604075551736e-5
8.359213313870773e-6
1.9678773293184535e-5
2.4415874871100382e-5
2.2719759068339428e-5
1.5774130444121628e-5
2.5152482396611557e-5
1.151763310635344e-5
1.965860224052169e-5
1.5158260384188028e-5
4.2903464155558734e-5
9.476206952879133e-5
7.1038245094921926e-6
1.752118737003154e-5
1.4319011251063037e-5
9.410344959799013e-6
2.844748968583189e-5
6.32181290782489e-5
4.570258538102004e-5
9.652751277818773e-6
0.0002246685909825336
1.4867362247130497e-5
8.357804517241073e-6
0.00010005615441031139
2.1742221681607566e-5
7.919969994496277e-5
4.692640889203527e-5
2.5157497977432768e-5
1.93013094426014e-5
9.977378153675459e-5
1.9079289089836252e-5
7.261790293985858e-5
2.3432168197631924e-5
6.224482575892005e-5
9.983114793327387e-6
2.9498577692667314e-5
2.4349323215021635e-5
3.725903999364932e-5
1.8308947249808416e-5
1.5693604204229445e-5
1.9068164192251288e-5
1.4535208943334753e-5
1.9309238518320852e-5
6.148441655002956e-5
3.397459331408926e-5
4.590168070866316e-5
3.654922748899352e-5
2.3931059782569362e-5
1.2789830932541734e-5
2.052180695532489e-5
1.5081937751240419e-5
1.2991471373046491e-5
2.3191777929849436e-5
1.5789611317785107e-5
1.8470117758026177e-5
8.988610229736155e-6
4.270572914366869e-5
4.0813822361162495e-5
1.3765175881615862e-5
3.1329758179822436e-5
2.656591623958738e-5
1.4572639847580835e-5
1.943530750519325e-5
1.7568276401086533e-5
1.2986436920055287e-5
9.390192073702718e-5
1.932684928552268e-5
2.7675153166446853e-5
9.80292302511709e-6
9.442472296521666e-6
4.549531256841391e-5
1.3678121484991185e-5
1.4687566343158141e-5
3.975511991954278e-5
1.8626217935864224e-5
1.1256237190643156e-5
1.7339956671497817e-5
1.620910165936184e-5
8.219199140166338e-6
8.52549973832527e-6
4.805463527244366e-5
5.52327565562463e-5
1.8178693413346895e-5
1.1619713746612513e-5
1.4210572478636051e-5
5.9597417770209986e-5
4.6016347300235135e-5
1.2343617967813697e-5
1.1400106331439966e-5
2.144964560810294e-5
2.1073191810636367e-5
1.842988182785121e-5
2.3245117076915893e-5
1.1836622533847927e-5
0.0001025975369169351
2.9380447463929946e-5
2.421670522272664e-5
0.00014496744275687367
4.5869424958652575e-5
4.6842271323446705e-5
1.554331612667112e-5
4.7021795145777125e-5
7.998241450459453e-6
1.9608586285059403e-5
1.2804138877011014e-5
5.2236186365052445e-5
3.654963393209116e-5
1.8574635380438908e-5
3.051838490746232e-5
2.9760526393989273e-5
2.8186594754334484e-5
1.7993669804200916e-5
1.2434570218899039e-5
0.00019185070078443954
1.5565879250604413e-5
2.174211216106319e-5
2.2763095178019023e-5
4.149873686653559e-5
1.7161920871066833e-5
6.757621141504342e-5
3.367627317733958e-5
0.0001131715488912404
0.00013334999817869836
1.9718851199785424e-5
1.8239137132816735e-5
3.552315628024973e-5
2.1208678192419054e-5
2.8962719631203245e-5
1.8634196029955355e-5
2.7328277780465422e-5
7.732363198221621e-6
7.972383419111875e-5
1.2156621684783302e-5
1.765558490745292e-5
0.00010908229725792366
3.394238405154687e-5
3.211289478903324e-5
1.0305651160953861e-5
2.1783443830424427e-5
3.0441336793684625e-5
2.25805581268513e-5
1.1214043706478347e-5
2.9123964165708436e-5
2.7867437374904915e-5
2.267022201632277e-5
1.6480926992700044e-5
3.4931439691568536e-5
8.945533981925072e-5
1.2682598996471757e-5
3.72238390822958e-5
0.00014029442485151693
2.225445151456412e-5
1.7480463182152428e-5
1.4917043238701348e-5
5.550902238754237e-5
2.7591095760511243e-5
1.1167308163500526e-5
2.7527810015353328e-5
1.4244923509668982e-5
6.169805574751461e-5
1.0030278734059897e-5
1.5225078504617108e-5
1.4758330617968307e-5
1.3994978428701947e-5
7.778907827277602e-5
1.374101492377495e-5
1.0935115491840624e-5
2.1327963811730266e-5
1.2401497676876176e-5
3.354701844587249e-5
4.955763159436168e-5
4.5853614698965384e-5
2.4786549949625745e-5
1.8073456456959945e-5
5.767241784844082e-5
4.8386750416882185e-5
3.241454964001859e-5
3.3768650620005136e-5
1.3357526038421255e-5
1.1338247290061294e-5
3.1889831347282776e-5
3.904935977530853e-5
4.79086740378181e-5
1.2750066009955655e-5
3.280550972277221e-5
3.441039737437935e-5
3.271145920308972e-5
2.4326441979389306e-5
5.215822844963257e-6
8.805838810245609e-6
1.111689296960771e-5
1.5177678302651877e-5
3.2467709761323376e-5
0.00022386857169494172
8.029219852209173e-5
2.3839831578572875e-5
2.1757873652202786e-5
9.383537387724721e-5
3.263537960792662e-5
2.876158434575179e-5
1.666138244930075e-5
3.520728676308594e-5
6.143468825499731e-5
3.176515233664656e-5
3.6078606869170336e-5
9.951572992498435e-6
2.5063223143411745e-5
2.116294718378433e-5
3.122546345547347e-5
3.1354139142613194e-5
3.525696228023407e-5
9.967004265018307e-6
3.135726821242019e-5
2.1225345824522282e-5
2.7013394619813064e-5
7.056270839012392e-5
1.2413883236062888e-5
0.00011875488841869295
1.551364938222891e-5
2.7056647528972624e-5
5.336022294714038e-5
1.9422550275018153e-5
4.534188896754653e-5
1.4877194470751153e-5
5.087199155500026e-5
3.6735718932298927e-5
2.3180474271745478e-5
2.4705990300511833e-5
7.4788755452716005e-6
1.2876925156031182e-5
1.8931979863286886e-5
4.46860938563256e-6
2.3799678815593532e-5
1.6290652532408348e-5
1.1840414747479123e-5
1.7639906498783506e-5
2.248922384816982e-5
2.6641530735652713e-5
1.7751789496049116e-5
4.46518010280862e-5
1.5944127661618427e-5
6.600168665512765e-5
7.584213549082477e-5
4.223346318230204e-5
1.782084535126799e-5
4.769950020646064e-5
3.756061776250563e-5
0.00026262847339990683
2.8707517902531023e-5
1.800204440846422e-5
0.0001820477777858978
9.463182321811311e-5
1.2409721702222485e-5
2.3022388102004677e-5
1.2866995582527333e-5
9.844819332007472e-6
3.8431057662163156e-5
1.9998374538962457e-5
1.178668016941854e-5
1.8568115558224535e-5
0.0010887632467670315
8.30879177051731e-6
1.953080357925254e-5
8.632331444630959e-6
2.2415313203786963e-5
1.3731788973002008e-5
2.989196215734094e-5
5.4737170511408955e-5
4.314788537299642e-5
6.066532454642803e-5
2.990167823800542e-5
3.0699954061581235e-5
5.8013172574396866e-5
2.3951407518302728e-5
1.3608979750397353e-5
8.912290718271642e-5
0.00016654878339807016
0.00016550182567685789
1.1178020213685638e-5
1.0972412909883144e-5
2.016094472755525e-5
4.225321937539975e-5
1.1378688861517331e-5
2.8513986405763104e-5
2.511300905874953e-5
8.717070986478958e-6
1.1327166181765689e-5
2.015021957099488e-5
1.982482264983411e-5
2.1761252149446688e-5
3.7129738694584054e-5
9.760747062594442e-6
2.383153980315211e-5
1.9036925936246986e-5
2.0148706865886724e-5
3.0635050230545506e-5
5.104808818216939e-5
1.7312825584308863e-5
0.0001296557971725504
4.737210171657782e-5
1.909639300050159e-5
2.973395386547383e-5
1.93436601247404e-5
2.5457253247345438e-5
7.454168294035628e-6
1.6417424963065672e-5
1.2028060744656266e-5
3.3842965625337745e-5
4.269033552240807e-5
3.842310892904591e-5
3.671961967154023e-5
0.00011506601572135508
3.948500162070419e-5
2.2815875540058268e-5
1.783437431570628e-5
1.0742720685038954e-5
1.7108769909623467e-5
9.435468715976464e-6
2.3518529426854747e-5
1.745895796572792e-5
1.5055774425960672e-5
0.00010106458867561808
3.6030010434444635e-5
1.4091182439610205e-5
4.910380728489545e-5
4.329692202272642e-5
5.825090847576469e-5
1.7420492784662047e-5
0.00045280267499099
1.6616843801859543e-5
2.5511776024141164e-5
4.6621274624854114e-5
4.22773303687404e-5
1.3742886353113448e-5
2.3544407016099105e-5
5.259463276482767e-5
1.4696412936637895e-5
5.5905443381963374e-5
3.4492582165818246e-5
1.2071783778957894e-5
3.3006435646991194e-5
1.291306200763868e-5
4.32483086521038e-5
4.1565207161458526e-5
9.607757791568809e-5
3.93203565591529e-5
1.4898746712363034e-5
1.9005246097110418e-5
4.314842011279914e-5
2.4057170821356345e-5
1.5245251041760016e-5
1.3299364164358392e-5
3.0415860418138518e-5
4.925112921182175e-5
1.4136465818289665e-5
4.715994115598345e-5
1.2790392397491293e-5
3.934589439596948e-5
3.629865397619881e-5
3.863267045274528e-5
1.988338643410579e-5
4.230117983342285e-5
2.6687084256329687e-5
4.196810167273351e-5
1.1188690991224199e-5
2.1612906665250706e-5
1.0722999957434952e-5
0.0002909528114815138
4.9382802870716676e-5
3.1857631387040155e-5
2.8406581039014813e-5
1.9502848281319463e-5
1.80752693674441e-5
1.8068131043582165e-5
2.5430754321890648e-5
1.9464924851214945e-5
2.146721320352163e-5
2.844555535791119e-5
2.8172112826145396e-5
0.00013228930400331707
7.415080630217055e-5
3.1129778445494174e-5
2.4571127704761515e-5
2.4842057764870968e-5
5.8039450268979726e-5
3.865988589939319e-5
2.0200451359659836e-5
1.1743572835912762e-5
3.7317323850562004e-5
2.9828799321657115e-5
1.6479565383198656e-5
1.2623668958917407e-5
4.7640685551617723e-5
4.378271650451953e-5
1.850221796540532e-5
3.097860564855427e-5
2.5329239701803996e-5
1.8824171638866807e-5
1.3405699545890449e-5
1.0903575522461138e-5
1.525928418311053e-5
5.731482218727498e-5
1.1169128066055559e-5
2.396704273954056e-5
2.21677285422484e-5
3.364528474017789e-5
3.3910445542278505e-5
1.2099808134633652e-5
5.44615309957845e-5
2.5904863879504703e-5
1.337315805325818e-5
1.8890371866739388e-5
2.5182291202441342e-5
3.816731564246103e-5
8.189973736865422e-6
5.540034092387002e-5
3.0427062699572827e-5
1.2869681632072854e-5
5.7472000978457225e-5
2.6099821717934143e-5
4.4359379748185764e-5
1.5690272002892436e-5
7.827928056417629e-5
1.7137024890131533e-5
3.8653776622518604e-5
2.7964789436661866e-5
4.3515944827634736e-5
1.270129807881759e-5
2.730424950380981e-5
1.9721739328073595e-5
7.063968137708073e-5
1.9518630006877286e-5
2.9485303463553873e-5
1.5392518144595193e-5
3.519006093472715e-5
0.0024259131102270987
1.1705897748087786e-5
4.159546391022366e-5
2.281946855962631e-5
9.416995621748458e-6
3.0791665319584016e-5
2.4975831768107085e-5
1.9675307204746773e-5
8.461159194059485e-5
1.0997354982417386e-5
2.205344615481395e-5
1.8430499327256193e-5
0.00016797812452733823
0.00082897967872803
3.7879860767202586e-5
2.6830040480494284e-5
3.9985148722653514e-5
4.4808284110855124e-5
5.592803257284476e-5
3.228595622917945e-5
1.2279469886382327e-5
1.0776042403416907e-5
2.7833306157830973e-5
1.5262179817114097e-5
3.3645032875959015e-5
3.1333765206357554e-5
9.666163937591418e-6
1.344836734904791e-5
9.604476772592894e-6
5.1225454845827044e-5
1.6542937451172304e-5
4.097036283037043e-5
4.08873729261061e-5
1.7642679347444535e-5
1.1232487221699003e-5
1.817660510494065e-5
3.178806439280174e-5
3.939971002633629e-5
2.4202567631793365e-5
2.5616140113022035e-5
1.6286582377151152e-5
5.2677952807414724e-5
5.568615165744838e-5
3.822184571250192e-5
2.788217612348046e-5
1.2030312074540004e-5
1.1777128891290945e-5
5.313374577923662e-5
1.9257860081545374e-5
2.996757269681279e-5
1.1459148642013718e-5
2.8166105256908374e-5
2.3535211212710334e-5
2.3857971234452616e-5
2.48541606854889e-5
2.056856868749303e-5
7.072805943529289e-5
4.0210421064780776e-5
1.793330364523655e-5
2.3061449067022037e-5
2.612257308600162e-5
1.2818466338799455e-5
4.329478955203516e-6
9.046815633343651e-5
3.737654020612516e-5
8.759400301385513e-5
7.474231073374007e-6
2.468138926709967e-5
6.711276106649191e-5
3.4257392808376444e-5
6.593851613924883e-5
2.359057870314266e-5
1.848949885783891e-5
2.6142695800902343e-5
0.00035419170893078643
0.00014770911398125585
3.157012910938755e-5
1.4415020109673516e-5
1.932422748383953e-5
2.1495869648258008e-5
2.551851001461929e-5
2.3539668316053414e-5
0.0009245589482018556
7.630960831544876e-5
9.70144503525983e-6
5.601946874987717e-5
1.5205517303940304e-5
1.4702130739549992e-5
2.5349510001107105e-5
1.1441435934183777e-5
1.1406073568487269e-5
1.717061802007788e-5
1.4358008619939188e-5
0.00020851675588645486
1.932253245089041e-5
3.404400800216569e-5
1.4585660713353136e-5
0.00010541590669304628
4.3405082894806635e-5
0.0001617280777427298
1.1452411191545456e-5
2.223844458093856e-5
1.5989635682299014e-5
1.8201568363610856e-5
5.5969680819987476e-5
6.736679672693802e-5
2.5075787808394677e-6
1.8887267210213778e-5
1.6551829092204008e-5
3.217665823481363e-5
2.8696845218729907e-5
1.8580485999224383e-5
0.00019499273638754494
2.5407024174938346e-5
9.547513957283152e-6
1.4812220297397388e-5
4.077214610523679e-5
3.266686862823979e-5
2.1683715999807995e-5
3.1221433968844074e-5
6.0266449934471335e-6
0.00016958544353465785
5.589653193491739e-5
1.1845585659983833e-5
3.0126767417787408e-5
9.537261374608564e-6
1.4540690622474137e-5
2.6198647231389878e-5
1.2989020844256241e-5
0.00019631628882921
3.1889812381222276e-5
1.669548560974304e-5
1.2789241437908776e-5
2.448653116326675e-5
1.078052472298232e-5
2.619498700132754e-5
4.82678426849952e-5
1.6142577987899765e-5
2.5722797368695504e-5
1.8937329075057465e-5
3.169647131781446e-5
2.9213683583762877e-5
2.198333219946296e-5
3.496557528149499e-5
4.260976024182453e-5
2.1296370141705915e-5
1.8940790028050807e-5
2.5366800190086424e-5
1.6040112741432478e-5
1.8582066645409595e-5
7.151360692374044e-5
2.2106050375538666e-5
2.894238972815034e-5
1.704764100019503e-5
4.0735258087925355e-5
2.830144773926475e-5
2.648486776914568e-5
4.0258331577389216e-5
1.4195410930119348e-5
1.4304345464367181e-5
2.280864764186269e-5
1.4536964145052234e-5
0.000339566790950009
1.5336637822232652e-5
8.080405077873948e-6
2.414104371196292e-5
2.126402830577157e-5
1.9630809674100464e-5
1.9457269620921652e-5
1.1003429187046957e-5
2.49805872735532e-5
1.550526718054128e-5
2.5750052732605272e-5
5.73299491714084e-5
1.1675071226642891e-5
2.7766559155081972e-5
2.023809965164549e-5
0.00011301752234469857
1.1439555943878039e-5
2.04715914150725e-5
1.3924782877904674e-5
3.841406618748128e-5
2.524468400800954e-5
6.230969879808984e-5
1.2990701141091921e-5
5.971753090159695e-6
3.1276908359267074e-5
2.1407100789335018e-5
2.108711533563037e-5
0.00010179640021081769
8.370478298131354e-5
2.672087119432829e-5
2.189506045655533e-5
1.2649926734850259e-5
4.134238030460494e-5
1.2282729956571957e-5
4.720531526622475e-5
1.895085336706347e-5
1.147614621233173e-5
3.428646704770897e-5
1.5747798212652134e-5
0.00015389189510589313
1.4094126279752308e-5
2.054211763874658e-5
9.321831785312795e-6
3.963176613339455e-5
1.9032968150392436e-5
1.3050259576483735e-5
2.329208697011647e-5
1.1923457437358294e-5
2.7455825790377035e-5
8.295898933916546e-6
1.1485289916723047e-5
2.547319496858577e-5
2.0958823723393238e-5
1.5390680774249012e-5
5.333942782104382e-5
3.2205667678782916e-5
4.295876563452087e-5
3.3751637221924006e-5
1.020520011450048e-5
1.2858284011312318e-5
1.1217861968784433e-5
3.877640181771592e-5
6.004852860484469e-5
1.7539710029415006e-5
2.8204870879929497e-5
5.1941671169512386e-5
6.5778496119782e-5
1.9220144836869815e-5
1.662076232011469e-5
4.34058793314142e-5
1.60473818761328e-5
3.465476463784047e-5
1.7767956971127075e-5
0.0002418340179235539
1.5346540825463117e-5
9.106184165299906e-5
3.092022764398543e-5
3.426160978537868e-5
9.464071031345151e-6
3.079072110614822e-5
1.2176263953614538e-5
5.2848233893243504e-5
0.0003780334414199659
1.8002092510346173e-5
3.530685155341627e-5
1.7245526837316863e-5
2.095251673154972e-5
1.532844418008686e-5
2.062607227981247e-5
2.8485447790345527e-5
1.1346434745929536e-5
5.057657678126594e-5
2.459452109109903e-5
1.3653526021207366e-5
2.1323012985816546e-5
1.6630147782475573e-5
4.385624899895417e-5
1.4661282957102589e-5
1.7397714375430897e-5
1.2207745234057468e-5
5.761109992462441e-5
4.5294800729048514e-5
1.8844052984663065e-5
1.3963812422542126e-5
8.91600678203232e-6
5.8970103158257645e-5
1.2136986857131475e-5
2.0128595403014623e-5
1.207049048862065e-5
6.602539378768703e-5
2.3398413782536794e-5
1.0973559187536627e-5
3.377517564041333e-5
