6.595636738047159e-6
3.553154881070675e-6
1.2982584824153238e-5
2.4624488647587045e-6
6.267704003892272e-6
5.16549089940293e-6
3.491434949774702e-7
4.107412081995855e-6
2.9746785471752032e-5
3.2615872175266727e-6
1.6240472439360919e-6
3.8055180132729744e-6
3.673500228746719e-6
5.5319447326167005e-6
7.538265355556927e-7
2.9167468947955677e-6
9.084105552249375e-6
3.5293249259968226e-6
2.1654680677742713e-6
5.1677775128868855e-6
1.09136499964654e-6
1.9967511084272658e-5
3.154772234902443e-6
3.3245836268430557e-6
1.4568024582158433e-6
2.2933801836909033e-6
5.659250758684967e-6
1.8123853531172067e-5
1.9199266701075118e-5
1.5911774296914466e-6
3.874742263463581e-5
7.3257971509857865e-6
3.4358742403163665e-6
2.2571195040665027e-6
1.4365750452912594e-6
1.3094580307577948e-6
9.92080872660926e-6
3.163568159782347e-6
2.790351266563733e-6
6.8793123128105e-6
1.986560884900483e-6
1.0923776487470991e-5
1.3133551190952916e-6
1.8821911694619076e-6
2.057057302164613e-6
5.031693071305644e-6
1.751851456899917e-5
1.7690093328252944e-5
8.112222170388028e-6
1.4237734273605073e-5
0.0001099646947343987
3.7323970411132693e-6
2.2108916815378423e-6
4.131565528846959e-6
1.2417400589115751e-6
7.1730644186053985e-6
7.521276453493105e-6
3.5683620330163975e-6
4.244968828878184e-6
9.323099896621329e-6
1.8934762474636176e-6
3.5496644076594844e-6
3.3414311823393008e-6
4.458730513253866e-6
4.8160817708385305e-6
3.958048452085403e-6
1.2671976831878694e-5
1.7232742569892249e-6
1.414356304395334e-5
6.942567175643669e-6
4.078694493646283e-6
8.587701975637785e-6
1.91366090147561e-7
3.820200914647341e-6
2.780090991985017e-6
1.8164552030509678e-6
4.629989537782487e-6
2.2577299848992804e-6
5.00286250103846e-6
8.056619675926603e-5
6.1383581696327545e-6
8.284470865289312e-6
5.7818102864320144e-6
4.1927979081215445e-6
4.537188293005225e-6
3.736748945518655e-6
8.727616399138132e-6
4.784621578604167e-6
6.0215692569582384e-5
1.3477471521531698e-6
2.2032005766474963e-7
2.444708039272275e-7
3.7157300694097e-5
2.7583591626503697e-6
2.0311797531086996e-6
1.5462537165825823e-5
7.6812115167323e-6
1.0471701867084534e-5
5.510831889177541e-6
0.00010042052020308629
4.592195099803073e-6
6.752984465838907e-6
2.600628675691584e-5
2.1074910718221094e-5
4.046838151342327e-6
2.852145744066305e-6
2.322907746397101e-6
7.403446765179598e-6
9.127861050182341e-7
7.249814400845359e-6
7.810681829616934e-6
1.3610244363748281e-5
8.641909566666576e-6
3.8101767071630173e-6
2.1084126438544485e-6
3.4490182754416174e-6
4.586419233862485e-6
7.70483627097403e-6
4.701992238912574e-6
1.0398419639148987e-5
4.680582058322795e-6
7.155672966623351e-6
4.7292818511497335e-6
7.763040346054334e-6
9.661269582335399e-6
4.1196947814321276e-6
7.747178281369857e-7
4.967170248604929e-6
2.349325468883168e-6
2.8206655321038855e-6
2.824918979131605e-5
5.1712958692825784e-5
3.0584217653086824e-6
9.625215380317905e-7
0.00021092475717455496
2.7812535044233135e-6
1.585472566974046e-5
1.008293764018066e-6
2.757042819789716e-5
1.5080748365316071e-5
3.438937645382943e-6
2.7669142779882623e-6
1.0979046389149987e-6
3.738480109164828e-6
0.00012361577310874636
2.063220242204669e-6
1.9043318983636336e-6
7.285066324848627e-6
3.97964111607667e-6
9.220933784832882e-6
5.457996162749439e-5
9.853158597251978e-6
2.031303631103495e-5
5.855528898763804e-6
3.764992402708113e-6
6.1802873976144596e-6
1.4120179131251602e-5
2.605618179499368e-6
3.4049922884417154e-6
5.1770320378896055e-6
1.9759353610263604e-5
3.1088272501524985e-7
7.157845535282019e-6
2.1910696339505657e-6
3.4180237193228177e-6
9.409488384329798e-6
3.3449215256441143e-6
4.156674698409638e-6
4.5829664499976665e-6
4.462336447479953e-6
2.779425970283993e-6
1.1146554826540968e-6
1.1711772704752939e-5
6.53723364333911e-6
7.995398629136552e-6
1.3917678154489786e-5
1.810577471542921e-5
7.295470823521576e-8
4.280281744735474e-7
1.1184336888362992e-5
1.9549164837461715e-6
1.254799022263739e-5
4.9981970665915754e-6
3.182539053408697e-5
3.6083234701356456e-6
7.158114160420286e-7
3.590765546282418e-6
6.452053093118663e-6
8.455500429783175e-6
1.530920308558496e-5
2.5197714278290646e-6
4.347936232758839e-6
3.6354365958743314e-6
3.910463131856473e-6
9.519881408705266e-7
1.5695397274505805e-5
1.4163303770543732e-6
5.291642900748843e-6
1.9690802530406578e-6
3.2834075411975924e-5
1.0608345108474686e-5
4.846703568043943e-6
1.940549421073076e-6
4.556978053256277e-6
3.889852694916174e-6
6.098424567567731e-6
5.523913051331293e-6
1.1258648352203418e-5
4.229704235346935e-6
2.640777933372855e-6
2.246874438533331e-5
4.461432955185221e-8
6.0620198695533435e-6
6.669480876627903e-7
5.2661760487043545e-6
7.255426196257571e-6
2.979231492818463e-6
1.9856946565325017e-6
4.925880828939921e-6
3.6962607598142516e-7
7.284774131343274e-6
1.440923208816577e-6
3.5835351758548814e-5
5.7209963734574836e-6
8.867919618728261e-6
2.33203536379045e-5
2.9594776720911557e-6
1.9936728514369e-5
5.2422193716023984e-6
2.618882072255129e-6
7.336269512980258e-7
6.113964824633346e-6
7.217614629579784e-5
4.498329541345196e-6
2.7311477255052943e-6
8.70371524163637e-6
8.783037212523465e-6
2.94328043248981e-6
1.6194921301222217e-6
5.9969550457965614e-6
1.5395868379488533e-6
7.094607706297622e-5
2.23154746717913e-6
2.541583972698237e-6
2.783349908069752e-6
1.3752312277385755e-5
4.609742249010618e-6
6.663467269021939e-7
1.4685602622480167e-5
2.8347964221818807e-6
6.060903516799265e-6
4.938216657790225e-7
7.111826955221859e-6
1.8869903523101855e-5
7.698734020869834e-6
4.788108118997825e-6
1.0030343884537026e-5
2.211278826672387e-5
1.154769727647874e-5
6.829399632224783e-6
1.1653452569413916e-5
5.024296008169875e-6
2.8110817042318327e-6
3.365904320303086e-7
1.5184732777668336e-6
4.198277949602748e-6
5.652422438946349e-6
4.816742803880977e-6
1.5868193924887465e-5
2.7028557009569344e-5
3.4290744862724565e-6
4.724916228376975e-6
2.557417749049673e-6
6.9101289638000085e-6
1.3929112061107665e-5
2.1585542947905634e-6
3.682164622428647e-6
2.60515545812548e-6
1.7793735536821545e-6
2.280937088939264e-5
7.334233693388838e-7
4.843765165815575e-6
4.200169642025463e-6
1.307766855837979e-6
1.778829191112348e-5
2.8375617212365383e-6
8.255636395887943e-7
1.545214379623569e-5
2.2001466587357167e-6
2.2704357629640513e-5
3.6401752994819945e-6
4.049151306681222e-6
1.3123210144193221e-5
1.9506681741649632e-6
7.420544356268872e-6
3.025934020119043e-6
1.8201691994960942e-6
8.776492587762768e-6
1.7042080962100784e-6
9.659366729897368e-7
2.2285045022275935e-6
8.948145963011197e-6
3.8682094383587864e-6
5.699837346700027e-6
3.1079164805647922e-6
2.46603024315246e-5
4.014320806437214e-6
3.471643569078124e-6
7.017214592125674e-6
2.745979870318702e-6
1.3850106127430311e-5
1.5472777828490818e-7
3.6477707585972057e-6
9.995672465711914e-6
5.046980865359116e-6
1.9251254008699048e-6
2.6113133858758618e-6
1.2793170461593469e-5
3.131552995931334e-5
3.0763214213426928e-6
1.5855235859073792e-6
2.806879321373473e-5
5.190220398634121e-6
5.601885767931285e-6
1.8011931895806692e-6
3.534964811688569e-6
3.065764563154399e-6
1.8384954152430653e-6
3.662078987139318e-6
7.637960736197494e-6
2.9954312433684255e-5
1.5474711032509556e-6
0.00012872184081836252
0.00015410483248234203
4.007992448701668e-5
2.663807935130709e-6
1.4361694757248531e-5
2.8332795947041808e-6
2.1916340790142013e-6
1.3484420599631596e-6
2.738566781396407e-6
4.546616113655002e-5
1.669257714109528e-6
8.47309541832694e-6
5.275889271883625e-6
2.1049053446650884e-5
5.20674229315605e-6
6.344592319547333e-6
1.7642832800528392e-7
1.5135944506546252e-5
8.564515485118783e-6
2.1497367615080374e-6
1.8957373057692473e-7
2.796423111942089e-5
1.3166209920944257e-5
1.6122223196709462e-6
4.553344742773969e-6
9.700186862723319e-6
1.2241410872315e-5
1.2028180254903396e-5
6.399553257757221e-6
1.082855333796062e-5
3.655556429458815e-6
5.102907456695605e-6
1.6223487120006466e-7
1.100633037245603e-7
1.970177363314446e-6
3.1602333452156347e-7
3.595547559424085e-6
8.83523758979907e-6
9.550708587282237e-6
1.882212399930635e-6
2.1246619692387097e-6
1.119342302145717e-5
2.895284503800635e-6
1.9038486071270237e-6
2.8079788595789315e-6
2.2526553057257723e-5
4.040841798497038e-6
2.2013586963593013e-5
1.2526933809998354e-6
3.0921252879682844e-6
5.214791144275732e-6
7.114725862754293e-6
1.6204177118734182e-6
3.13636769225092e-6
7.192911140492441e-6
1.664677831755264e-5
2.346861282280129e-6
1.4921843145713804e-6
3.7200368869632303e-6
9.824984169859017e-8
5.004329787831663e-7
5.280944446414576e-6
1.1778942042885922e-5
2.2743059776831185e-6
5.244004697398056e-6
1.4439570196548228e-5
4.730464848351653e-5
1.66126291221009e-5
1.365546957419458e-5
3.2055738851374424e-6
1.5448472514118692e-5
1.4242923505849272e-7
2.622849315211362e-5
3.783219449111618e-6
3.660032482971178e-6
0.00011459700638490439
3.841730790148287e-6
8.153045047628606e-5
0.00010146735919316849
9.659519595099226e-6
3.20775213263942e-6
2.301533179950121e-6
2.7549061845381544e-6
2.1650823154413235e-5
5.136176780450939e-6
1.7566359570286284e-6
1.2324139187334487e-5
5.601366338553843e-7
6.2438261014803185e-6
3.6838671856448507e-6
2.0135172861706192e-6
3.318771366045288e-7
1.0582222909937885e-5
1.2008867591309847e-5
7.327106261236292e-6
3.382819963673494e-6
8.918262942420167e-6
2.6000771012199564e-6
7.2956940773375976e-6
7.3257200309057485e-6
1.0327712669234725e-5
3.4032769082722433e-6
1.2157015430017424e-5
3.662649390032849e-6
9.199910340022764e-6
1.1491470896013383e-6
6.629968831621014e-8
9.063066952508426e-6
2.6423502984304975e-6
1.1014281367389538e-5
2.891852062952925e-6
2.723823555802248e-6
5.2064807888018245e-6
3.582063582447514e-6
4.828077267093827e-6
2.082793984175596e-6
2.1125674925340764e-6
1.6758991772675074e-6
9.037619231226821e-7
9.096540604761871e-7
3.853270246574765e-6
8.636361588810305e-7
3.484586245455507e-7
4.292685803498089e-6
8.082851822007507e-6
9.072356127486623e-6
4.4122465885613185e-6
6.431299099115842e-6
7.4142850896009495e-6
2.549311212584601e-6
1.7101470031745745e-5
2.1817606687853954e-5
5.42622664459538e-6
2.4480017627754595e-5
4.5177011899716285e-7
2.796471317358982e-6
5.251590151021011e-6
1.3795472251902281e-6
7.4585215351958905e-6
2.098521478430839e-6
3.7144434745441977e-7
1.0337489069794045e-5
1.5829444032284087e-6
2.4352777538583877e-6
1.0297992585907786e-5
4.3670568090905423e-7
4.843948572384027e-6
1.8577097950903016e-6
3.070366562760547e-5
5.246644508654373e-6
5.740951686226236e-6
7.106865084380537e-6
3.85650406533102e-6
2.8816786603819042e-6
2.0568265553790572e-6
1.4618975141808293e-6
4.4297405362174535e-6
8.159633774104596e-6
5.0829424307976366e-6
7.149221491156599e-5
1.1192499751170848e-5
7.141681537899946e-6
8.992179550061913e-6
1.315440337063884e-5
3.6263124479090322e-6
7.65509240549685e-6
2.300772128584168e-6
1.6658674635225875e-7
3.4488796688772264e-6
4.3525364213161315e-6
1.0773994964288549e-5
2.3720456726476918e-6
1.3308799698102005e-6
3.443952893990608e-5
3.1229345769296e-6
1.3764352287617694e-7
6.120179606733371e-6
3.342252018381277e-6
5.418441179901655e-6
4.684267669112158e-5
9.505530876314581e-6
2.7379424578941947e-6
7.498854796506745e-7
1.5394341000601473e-5
9.381950228830588e-6
2.711132834158056e-6
1.035355359371153e-5
9.490501114160583e-6
5.969137190996478e-6
4.7112574463852985e-6
5.702090596522132e-7
9.995431408164114e-7
1.3915855248577212e-6
9.8629318369054e-6
6.067045291197234e-6
1.6161680520837252e-6
2.2276733144003634e-5
3.9621467758205315e-6
5.747363172115488e-6
4.350223328690862e-5
2.1570975709228834e-6
6.703862095844465e-6
1.0944336843344103e-5
6.791494764969872e-6
8.344211728717006e-7
2.4912031578579854e-5
2.6001160210912503e-6
4.958965965552526e-6
4.699737039605356e-7
3.817620596569859e-6
7.16630895952547e-6
3.305044851986214e-6
3.0269929025228934e-7
2.24460355747629e-5
2.7898369038248145e-6
5.329852532260405e-6
1.9844773610636564e-6
3.0987983467116547e-6
3.558486892636893e-6
5.351307277182452e-6
1.7263142612895106e-5
5.539111403724735e-6
3.157695934833122e-6
3.724744224798576e-6
6.02355372198832e-5
5.201608829834913e-6
4.4018556440084953e-7
2.230128267449721e-5
2.251596457547607e-6
6.282560479504472e-6
7.889769221072808e-7
7.222692869958995e-7
5.222427197556641e-6
8.120056748469788e-6
6.9978074887491754e-6
4.843080176286296e-6
5.8996655756038555e-6
4.117493484655441e-5
6.832164339376736e-6
1.3426989266438976e-5
3.818073045811719e-6
2.470410057883265e-6
3.8077401493074237e-6
6.450815141329696e-6
2.4385954174654874e-6
2.898399509341885e-6
9.767975182179384e-7
9.602287124885197e-6
3.5104323777617362e-6
3.782679511062524e-6
2.2289232856951392e-6
2.903268697653376e-6
9.58936866544098e-6
2.691189654381505e-6
3.345169991328686e-6
2.6339987311259366e-5
0.00010394592226466181
3.4888811575707294e-6
1.953058454790581e-5
1.2662525386150907e-5
3.7724370074414013e-6
4.081554924179192e-7
1.6107653997985084e-5
3.8900078520919364e-5
5.395250461773407e-6
1.7012161853709857e-5
2.784202274112263e-6
1.0471647267250042e-5
1.2652147788450215e-5
1.8220910399497815e-5
2.0892815421964623e-6
3.3914496584414733e-6
1.559443364187119e-5
2.556824448768081e-6
2.6796205228813795e-6
1.0992816055853584e-5
2.560911596114697e-5
9.78341433104477e-6
9.581556762177682e-6
6.793615055473598e-7
5.2548895776825084e-5
9.316919022781577e-5
4.353198466573058e-6
4.058249685316037e-5
2.793861739225443e-6
4.49830266163703e-6
6.186711130962015e-6
1.0881987104310003e-5
4.218760165553983e-6
3.51909106935535e-7
4.1789262357816624e-7
6.739754508511229e-6
9.948584701947973e-6
1.0297969478962827e-6
1.964996910712559e-6
2.799164292468216e-7
1.1665594604141245e-6
7.116198905623579e-6
4.224314975817787e-6
1.6074989810636004e-5
3.4517842272614242e-6
5.736160705080407e-6
5.851511893677632e-6
1.532672573817701e-5
2.426265345121819e-5
2.01114357852419e-5
9.919455699901341e-6
4.132258878244962e-6
1.2666608884281174e-6
2.0551053461009305e-5
9.052392612585749e-6
3.5506685601452365e-6
4.439755662434241e-7
1.9488752134419454e-7
2.7265691223249526e-6
1.90007006314281e-5
2.2631377261319066e-6
2.001454863251104e-6
2.2562706324558914e-6
1.937569254956402e-5
2.472138936359385e-6
5.22161431170982e-6
1.598270035037461e-5
8.467901542349689e-5
2.5838315224369575e-5
6.997491466589579e-6
8.216283573180119e-6
9.290537570100489e-6
1.7330844373658583e-6
5.6863678780574365e-6
2.4749118358552666e-6
3.9921509238650794e-6
1.777906501437642e-5
4.129826460439131e-6
1.281011193613746e-5
4.723131522373628e-5
1.407958561044236e-6
1.4867088041022193e-5
7.18602650136423e-6
3.575886924490639e-6
8.654195492868232e-6
1.0679649595742027e-5
2.578627353097092e-6
1.2852039699419033e-5
2.6585768739333733e-6
2.950851294125806e-6
1.790136420181734e-6
5.783703620661982e-6
5.505766646845419e-6
6.2502886911209e-6
3.4198272313412705e-6
5.22804210344482e-6
4.991549912866413e-6
1.5844508393633893e-6
8.726214403435875e-5
2.2463401896252787e-5
4.1231821799233115e-7
5.501571110880721e-6
8.108890035025084e-6
5.953076622384165e-5
2.8151927206467135e-6
4.264993563740805e-6
5.214249141601314e-6
3.3187942642789413e-6
1.038567156622624e-5
4.638564847441555e-5
2.16120735932478e-5
5.848027512034045e-7
4.134074849978735e-6
1.1487378293732192e-5
6.773999487069004e-7
3.095782014890517e-7
1.3519942829153492e-5
5.675525108301652e-6
1.8977777017617943e-6
6.0639851849305795e-6
8.38802241041798e-6
1.7544223694598093e-5
8.607599327498613e-7
1.5121424814893326e-6
1.5459123194988254e-5
5.186139121711228e-6
2.3823345183723664e-6
2.119903486818832e-6
5.565164430246699e-6
6.137301981958389e-6
2.2079037291532756e-6
4.694288141705816e-6
2.778301597958454e-6
8.353410782286883e-6
9.978007916664759e-6
0.00016805283745993253
8.697770744693154e-6
1.7800917060413882e-6
1.1881437409928941e-5
2.277887626895891e-6
9.594980835820653e-6
0.00013062700853554648
4.2579048438033195e-6
4.191507149171827e-6
3.140894388073093e-5
3.274746475075418e-6
7.910316358115188e-6
1.537789923626323e-6
2.2078660335958796e-6
1.0556809694409316e-5
3.0787196277206882e-6
1.2480531640038126e-6
2.692499777528127e-6
5.369018958131409e-6
2.2692714934716104e-6
6.686300866540764e-6
1.4070694999111576e-7
3.6315511967344365e-6
1.3978911709350699e-6
1.7343614494007091e-6
1.5708069499653905e-5
9.10725552268966e-6
5.150961383089921e-6
6.748430991465482e-7
4.712858419678055e-6
2.6184166511401966e-5
1.673445007496221e-6
1.555644665906825e-6
5.881351024624269e-6
2.9365253674178024e-6
3.1666363474813588e-6
7.929660117531404e-6
3.6537759897541924e-7
6.4082948538125655e-6
1.6266026046990746e-5
6.314009017584625e-6
5.05533242498816e-6
1.5614926450390092e-7
2.5109417758398882e-6
9.134809896660578e-6
4.5838413473493225e-6
1.3210067582014512e-7
1.578303195052565e-5
5.860224769064113e-7
1.1960253463361206e-5
1.1499572939705818e-5
7.92488809295651e-6
3.39182606229872e-6
2.988276785239189e-5
1.5179986113272553e-7
1.884368994178619e-5
1.0902478751891998e-5
1.010691576414394e-5
2.0457062396321026e-7
4.4908971801992586e-6
1.2724757278886954e-5
4.908489292532877e-6
1.3899302572837345e-5
6.2980616616218e-6
5.82225130846107e-7
1.669527782220334e-6
4.7658985236499963e-7
1.2157502806631524e-5
3.865640027664676e-5
1.066361636869725e-6
1.63766031931597e-7
1.8970068347575026e-6
8.425527720519964e-5
7.224937662907466e-7
3.009458626284865e-6
1.6852424073004445e-5
2.7444779330797143e-6
3.6926589559907318e-6
1.3403772003906287e-7
2.2220417179476573e-5
1.0101815163125005e-5
4.274152308937578e-7
4.866014910001883e-6
4.4876019609370255e-6
4.381584864117052e-6
2.640777226170947e-6
1.1160176485629696e-5
3.260279494919084e-7
2.8503584883744408e-5
5.641993669253929e-6
6.272568512245203e-6
5.345369616711096e-6
4.343625827025261e-6
1.013290900716584e-5
1.0182995160695354e-5
2.2491045932545773e-6
1.733503418483184e-5
6.350279587233153e-6
1.962554133280318e-5
3.172903004000905e-5
6.387738406622618e-8
3.007458288681608e-7
1.4218723226807974e-5
1.3109144042571977e-6
3.7904767020740755e-6
3.5841413694346407e-6
3.0096327418106267e-6
5.112775025284135e-6
6.506859077703838e-6
3.7617946982005005e-6
1.3412038497464203e-6
4.3184560963782e-7
1.633091746231292e-6
2.3069918057961766e-6
6.020487729464376e-7
4.6640093525635986e-6
1.028693829240256e-5
4.926435584603695e-6
1.6200463029453716e-6
3.538844842040892e-6
4.393710217225373e-6
2.5220064332436817e-6
8.342818457039097e-6
1.9922839994663903e-7
2.180983340030728e-5
5.71933963640847e-6
2.7480708456452714e-5
8.886805041789141e-6
1.5590371933209998e-5
4.425097096175327e-6
6.011944145144847e-6
3.048134523077808e-6
1.9931190819188437e-6
8.725151300013425e-6
4.0992620514341336e-6
9.5329028998118e-6
9.217988667225018e-7
1.2237731436708509e-6
5.231564614335752e-7
1.0282479057672152e-5
3.002827017255381e-6
9.774477345848754e-8
8.509471810295425e-5
3.877096112209918e-6
1.2788347598479076e-6
5.686718979700348e-6
1.2569832867588925e-6
2.4559488955536767e-6
4.208081062867357e-6
8.089003069960813e-6
6.919531991172619e-6
1.5028875168173783e-7
4.3920286640843165e-6
4.327726586552515e-6
5.564059371450113e-6
2.3027345633529867e-6
5.96643010975074e-6
5.1931285555575504e-5
4.1415662584075665e-6
3.2283472175007897e-6
2.33726395169441e-6
3.128032396935132e-6
1.526599838878067e-6
1.1330550345683678e-5
1.3311177170253924e-6
0.00010576437199059928
8.176509000400811e-6
1.5750071659580275e-6
4.17066207904784e-6
2.6360160601863617e-5
1.1982426841428975e-6
3.6458616841206323e-6
4.778413900892295e-6
2.7350895323235827e-6
1.6592463407689795e-5
6.24171272955909e-6
6.240432023055126e-5
2.7697819407276758e-5
2.896242330081053e-6
5.5850433361915535e-6
1.378536191627451e-5
2.6641859376760995e-5
1.8118195157854468e-5
1.5556738792802476e-5
3.983259636254467e-6
1.4045326765694706e-5
2.038390621952131e-6
3.858874313555186e-6
9.588447972937737e-6
4.1367334004258955e-6
1.4517051086907532e-5
2.615356278225688e-7
2.118961092153709e-6
8.603458237241878e-7
3.5293974113317655e-6
2.671361768552462e-6
4.3845555440760915e-6
9.170543196872428e-7
0.00011866941184491001
1.6339001297216868e-6
1.7323134472431393e-5
8.15390157159676e-6
5.969720413821905e-6
9.015498015117444e-6
1.174068203183877e-6
1.0385098171081793e-5
2.7174355537523454e-7
8.964198840283188e-6
1.8625589816359204e-5
5.146643442409814e-6
3.6278873390297465e-6
1.5042818524733935e-5
2.296336324037338e-5
3.85076759644945e-6
1.2170261492943076e-5
0.00026649016043391505
1.1943622846658725e-5
4.15102019935142e-6
2.972727278157284e-5
1.1296875641585689e-5
9.219468984961547e-6
1.2796772441207263e-5
3.642151114668064e-5
3.13790634597375e-6
1.3664609137932278e-5
4.081734071327833e-6
1.1696575217305102e-6
3.1444814484593385e-6
1.8307834251129698e-7
4.433389500969921e-6
6.528467410228407e-6
3.148017185512089e-6
4.146391295772839e-6
1.188783543785541e-5
2.240350337737168e-7
4.73158922344679e-6
2.4077998905768395e-6
8.989915136645535e-6
9.64092667545461e-7
3.3737357148419268e-6
3.304925034662782e-5
0.0013382743424420105
3.6763096873283663e-7
8.238414099553766e-7
5.095513705217394e-6
2.6062565908980022e-5
2.146719178430218e-5
1.3577141693113322e-6
1.175028828904921e-6
9.300609476082098e-7
3.5396482680172416e-7
1.3576076375158739e-5
4.794548330076934e-6
2.8511809115474978e-6
6.843132737522757e-6
6.838720608259239e-6
5.70379395024266e-6
3.565934749407553e-6
1.8158956945328099e-6
3.831486572142432e-6
1.6805698081697038e-5
1.018699538780469e-5
7.832297944833273e-6
5.959900202111463e-6
3.3283600893606763e-5
7.335161672019424e-6
1.2411447860987186e-7
5.2839815643719124e-5
1.2569458347147194e-7
5.1816872218855086e-6
3.002381184155826e-5
8.554621000947439e-6
1.6076674805726701e-6
1.7868860584447843e-5
2.959924990756323e-7
4.325566365828413e-6
2.480514458406041e-6
