7.674031072811057e-24
4.393628937690473e-24
0.00017870007987546722
1.9508992992638506e-34
2.8567713215166983e-23
1.3375483774488754e-13
4.447742175857942e-56
1.4559700302508623e-23
2.746216641623523e-23
9.323755786963745e-21
6.7996890060372035e-22
3.1026397074366877e-24
1.1225724245147204e-22
1.635604164062484e-23
1.3889222028488533e-20
1.6119788019197154e-24
2.7414643224590683e-57
7.725604191999279e-25
2.7574966015074196e-23
1.299110071177325e-24
1.892508767602825e-15
1.9248571266346744e-19
3.871352870385632e-23
1.4184061660175601e-22
2.113824553247283e-24
1.954136092387568e-23
3.5349892254698884e-22
8.10168282542018e-12
1.0217368406111721e-58
1.573621229592561e-22
3.44320632714356e-7
3.2909487826594946e-6
9.910345015492093e-23
3.3829009051423566e-8
2.0438524543327063e-23
3.4790749217390575e-8
1.84052885952456e-15
9.08861217371099e-21
2.9086969199948467e-23
2.7052054000728715e-21
3.959313902164524e-23
8.138661026575205e-25
1.0641961412676825e-23
2.7079560429786082e-24
1.0521455882228974e-13
3.8587504188751e-23
2.1790737903704956e-24
3.371191051289134e-23
7.210866915508246e-14
2.7148602877602057e-56
9.671694661687485e-15
2.382009075803654e-8
3.999491994784545e-23
2.2455761758224976e-22
9.974550593710319e-13
9.046018438602643e-22
2.851640391326566e-15
6.656016221221308e-16
4.924563261845372e-36
3.0603986692349605e-23
5.6657195205856e-29
6.024858622146524e-24
1.1287567891504522e-21
1.5454019419041277e-23
9.83302049729657e-14
1.4965454527867186e-35
2.7799792337945417e-13
3.13936963678311e-21
2.9070126770818206e-22
4.191787429209976e-9
6.214132530623167e-24
5.02617324229827e-23
7.270310528449634e-24
1.8514146688631873e-15
5.44145828420145e-21
1.880469880889784e-24
2.832814976533307e-24
2.1708110136826382e-24
7.817612926137127e-15
4.007995163841307e-12
1.9761134433653163e-23
7.262479225700637e-22
2.4425258584385838e-14
8.689605085542553e-11
2.645193501340868e-23
3.0654659180451582e-24
1.9148565562560512e-9
3.0562137703523893e-24
1.5827153904214805e-23
2.4154814716171605e-23
3.985610950623649e-25
6.9852159281771636e-15
2.058576456062303e-22
1.0163063659240818e-22
2.0403954535203108e-11
6.17751573662649e-13
1.2774007493490255e-23
1.4612670270658392e-8
1.959428230597771e-15
2.365897494079809e-24
3.779697429665998e-24
2.243167666867625e-25
5.783421409865901e-14
3.92343535034183e-9
3.352485383348207e-11
3.639331137062751e-21
1.9389140555105446e-23
8.605649973139907e-12
3.5582221786929696e-57
3.374340916290323e-58
4.3952654374077086e-23
5.817301300322852e-24
6.2985612883775805e-24
1.3699833884409388e-19
3.5082498891182564e-23
1.3599255800395808e-8
1.49210461569364e-13
7.670654434796636e-8
3.1195795392386983e-10
5.86997137149547e-34
1.6063153651561673e-22
6.86366584692334e-24
1.3548216449289733e-24
2.777343173854867e-22
1.1608292537796253e-23
3.250894514082822e-7
3.0485868849858364e-28
5.401806858177411e-15
3.9318636077892137e-22
7.367032261366682e-25
7.85677758105777e-13
3.3473411057806054e-14
3.213275565464797e-24
8.645259413727001e-23
4.93537077358732e-22
4.4214187535279174e-14
5.451288569348576e-20
1.0555749245911312e-15
8.642354682588182e-23
1.2272291621375547e-22
6.022489817830316e-24
6.460764237976781e-25
1.1366655709924039e-22
1.605376662194121e-8
8.592629626255078e-25
2.334413859879468e-23
3.8852399278277384e-14
5.7408726651892675e-24
4.229564758297347e-24
3.2143627242406155e-21
6.403389145684818e-22
7.147295577206115e-23
1.645157854201409e-22
1.581242492396832e-14
1.9615115049208886e-23
2.083828063939172e-11
8.087114738564451e-24
2.7852375863227668e-24
1.6384104242772198e-21
3.1612143844188732e-24
2.292427388155199e-24
4.333720479175943e-22
7.939638086445348e-24
1.4434610859553973e-24
1.621801131285442e-23
2.4316986785211877e-57
7.329332348274869e-23
2.6451760843680103e-25
1.1506565970821886e-25
1.5280142119233014e-58
1.1341295312819669e-12
4.5015912435214543e-10
2.2597406063767807e-25
3.425465059244758e-24
8.821741608363107e-13
1.6523523755837065e-25
1.1967951336169415e-21
3.292685201631514e-24
1.397338181544601e-22
1.120051364636184e-24
1.6503240820622244e-24
4.927585617539741e-25
8.250695622817635e-26
7.239144988684416e-24
6.22411510650141e-20
1.275689406772842e-22
7.747413931393969e-23
2.2918671633399606e-22
8.318016965108887e-25
1.7206823290446487e-24
2.5587234808242928e-11
1.594285553716951e-24
3.883056859106446e-23
8.128573193982903e-23
6.629851256679607e-25
3.2953953306477835e-23
6.163578383059668e-23
7.560231612336598e-23
4.623783739752772e-57
5.282286119675484e-24
9.386608963035101e-24
3.9639696139423275e-27
2.4730760391105848e-11
3.4774458725031334e-24
1.871944052605326e-20
1.6310722101263e-23
6.792626514267565e-13
8.655563450345814e-22
2.723983221746882e-15
2.977186211280711e-14
1.3272906599387777e-23
6.132493260143789e-24
2.7538907539685513e-9
2.0940601441653407e-24
6.1626368069321365e-25
5.419576190571175e-25
3.2457407515099515e-24
1.6696146842104262e-58
1.857230467294534e-24
1.3128366168768195e-13
1.1045027163177628e-12
7.256950651245381e-23
1.9240071731845652e-23
2.8229728413234806e-19
7.411782940522839e-23
1.0098556994155734e-22
4.214276511397448e-12
3.2079737904831103e-22
1.0894433834892191e-21
1.082195130192912e-23
5.808022456233411e-25
2.9808483136213133e-13
1.3048671067267291e-14
8.109130872712506e-24
6.560374221546776e-13
9.467536352712739e-16
3.1501642067163564e-22
7.655922461685983e-25
1.3361856015715037e-21
1.1830623963122576e-21
4.882686569846753e-24
2.0833354310471816e-21
6.050301477226461e-13
9.955848658878449e-24
1.5826239597441038e-22
3.3318889958914793e-22
2.8633643091576734e-35
1.7326571007868455e-25
1.0444701094738441e-23
1.6403366662731615e-24
1.3201452987777102e-19
1.3218285260948672e-22
1.353651177900912e-23
1.2044722876614725e-24
4.0851721248345466e-24
9.758025159337433e-25
8.743276703913705e-20
5.085425440513483e-10
2.0820274319558495e-24
9.936932196162974e-22
1.0015612391843396e-23
3.5273896941740435e-14
1.5149329321888544e-24
6.983408329776352e-25
3.811864547460553e-11
5.016596193911086e-23
6.648132289522415e-11
3.2267360362225186e-15
2.694509109094336e-22
5.178659216259131e-25
2.4607090924359414e-24
5.977755289755132e-24
4.200970071015511e-24
5.28297807673952e-24
1.1065847591133342e-12
3.894487561940166e-22
3.8064684842150636e-22
1.161086025383749e-24
4.055311630494945e-24
4.028979609480063e-24
1.4921694064352496e-20
1.0441263655797728e-10
5.3981958395506296e-36
1.7112501606434644e-24
3.215035330713734e-22
7.45062677242733e-21
1.444925043125187e-21
9.378093814437694e-23
2.5582668368722508e-54
1.3455261717747986e-23
6.666681250785765e-25
2.1701484499952955e-20
4.420310281300258e-19
1.5397516985835812e-24
1.366187668377952e-25
3.4603267001880316e-24
1.2914719462800678e-23
5.3879293575604226e-11
9.368410500127544e-24
7.640109548208983e-21
1.253492957625509e-23
4.3461110173811475e-23
1.7233177988183348e-25
5.067881423043254e-24
8.617688250715803e-23
3.258667199727314e-18
2.9751991310593137e-56
1.0624601290942587e-11
9.482567782509218e-23
1.2132592886624463e-23
2.8812752728301227e-22
1.2656163701261738e-25
1.3511195386875611e-15
6.481158718570803e-24
1.185988729247701e-12
9.681350694232252e-35
4.11917684970361e-23
1.4467610990253863e-24
1.2503074108011826e-25
2.8165274730190537e-14
5.295903515078673e-24
5.4549400412746444e-24
1.6156574679526503e-21
5.18570584034223e-24
7.610291704156436e-25
9.844479669741855e-13
7.747909577411183e-23
1.6617112396479798e-22
0.0005346948987664151
1.1945688810130416e-15
1.699579417014692e-23
1.85017287791216e-15
7.36034846641797e-25
1.645328006907346e-23
6.201801096313952e-15
6.191379349878021e-24
1.6453060599305084e-19
3.476197918388576e-21
1.8488830528478397e-57
2.3721989544376914e-23
6.78852393456176e-23
2.48565221731134e-16
1.4335121926291515e-25
3.061502546157742e-23
1.845667354267701e-13
1.1926831857749473e-12
5.9816927793043e-33
1.4244005813438243e-22
1.1865130974753964e-24
2.1966263338887587e-25
1.907537861773567e-24
2.6538503754393222e-24
5.286478352385409e-25
5.417979801379727e-25
7.519038899552214e-24
1.2618803459147777e-22
6.973760204424073e-26
2.9022063894334796e-57
1.2507253012515017e-22
3.955927985357831e-24
4.0751498077132846e-7
1.302803740858908e-22
1.5914747023937874e-21
1.355498411304049e-23
1.0061212271798113e-24
1.7807832549712747e-23
8.176893064817578e-25
8.801866032771523e-15
2.324391735243343e-25
8.142783384439811e-24
1.3789960387380286e-21
2.7139025882457715e-23
1.2539766857905175e-12
1.6778296797804756e-23
7.806145338523615e-13
2.3127487807077805e-23
2.5888665809566067e-21
1.0477321075433677e-23
2.4255558699172276e-8
1.5585272146692572e-23
8.127212073302341e-25
7.2648509189588025e-28
5.683880903065524e-25
6.401371611265972e-14
5.707313773526172e-23
5.873549009042856e-58
4.185588988406332e-15
1.7157629964795733e-13
9.269526249006325e-23
5.917271987574128e-19
1.0548667564234786e-13
1.102527585312782e-25
7.073269157123882e-25
4.059933624160314e-24
7.344648253411763e-14
1.0215720739180738e-23
4.79172259132592e-24
6.006308125385869e-23
2.0312611734939695e-13
9.302637243366649e-24
5.253156332821251e-25
5.1437486842817435e-25
2.96774217443372e-11
5.180267847702708e-25
2.50438809127873e-25
2.1037002950976e-25
3.2593742597098046e-8
4.630849106826221e-23
1.3548015432888816e-13
3.151255953142437e-8
1.294973101999952e-24
1.2443738090805967e-23
2.3028273262276686e-25
4.251204030663323e-25
8.055275256754287e-16
1.8880818724027633e-24
9.167103804648777e-25
1.3187057767841112e-15
3.1127438906180318e-24
7.1317009408618e-24
4.125542983190701e-24
1.338554172590915e-20
7.545324434725846e-24
1.125249664148687e-21
8.855133506865147e-25
8.722730100631602e-23
6.580215609449064e-25
1.3281399885193102e-25
1.6746832886633892e-23
8.082460163389945e-22
1.1987893425484422e-22
2.9014842712908135e-24
1.2398231006644356e-15
3.654743169049881e-24
3.054453730208591e-25
2.0959477708080153e-23
5.21720646969798e-11
2.6686709209565594e-22
5.735650649533908e-8
1.724035349392469e-24
2.099484370859372e-23
5.268370326155996e-56
4.450266939449192e-22
8.718242761994394e-25
1.3803405536983157e-20
2.241594932829138e-36
2.1108893497355213e-14
1.5209688167356766e-22
1.5239742966360603e-24
0.0016292682430569848
2.818643910832052e-23
2.8380641918188537e-22
3.0724773756194785e-22
1.2186954870579418e-24
2.8913788665922933e-25
7.581871251705274e-24
1.4524126875686315e-21
9.174812868499428e-22
2.3808920641097116e-14
6.784801046491658e-25
6.723527646353731e-15
3.804171728398037e-22
7.042575548026644e-14
1.0629997966874945e-24
5.0915753278351886e-23
4.6386339801569546e-24
1.9281899429404544e-23
2.8222662003091434e-25
5.6257629631022505e-24
8.763695394046538e-24
7.537958967217606e-25
1.4212049054438375e-9
2.614570014273032e-22
2.0704646803925027e-14
2.846748517544417e-24
2.5811687771897517e-13
1.6860965608022629e-25
2.1323316491983424e-23
6.866789125767477e-25
5.5361423939051804e-14
1.0235678502751826e-24
2.28619018013426e-25
3.082558497465785e-24
1.0711797631035353e-23
3.995025224352928e-20
5.611435727381549e-15
5.362557241396428e-24
4.485452072374287e-25
2.2698842587105527e-22
1.3579723775661923e-22
2.1691347319804867e-15
7.329783370655921e-22
8.76674123547761e-22
7.211921665933925e-26
3.482375079659921e-13
1.3049772773772268e-17
2.3236093785420643e-21
5.159254675849369e-24
1.969612579688287e-34
8.410936001681092e-24
3.9577495144386456e-24
5.548746892222282e-24
5.985138142970974e-23
3.338066633050372e-22
1.753536454743602e-24
2.8282898297368764e-25
1.0212445261321392e-14
1.3781157398194514e-25
5.664678502092341e-22
5.91883005650996e-13
3.324051375791021e-23
4.73056305905411e-9
2.740622503408542e-22
1.2017113169210916e-24
1.5757783797937608e-24
1.6154976032570881e-24
3.316167479523799e-55
1.4366798794003434e-25
9.535145524880463e-23
2.5945881045945663e-15
1.2602074372636982e-23
2.0215933788505896e-11
4.457264277467713e-24
4.524059281957508e-25
4.8495415514682016e-21
7.299427042456613e-14
5.575156914656566e-25
3.33914248817032e-24
7.945541730539566e-25
2.825650621492889e-23
3.1551655807243907e-13
1.1110091443193705e-15
3.1068188511158496e-25
2.0853972417708567e-56
4.0783878383456008e-25
4.917056331691928e-15
1.6342906647989441e-24
1.0594246207964302e-23
3.429570361356674e-25
1.4019194669165253e-22
3.417503264773916e-24
1.7282722902488638e-25
1.3292271361231705e-24
5.755223733509005e-24
1.5926110869658897e-23
2.415700189362425e-23
1.5590470657008523e-21
1.0919516008466393e-22
4.374943216114367e-19
3.2989470114885725e-22
1.8199875930319984e-23
1.0175769625132026e-10
4.571573252173855e-24
3.047546213435082e-24
2.8526618137227346e-9
1.509505469187421e-22
6.831596947589422e-25
5.577737867730436e-15
1.017488261455538e-24
1.0379876357286714e-22
1.348286825043496e-14
3.6198586073972966e-13
9.600065402526442e-24
8.598740159874158e-26
9.393408660137159e-22
5.069069356909543e-9
3.575756339174747e-24
3.095714301316325e-25
2.7027894497082033e-23
6.734939392648794e-24
2.3763342343684304e-24
4.375039479710684e-22
4.749340936495464e-24
8.866624583958799e-11
9.247807136459395e-23
2.035895388586082e-25
2.5668959173960174e-33
2.2422893636289695e-23
4.3424086528832524e-24
4.872354780831471e-23
7.463090862262236e-23
2.2738413389687782e-23
7.820354311924374e-23
2.2463476878602967e-25
1.866252965990655e-9
4.596795488021656e-59
3.574875516751432e-23
5.280184972327791e-21
6.2287498151358315e-9
6.259933071223868e-25
6.221096690503593e-24
2.4923368342493615e-25
1.3912746068980618e-24
8.911043540363273e-14
1.545078563066592e-12
7.91850123940024e-6
1.634161635137142e-23
2.2377242642997198e-22
3.9837596962459077e-22
5.91267681977472e-25
4.252935415406263e-22
9.980541267021553e-25
1.4088633057590086e-35
1.6541552474462982e-24
1.8614735511325535e-24
1.8508321067101995e-24
1.481396106331084e-23
7.621078504992603e-25
9.08683209270788e-56
7.006411160919795e-23
4.502807188112083e-15
3.1753767387023347e-22
2.412312324994589e-7
1.1305434753801747e-24
8.918481127521776e-25
7.102782152642988e-24
5.39009375846004e-24
4.777359263424203e-23
6.010754976415953e-23
1.0932021065413055e-58
7.0495796039863195e-56
1.736601213422097e-24
3.424628504030298e-25
3.6090793948240686e-24
5.770910626465797e-24
2.205452528842112e-22
1.1642880261716717e-20
9.166580933007583e-14
8.048210533031175e-24
1.1851316364842766e-24
1.3164407296532378e-25
1.854924758916411e-12
5.871624089764624e-24
2.7487386898276816e-57
8.4565643593414e-25
1.9475732336430564e-13
1.8567104648586098e-25
2.9728138897238147e-23
6.629372127547916e-23
1.4757509181313866e-23
4.356742153960991e-56
3.3146020608053935e-22
7.791006325156536e-22
5.28572674858274e-25
1.1809916937031572e-23
6.101651624183164e-23
9.064804972584388e-21
1.665731688673067e-23
5.4875725240211315e-25
1.9801856429445813e-58
1.9780075571686695e-24
1.3536808432738715e-14
4.531027150472565e-24
1.254857989317744e-24
1.1793977705067094e-24
1.0823626392054059e-24
1.881890851062077e-25
4.1162412667844316e-24
4.3812435890656045e-22
7.69095393006619e-24
4.598745599253585e-24
7.80695757120333e-25
1.925369346813642e-25
2.0892434125707268e-13
1.8341033103548785e-56
5.0901615240667554e-23
1.6710863841835752e-22
2.9419808313597462e-24
1.0226095109094279e-8
1.0236182312395268e-25
7.553514972218969e-25
4.981456307514487e-23
1.3600995683344653e-12
1.644763058960752e-33
1.4789699128074172e-22
9.272949382487335e-15
1.4258932424206577e-23
1.8645577291046592e-25
8.323981985463523e-24
3.2127381082697584e-15
1.4984589284624779e-24
4.062124703097613e-24
8.670968423075747e-24
1.3131770496203798e-24
1.093194722371886e-28
3.002371343565381e-14
2.6273010744781878e-22
3.9431168186608135e-24
1.329073110663134e-25
2.5219659964151597e-12
5.431509698690738e-23
3.88974280361108e-22
4.18916009993422e-15
6.958017014809587e-19
3.927629124127067e-25
7.277392558038688e-14
9.529991207571492e-23
2.1956052013459405e-8
3.839414649514113e-24
3.12059404598141e-24
3.0658290270518464e-14
5.808611630645687e-23
2.265378550910104e-21
3.1495382879964643e-15
5.21252687528271e-22
3.7811185037287307e-22
2.6442773977714594e-23
4.918486263528828e-22
1.7053463780776957e-25
5.237503285623466e-25
4.953002201342039e-25
2.390471088907076e-13
6.8459747876556256e-12
1.1775720254331458e-22
3.378693400123865e-24
8.150324679622576e-24
1.3134557116220091e-23
1.8663920903872725e-25
3.4579867800140374e-23
1.1707577074375122e-22
1.811217539715692e-21
1.3011076746673279e-24
2.0636140490794704e-15
1.1838873951455653e-24
1.276810575548374e-24
4.202377634764639e-58
7.792304874900294e-31
4.341188868472551e-19
1.943707723086451e-24
1.1405062892353628e-55
3.798958676700152e-24
9.33101966691926e-21
2.8496178610577638e-25
7.140461804104562e-21
2.382242916082856e-24
3.8237313312114306e-24
2.436531032908378e-56
1.906927175824589e-14
2.95495248225808e-24
1.8421039725339902e-22
1.2776694520124832e-13
5.273768311089201e-25
3.5446307849389085e-25
2.524518331606104e-21
7.892763491922856e-26
2.712621945493408e-23
8.504184755814469e-25
2.724718972225095e-25
5.248359258435512e-27
5.651235291753284e-24
1.1096556192551827e-21
2.1967709856367015e-23
4.1054629062837875e-25
3.7714922125029037e-16
3.4556867337059863e-23
2.501857020967505e-24
1.491860935480035e-24
2.8475704591715686e-27
1.554417069002612e-22
1.0548807917149098e-24
3.232906537201513e-24
4.0308636075193804e-24
4.607561345322415e-9
9.620679066307796e-24
2.898700089859605e-24
4.934129740890921e-24
1.337853139710113e-24
2.6781662060942077e-25
1.1895381135309592e-22
1.1640053803007134e-24
1.0501216186227267e-23
1.5962825420636978e-23
4.502166089627859e-36
1.309585256530199e-13
6.264308653600712e-7
4.604212324628896e-58
1.3158752264699082e-24
6.180586409710719e-22
5.936916051146551e-24
2.794915084843354e-23
1.910062595092977e-12
2.056362919648549e-25
1.339777417384701e-24
3.458750831163486e-23
1.143411209823009e-24
5.733388458381189e-16
1.3495535815742403e-24
1.5930164951850924e-24
3.375212125487638e-25
1.6315392904717399e-25
1.1428257264725667e-23
2.96974480563764e-25
6.38997174037273e-8
2.9567826905326105e-21
3.789707896292721e-24
1.405034265632994e-25
1.4812177606353248e-8
1.7680605619074614e-23
1.1053597238107602e-15
1.0725534792938173e-22
7.603089793155416e-14
6.857500866332767e-15
2.24395588345534e-12
2.26019654800953e-25
2.2989537945884996e-24
1.0095661908194704e-14
3.445896698539737e-25
4.5090483960168214e-8
7.459582875183313e-60
3.276743031695333e-22
1.3082746466044884e-24
2.6965241577517525e-25
3.871483169749224e-24
1.9837786423649509e-13
2.2891246251744353e-27
5.852120835730128e-8
5.805959385786618e-24
2.353186999749591e-23
1.3453102687534645e-24
5.711799664431763e-25
6.02531234084889e-23
1.037400043345726e-24
7.108144295167229e-24
2.430588193077862e-24
8.300203159526727e-54
1.1381144590912182e-6
1.045769188508439e-23
4.0091197236823278e-22
6.076575987495545e-25
4.584754691008558e-22
1.8749781677097634e-23
1.7722361573997686e-24
1.6437403976581512e-24
7.602255376715669e-22
7.920337814458476e-10
5.107006595787913e-25
1.3814908554387107e-15
3.4601870216756535e-33
1.830600012689598e-23
2.125412519524508e-22
4.1994012166002036e-8
1.8834561171166e-22
1.7828908945252102e-56
4.743674991567453e-19
2.5980615576974596e-23
6.007498868523444e-23
8.46854487141345e-24
2.2942789381078695e-23
2.8271279188824826e-22
1.84671672050179e-22
2.0423071067985973e-13
9.400130052116233e-24
5.633147068287499e-23
5.647688786873444e-24
2.4921245238521688e-24
2.143613394120413e-15
1.2605616947821317e-24
1.4050789725289642e-23
5.13112156771445e-24
1.2431226462260615e-21
1.2634348313893124e-19
7.7553491500948855e-59
2.5720718354387966e-25
1.068136327483036e-55
3.5879653891395677e-25
4.626957243357339e-9
4.506251280731048e-23
5.074586890117638e-58
6.065095811013829e-25
3.5722762220753754e-24
1.367809893331327e-24
6.569994972478222e-24
1.128379606815394e-24
2.9955555942430134e-25
4.279587560133392e-25
2.1238565166860816e-24
1.0757552736876769e-23
8.841191364079341e-11
3.619953462147518e-22
5.75859637712896e-23
8.236355297882377e-24
1.6579600566236595e-23
1.038906397613835e-24
6.587055806524791e-25
1.3085043447543881e-23
1.42221412355577e-14
1.3465949514851378e-24
1.7544568169725067e-25
6.672621874856433e-25
3.1039618058976924e-25
3.50526521014524e-21
1.0715624696434908e-24
6.225070688789158e-55
5.540497963859454e-24
5.068418888875103e-14
2.7530132800134246e-8
2.1478112749467252e-23
3.031507233636252e-57
9.6853581353208e-25
8.530819143165154e-9
2.238144489643847e-24
4.792779751725687e-22
3.502636013464124e-59
6.232093455124141e-14
1.565114392021004e-20
9.540801310488011e-24
3.573640160742297e-25
2.6667515162651044e-24
1.4493374377448012e-15
2.1677835442885505e-24
6.120046774367001e-55
2.099131190459048e-25
1.5686756734277208e-24
8.043729228432214e-24
8.076773087157862e-14
2.6670786357239537e-25
9.903221196404033e-26
1.5079609839850236e-23
6.126904704107695e-14
1.922153605405418e-24
9.855660783676842e-23
1.7045722610774422e-23
3.3589546887045026e-23
2.151249598894142e-24
5.791083520023797e-23
1.5414632364876052e-23
1.9361400247002008e-14
3.8865739630218205e-25
2.3791336635771417e-23
1.2024966137080557e-25
2.700387838115947e-22
3.53537044669074e-22
4.6461746704936906e-23
7.7770536593131075e-25
1.4770514289893912e-24
5.4136525193223965e-20
2.3674064961023405e-22
7.558424279365638e-24
2.9187677922404023e-15
3.7145105246458874e-28
9.41148788670856e-25
5.724499264071691e-22
8.314186602838928e-26
3.146167565107125e-13
1.0176937781900362e-25
2.669630643422829e-16
5.0752141137385653e-23
6.993520318041725e-16
7.625978134673835e-35
4.301012700547916e-23
3.4005708134873856e-24
1.2429466719568523e-22
2.3004619326029966e-23
7.281575439052968e-25
4.8070624441678065e-23
3.7880009885579714e-25
1.8300561466372723e-12
2.041545766651941e-24
9.328004624832494e-24
3.1361090612529404e-57
3.102550525028338e-23
3.0652135413750082e-21
1.417588357895517e-22
9.314246423090004e-25
8.424735535876148e-14
8.811352581658965e-23
8.696266835866942e-23
9.550009156850194e-25
1.1131138386758026e-22
1.110921585802228e-12
2.464882377610092e-19
2.7515418731523565e-24
5.449985245972057e-23
2.441976106242341e-24
6.14503103409249e-24
1.4809725773260725e-23
3.930315921821178e-57
3.014315353550281e-19
1.196973254626568e-24
3.4951082399160812e-25
7.974525166128643e-24
5.310301263610206e-23
1.3497948059660141e-22
6.777968249178685e-22
1.4324450817971908e-21
3.1889867515044835e-12
4.0115083344970965e-24
1.1725950948355862e-24
1.105002697415483e-28
9.939234944719172e-59
6.617849646969479e-25
1.8844979640004476e-23
4.716615992331211e-24
1.0499290159701552e-23
1.20322079951585e-24
6.094936361789103e-24
1.967415979036826e-24
8.182027925273099e-22
5.212333652643113e-24
3.9186396459954827e-25
