2.635431751437147e-24
1.268170052851645e-24
1.57599343980909e-24
3.6049018309818605e-25
5.3707047006533295e-16
2.321849771759965e-24
4.071507471789702e-60
5.824551271723329e-24
6.351142109372549e-22
1.8051822748436238e-24
1.1224687030392629e-24
2.30849624649974e-24
1.2280485617361485e-23
1.3166164222120116e-23
1.1625276466647168e-23
5.886570405254694e-23
9.94467608486221e-25
5.583163900606427e-25
1.4850765731903268e-22
5.931464035824294e-24
6.022916470773343e-25
5.569156008534325e-24
5.469503795653005e-23
6.738498259324209e-24
2.1698580501848157e-19
6.368522549781041e-24
8.0180940704781335e-25
2.6722907708126845e-24
1.3034040369282678e-23
9.967400453218967e-25
1.48050619649624e-24
1.274795553042981e-24
1.4028929089382524e-22
2.241755949959378e-23
2.174000204123723e-24
9.660338824932435e-25
2.5201539525688914e-21
1.1249419954570101e-24
7.812926219190225e-18
1.090902267018401e-22
2.91735634232434e-24
2.842552751937956e-24
3.6968292575730174e-19
1.445076209039658e-23
5.727025137325425e-25
4.365221667623081e-24
5.485876786373989e-24
2.3106912441479117e-24
4.1911443059251387e-23
7.624562730397188e-24
2.0770270278091164e-24
6.02786814003023e-24
1.819876900071209e-14
9.424317161544139e-25
1.0885822699227562e-23
2.5121723428087234e-24
7.959776799364215e-25
8.690507303449231e-23
2.0888971708886183e-24
1.723572973786086e-24
5.431000889081336e-29
1.5536623939873224e-23
6.139864091306342e-25
1.0533225708518125e-21
1.450501578919738e-22
3.067285110546523e-24
9.147122268159747e-24
1.8561271671952484e-24
2.6442108767062958e-24
1.3576483068439857e-23
7.808174487432729e-24
1.5832402271205944e-15
4.6861186904058784e-24
8.342945478111146e-24
2.2022598802437456e-24
6.543198080441845e-24
8.595243864744805e-18
7.348747738886602e-23
4.8129200334621305e-21
6.60590531389228e-25
4.6719524305139535e-23
8.083267603124125e-25
7.575351091749225e-23
2.349316939477946e-23
2.5629028598289495e-24
5.721106613999352e-23
1.210298548488471e-24
2.7254811784325835e-24
1.4265868088600683e-22
5.150563296594518e-22
3.205719666198599e-12
7.950008954488353e-25
2.8431258089028953e-24
4.514261649438761e-23
2.0022705088882538e-22
5.974080423887175e-25
6.288910173519294e-25
3.4245030331417165e-24
2.6850329136786533e-22
8.688877282730574e-24
2.151550089518208e-23
3.032128461438482e-23
1.2553903820321704e-24
1.7641867937879023e-22
1.0522257056510153e-24
5.744590289639361e-24
1.0246801817256184e-22
1.7136273904947261e-23
5.175269319062231e-25
1.0629927551005115e-22
8.988681778878766e-25
1.4884424231609182e-22
6.712598196750518e-24
2.150791582468408e-22
3.71523604653642e-24
6.702878354615765e-24
2.2814583226364967e-21
3.9127123559514496e-24
2.2208120577084042e-13
1.7991966564461968e-22
7.489430895182852e-24
1.52548626805782e-24
5.187263121283115e-25
5.6797053450216794e-24
6.1643413572273466e-24
2.843855564880687e-24
2.1035605827338424e-24
1.592385567883598e-22
3.710162478831769e-23
1.1187921536227498e-24
7.543491758225683e-24
6.752157597954006e-24
2.1694302644672284e-21
4.473659570273965e-24
8.75051434705533e-25
1.7268410196019662e-24
3.86977941969707e-23
8.49851289843172e-23
4.53050296167603e-24
2.576722858958549e-24
3.262076852343121e-23
1.871380745912268e-23
4.7930551399303065e-23
2.784417729869537e-23
7.340754216721137e-19
9.704739883685927e-23
1.0573776615360965e-24
1.18631356497315e-24
5.6378628668225596e-24
2.3903797280684238e-23
1.4556884674808618e-19
1.4229258580009974e-24
3.1205258701439776e-24
1.3815778508846082e-22
5.7725472277048985e-25
4.505446769237395e-21
8.610076962050072e-23
1.5793593240435775e-23
4.539964653680336e-23
6.244340970307952e-23
7.271103673013529e-25
3.787260012765726e-24
2.82900369744401e-24
1.3418305644723903e-23
3.4870526801355653e-20
6.741205708749882e-24
2.1286119326544873e-21
8.179954299475324e-25
1.5196635885949695e-24
4.200450000007606e-24
4.26313782051217e-25
3.194098137577767e-21
4.616200356309535e-23
4.1387229593496415e-24
7.961318903349631e-24
5.063834834399377e-25
1.4174987759341616e-24
4.474658003285783e-20
4.529755327352195e-25
2.050926800741744e-24
9.791635482483817e-24
2.4299225807003376e-24
2.5564907760114684e-23
6.427587299866232e-24
6.980941631105579e-25
2.190440025908622e-23
1.0915380960217568e-23
1.819389512519225e-23
2.1014919359966483e-21
2.808277363517136e-23
2.3355199040644965e-23
1.1479250300073827e-23
4.6000286462056204e-24
1.3022448779408164e-23
1.1611640303024687e-24
1.0369271486025832e-23
7.317601905250969e-24
9.833972284670598e-25
2.7526045195416216e-24
1.810263954745061e-15
1.7972237543595435e-24
3.5910804808856697e-23
6.75622889515676e-25
2.848798809847749e-24
1.9856774316124844e-24
1.5042275929192837e-24
4.696346978386121e-25
1.2025792285952396e-21
2.3557650298714085e-23
5.7014161399330985e-21
5.6641663120143245e-15
4.5771446767580956e-20
1.1225551119101657e-23
2.1726342935631317e-23
8.689782810489333e-25
8.658010035073303e-24
7.605906699008482e-23
2.6587203847769724e-23
1.4913274665352032e-22
1.4341262314130948e-24
2.684013708162762e-22
5.843913291174781e-25
1.3324264167411246e-24
1.8635241083558064e-23
8.507409776728837e-25
1.708965028123812e-24
2.814913866642581e-23
2.5230342391040097e-23
4.872528510562536e-24
5.355577577587748e-22
1.6137619374343696e-23
9.509324975625415e-23
8.718034442109116e-25
1.710106043237771e-23
1.1074620415977377e-24
3.107527689271118e-22
3.360581052577725e-23
3.3474937815951014e-21
2.2426580066369884e-24
4.302218171133111e-22
1.6882169122373515e-20
1.6601612001475142e-23
6.462355529465616e-22
5.979935210557763e-22
9.783223708999453e-23
8.945059679480042e-24
2.7198344772452276e-23
1.1995531839640207e-24
1.586552853732445e-23
5.496569784021561e-23
5.576392459482378e-24
9.606184169701862e-24
2.7681264550518656e-23
3.1735231714883172e-24
1.3256522561244785e-23
1.6300697003570793e-24
7.162520940172116e-24
9.817303068418152e-24
2.5871314451711436e-24
3.935049805878731e-25
2.7005884935985034e-23
1.281921593339158e-24
6.207179820039352e-24
1.3128016528271777e-17
1.146338059804048e-24
2.556540596996226e-23
4.624595525623628e-24
1.63611190791907e-22
2.304436793556121e-24
5.938925698220393e-25
4.3179458265022614e-23
1.718984658098545e-24
1.0619397768706652e-23
6.751241672679663e-24
2.992985351470676e-22
4.41627311412588e-24
9.208895689748292e-19
4.4532970538844186e-24
1.216615088479019e-22
9.808798252365209e-24
7.788208157065516e-25
5.302211194898598e-25
2.5994876240135693e-23
7.014293808566851e-24
1.4057573615813245e-19
8.797392214928415e-24
6.90804624296591e-24
1.1712764130855184e-24
2.4336476843101813e-21
1.4556144772937882e-22
5.9280574462233515e-25
1.0824549910363112e-24
2.4194068475355535e-24
1.4334943685332237e-23
2.542693445582774e-21
2.4647235330102792e-24
4.3613833200138015e-25
3.3493266489932754e-24
1.3788814835926752e-23
1.5764020921575506e-20
2.4156303307581584e-23
1.3927329286192066e-24
1.2017487442886731e-24
4.451712341701613e-24
2.4951018659033798e-23
4.874317468498744e-24
1.1377164230921777e-24
8.237811234503864e-24
7.526091212750568e-25
1.1498343478243994e-24
1.1931572793128781e-23
1.1532849308054776e-23
1.5331228091158998e-24
6.585944890616277e-23
8.506684218722409e-19
1.796052576684149e-23
1.6927014359883525e-22
1.573528582199482e-24
2.820905644091686e-17
2.5315533412381764e-24
1.6793619332049126e-24
6.879649672614741e-24
2.8589788132277624e-24
6.268186479916034e-23
1.636870067647167e-23
2.397965582790467e-24
1.0114848594462507e-22
3.96421709793367e-24
9.294897282604481e-25
8.385239125685353e-24
6.884609409154129e-23
1.448743976564955e-23
4.221340856906864e-24
3.3185545312580855e-20
5.485880076728043e-14
7.41995624194891e-24
4.329661704884028e-23
3.4647599649701944e-22
7.024797967071107e-24
3.2163009303552392e-24
6.1489236881359655e-25
9.453680553745058e-22
7.393176520724064e-23
6.172586055678584e-25
8.046860043458026e-24
1.3750402879880802e-23
3.1994987274974003e-22
4.625889279616017e-24
2.5378998725917776e-16
2.909705960370539e-24
8.862512738883428e-25
5.511811470573875e-22
1.0555081687685787e-23
1.683259555290153e-24
1.4526554875216134e-23
4.440979185651307e-24
1.4994508600804032e-14
6.813080775109813e-23
1.6949002436233347e-28
1.4389369040988008e-22
2.6631300742602074e-23
3.081637026833775e-25
3.785466512230618e-25
1.8136017988978014e-23
4.402360561325833e-25
5.858458926966379e-21
1.434754107311983e-24
2.1390367555353314e-24
3.406829816472129e-25
1.347480002957887e-23
1.4993930188740502e-21
1.407913123216893e-23
2.476886985529038e-22
4.324103368708706e-24
1.0145484336984849e-24
8.310315303749905e-24
6.1726916973518444e-24
4.3839307972167246e-24
3.7409497103219105e-23
1.6440758614658802e-24
1.8491391661720823e-23
2.4809847532181318e-23
1.1776449497610645e-23
3.084202876387996e-23
1.7009728672189027e-23
1.1051768868778036e-24
3.1027085738304563e-25
6.678578313023167e-25
3.422522242497297e-23
5.6108880835310695e-25
9.3273978589782e-14
7.181149601956565e-16
3.811473707652975e-24
4.59385746187953e-25
2.0120401427286358e-22
2.3530066839845325e-24
1.4884029998702165e-21
7.638713242876806e-24
2.14765921024296e-22
1.0672063179689976e-22
1.2273774944453047e-22
4.989631877415992e-25
2.6179379524577505e-23
1.7541805027362164e-23
1.6245960447342e-23
1.7295135896909698e-24
2.8230052300208644e-21
3.360917589369241e-24
3.825310397378139e-24
8.348736115957265e-23
5.242119902072573e-25
1.8666693770166706e-22
1.1314621964746843e-24
1.4854463490560217e-21
6.93720354233597e-23
5.788876569305881e-24
2.657422511457459e-23
9.712093837323923e-24
2.1790601833426267e-24
5.182788683583601e-23
2.2656379927972295e-24
7.74220875328689e-25
9.594445771618605e-23
5.552108982501367e-25
9.508784677651716e-25
2.349539533627645e-24
2.331813204266549e-23
1.7622425012675156e-23
2.3801349377921336e-22
8.25706165130892e-25
5.264213540785228e-23
3.484595799443607e-23
5.680772972900226e-25
1.094937562376087e-24
2.3266964070117926e-22
1.1424609005772007e-24
1.212396903281849e-21
2.8274547817333937e-22
9.868692180751376e-24
2.1111787235721423e-24
1.1680678975072903e-23
8.556578066059874e-23
7.817799191384937e-22
7.727607131409385e-23
1.0639197667336607e-23
2.0141776138196774e-24
4.224216372058458e-24
3.2536730699830353e-24
1.2493264957819822e-24
4.065838216812181e-21
6.797038325342486e-24
8.105829443568576e-24
1.902074319773467e-24
2.586249235832408e-23
9.685329439405074e-24
8.35735679142526e-21
6.513172817306353e-25
4.6908104186670696e-24
5.533706518281951e-24
1.5769687728562539e-22
5.111451823428119e-22
3.0982628423159884e-24
3.83108771747518e-25
1.1145658363181899e-24
5.927846996917227e-25
8.852015520339968e-25
7.797899352286658e-23
1.3793755033193203e-21
1.0183097583324014e-24
6.838248313669208e-22
8.275680093853392e-25
2.35161774020374e-19
3.361689063261503e-22
3.618204780746015e-24
5.701390208037551e-25
5.14974100289361e-24
3.0799720457023643e-24
5.4483032670662846e-24
1.3497063125527126e-23
3.635615139661241e-23
3.314789361945503e-25
2.8313452016327564e-24
3.5850174426233495e-17
8.972623516165887e-25
2.096249925865475e-24
9.713413648013243e-23
3.8242552975206984e-24
1.6071928232414518e-24
3.311569489180508e-24
2.610376045022421e-24
8.870963018576183e-24
5.404960741621055e-24
6.2090149969078614e-24
8.66396537958955e-24
1.8833159138148223e-24
3.399421159757722e-24
1.2891417667199783e-24
6.106256814760211e-22
7.137755134225168e-20
6.592241570952357e-23
6.3218117490653135e-24
6.4595784206204944e-24
6.5520052530411085e-24
1.5960783689653322e-12
9.542498074223808e-14
5.1877201916731334e-23
2.87829431213664e-24
4.419326078983079e-24
1.05776063199801e-23
1.2050864499844568e-22
1.0489333984867238e-24
4.3955115621412293e-23
1.0657098318752433e-19
2.226888668001066e-21
3.582126043628157e-23
2.060008724797192e-24
3.117771322560462e-21
2.9498851437527097e-24
4.467333309895311e-22
7.552903325556755e-25
9.469283265621864e-23
3.3751900310754413e-20
7.189302169510402e-25
4.838395433074239e-25
2.0636035469613912e-23
4.31235373038618e-23
4.406879495709882e-25
8.189251370109074e-24
3.252422690710211e-23
9.79095603624258e-25
8.325735992060251e-24
1.0710386963070267e-21
1.9495187185971674e-23
2.1715549456924286e-23
6.217973220476246e-13
2.8056618148232305e-22
2.2812620055841336e-24
2.0766540084179463e-24
6.12112848672352e-23
7.602903895097153e-25
9.364837646049566e-24
2.0528748372722488e-22
7.810249559877188e-24
4.574311544125962e-25
7.743734479346597e-24
1.3431437619121307e-22
1.11720329565867e-21
1.0849391023412548e-15
5.503153825984746e-24
3.76659811729411e-24
5.646669718223065e-20
4.8740216644690456e-24
7.074671030095647e-25
2.777044500108097e-23
1.4211080488408067e-24
3.2409835447762656e-23
1.3945936340194304e-23
1.1802487753350775e-22
5.673261852994226e-24
4.606488130759093e-23
1.6460868125350993e-23
2.9726544302718094e-24
5.114885992524172e-23
1.1131351162183888e-23
2.099343042255689e-15
8.025727032136991e-24
4.601739193425224e-9
7.329416584935361e-13
7.537011927021135e-24
1.549486879060418e-24
3.117788931939298e-22
5.865771171035212e-23
2.0686251456621367e-22
9.214742540179727e-24
2.0886571907514178e-24
1.7328509618143348e-23
4.930874419679497e-24
3.042544423228026e-23
3.44594586501056e-24
5.2758394178079464e-21
5.027452826186003e-25
1.302041521821017e-23
1.5544836186572595e-24
3.577103410526201e-25
3.950396251249992e-24
1.1037549457783295e-24
9.854523320132915e-22
5.575735362658691e-25
1.240062369948002e-23
1.9208571914861262e-22
6.609763522219263e-23
4.5862684476018204e-11
2.827330912679913e-20
9.098129523186425e-24
1.667700224972195e-24
2.820994773698914e-21
1.3641265244574613e-24
1.1289871128087887e-24
1.5139363522028707e-24
2.5296783837961408e-22
3.237266478916807e-23
6.479626699105253e-24
6.234468785142273e-25
3.195969664487996e-24
6.215734350554005e-23
1.2065431562967795e-24
4.992365415562441e-24
2.2633389070136756e-24
5.161309176035066e-24
6.647436515974654e-23
7.337085906671838e-24
6.701754264924856e-24
6.169746091686562e-23
7.972724941804763e-25
1.844070976283151e-24
2.2102370237390063e-22
5.5107038878425624e-14
4.40564311419816e-22
1.0134854462710271e-20
2.5780376266762327e-23
6.355774123009789e-24
1.538349963837009e-23
5.485224110537179e-25
3.035421401534115e-22
4.1216507269249167e-16
1.159442868945702e-22
7.199872046912837e-25
6.963818603783505e-24
1.742261287624772e-54
2.242692347925408e-24
3.318964633958719e-22
2.9201207991315e-14
1.6398035311848669e-24
1.4899201240321514e-23
2.5491729514840943e-24
2.7238837940214395e-22
1.0717795169842785e-23
8.909257411321209e-23
4.438671608481045e-22
1.6046578362950006e-23
1.5378485541760928e-24
4.6520649171103244e-23
5.290075422309811e-24
1.89872086137276e-24
2.582599700475839e-24
1.0133801012462971e-23
4.405262215628757e-23
7.159201103263158e-24
4.8278158176511066e-23
2.84147656257383e-22
9.772365916540525e-23
5.688896946866692e-23
5.1451863033239385e-25
3.58917163922107e-23
1.0623065028494224e-54
3.1253362980280028e-22
1.478604571938408e-23
1.066710987758207e-24
1.621114302671235e-22
7.203357906096884e-24
5.0874221230396385e-24
1.5499082370918183e-23
2.7454879929691685e-24
1.6416831846025394e-22
1.3138221296870028e-23
2.6857710583094886e-24
7.570664345627325e-24
1.9873130438438712e-24
1.6483960702935766e-23
3.596550076566835e-24
3.023236775740755e-23
3.3191729188987545e-21
2.147479072977821e-23
6.479617912051611e-25
3.0781044989467014e-24
4.083204298670112e-21
8.892360622157526e-23
5.825511951232395e-24
8.257197413988128e-25
2.415187406147047e-23
6.978115846955473e-24
8.617686921484234e-25
1.026364014293333e-23
2.199112589862415e-23
1.5268816706002847e-24
1.6673705211399372e-24
1.9307344379041947e-19
1.5765875100605772e-23
1.2972748054552518e-24
1.5137373279954864e-21
2.305062050659835e-23
2.2448951957769342e-23
6.543204891179783e-22
5.875345682520312e-24
1.6362206073072669e-21
6.332857326950054e-25
2.0443819325588795e-22
3.5131567806331004e-23
3.1511602365241696e-13
2.7752700364684335e-24
3.867754979615085e-24
1.2228392078722573e-24
1.7089780321896348e-23
4.839043152976893e-23
2.822892815772294e-24
1.1244806476026043e-23
1.4683743530566873e-23
1.1581253138083732e-22
1.7970408995972676e-14
2.42032937445906e-22
4.7793237293030575e-24
5.778292519849589e-24
6.651322616378424e-25
1.1361029134600193e-24
1.4577020621689903e-23
1.4737094798323022e-21
1.772261489514e-24
3.24542774233058e-20
1.874086433664537e-23
5.50784250624039e-24
2.406131775143417e-24
1.127024679692534e-24
1.5342624254473922e-23
3.899128096989437e-24
6.843968290014819e-24
1.286274657542737e-23
8.69270974099183e-25
2.4415682562567373e-56
1.8214011108530122e-24
4.613704383179393e-23
2.3683423124891204e-21
1.0710768045641746e-24
1.7746197750025858e-15
1.9643159683928343e-23
1.1170396395997153e-23
8.047405696151484e-25
2.918526155677771e-22
5.1638201606745017e-23
5.143398903513143e-23
1.1196365084008351e-24
3.0181966551071824e-23
1.7179724543149977e-24
5.365050969845899e-23
1.587968375639682e-24
3.562059139197198e-23
7.091239210896297e-24
9.31898418867035e-24
2.7743873214246154e-24
1.387090988851809e-24
4.7643194045590325e-25
3.4005420321717025e-24
6.498181963975978e-24
1.3230397760313294e-20
6.650943283597235e-24
3.238773247545862e-15
3.7182339155895315e-21
4.3013063560048126e-23
3.8580357053429905e-22
1.0320435371390966e-24
6.941976596417712e-24
6.451387405995458e-25
1.188587443786207e-22
1.4337909141804962e-23
1.8533120307284922e-24
1.4898331124542345e-22
3.1897103556156064e-24
8.631583200909374e-24
2.8604907881783334e-24
2.1811488155291244e-22
7.209991315585101e-22
1.475602144478554e-23
1.7118026916478323e-24
5.840397767351797e-25
5.093869217208756e-22
1.876016302646036e-23
6.020398254399531e-16
6.20425123009758e-24
6.977558521997391e-16
1.481787120028523e-24
1.5158158941110134e-24
3.79986595837794e-22
3.077142366035171e-23
4.860194258181977e-25
4.373471833920953e-16
4.397516852897022e-25
1.122376948739142e-24
6.966366636193638e-14
2.0966590066270187e-22
6.8322038688881e-24
5.307245637517942e-23
9.001193763188376e-24
1.2244214782403008e-23
1.1274394894253537e-21
3.3531679517561745e-25
6.044693142962384e-24
7.15664608969559e-23
7.070674794600235e-24
1.7110568026589838e-24
5.4376318945035764e-24
5.962440671926681e-24
7.066459401556958e-24
6.037201261421862e-24
7.227673702606136e-25
3.151288171291567e-23
2.705949016905793e-23
4.236189291464853e-24
7.657058457620023e-25
4.034945552653831e-25
2.3195447481749784e-23
1.0071815149123265e-24
2.767054251121413e-24
3.807554975988808e-25
3.374046705491728e-24
1.5942389513482054e-23
1.0603448005281733e-24
1.1767965846142298e-24
8.117612184503627e-23
9.776611388104073e-23
2.5924496158776174e-24
1.1302288474811963e-22
1.8149568696772636e-24
2.043114360943416e-23
8.039524075792036e-22
8.368026137915623e-25
2.4430209299287358e-24
2.3972567804038653e-22
5.185133539293113e-23
4.093458207345357e-23
3.013516594038575e-24
5.276074534029737e-24
8.602025476103725e-25
3.83213271784295e-24
1.0111429524280399e-21
3.371573144005554e-23
3.4265221547955207e-25
5.844733427217375e-25
1.4008932661949314e-24
1.0233291368038047e-22
1.0479601825121229e-13
1.3426691001245554e-22
1.5801518143809826e-22
1.3272750676983187e-22
3.5919579018617916e-20
2.745501933112938e-24
8.418369645898087e-25
7.29834088488693e-20
1.9136249483226776e-23
4.080546481711785e-24
1.5527153209972466e-24
1.1076070584591361e-23
2.7128220474360207e-22
1.1969108436534139e-23
1.7910159030870867e-24
1.1641530807386285e-23
4.0100919794462933e-23
8.885357590443136e-23
1.4483875484663945e-23
1.0797081388768053e-22
1.0038711032214898e-21
8.2930283440629e-22
1.4838035896855083e-24
6.376814366428875e-25
9.157208637147404e-22
1.4165001991992025e-24
6.666146350224188e-23
6.25122577262176e-24
3.4519007677427417e-22
9.4262610336585e-25
2.6437572632718518e-14
8.29359983910544e-24
5.99005959049295e-16
5.351903214800849e-24
6.697292988766674e-25
3.9123144039425465e-24
2.580815342253737e-24
5.157605453432246e-24
5.220046937029853e-25
1.1663686113694308e-24
2.6964372339628992e-20
5.531557917748698e-21
1.7252680972441314e-24
1.580427934804123e-24
1.3919958574304006e-24
2.971651932274448e-24
1.729724579751269e-23
8.14936109047236e-24
1.1302873063435912e-24
1.5644263442322662e-23
4.169131226147124e-22
2.2161758379408248e-24
1.5691995407880996e-24
7.773038159463248e-25
5.897671279080728e-23
1.449176263417572e-23
6.273589571596686e-23
1.111492751701228e-24
7.2120024509216455e-25
1.1366099251432779e-22
6.308991657934054e-25
2.568560872395373e-24
4.2868317068504456e-24
5.488371259096384e-23
3.8687606376619857e-25
2.2564298891598905e-24
4.155100395285227e-24
3.3410409517940614e-25
6.226799605477625e-23
4.608126650372755e-24
1.919058716722247e-24
2.1979563983301615e-23
1.0459251209811046e-24
1.2120909462499996e-24
5.887051613224002e-25
5.688120217633215e-22
6.518175879313718e-24
9.764641888894165e-25
1.636567461742039e-14
3.818805910633124e-15
6.555254376621748e-12
2.091398447756541e-24
9.359863139040114e-23
1.9229594549187354e-21
6.262694346351113e-59
1.815793233370892e-23
4.74195109107706e-24
6.038902230159479e-21
6.71483381608566e-24
6.29361770198321e-24
8.107779289767039e-21
2.941360950254479e-25
2.5721840349173256e-24
1.0462224433724627e-24
3.2279181571919587e-23
7.326234972137691e-22
2.0153703744266083e-21
5.087794932728959e-23
2.647129799182443e-23
1.6310593730743617e-23
4.43874243890326e-25
2.582913231565818e-24
1.1827371708475037e-21
9.20110907130676e-21
4.246923177468987e-25
8.467911799470234e-24
4.1096305978623114e-24
1.2424305134808875e-23
1.6081176036317038e-23
6.906773025221118e-24
4.70030544813125e-24
1.4586312314682154e-23
4.951979410499473e-24
5.01934441938183e-24
4.3212387163484795e-25
3.2819531231702e-23
2.885785384925647e-15
1.3843105252291027e-24
1.4032367235759973e-24
2.0452541061949245e-21
4.358433322703755e-24
4.68120198870952e-23
3.3724970982339864e-23
1.7862412997986348e-23
1.3962865095349113e-24
1.8043534799759647e-11
9.251230579812973e-25
7.498775980051409e-25
7.96302121583389e-24
6.808364466076809e-24
3.353984491694564e-23
4.3559802814821324e-23
2.1185676617647327e-22
2.2857452112849777e-21
4.467444038535532e-25
1.0381035154958678e-24
3.451152667581802e-22
1.277299173701776e-22
6.156267748247259e-25
5.059427563541401e-24
1.1260866911494935e-21
9.376242770044891e-24
1.3246608494410444e-17
2.3208887915627796e-24
7.087910435270606e-22
3.289533439218402e-25
2.793694472364413e-23
1.954786091980182e-23
8.00172073976647e-24
3.918184954965871e-24
7.062986426540664e-25
8.706499142610835e-20
3.2517173026905278e-24
2.0880361971714015e-21
1.7110445040519687e-23
1.6155750951727365e-24
2.2276740169954103e-23
4.076819476331277e-23
6.905972953732429e-23
2.8166387590542215e-23
7.902054353790089e-25
8.96250462253396e-23
