1.2078308860942583e-5
1.6876011235449602e-5
2.4654309988656212e-5
1.68227408149952e-5
1.4961118258425182e-5
1.2015564800591957e-5
3.142111261143598e-5
2.8739377151093685e-5
2.2865729645040055e-5
1.173603531053236e-5
1.282854879074408e-5
2.0234905720194407e-5
1.7978421035286374e-5
2.7935405984981882e-5
1.0952840836898807e-5
4.506637742238216e-5
9.821955297273672e-5
8.271066373890707e-5
3.3249541278004805e-5
1.4325149350293257e-5
1.1114617611353775e-5
1.2057934464467942e-5
2.241355886355952e-5
1.8507337744780735e-5
1.4510656618003683e-5
1.2486989736730151e-5
1.7546886982885836e-5
1.8178370537839616e-5
1.2888644726296082e-5
1.972752769862744e-5
2.339410054782188e-5
1.9531190719400044e-5
3.829353955309145e-5
1.798965883576073e-5
1.7173517029189806e-5
3.076223497145662e-5
2.2013407363577113e-5
2.888087990801353e-5
2.5396159163285252e-5
5.4429018543698325e-5
1.3834662116663816e-5
1.4805052604507137e-5
1.7043990905961816e-5
2.559727041622702e-5
1.1659592282350848e-5
2.9455126880305316e-5
1.4737760363123416e-5
2.5556985844023905e-5
1.3217992528478468e-5
0.00019262181575983154
1.4056299819898467e-5
2.2101895491239186e-5
1.6846384617599672e-5
1.2634273449548481e-5
1.342860525289636e-5
4.960163903478757e-5
1.4402194031978387e-5
3.623557165481491e-5
1.7212421884334336e-5
2.2156250568563385e-5
3.198665652793565e-5
6.78118915274501e-5
1.582640581168459e-5
2.633245292261614e-5
2.954100948184495e-5
4.355327536241857e-5
7.389669796340364e-5
1.4081730947251234e-5
2.2253600401799067e-5
2.4012850823626925e-5
1.3820895627813332e-5
2.1823787812223864e-5
5.4701442259982797e-5
2.3437358253236026e-5
1.4948099611209617e-5
1.731011398961534e-5
1.1664912985360916e-5
1.7939465984690476e-5
1.865153493624559e-5
2.498621339664881e-5
7.082548080474153e-5
2.1505107099596744e-5
1.6951872495671134e-5
8.58855357085873e-5
3.4511762854008575e-5
1.3535582712915623e-5
2.1443158557645598e-5
5.846605493447241e-5
2.1186573875508614e-5
1.1382700543699163e-5
1.4909340402936989e-5
1.5436167730768937e-5
6.374467441926324e-5
1.1844081800132457e-5
1.3576355916907053e-5
1.0623932303258057e-5
9.433026414714001e-6
2.8394107381303078e-5
2.0394077269807745e-5
3.551844600693158e-5
1.7537960396058997e-5
1.3825164433605975e-5
2.667281968022699e-5
3.969059795578319e-5
1.6501353120433054e-5
9.256705178132928e-5
1.782556710114738e-5
1.6701591864668517e-5
1.6879264391868342e-5
2.8650757130295625e-5
1.2769123695085607e-5
0.00010531608595648041
3.501050758180801e-5
3.159673763414484e-5
3.826051349860052e-5
5.348965037208094e-5
3.630565316997882e-5
1.9594489086918804e-5
3.2773015500900584e-5
1.5826326296653248e-5
3.583103631387582e-5
4.114262921407344e-5
1.6088115513443387e-5
3.0716699811910896e-5
7.503327524895024e-5
2.0555312620465446e-5
1.7124261358123e-5
2.1540200658564682e-5
1.1809277099663795e-5
1.8546932279655708e-5
1.8732168495951867e-5
3.5062848426921204e-5
1.6556793169074337e-5
3.083426845377816e-5
2.1894850752321686e-5
2.1801429467133223e-5
1.5056456007407622e-5
4.2606360335971956e-5
1.8816918398070735e-5
3.1506240017150374e-5
1.3122053978765865e-5
1.830548727145014e-5
6.073770119164437e-5
3.3054101023042605e-5
1.3854171746619823e-5
2.0044616352654295e-5
0.00013979540894529973
4.655079647120731e-5
3.5373007091233594e-5
0.000136304026627916
3.260854591974046e-5
1.9948473096623708e-5
2.580403360478836e-5
4.9616685245962885e-5
1.803395333287868e-5
2.4573085512267826e-5
2.2177024705589172e-5
1.5093616302621995e-5
1.989878857772118e-5
5.580016623514974e-5
4.1682694045100964e-5
1.2393024288719171e-5
1.2184245771552612e-5
2.3947358970549327e-5
1.4520201257191563e-5
1.3253290626562551e-5
1.2871035794790154e-5
1.6309414630691596e-5
3.596768369402325e-5
4.33952263364812e-5
3.4661263074754485e-5
1.513612752874693e-5
8.126095075654458e-5
4.30114102825767e-5
3.987939105243003e-5
1.5373512919738373e-5
1.6474152270286368e-5
2.4371361521450245e-5
3.328151701960886e-5
1.7289521635369692e-5
4.50795602312678e-5
1.5501714298335916e-5
3.657008139008805e-5
8.290576853403469e-5
2.3179633627107583e-5
1.6417311783463422e-5
3.291708491160912e-5
2.5281163286900484e-5
2.7132150534856916e-5
3.164463296280908e-5
4.298129525422465e-5
2.356175640061868e-5
1.5816360409999156e-5
3.503976209235238e-5
3.4578212776448424e-5
1.0625525004053664e-5
2.0788781801033933e-5
1.3000316786904101e-5
6.646743297204431e-5
9.94052671026917e-6
2.138390942889583e-5
1.3615031696968088e-5
1.4875274176340578e-5
1.6660089109525554e-5
3.781285914014507e-5
5.7579520113254364e-5
0.0001579011026962299
6.940402638563672e-5
1.1834423722244168e-5
3.2246988944746883e-5
2.3914610114997096e-5
1.3139838753925966e-5
1.4480656913917704e-5
1.0875900700487013e-5
1.5891768991316148e-5
1.3732909645422045e-5
2.558785170172505e-5
1.6665796367674645e-5
1.395972546689724e-5
1.2130242511452557e-5
2.0543651217755126e-5
8.3190313683377e-5
7.679890066914859e-5
1.873644249969755e-5
9.89155730195423e-6
2.824816622145197e-5
2.106727629050056e-5
3.13941246191882e-5
2.269532484013843e-5
4.634232201227941e-5
1.978029755120347e-5
1.6927241720704334e-5
2.3904567156931876e-5
2.436167029140651e-5
1.5657565443030373e-5
1.3504843054947074e-5
1.3341314901298922e-5
1.4225263568089107e-5
1.3258416039133895e-5
2.7781389930396522e-5
3.2189840446606894e-5
0.0002421165935158414
0.0017447461577206544
2.2024060654498352e-5
1.377463893485485e-5
1.5290471916501907e-5
1.6341046909481817e-5
8.003417526146845e-5
9.91287166234853e-6
1.2566971990833677e-5
1.7823908849676912e-5
2.507902540065827e-5
2.005727775591111e-5
1.9143853584241276e-5
2.3879204881399626e-5
2.649408632186695e-5
2.640509133713303e-5
3.463334051906713e-5
1.295203952143315e-5
3.322758768344592e-5
1.7168679140876192e-5
4.054071186441337e-5
2.3001178811252652e-5
2.45942513589259e-5
1.2234078355913014e-5
0.00013429194966609363
1.9914705021685637e-5
1.4593449516782103e-5
1.6124624463177528e-5
3.618173315886376e-5
3.186361220307752e-5
0.00017874510150226927
1.4950993583155346e-5
1.3125280956684012e-5
2.8675728023999713e-5
2.9436105830931953e-5
2.06626967251152e-5
3.019223985470387e-5
6.418581996460725e-5
2.9626177826404268e-5
0.00011182926161925804
2.969485825229595e-5
3.302773549057174e-5
2.4984251107502803e-5
2.5071590886721813e-5
3.201182746835995e-5
2.8106282297493522e-5
1.4675318606928105e-5
0.0002949251676402983
2.3857259031015528e-5
1.4177118213432295e-5
2.6733688139075707e-5
3.4077070783573195e-5
3.6002345903994906e-5
1.6504719631825582e-5
4.289495692756021e-5
3.914608449610675e-5
6.571899028354036e-5
1.6543954238410125e-5
1.706430594194958e-5
3.0373313710438535e-5
1.6769965434962228e-5
3.058013039509439e-5
1.5781258170009757e-5
0.00011505290809283444
8.759502651421166e-5
1.022639729507312e-5
1.1565917951171505e-5
3.4329933168235693e-5
0.00026298854201904116
1.156278997137375e-5
1.911330087156795e-5
2.9270473101414794e-5
2.5900201197608168e-5
2.100403127963666e-5
2.22636257306613e-5
1.423079162159352e-5
1.3815880330688952e-5
2.9672575061621138e-5
1.6892219648915372e-5
3.06629593162666e-5
2.3513940242361064e-5
3.3112010452307975e-5
2.6648194410738992e-5
9.52480828414732e-6
1.4079821520562081e-5
1.8031719067185905e-5
1.5669100279313497e-5
4.574493610560925e-5
1.4433407602601747e-5
3.762342526882663e-5
3.0125648398049672e-5
2.9763018439769093e-5
1.735109295340839e-5
1.3805627322114798e-5
4.8072196584933116e-5
9.77797101309706e-6
2.6756357647579266e-5
6.301462023621158e-5
1.286596995147445e-5
2.595986987703627e-5
1.696738176521918e-5
2.8437845417414984e-5
1.5021843886439419e-5
2.3923756212540308e-5
3.8275109597378883e-5
1.355764327867089e-5
2.2273923970731602e-5
3.6178248725358545e-5
2.607507206599904e-5
2.0961768444633126e-5
2.903031397689217e-5
2.0691063432452225e-5
3.548359305679148e-5
2.604084843187533e-5
1.8364170423875694e-5
1.5072066720424044e-5
8.465755378542402e-6
0.00019668936436417382
1.243272752076713e-5
9.754418229430869e-5
1.7294581024251854e-5
1.6906146940182648e-5
1.0221910764125705e-5
4.2223334208710706e-5
9.04917501384547e-5
2.87343101520998e-5
3.240491350050419e-5
1.7726602215321463e-5
0.00016007354287149572
2.077302007561426e-5
1.8043280118881595e-5
1.232728433733166e-5
1.9697041370080597e-5
1.8382033879733554e-5
4.928874528153236e-5
3.517413322731852e-5
1.4073347903727805e-5
5.253917380822447e-5
1.4294352295495032e-5
3.203988843560536e-5
2.6164123742231335e-5
2.8519592887444078e-5
3.1595259388725056e-5
1.6228913503087686e-5
4.656771799378144e-5
3.1887726122495276e-5
7.639892805514227e-5
3.341334316286526e-5
4.7245042708198475e-5
1.4966763904848549e-5
1.9921595470503304e-5
3.847142872168296e-5
2.2583861706424213e-5
1.0913745319236416e-5
2.8464401258753692e-5
4.230265529632838e-5
3.2681583500102e-5
2.0737468693131626e-5
1.1724037783371297e-5
5.985846372079278e-5
3.389364487719252e-5
1.1166143685437017e-5
1.705431296381318e-5
1.782567503223712e-5
2.0457950007957396e-5
3.6579930508519124e-5
1.9119041237472968e-5
2.535649187818989e-5
2.0330680071614105e-5
1.4904498013976307e-5
9.552206140636111e-5
2.5942878195871112e-5
2.6763185990856452e-5
1.2282789783495243e-5
2.188516314110914e-5
1.3811519019536061e-5
2.56469926622769e-5
3.7709907507937654e-5
0.00018316849102290335
3.999808339737721e-5
3.248216220682037e-5
3.4370567661516376e-5
1.4840505389097852e-5
1.3630181194036744e-5
2.900058094327998e-5
1.948411674623877e-5
1.1482104276811235e-5
2.187115627594211e-5
3.4885506457902386e-5
1.355196767304906e-5
1.0540969640013087e-5
4.392539166908528e-5
1.3589193156015381e-5
2.80725351479188e-5
1.7791098251155306e-5
5.4103345830312616e-5
9.476388899032691e-5
2.2740517235015566e-5
2.7490671715327037e-5
2.705299406203227e-5
0.00010435193919474703
1.9883705895412157e-5
2.426341565260685e-5
1.2017594280830186e-5
2.307180468122982e-5
1.735450880778031e-5
2.500768636975248e-5
4.3836587503618696e-5
3.8919507035069656e-5
2.8824157946192045e-5
4.117959015174021e-5
1.3884186037802488e-5
1.9577841807477596e-5
3.059308282805857e-5
1.4915940448896742e-5
2.4688150046095365e-5
0.00011572811255448505
4.538044619055346e-5
2.5215305631334746e-5
3.8039681468465086e-5
9.469421910758318e-5
1.70983979491711e-5
1.1095827364086396e-5
4.965831806908932e-5
1.5067070197521092e-5
4.986329630271711e-5
1.6773458971719416e-5
3.68244929091191e-5
1.0998253504212727e-5
2.348291887800866e-5
1.902613166494726e-5
1.730539507907758e-5
3.220982992133828e-5
5.0928024969995104e-5
5.6123842013358524e-5
6.913350426537553e-5
3.045508510406475e-5
2.3153748608652546e-5
0.0003893900407241499
2.553881642905603e-5
2.654472246198695e-5
1.2647923174816088e-5
5.361790260289837e-5
1.529711025412223e-5
1.6465147801041563e-5
0.0007175888496193975
1.3850153546927598e-5
2.1138979529449363e-5
2.876432820177315e-5
1.6163311995708553e-5
1.0584961514269496e-5
1.6634830095660646e-5
1.0969057970088271e-5
2.1548867823564462e-5
5.320836427787251e-5
1.4522394836601833e-5
5.1301359817390214e-5
0.00016627675846067096
2.758015504868755e-5
4.166146376365444e-5
2.450398845759192e-5
1.2394192509236984e-5
2.0573669108429807e-5
1.0141114368581944e-5
4.5992150263971895e-5
3.192268098882792e-5
0.00015583372941248454
1.150098666522241e-5
2.7455129870934354e-5
2.953938767580573e-5
1.4486313053099172e-5
2.614635530005464e-5
1.8234299624714788e-5
1.4161368390124153e-5
2.9863533749493136e-5
4.935695860140817e-5
2.5580358766004432e-5
1.7072070943487737e-5
2.4124373934177796e-5
0.00017506869749832015
7.874646174806689e-5
1.4203330304017967e-5
0.00025285037075142033
3.444047565941788e-5
5.357857210832615e-5
5.297408524094806e-5
5.510010918777624e-5
0.00012684766428032698
2.905017039361535e-5
2.082924437323728e-5
1.759808230100491e-5
1.1904018110820191e-5
6.358848116384331e-5
4.039372575549245e-5
1.2624283797611359e-5
2.2875387101255917e-5
2.3395924877784434e-5
1.5602532413480142e-5
4.1088951363270874e-5
3.2237192438075434e-5
2.754956963791586e-5
0.0001723883446970119
0.00017725399494915547
3.268360879073947e-5
3.020809862874838e-5
2.999804991643445e-5
1.587845299819931e-5
2.2150171940699112e-5
1.843347119518031e-5
3.7991618418908804e-5
3.0579936726182664e-5
9.355655207268537e-5
1.1571588831310547e-5
0.00010580371553023434
3.166139674150428e-5
1.2858968782792514e-5
2.9712829112779466e-5
2.261877080709159e-5
3.192368555301419e-5
2.4130904883472522e-5
2.2855419042331447e-5
9.694163281692479e-6
1.1416653382323393e-5
7.065442374429774e-5
2.3748861280262927e-5
1.505163207963945e-5
1.667856096154695e-5
1.3407285943375305e-5
4.516592200712475e-5
5.960754840222419e-5
1.5420457850077185e-5
4.066765418075379e-5
1.4077515108053951e-5
6.631417810251595e-5
0.00022939182558877612
1.1727122340794159e-5
1.2250982751791032e-5
2.0083902607306805e-5
2.4199806941721166e-5
4.7601210767546625e-5
2.6378663130527107e-5
2.5738138186037242e-5
3.592120876042762e-5
7.244140671859788e-5
1.4226570899720272e-5
5.1942956967596134e-5
2.1015251841896266e-5
2.8844473495902863e-5
4.515015630031021e-5
5.771712262522356e-5
9.368420542931275e-6
9.875068947657468e-6
0.0005220276999159919
2.9001124914611524e-5
2.1090338733241116e-5
7.403614332891955e-5
2.4298409161671016e-5
1.4552734449137184e-5
1.2725941744614277e-5
9.654702502405213e-5
1.5190089204553958e-5
5.224812464468688e-5
6.694726342487406e-5
1.3899280704679841e-5
0.00012106814674025379
2.3650591931678812e-5
2.14410212024417e-5
1.0002701761660823e-5
0.0001315808995873571
2.865645524846799e-5
9.2995358489705e-5
3.7962997549284814e-5
4.886584724840027e-5
2.618908272469783e-5
1.3480199514013088e-5
1.1664362515472328e-5
2.8204573968512143e-5
2.0702611776742983e-5
3.545859294479291e-5
5.149520971320379e-5
3.812210538023725e-5
2.4975703735299595e-5
4.958371581059772e-5
2.0738329909637146e-5
1.2271750839250017e-5
3.6558576862241126e-5
0.00012603142429855031
2.9867324412793853e-5
4.605549840881242e-5
2.457461902248085e-5
8.924185523961423e-5
1.9089980497173514e-5
1.974281459549361e-5
2.0828701755105243e-5
2.7233340982621802e-5
0.0001257384188104656
1.7754521391232167e-5
7.1501518405382864e-6
3.6093539740971245e-5
4.220561639138496e-5
2.3586818642790273e-5
1.1636338701167287e-5
9.360025128899309e-6
2.2660495111832775e-5
4.209190138656407e-5
6.5261778421161225e-6
2.5531034484186072e-5
3.448824994685241e-5
2.613315791522828e-5
2.0532150740450405e-5
1.038594273816471e-5
1.3779598289226822e-5
3.602396435400243e-5
3.0296429147187942e-5
4.800487278376344e-5
9.104007285224622e-6
2.2760647417850503e-5
8.8205791268597e-5
3.155144718015386e-5
8.074924782436783e-5
5.587609478461467e-5
3.7362606512925867e-5
2.0797754611168953e-5
2.464063530769997e-5
5.8458722963005226e-5
8.385359579762365e-6
4.299977470485868e-5
2.113955592979422e-5
7.023058027763833e-5
5.3550443892016e-5
3.184826489272603e-5
6.779288993288425e-5
3.841160536205415e-5
1.6028758679530837e-5
1.5982849952991446e-5
1.52658420800939e-5
2.525198131200412e-5
5.792892013392653e-5
1.5678652531448873e-5
1.0325336527915223e-5
1.7420252012080904e-5
6.353446182034383e-5
1.4624758694767883e-5
1.7506397046348712e-5
1.4700802064824213e-5
2.7838695957040204e-5
0.0006594755994878109
4.246108865839884e-5
1.7375657647586852e-5
2.5702905470201658e-5
1.840332753521349e-5
4.5669871311771424e-5
2.3326993467658298e-5
1.4097448187308744e-5
2.06102938451881e-5
1.4061584344726405e-5
1.6857849663833443e-5
3.288242607758789e-5
7.823087348793324e-5
8.526770315295133e-5
2.95129496334654e-5
1.510214906080107e-5
3.3166373715873996e-5
2.6410718584097234e-5
4.08970988660956e-5
8.051747067016311e-5
4.909940079294282e-5
5.3543769140920725e-5
7.318946291681434e-5
1.686908650007035e-5
1.9047404021704576e-5
3.953551746294118e-5
5.920190843017067e-5
5.674974370998189e-5
3.4998616901471136e-5
2.284052851311889e-5
2.8859414577248124e-5
2.026428802180006e-5
6.258695611230725e-5
1.8908615997061877e-5
1.7833857082276875e-5
1.3067902133988792e-5
3.550973632323229e-5
1.202963289770114e-5
3.380854500102101e-5
1.5588354414312043e-5
4.4610344211976665e-5
9.715866282555477e-5
4.6247334700148544e-5
7.851000763007995e-5
2.359389659953272e-5
2.403382623287673e-5
1.481894424331743e-5
1.1463379648240032e-5
1.454279153110436e-5
1.6045272829467314e-5
6.632081237425431e-5
1.339022354093722e-5
1.8769051809396938e-5
2.0288311435136157e-5
2.2340623762415376e-5
1.927919329634758e-5
1.2715063887843395e-5
3.669692444281108e-5
1.4993670750593138e-5
9.561472215697269e-5
1.5171282006809688e-5
1.931882835480324e-5
6.943062578479947e-5
2.4345929866503456e-5
1.4283460141301096e-5
2.7763015163686494e-5
0.00011721590082104975
1.0314996504609293e-5
2.077428968452966e-5
2.612303361738614e-5
1.9777864579396734e-5
5.790423038476981e-5
9.637738408395843e-6
1.2139490312260938e-5
1.9225634978219358e-5
0.00011904412211924417
3.4265285138803165e-5
2.0986993562706313e-5
4.455155749252751e-5
1.514396403052393e-5
4.444565971081557e-5
5.6958914210882025e-5
8.916391324380116e-6
0.0002891617799588446
3.812641890941621e-5
2.453781629600924e-5
3.20306741165884e-5
4.996696802593552e-5
2.433878262926254e-5
3.362301780904065e-5
2.9045494964050036e-5
3.016252644444192e-5
2.846242704169589e-5
2.1586379348118828e-5
9.812790905521588e-6
1.612846866109068e-5
2.286086941432001e-5
3.300538917072924e-5
0.00022516465539856685
1.469260607086073e-5
1.3103416031373874e-5
1.4589673587842898e-5
2.7972282314994813e-5
1.963481192990901e-5
1.8399266477261485e-5
1.999858868255128e-5
2.0914681488269255e-5
4.702877711218128e-5
3.815678879132842e-5
1.547063880573879e-5
3.194088807374798e-5
1.4347415213342572e-5
1.7647328277555393e-5
3.0085365702067073e-5
1.2780416393529596e-5
2.230880930970519e-5
6.526005860874947e-5
7.588302054709707e-5
1.612046234362093e-5
4.862880168060567e-5
4.795003951426057e-5
2.6410456033931395e-5
3.2021778763746e-5
1.766230063612103e-5
1.6651644386324472e-5
2.8751036309309295e-5
2.1200822685838334e-5
6.334427382623494e-5
4.57515596502046e-5
0.000141672618646465
1.8787910165985028e-5
1.3639195165526594e-5
2.2460478392859318e-5
1.7246017397105645e-5
1.416078280311632e-5
8.922560678586721e-5
1.7094532517005897e-5
3.531553966459139e-5
5.508659307714508e-5
4.350195189094514e-5
3.839320108963783e-5
7.289311046640747e-5
3.262591653538051e-5
2.892571202374238e-5
1.1097712135096153e-5
7.167006068538143e-5
2.359398759980531e-5
2.7491724544812505e-5
4.812869342850801e-5
1.7363983205695363e-5
6.435886311445805e-5
0.00010461414021792233
1.3675223791470071e-5
2.0598372861466744e-5
2.600835513390542e-5
2.8663694188204326e-5
7.854373405444633e-5
3.077676421481197e-5
1.933168101557803e-5
1.6364618681046828e-5
3.891202257984817e-5
4.298190015764552e-5
1.9231324789406208e-5
2.740583482245662e-5
4.315221902971419e-5
2.858129596519242e-5
2.0529474865438735e-5
4.9977799539008574e-5
1.549189299213334e-5
5.253912752668463e-5
0.00018816190357496886
5.356886674701685e-5
1.4617884281183682e-5
1.625800936594846e-5
1.8637729563739223e-5
3.169694323166617e-5
1.9057735172033887e-5
1.1738652756773139e-5
0.00012526504030227026
1.3936221961584404e-5
2.0478075597146723e-5
5.49608851242342e-5
3.049312969160313e-5
6.626938897548667e-5
0.00013951912066005695
2.9962648260868822e-5
1.642746515224512e-5
3.5090881230370926e-5
1.3522640996090838e-5
1.2070706019639309e-5
5.890998784964101e-5
4.976675024736666e-6
1.3709843233382483e-5
4.7766122715157646e-5
2.0272906571608905e-5
3.6269241276285424e-5
5.679375829467024e-5
0.00038764214229947125
2.6787623267101605e-5
3.319378259526175e-5
5.248403747072609e-5
3.2872442149591306e-5
7.220118004986202e-5
6.433277245590674e-5
9.613512880082225e-5
1.261663569349683e-5
2.52639471503222e-5
1.8090806711591467e-5
1.4626188209071116e-5
4.286535554831944e-5
1.3133171463580841e-5
1.1451236700692506e-5
2.76984527273588e-5
1.970779881561104e-5
1.66107403224917e-5
1.7152588799773987e-5
2.0363801840779295e-5
2.7438888981492438e-5
3.189242670034674e-5
2.217197254971452e-5
1.2806161925046717e-5
6.0906136622579606e-5
1.746578106850771e-5
1.821385415899584e-5
2.686347984137986e-5
2.921706970376963e-5
2.0159182804783333e-5
1.8421388498750682e-5
4.354451819465591e-5
3.462107767126316e-5
5.713188116394115e-5
1.6472180725601e-5
2.3479667912405457e-5
6.956152280777634e-5
2.466347584585982e-5
1.6746754941186153e-5
2.864711292895505e-5
4.126541011314379e-5
3.4631322962781546e-5
1.914680023791939e-5
0.00010421303824093181
0.00010915573957671203
6.585897546181011e-5
1.3187901233049884e-5
1.5934347757840015e-5
3.440529989849177e-5
1.0709678432918006e-5
4.404546473202835e-5
1.0053721905437835e-5
2.2394526055494853e-5
1.631634722942157e-5
1.8089104004296812e-5
0.00015319036992418898
0.00012323803469223594
3.2847848327977295e-5
3.220989825804053e-5
1.4798198906416226e-5
1.1755645889930863e-5
4.396383617666226e-5
5.3069943444182535e-5
1.8500400558200123e-5
0.00033619132038572566
3.847915450012879e-5
1.4884142040755785e-5
3.242996454869593e-5
3.681870631960456e-5
6.562984533572955e-5
3.9360215461691026e-5
0.00025223555273310095
2.5596674838861357e-5
3.011481877694769e-5
1.393187369482607e-5
1.6377331581733285e-5
0.00012295988450154111
1.1830674415168068e-5
2.002110758888833e-5
1.6073890643475234e-5
9.314466129450071e-5
7.000945946623802e-5
2.805367795461165e-5
0.00014339065786802546
1.1950433194980998e-5
3.044013509496067e-5
2.431385348971788e-5
2.622235455297132e-5
9.725405514699275e-5
1.4532541149157956e-5
0.00031256220331885877
2.424007361915244e-5
1.4816100089827827e-5
2.720886188425422e-5
1.9489110880442122e-5
2.8241723471706645e-5
1.9997774252337792e-5
2.5770438490562727e-5
2.4001581750805785e-5
3.3586834709470495e-5
3.448080645401397e-5
3.633813344673738e-5
4.177868693520737e-5
0.0002398198735594849
0.00012989256533908527
1.626220844214215e-5
4.662681246077887e-5
2.8528680009586294e-5
3.212597928451004e-5
1.3830782354889726e-5
1.6805680359830403e-5
2.5102705581307822e-5
3.597266216666839e-5
8.464352229936245e-5
5.222619987669737e-5
1.439038312962281e-5
