0.04141497143897939
0.03122483297907217
0.06426975923373911
0.05122346027329629
0.009952196886371648
0.07421561793122479
0.10037317312191665
0.017908466426696273
0.037391144841799395
0.03544528097051899
0.05491133995922374
0.021386353744614527
0.029051232940987073
0.01917377293946642
0.02492814941129499
0.005560467256818635
0.06213666807030598
0.005825253939467051
0.024662921380917132
0.011509790716646958
0.017836406977189613
0.04911614106012246
0.08259923687236781
0.01869986682668104
0.04875807388553211
0.01785102776084773
1.5737182827007494
0.0034499426664196895
0.012055550860216379
0.002076462949747091
0.003934163511345093
0.1990164559188172
0.015386259272546452
0.014854667334155282
0.004261659476832099
0.10208347456467452
0.026981089880302008
0.1916424442729399
0.01748922468690188
0.11540064327926165
0.015302650859794455
0.007467569181860862
0.00606503078962086
0.023854526597953778
0.011747073205384439
0.020406317425909936
0.01173190807433595
0.02468477283126559
0.016272770608861422
0.02021130641629662
0.04902203883715739
0.09259052036801929
0.05121940167667534
0.04083277235788133
0.009802198946256254
0.029994123293197398
0.005607953387951086
0.016844082660194097
0.003852775028490556
0.029508369690937605
0.03715542114873662
0.009704552156525713
0.06372803016078817
0.04148438560772918
0.024308563537382165
0.011431721915668408
0.0027041999203765966
0.03202026216763917
0.010974307127371772
0.011854640968979962
0.07476351240356535
0.04384792778150415
0.06644824573946063
0.057410770198295956
0.1042285979237241
0.5459399189941405
0.017916766813074216
0.20375129659858188
0.04981535739257333
0.06888980826815795
0.018281799286700977
0.015048435717364266
0.01974945500776011
0.04502821410475606
0.09039497393571909
0.07685306615848564
0.0209907780687903
0.008172011753244852
0.00952779267912668
0.01851519995649423
0.04235581227837499
0.024351279860778494
0.030691506201534925
0.0061161676250632195
0.46059686865028704
0.06284570620298878
0.016049469400181367
0.04817323105376912
0.054810491546172097
0.02107586058470388
0.036868663041796784
0.035535706744340256
0.004738541471575111
0.11775416473899507
0.0432791956404113
0.017953670191942713
0.024560919647025364
0.02093520014215898
0.03944769303808884
0.05432608368012622
0.028120620103866074
0.07511747704174766
0.05284777242967636
0.028796055764692567
0.037959238884421896
0.038817135273522464
0.017205998856659264
0.003569652531844481
0.021084577127365823
0.01262320036577338
0.006030612283981615
0.04319389929595405
0.009331819620150231
0.04367860654448685
0.08533613285207235
0.04314474389386797
0.13475474297360415
0.06128966125886164
0.003823449708996699
0.03733219415786784
0.0267191019854817
0.05764552932235816
0.15325687855027018
0.021049240017806236
0.18184218436616245
0.04166774416068454
0.017365729833764935
0.05355250877124246
0.05153245029317847
0.00511356898933735
0.006676777777927489
0.06738767745545148
0.01914344842793576
0.027994190025775332
0.0015569468915819214
0.026558153941577366
0.02130623885349929
0.003175600735049718
0.027491642814031127
0.7647908407375773
0.004498858370587377
0.019167414590865295
0.07586776951564002
0.024747608771383166
0.1947232275283901
0.017146604116675256
0.005490655375375336
0.019577697398582797
0.10481449973962952
0.02126631088271211
0.08834624456111258
0.14049455993488053
0.0041366944732517934
0.07491783055312723
0.02806823428965228
0.04890728773732316
0.007471425850286272
0.33254281255456153
0.006038490855385024
0.013678371648458922
0.03601420851527345
0.0032463378247964856
0.029679103416013822
0.3095735781930252
0.00501805964057438
0.01932308913615737
0.06363598035923385
0.02083812088557694
0.09321500550059078
0.02563774137276937
0.020319160899126765
0.008213867877792103
0.05416037020249316
0.0530000973674
0.004170252971951064
0.02263670384717821
0.004077505718274762
0.004698553639347816
0.01229178007539398
0.3283721937754904
0.06934494088929463
0.06503992168372195
0.004971749677579722
0.07896475094406136
0.054657852822495474
0.07189277972485994
0.024937618026566414
0.027582690393173053
0.04358286830231691
0.07806629691251032
0.05307972082070411
0.06507887423823586
0.012949570433935902
0.01947570277859647
0.003950929964519685
0.1395808534586866
0.08419547984212081
0.09846943731636373
0.04610020237137181
0.0154241921048192
0.0032187627280952304
0.005803250662181325
0.02151860918020247
0.03592567857140246
0.12688915729130312
0.013095673845330648
0.010798001098371661
0.0055882481676359655
0.004905322091600438
0.025627539413065014
0.0072896125088258495
0.02324530163097936
0.05423528230150943
0.016469522169522247
0.03745653020291435
0.012305672909808609
0.035671351726239274
0.04811929027575611
0.015165336379098567
0.02788785834122178
0.009942395587158478
0.03528898867571224
0.013549961810740706
0.03733322509893918
0.029769664970361296
0.00896077582811082
0.11278685674745866
0.017924847563909243
0.01971762313219232
0.007884198998522062
0.028206485306033386
0.10412769130249189
0.004738813602685728
0.11064794831402855
0.025978927489646152
0.0348594947299692
0.018171737868276583
0.009040427509751073
0.03500164085031708
0.1709685883221788
0.0059558927734630835
0.03221430523007217
0.05919312498499374
0.010886783031033076
0.004716695911226636
0.07395690656093938
0.03727133075074088
0.03026831770997446
0.0035311510657418553
0.0054230335013147725
0.00751751424481976
0.00405278955085068
0.00831203234131892
0.003169180103908754
0.01805297010312997
0.05635356715815071
0.02843853789331792
0.23307885841771514
0.011396739960491349
0.6201884694316816
0.024300274144248086
0.027792246354239665
0.019459912865877893
0.002949094505348769
0.011547973730404823
0.10536256616339405
0.002469764368193286
0.015476041821868068
0.01393428010284954
0.030719215114695386
0.09440160661223478
0.045039604633417864
0.020966373405114043
0.07617628878249505
0.09239053033390487
0.08691637860999823
0.13957093627616726
0.058149057617149676
0.05694839503228247
0.008844271849374872
0.08439458421387794
0.019286215381477154
0.06363301918372154
0.026116707776213645
0.017388987888592392
0.06683923106127576
0.01670089984241526
0.012367894594416666
0.008338205258571929
0.03584038339873576
0.009861215271523357
0.00301193494731029
0.006049519410585527
0.09771639714118617
0.044364878122358134
0.13250189053203307
0.08221661350554456
0.1560355094611199
0.0033764548780807107
0.0235798493532159
0.024934806791668904
0.018404870112997938
0.03461585407529703
0.03504684027153564
0.015238893889866234
0.03728915014446925
0.019066556991284206
0.14505018357172436
0.16042966125008495
0.02534166573971487
0.16444534000543778
0.06231002206612511
0.06835230108199893
0.08230781140405473
0.023779957283193973
0.006270759045887531
0.016366810821731557
0.10659867977249739
0.05397244308894368
0.044065931972947385
0.015687175173445984
0.011237387016871036
0.04146553768064785
0.061195944945975064
0.017103792588159982
0.011690750950282781
0.008093705211055948
0.0009750335856830414
0.2505111252311885
0.02215443518101228
0.013583870609246594
0.006565457810804462
0.011714140529412236
0.1323200393228385
0.0930744013898269
0.004164592179417855
0.004870861326901197
0.010123952614768202
0.0038628986583598844
0.07895048584542429
0.029580483458116525
0.00808814119972193
0.03498106223307943
0.08934958658045576
0.0018995451903887457
0.0028762844827697662
0.005940266056689349
0.012012525476639498
0.025751731976583488
0.08335384790409457
0.007963625312367884
0.12589734596854726
0.15282000735762746
0.006041883212353892
0.013179285301649855
0.002867384137216975
0.3423992108116081
0.006860522537265059
0.003567607060255194
0.08618525011520162
0.10523352778734642
0.006438299712501692
0.017644464800394857
0.06337519722596827
0.013048589337217231
0.06729122480761612
0.035536621665795964
0.0404022527293358
0.1590284968098851
0.011577598439784318
0.002867452917237322
0.01853704821223391
0.005770771610605721
0.016590432577558285
0.06412048717903863
0.010928945881375681
0.01673769161198515
0.00264971292764113
0.02545806517703952
0.06333321893883619
0.015942536046511434
0.014356485144352156
0.00903238403255417
0.03086637520039119
0.35087920019198954
0.011718110245270294
0.03359948483435094
0.006934090261116195
0.004244124076433597
0.020666191089948268
0.06921164968021197
0.00577945533913837
0.016678712533032353
0.004114471093688
0.025024562609659705
0.008663916577917484
0.02360409947720119
0.015306658478291846
0.009319425329773524
0.022545679473361075
0.014255257532019281
0.0035230685015176337
0.2047000825258659
0.13580243346810852
0.05053868269296301
0.4512396770128335
0.012271196943273518
0.018513328272113556
0.0042399804680433514
0.006516518086700075
0.09694429804391604
0.014239811421805776
0.016357478729153795
0.013395627668167893
0.0037343360151943956
0.12960105285015477
0.06913609402812496
0.04998785517900047
0.6241537631320461
0.04495492861969499
0.04736414076491236
0.07122604134240688
0.05034918680912645
0.06355867094407902
0.04472690581532608
0.02276796685587615
0.030555828141003327
0.018408438231322714
0.5261796392863805
0.05024997663554882
0.056448133063356026
0.01139700527436626
0.009750875872409486
0.018916657414239934
0.03131361859730965
0.0047369792898227505
0.012816760879305176
0.008050668652846479
0.0039191461573030665
0.005737178898538253
0.05428839966032957
0.007613427184888591
0.006654189889895929
0.00945102992205928
0.007039149061608247
0.35579080533502716
0.0048283292193008875
0.006761633212200939
0.03666230487202354
0.03472747212564248
0.003922042389287866
0.05137528595774798
0.032713458081616464
0.06848130748434193
0.004127251261566273
0.07887714493503024
0.006225429188171258
0.01549957999407199
0.0031358408725602285
0.012272573264449051
0.027224118128539674
0.11729209849214511
0.07668661354510435
0.002182245123624689
0.016014919462640453
0.031514663403124844
0.004599184361491834
0.01075399055914707
0.017244598834273105
0.059192730609398836
0.01434788207788948
0.11713685481269605
0.011585621314480913
0.011858492145070716
0.01805315178209678
0.2422350249615276
0.04062878699112651
0.037637064522147365
0.05375925045902995
0.16422640559911744
0.007418698033041953
0.007461059336272094
0.0139082236420695
0.015090974591049978
0.033036363608545956
0.010806453009795587
0.017128200969560695
0.008797848889664728
0.03262251549524085
0.07948518766023215
0.006915419204645762
0.0056494813991275344
0.02433972151493875
0.009140544898717719
0.059839216088791204
0.004605327275567757
0.330152623246966
0.08337535909130378
0.22583588134200147
0.11025554193149545
0.003295634637377411
0.0056329180454863575
0.3260125504340938
0.08079979476145276
0.1468608271783408
0.28555585456315524
0.18999012089611417
0.00196754981590448
0.03881394629303285
0.010586124203711389
0.004919214170885171
0.07754282954266457
0.006876482049932391
0.0040843426355060665
0.08740671639558092
0.005759954985643875
0.051412126244696627
0.029828684478173773
0.010370019661527554
0.0345004371214377
0.024952100900012635
0.016479792289401426
0.13577624276516292
0.02561766953702138
0.013869845592870904
0.004053807729677686
0.016244673716716968
0.04799122519993986
0.009765833202291617
0.024067841673020608
0.0224669982761584
0.027670105818768623
0.002626231850639676
0.13261869303061952
0.0014876785186442938
0.006310626802651518
0.018139567466812095
0.07327410267106232
0.02581514777767622
0.023468519150293955
0.027397498666981785
0.2768342733362594
0.005690819195965723
0.010120688525343605
0.3668676206231543
0.010631839343632833
0.06323849811991694
0.0380890555431364
0.001745900483395088
0.048151570850815256
0.027608814296477734
0.1498861022900411
0.006947709214698699
0.005417064627007292
0.008621615152484777
0.021696047108437953
0.07684116824701868
0.011787065739591566
0.03323517920807441
0.005110504110842462
0.031221744410344997
0.10396786957274601
0.017374980919690176
0.003650098760813346
0.009009185105850985
0.0033235819981304146
0.10390453095757592
0.037897669069386415
0.08416596140949768
0.032314792469750955
0.04205829656048392
0.027729536132167037
0.017716279968847632
0.02970600331828633
0.001862219916670662
0.002194103880489008
0.07133795073924164
0.011193856910495811
0.061684833158046536
0.002532078616236068
0.06868845250473775
0.10996439069772886
0.027758181328772755
0.01405952723147864
0.019429459623383247
0.01657187632620974
0.03472021685799259
0.01981829734298535
0.004106108479178824
0.014674560844594774
0.3243975486493054
0.015702340118803778
0.14397806570620839
0.008880375713143025
0.009694833581960091
0.00348022612079947
0.012009073589067073
0.13974724007521114
0.047200898357846174
0.08472846939234212
0.09138937494270942
0.011537843576127523
0.0103875579307935
0.019119733089307204
0.02904354912449027
0.013234994721888747
0.004236252860333932
0.04238437527122706
0.02044152358337758
0.00634995289341917
0.050041119625617185
0.1034365642870931
0.024465581921581606
0.08492759354138556
0.11123202049262268
0.012187368029932198
0.06440278150895545
0.05143511227232767
0.0020389895262242913
0.01397616374684078
0.01011482932983093
0.004793660265330804
0.0846435193531174
0.03337783021406967
0.01348597527681154
0.23830235325878318
0.015460659742473619
0.02614945023824029
0.002326194054790324
0.03411427670990914
0.00879720658692078
0.03666874170231093
0.037333281774491446
0.016464412289205574
0.012486909708188552
0.03254052740860233
0.0024590312978546706
0.022733851257160945
0.07754387928811161
0.03400084145832897
0.015992880522014877
0.0022058319427301124
0.009688845759415605
0.05932899641469706
0.028516076803491813
0.05971956682790008
0.008985603972191454
0.3931681846508402
0.046001175509774124
0.003640906473926742
0.0035608863000719886
0.20233861000615158
0.07092703499630053
0.01506655348682525
0.03169304515272579
0.026242065341834923
0.005761795491396996
0.02747024643861172
0.06240252249009659
0.014214030493843862
0.0541463314310242
0.06438005435264584
0.06731193751579755
0.0034768052537635097
0.008054715365179868
0.04918757795763531
0.03550981212616552
0.05683723386552986
0.09515972252651135
0.0041255239202723105
0.017922712775136324
0.021409650150414634
0.3045394485704191
0.00833525973884155
0.06092733592462731
0.0019303532192052055
0.011923263557507016
0.013649207593882995
0.0053431013409263525
0.1329730382813574
0.0063138896434368355
0.01729615512572245
0.016494419278461583
0.009716264341183294
0.017565685223499456
0.02071894394358592
0.20874815511281555
0.09063406291662536
0.2535693275498915
0.6249913213237089
0.03728649497644451
0.0034899340821130855
0.0034685705473796453
0.009633125223424214
0.030934575208143366
0.01100243140569864
0.1250011201735169
0.03573748122231398
0.0022983763062414298
0.028796557433646574
0.10309773068248014
0.007231387522966302
0.003250623476847745
0.014890952760406657
0.06293497095403405
0.022236988732019583
0.006278654750162896
0.0022132434372392263
0.12684412795437258
0.006379323566428429
0.06922875770884343
0.020735888715273224
0.01026383183298515
0.028207347984518284
0.0043072021507211825
0.004190022264705882
0.024137597864239045
0.02045249990170661
0.003878540762819398
0.02111397044244709
0.07708683973763085
0.011975361794729857
0.006011461015151921
0.10333915849387958
0.0023903311121346396
0.05109356854062105
0.009188491641008639
0.016540357231375424
0.0062724844012271375
0.010475274813224038
0.04903225135633257
0.014471990750553233
0.015056253847195451
0.0032526716888520075
0.010613897352255422
0.015081919281927937
0.0031303377871184403
0.0094350822992151
0.05489870704981121
0.056483435953667956
0.0016942591662919182
0.009015944342607341
0.031836709963097995
0.05222761180059761
0.004345763563961437
0.011133471478875744
0.2500282658170288
0.16077258110886952
0.011639719801930494
0.11711009392598244
0.021398612492932734
0.003973972551247543
0.14195557775635873
0.010097006277807137
0.006749313296401104
0.018473972043886802
0.028872997738790977
0.057698046461902436
0.00490053092749418
0.019597743784312793
0.01857918098646919
0.01487074598986798
0.02922683289895374
0.011533354958419437
0.016405631528778445
0.003506751230308987
0.018395199247997818
0.028810590431828723
0.009922515009877227
0.022992599492693288
0.010882695922892389
0.005146731579242846
0.004762834115597384
0.04522525012731359
0.014415479437898176
0.005760493619645103
0.02609068540735447
0.061338160587338014
0.00709334149455112
0.10460342818570235
0.04013926508707244
0.021734481497741466
0.003324581635853517
0.0033340457531983695
0.007042841267645273
0.008809478003255012
0.028724873658406626
0.011763834441471797
0.004743408678165894
0.0065355157594188945
0.005678705541590652
0.0021651166035082155
0.13863160148148762
0.0055327947934428285
0.005734161699318073
0.11254714722769678
0.03426641391276923
0.008753570308650255
0.0450465432387873
0.0015918977183044386
0.02665161435910849
0.004898644987206611
0.0033942159111656554
0.12450847685742619
0.052004514968654436
0.01575195783616149
0.11962850407489477
0.4291069106027316
0.0122463091202439
0.008366905112574196
0.10244953268741534
0.02254012163563195
0.10581020381620294
0.002374015127371473
0.05552440370058279
0.004790627300220585
0.03234999909280675
0.02208518218582905
0.3961740944939327
0.01666687619951762
0.061492479217901824
0.00839750785280316
0.0782249346132022
0.005606580028155532
0.02340024139924597
0.005954052263230376
0.01784586369865253
0.059566535606281217
0.018952869970901457
0.06262060723735752
0.047260383311279935
0.22924409444558325
0.019896741714580397
0.04397313244136964
0.23194881100923884
0.018733536770713686
0.005055751751180583
0.32911673665239394
0.07760624359291424
0.028429474782169468
0.13955096297190953
0.015782591698285987
0.012510196728484187
0.06131010960681242
0.006186103555497298
0.025171762263628324
0.0047298343789171984
0.027968984626312098
0.013446664421999216
0.38357896460187285
0.008759734019647799
0.029475959356370245
0.002809691317956876
0.07288940124726498
0.003907061768659229
0.11618996435448702
0.1192945475714013
0.4981345597146898
0.016524053857717522
0.028541061422785778
0.42399519671259533
0.006169242704016036
0.0021579031500928085
0.045347460557560594
0.0021833216466214445
0.012967694928125113
0.016777906654835
0.2276067466293081
0.13203378595757584
0.007765826671250675
0.020596137624824967
0.17276703389255552
0.004271357798130791
0.024218099826674756
0.0025237881594502923
0.010478678323922684
0.04463971053348759
0.01294612244956322
0.0027988022062113193
0.010730230972451448
0.0028904473419215674
0.004968244150470758
0.010886877769766812
0.015013419355113885
0.006236372858999412
0.004657638986382335
0.009447401085294732
0.02838028885106146
0.009137196072848205
0.0105264041910601
0.0517472691164581
0.0024194903567021247
0.07829768372573097
0.054412793635782886
0.12114084949705567
0.0220321006894955
0.005159496157221839
0.06913756410178291
0.0705694804135706
0.018855094713208134
0.0015708353293367448
0.053382313787785456
0.04552379685551316
0.0040165870159581405
0.06623834037438987
0.002633102874663666
0.00959352828555145
0.023694714844711768
0.04575553415697238
0.02446410937281203
0.005787373562072459
0.028846738699454214
0.017006320631864243
0.002878088394358954
0.056019146807999215
0.04879980811121223
0.02758040977512111
0.014174652082539126
0.019835793538693056
0.15563290790215256
0.051020554907371625
0.004098177531463813
0.03727295327181641
0.03345813459203195
0.06784724954387934
0.008644846477755331
0.13798781461666465
0.033711219597590124
0.08911717392172139
0.018282525425938063
0.0048605961988624075
0.0037032812742723016
0.040470027077321176
0.4548906233898752
0.004148931021760609
0.25765520397472813
0.12372610922395476
0.10308375629319437
0.006731816989172335
0.06861442097192388
0.17066764396060585
0.0014522861212622603
0.05003678690241635
0.19596248215474393
0.442122094093113
0.007388244701972388
0.0023118960103807274
0.13974957473087285
0.014409810969014803
0.046111303260501786
0.009570899114043763
0.045218813452777486
0.12698684420515927
0.005108821346821971
0.010766186063807063
0.01273745289251421
0.011761109770457624
0.0020510599176320112
0.007949736249612623
0.004423839783037741
0.02736904567545581
0.012980435973538101
0.0032257748117516215
0.03577095213826205
0.006786399747617467
0.1519395090893084
0.05960806731742157
0.261465569012535
0.004634126285881148
0.004969381472878984
0.007583322037601578
0.1384951533794083
0.0529092639245023
0.0008322990646319491
0.004530458118961853
0.035277322981364295
0.014632578466898987
0.013536146181809188
0.002094118631117685
0.08977182368712786
0.04423824168716724
0.47028803907074024
0.1659575898399701
0.012207834997400205
0.03344945124373201
0.033882491822832525
0.03623771323123836
0.019430544700937396
0.023321984093953585
0.15384453456807484
