0.002028512049099853
0.018573909907326477
0.001972567666361754
0.03355397506295643
0.004160206252352726
0.0035823450584718144
0.005122809889612962
0.0067471700302870335
0.018254659625259066
0.005259332873613671
0.011774407320586369
0.00499576544253832
0.009173120307429878
0.005081297015010394
0.0023800203887307464
0.004576243221434914
0.0037864684486241243
0.003407948885297705
0.001655871833188212
0.01690599789650452
0.005453452140832084
0.007198239860730227
0.002374877163564451
0.03928233276250479
0.0059474640439282035
0.003627666033427418
0.00634303635644554
0.02933120901966539
0.0029998668070774772
0.0060022175019622415
0.01062553616982565
0.007442265387372387
0.006983206892811798
0.006563357649604236
0.028378949253498473
0.00537595922783927
0.004500099130609648
0.006363903196681624
0.005017102998643144
0.0024071731259708577
0.006139889541410743
0.004632224880317033
0.0044786700479190165
0.006619153717433182
0.014188255236413054
0.007302933168824695
0.012738548690927172
0.012522117850261248
0.002737341011087941
0.0024879524098562963
0.01047477374283151
0.0025445818177081843
0.002358427090513214
0.0032108007463975256
0.009244327633783182
0.009119030332631346
0.09946725697271824
0.006075980317763431
0.010002887148514255
0.007639284640968015
0.012739105529767659
0.012673280093422418
0.002809568925609192
0.012030191084843662
0.009515057520316289
0.005155086848569069
0.0056203156044723835
0.010772494526462662
0.004383766892301734
0.003987736977162688
0.002097326883396661
0.008911735247639047
0.0031227642770499573
0.01116716313444045
0.005987872220438939
0.00226800467060907
0.005277954910424179
0.0017564507371567975
0.006409737847624746
0.001755275981344435
0.0023355165583884316
0.006241831952487584
0.012982777294691468
0.0163648167235802
0.01933019848641471
0.010803276857833615
0.0020169807637686
0.006648280577555349
0.002667522027341368
0.008240999654924391
0.004589076045283104
0.008161248565770768
0.002564584924079192
0.006501346564425643
0.014554162583582206
0.007692356360817017
0.0048465607311125635
0.01844394004078617
0.006095867351037189
0.003516058354132266
0.014432836693088263
0.0169707395227419
0.0029660516457956964
0.017417011570044
0.008573437409749037
0.00520021031730326
0.009435680041176118
0.0016213462480441946
0.004436592839090428
0.003954255856883205
0.007590821506467168
0.016668204422544273
0.0018181052447578674
0.0058019444914614
0.003909412036279413
0.01801898957830715
0.004750428347181085
0.0021322349517529145
0.007007301848210149
0.002582018779668583
0.0058527456968204715
0.016628785065415375
0.008003241658359504
0.0023893612434450376
0.005379442324185149
0.00446290068381479
0.004021672179403225
0.0023397749013218515
0.004274312407154723
0.005904037982051787
0.04100567548425791
0.005556220161709626
0.011955427608460797
0.0037977282788719023
0.003659067436566651
0.0012768596461658593
0.005695925675981888
0.006255564022718203
0.002724679017763644
0.0020384177594728148
0.008384162511900651
0.0021461936118835805
0.0025224367556416155
0.008527591010817641
0.01851306373051266
0.00796849696331949
0.006882647949602856
0.017396079030513944
0.003384218688389764
0.010040292171254003
0.019517299262917513
0.0028031445758342818
0.007326312481018201
0.016582255423846132
0.007030545676366249
0.004808836450786189
0.003108384575628901
0.0033406612190710395
0.008038801143306127
0.008825915314670918
0.01889637952628411
0.0023072265210470596
0.0040353971847502
0.007736283310114982
0.003917161364701276
0.0028286611019611367
0.007436529226372127
0.01922039044055066
0.002481776899874056
0.003916158362856986
0.0012861463869982149
0.13547604217352768
0.006490847907631295
0.003338579759804251
0.01758398070468301
0.0033035756563455127
0.01658163393050189
0.006966162824017785
0.0041205528723169856
0.011633780696953061
0.003885894934395631
0.017778760249185385
0.021363136681459408
0.001607255371787428
0.002795450962026414
0.002500722864767479
0.0067601357753479365
0.016980725210409015
0.002046140864046051
0.0019152819634672771
0.011447208559759824
0.003372020472690045
0.006120354175543627
0.011027283401656509
0.0022017053293474998
0.01545711857260944
0.011370371570897871
0.012330318759547002
0.0040819082943369875
0.0257830439563786
0.001912738088624442
0.006833558366812484
0.004171684109689174
0.016100909380682676
0.0261664979234241
0.0013501278086943942
0.005854930628987974
0.005231645291044737
0.015557145093705758
0.0028732256475107534
0.002081113771313022
0.005401512410163712
0.008720608229117813
0.003049712036034146
0.004889015830457392
0.001175858683271084
0.009960506802518839
0.009437464353926506
0.004722681439860433
0.006836545071412466
0.019610016511040294
0.014564123943132251
0.01121096687055381
0.06363972231834504
0.0061831603739570425
0.04732392908419107
0.006934600723652114
0.002860395736637945
0.0029986020416307296
0.0065556114603978225
0.004012126573056611
0.0020762045498422268
0.010505685519947874
0.03485087120344477
0.002782343892418176
0.006451003568870851
0.0042401343734858165
0.0014915863921636328
0.009939825418059236
0.01304710622260741
0.0012800647576738753
0.0021208566118711995
0.025690265495774432
0.022531490698238097
0.011358907586335744
0.004349683683140841
0.0031883291096032086
0.0027761534304793305
0.003907136903412951
0.007428519840519953
0.0013038180046392779
0.004330903841043973
0.01365168247120587
0.0017293691531957657
0.003948609053807143
0.0013775142586853802
0.0028620608409070172
0.0033977064172237624
0.002592700108019685
0.011288714408485655
0.004174696516027548
0.0032515468029646936
0.0040900761459892665
0.00551698509655265
0.006474270546402198
0.002121784115710935
0.0024500408205733975
0.004718070860048319
0.005906078004218525
0.0040180780022784045
0.011263054707544743
0.007807983593877748
0.0029900875895795265
0.006271921445310583
0.013087065001159354
0.012764073890347455
0.00521493986751939
0.012372427535913583
0.022308215032026492
0.003350635707875498
0.011480638638719919
0.004845029075628233
0.0053358716475636605
0.002857627697660979
0.004813621110523201
0.010829400063449894
0.002710354185711029
0.008886571580433234
0.006126759301979553
0.00641973826391955
0.004818782002913314
0.003486267749489004
0.003919320447681488
0.003693904486782229
0.0354289989987484
0.002442123634402803
0.003620074984959101
0.0030053614495890563
0.005203631960656198
0.007233111818090228
0.02385663020948819
0.002463503610896651
0.003025303128050526
0.002749580403510075
0.0072969476521807
0.0069141539786562334
0.03726151123665374
0.005684532192871063
0.0024879596680403068
0.014800015009600105
0.0024772010244779956
0.006348182411984277
0.0016017676473202363
0.004476415924723249
0.013235153463507237
0.0023700170355835924
0.0011357835844257752
0.005600722455503016
0.0011537850945637293
0.008228129812914764
0.009569777198099386
0.00587566945083502
0.011501938166002123
0.0025637938029659177
0.021673015971639713
0.03255177674135899
0.002832169722352027
0.0049452242429768286
0.002534868202874441
0.015750716427473332
0.019119040006535644
0.005388918213437906
0.017051604441155898
0.006010431569012244
0.018333496984799427
0.004808469315244326
0.006036159298559601
0.011064824538727378
0.0021742655309628547
0.0017031753288677316
0.00636722287428169
0.0015181232205243242
0.006878830043271454
0.047301583772649626
0.006406642605709492
0.027395965966221084
0.023529023262741172
0.012374112389108759
0.003323889978385125
0.013861693493581987
0.016677042099682675
0.004277286172651484
0.014170119441953446
0.006307490700744611
0.0019825707060932072
0.002187203543207978
0.0039686364835653945
0.0019011211865589599
0.015126244474792022
0.009477232762800025
0.006178302226456169
0.005055372414882417
0.0020415444852897513
0.007712048357670303
0.012074069502066222
0.001205791973488289
0.005277148723345096
0.07937012175302544
0.0051523102824488935
0.0026347311406478657
0.028269760963628345
0.005377784682135245
0.006319166635037176
0.006443049661001026
0.0019918545064302315
0.013036999383885256
0.009714134109005772
0.004214831777538191
0.005459775944900231
0.0022126535630732232
0.01669011894574062
0.008060342561036198
0.003055772778367806
0.061511184365320375
0.0014017258111882341
0.015965226589085054
0.005835762627408948
0.014057231030268099
0.00875112701950368
0.011527857442416247
0.006339396316739972
0.0033290726828874534
0.002584853634982094
0.0169300746309598
0.004503798881844697
0.007310177635683257
0.005925927051350936
0.012489778580874841
0.014565196477688705
0.004137195476990345
0.014139518356523188
0.005787217304637175
0.005194160052499048
0.0030978549049786954
0.011209762869748521
0.0030126741868113744
0.0016612972213731318
0.001880104785250159
0.0053945909987445605
0.002938730504212234
0.002715839815952688
0.010079807217436345
0.02538641085135031
0.006948090005509474
0.010824895921164809
0.0032067497480088502
0.011819499696159422
0.018070454205466102
0.010491532562005652
0.003099160463322234
0.015254706459115199
0.005898887891005979
0.008016472747934919
0.011977399021653394
0.0014751727882935711
0.01276726876730148
0.009124936412358127
0.011983208937622225
0.02165788090673974
0.003077261523566708
0.005354260499053032
0.0051507755726932815
0.010492404063319158
0.0020419127998856884
0.008202811258208138
0.009877874314029438
0.006266482122071666
0.030016973050801678
0.006426230716510715
0.0025868029118787162
0.003782927821476634
0.002356086395648782
0.007019298612994637
0.019381476695266874
0.05430915766253246
0.01674644523356322
0.02010001919406537
0.002058888210243516
0.0017756082356463383
0.0025248350789825753
0.00236722183851561
0.008632595398753677
0.0025935385731152157
0.0158869436395538
0.012471147510132697
0.0039453615063595885
0.008350976129390593
0.007069670208012362
0.0033086372774952123
0.016803634472721894
0.0029387408243346656
0.0025302320790507706
0.012753445843492018
0.0015939748207499174
0.022233040977732807
0.0021464604603328528
0.010382988921567953
0.007841174501263523
0.010657498661811534
0.0030701427086412356
0.005019863485387365
0.01399419872437454
0.015119744485566109
0.005676761361364206
0.037999213038498986
0.004038196063302203
0.01528529342073432
0.003854829577746327
0.0061644719932628335
0.0034042876621154313
0.006228846481169976
0.0018791551426254063
0.004363377283875628
0.004269689831036501
0.03666690389587537
0.006813673584504515
0.03126573695401796
0.0075659388867943544
0.01586346408581063
0.00610274530734804
0.001727059022154277
0.020470269378781394
0.0029660524558668966
0.04890360585825079
0.02025833501582773
0.0034459006669591207
0.001264327881039131
0.0017139024765588794
0.02859196551122964
0.0023861428106415955
0.0018607667476583992
0.0018197864322047925
0.008606214517355422
0.001582142216734088
0.03551557273797346
0.0036754684144826967
0.006274967559996796
0.002075052623111015
0.008370621548034413
0.004188604075186422
0.0035450682275854337
0.007527667225363793
0.00534027307239782
0.009732176891157294
0.0018851446560557822
0.009948826669844524
0.012928414550008175
0.005328119194340007
0.008088124109317179
0.0028423342696214213
0.003987511739677698
0.005115007595524545
0.0028224660896281565
0.0015297527545047721
0.01985725380347166
0.0012779743498350991
0.001977253408140268
0.01767810630733003
0.003560287111075452
0.010718306657203231
0.0050908007417769805
0.013283923780882757
0.005990352982133273
0.018103928969124192
0.005470765525203685
0.056004649977192504
0.002286388365625238
0.009848900414204333
0.0028347815910011493
0.02051500307993224
0.009124438858127163
0.0019409801555182256
0.004403810742902987
0.020984264124702924
0.008316456719326714
0.002107409995432474
0.015294635799708554
0.0040294831830507
0.15642649002326123
0.004560883781774569
0.06223832425665937
0.0017246215418898975
0.007450721302906899
0.003051615070656692
0.006780611711200864
0.004612178820357688
0.005087533049280756
0.006394868376889379
0.002068755174432685
0.005350030479172599
0.003401317444228879
0.004588283892546214
0.00758051913535742
0.00728608795047295
0.011396706222891658
0.008268910184163624
0.0018888074366672644
0.0015274510586731106
0.0029677219055669096
0.006649118539346386
0.007512863872980302
0.00861650267369009
0.005548840245285033
0.0026701774807466627
0.002569503515391765
0.03045734954026182
0.011939009946397445
0.0031381094537636083
0.00831394976863984
0.0026495609334572503
0.005167887448577323
0.0031039351079552554
0.0054491291118936875
0.0061303765229475116
0.0022354832894117636
0.05254000520842851
0.00328992527025027
0.013657089984579424
0.0030527829937091228
0.0020453128686883128
0.005164304773752853
0.0035582942698155475
0.01054936375370604
0.009601787435219111
0.0037104843791074048
0.009314465900327534
0.022290508015916363
0.0038746238450519414
0.007411301488114926
0.008865707648848038
0.006548600120445422
0.011866660525901615
0.008342826117421443
0.0029176131302870467
0.01016192509126415
0.0025788581521724117
0.004111334217062119
0.007392593179526909
0.0083400980169828
0.0036698499279107415
0.010960257081998109
0.009725053126802344
0.0033003883580534858
0.0019978472140223854
0.02283473233042408
0.0068960784647729405
0.006279095787130355
0.021378265759393996
0.044817449506401125
0.011035486463085926
0.0027815911542103727
0.003233342221344768
0.007545539684659961
0.029515109051089297
0.00412031533587329
0.0011445025432677346
0.0024454981751480444
0.003710264534420285
0.0024696935700173218
0.0034688660435569854
0.0010629925563408215
0.007643264619581096
0.03562238498118856
0.009262898761667013
0.005044195784356516
0.00974285564431132
0.0021925813419154095
0.0012305145642017277
0.004084884009828874
0.012573860847531891
0.039718263190612065
0.03261733989116008
0.02200441647770834
0.008766790095271034
0.0067584273878886665
0.008499013326790157
0.003449302201017507
0.023387737384805932
0.0021740949988047534
0.005271741719363395
0.012007766363583122
0.02003941381469208
0.0224853670148235
0.005374226642715408
0.03466348911660228
0.004824802836792658
0.008225081709059797
0.0023468540066176697
0.02093595433770308
0.018172598678226647
0.008894427094427015
0.0049050940219247715
0.0010404161765489195
0.005785790385410425
0.011187254485328455
0.00868572258855471
0.004758720976842655
0.006105147639768919
0.010393787967164756
0.007220912988865462
0.001906928058366938
0.045131658492557084
0.012446468048286566
0.0022061770289542116
0.010903188936914887
0.0039483646249840266
0.003546435030444405
0.0026341254180969943
0.013010175852946906
0.0037206376179191552
0.008461753594485496
0.012598172839641127
0.024670882957742883
0.005667545395845987
0.008480962960445015
0.0021554130229431943
0.0025978838089102257
0.04092708405723894
0.04848881933706098
0.0029292229114861617
0.0011969723619201344
0.003298053931477055
0.012840877193404298
0.018068689219932033
0.0019132594069306205
0.0017434278728261903
0.01386568593991715
0.020054346993780576
0.001798467069571383
0.002009989562885844
0.007284634377674989
0.002463336249154292
0.018020896363478426
0.00553558401913691
0.006384378145512069
0.003026803799255983
0.02580811152815045
0.0036949938355837967
0.0178725224611455
0.009270969252018013
0.004140816901598954
0.014871499590124612
0.013063902848367179
0.0035515394335085323
0.0034071755022486473
0.012391284648631606
0.0077617006887890075
0.012291822466365615
0.009124001096846945
0.011760550698059173
0.001811029516783636
0.005257600247377557
0.009527811607691696
0.00918008343263055
0.0019173878120016634
0.013472579915887276
0.002458086384579453
0.0029992154656963907
0.001386613192366532
0.008900357693770303
0.0015967377946307848
0.00511365160663835
0.012808566381995814
0.01651982396170815
0.011899169077475524
0.033406302181851956
0.00934418247719424
0.007688534151744107
0.009422559482232426
0.002913687091722933
0.020478875107885156
0.0015879409889918042
0.008758233216528232
0.007199166421037686
0.004111752727706662
0.003649168104863399
0.0054328900823501815
0.009566367727905391
0.02085112828717966
0.0023664514066031326
0.002975362181658216
0.00406945250887419
0.0067598631769858475
0.01753769835724803
0.003930181731219108
0.022564693385930548
0.010529788231835336
0.006961020530543669
0.0022495117337687645
0.0092082416948588
0.006013854045061714
0.007672728930848885
0.15085776282124114
0.007877467571001743
0.008991107531892103
0.0024067362259550425
0.0054949287207289215
0.0031008630924353082
0.1427733464225013
0.0010130831125537087
0.02188580738298766
0.023399936180661017
0.010929057459303894
0.011429777310011791
0.015586742197807741
0.011471691036525077
0.0036106322642399592
0.0042799446070747454
0.037466752503094176
0.002844645060677103
0.0028325413395384135
0.008294002556890522
0.003235933387971684
0.001250648975470472
0.00506514422827966
0.0017815925546480404
0.006033011893141648
0.008840192983293863
0.00452332929250855
0.0038710813474834454
0.008538548889662802
0.010640662138835993
0.07770575915725503
0.00868928464433459
0.003506247667834583
0.016932327162521743
0.028380279574626667
0.0031874763521681578
0.002562674788499696
0.04626503205262989
0.007612877092895627
0.008899119206237299
0.0014195942709722548
0.013422440146093832
0.0037190598469618854
0.003049348284709847
0.002462294083428079
0.0033150561788480733
0.011072833134094193
0.0032218243166268357
0.0012885645090989532
0.006310311886270342
0.005114781532478573
0.14794997652790134
0.0040634397736571785
0.0057344809066483746
0.010544331939403517
0.005518154587662853
0.010292960996812315
0.0023915695128992193
0.0075503386076272595
0.00783527648535572
0.01092890116164027
0.003975172646160186
0.008597425588425339
0.010876587593188257
0.011413129504136615
0.01370982352830853
0.0057097455291732786
0.0030696340606322843
0.002328395740620278
0.01751437423094074
0.004221111251766195
0.0014177527601492248
0.001796311425099988
0.009243251802211687
0.007167038134421245
0.0037399374991336247
0.003932924635020072
0.002166102690854565
0.0119244205241903
0.006123723841120752
0.0033576473463587434
0.0020357892080884506
0.004168386872122787
0.020942128607923424
0.018711807622293054
0.026925372181104485
0.006101680912630855
0.018777044111312084
0.002595232706550975
0.005836827215064759
0.006584882958774194
0.0031200236178357266
0.0029992198525490917
0.0071288473724475925
0.008813536335520776
0.0039906421342784494
0.00442876723053468
0.0051675555335904295
0.0027070114326000886
0.005645621975183211
0.009644965870058152
0.0052283816486791606
0.005780990368790858
0.006956858804254304
0.006146336905995617
0.007618098053144968
0.005177642018816377
0.017017510541056192
0.003045147294859417
0.003744504370606325
0.008257897444164298
0.002327959118916846
0.0014354375880231032
0.003404700648587597
0.007537323486771165
0.00976458391164989
0.014112163691920875
0.0030732236255684117
0.004647574992194175
0.010954000689092516
0.009017858420436358
0.005978491714315992
0.005711265430672482
0.09496428855644638
0.0016200561551644372
0.005577705744877978
0.0025440307206552543
0.0025226802524124926
0.003647510535952374
0.00708644193150064
0.0016351641495008513
0.0037199249508602338
0.0017591853005853345
0.02678148015130445
0.005381565347694075
0.0013196728737082627
0.008977819596668058
0.036201206056678946
0.01784466987298694
0.002340380812834441
0.020705723518037445
0.010477198551128159
0.003656583460481607
0.01551810785956295
0.005607063482610222
0.0036757495990589867
0.0029303671694404835
0.00649099528475553
0.007470309651760181
0.005157222208881645
0.006011447017272787
0.005844545682242883
0.003023077168447151
0.006152375262715713
0.008934920402468474
0.000949836971611393
0.00776507946811009
0.006010524320212838
0.001204924389227123
0.008283998985273091
0.021571176609354294
0.003662684434013449
0.05324979694668281
0.010486518446761722
0.00746239442756357
0.01000782832857025
0.0007110353521028194
0.015146631551978713
0.020675123182699484
0.001528300833185518
0.0017882332057133942
0.016480782753828086
0.00856554088028089
0.014514680405699528
0.016010527771236908
0.0010427114266699845
0.0032317890147722747
0.0021561745490615986
0.005335362186787543
0.0025737120808128656
0.0044619829286189445
0.005357677970317243
0.02227538915823416
0.004020466092488917
0.0010893601097618655
0.010525470428469106
0.0063840999524800756
0.004068621543262291
0.00791874977874551
0.0013481697297911385
0.004237758454301158
0.0018865093876990016
0.024640896091615752
0.010947986391960785
0.01789775205112591
0.0034069625020481057
0.004308735707321215
0.0013908616119017569
0.006698103733256354
0.002687478912971425
0.003326842017830276
0.006005371960983589
0.009125294919039894
0.0008779127344191736
0.009573267141935576
0.010200932316165404
0.05662246900789722
0.020342626051371257
0.00568996102246406
0.011437731285913456
0.006812153648448949
0.006413962162549218
0.0028597008243407365
0.00978496186048676
0.0037286440199682425
0.003101510528881955
0.0022689416480410974
0.005835169584422252
0.0063148235252152695
0.0032173242468090434
0.0055523040935110575
0.0033312524374726525
0.002971173263166078
0.004078518040795556
0.009952908477118088
0.0018237120915404732
0.008139167882860437
0.014457331370873098
0.009810189379758477
0.026671446369942432
0.019966662366463606
0.008982615659923223
0.008547422055119887
0.009258037069275428
0.0060990075494736585
0.021950720562695418
0.0036444763047754855
0.009833275862535046
