0.06234010467520393
26.715356739866884
1.0680628515576966
1.78618834437259
0.5353200731243979
1.6357911127743319
0.01070507924559054
0.09548189036924312
1.6387467558796656
8.513697098813577e-20
43.25839128901951
0.04426778598430189
0.26912006497827284
0.5737784964690218
4.831598986619941e-22
0.39902245782826584
4.207640729989765
17.956705794214923
1.2899253498915926
0.07356561654066371
12.339906817844742
1.2045688650793829e-15
0.03866355787705512
2.673221931231704e-25
9.564642828403484e-8
2.81190570889695e-27
4.967901640261182e-24
0.15963818719464698
38.47051905439726
0.003258589051333159
8.872891908853566e-10
0.2102613591439431
1.6314774352593464e-5
5.021371300993325e-8
0.06150012212370739
1.8701095244496488
7.49004371275973e-8
0.005549214831618118
0.008919611425998071
0.026955643720777963
4.207247048587652
2.8777540070396085e-5
25.989780784667822
1.038021887908374
7.425364917476237e-6
0.552905975998144
7.977330954347605e-5
9.548714347736079
0.16051013414229595
1.3674363964652385
4.393188648051381e-25
0.9244410946943559
8.483752033634469
2.6513146830972625
0.022645217780526496
8.597780258107388e-37
0.0927670796000121
0.032025822729719405
1.7377288947899077e-6
3.9559975685224766
0.014657980366174057
0.5701419736346315
1.77415868164245e-8
5.640196592590377e-9
1.537270790782724e-9
0.07929825978428112
31.028173843896795
0.0010923285352524422
0.016728494367005783
1.8148760339707013e-7
5.434337710800903e-6
0.037294419832454496
1.1621556231788204e-8
0.11788348578605455
1.2312662688146989e-5
4.322730089466625e-33
0.10201047640929976
1.3257663275997688e-6
2.2384885198943298e-6
0.048904588486203576
0.14892972500823623
1.6410008789968731e-9
1.5866486631371426e-7
1.4308149587663456e-6
0.4884433005938589
0.5841294525084347
172.33348947098085
4.058390259314667e-6
0.1313076239815358
1.2926458203938505
0.31563699996649247
133.5556087422922
1.1231123115992336e-7
0.459326006954406
0.0013912723139424153
0.05944480157990797
2.3399457630847646e-6
9.740705237783378e-12
5.420076521188605e-5
3.722946621470431
0.0012901289344416295
1.0
1.2350166212414303e-6
0.023825258913293786
64.41386550564974
0.6758618463832301
0.0015927248636012578
1.3122708085202174e-5
5.259832617510421e-6
0.0004773604442479446
0.021099172304775284
5.299748630079669e-25
0.20227176555764498
2.5299743459400386
0.08357298670491659
1.3913009170401187e-16
5.49824638922427
16.705301944374046
3.1981064218043567e-6
1.7751582150072408e-6
1.2173535723456738e-11
0.0011019127021535935
2.8393818358627068e-11
1.1557549449483144e-16
9.641969854860111e-5
53.07074376252997
0.0006006672758464268
4.0195100355524796e-25
9.64008480739715e-11
6.310049089037529e-6
1.549619502969033e-7
1.7769902144882158e-20
5.87518045224476e-5
3.7309263617648307e-10
0.0007080133958702214
3.2567490439703954
0.03560921908291394
1.9060355703611267e-5
0.2794090017059525
2.9062143372290615e-30
0.142080324980559
7.861530409599049e-5
1.1993096479982558e-15
0.23260119850790043
5.004524485333477e-7
5.655651577604482e-7
1.8270281028597901
0.023505927302320515
1.7596242287989973e-5
1.8420843560836508
9.204621068308827e-9
2.32010216351008
9.060681916646066e-6
5.565796739096727e-9
1.782922428264166e-8
7.244040018676251e-11
0.047483497469718895
0.00026792938307979296
0.15471398848600107
0.09751365553255399
1.092325116973076e-8
0.7793268413852323
0.3379129091992833
0.0002490200776814412
13.842245967762539
0.010975244039972076
0.17791735191072694
8.934006677125488
0.00042209934210726347
0.0519101180553419
1.913455460825231e-5
1.2455437153471584e-6
8.783747770536231e-7
2.1903917297641607e-6
0.0011507957257217013
3.93576444049592
0.805724107233905
0.0016143790943933447
7.688164180753412
6.823822156621101e-5
0.0049152167878058735
2.396361148492092e-8
0.015324809347094409
0.00018855392299366072
0.0007472943876871928
0.00011033866623972165
0.001783101187947466
1.0
0.004248613437651825
0.004331715732194354
1.0
3.263839885528437
1.9657640683651186e-6
1.222084671199081
3.087748261655821e-5
7.500286021835771e-11
1.035391164774662
0.15600346709957763
0.02803198730899479
0.13481980107069755
0.013745999742896108
0.05816491912907582
0.409669685926669
0.01626695678032771
0.01083679434711906
3.5414469493196643e-6
3.0899357309196563e-5
1.084526854673008e-8
0.005204764516805257
9.574033378431005e-13
0.04878111353806076
8.129759122045109e-6
0.0606274010909704
4.607127711101819e-11
2.3572401546529267e-5
6.231724414025475e-31
7.742870008714776e-5
1.8860001023835917
0.41767144091158886
0.0034859545985775706
4.633752196111774e-8
0.0003852143468480384
2.139808449609287
0.21237385631498246
1.6256943005362857e-7
1.2241549453723922e-26
0.06978926466022461
0.3477883074921598
7.086158982981942e-6
0.17967047280368764
0.03297045287022349
0.00042015201356189144
2.2929527223254256e-8
2.8417483928078775e-9
7.053649235170888e-6
1.3030415418163494e-7
1.0
9.071820137256569e-10
0.4361906685784002
1.5662449535185955e-6
5.0056652701468294e-26
3.7214190101564823e-6
27.67408674076157
4.906908546573638e-8
1.475503247438121e-5
8.016456759102152e-16
0.007221358227013484
1.0138115891919705e-10
1.3921862707913672e-21
8.562247807291136e-5
0.0030374761141648164
8.06172591938599
3.86008601598084e-7
13.054495354033135
1.0131233466486303e-8
6.285874820153295e-6
6.245390779760122e-5
8.315905258651551e-6
8.049677893751096e-9
2.315457930689447e-8
0.019306734714494015
1.3295836408360562e-9
1.923654772104137e-9
55.17166172554097
0.10985308910631168
0.1950016099572341
0.8005830450764749
5.87068237604531e-20
5.019855000774505e-7
0.05965047527173664
5.263998913944272e-6
0.0015031705185234994
0.0508723613748637
0.016073871639921737
0.00030384075467568023
6.322859212624974e-10
0.0022100418951661147
0.00014624398992928032
86.61804493034192
8.500864971092823e-6
0.00010029304928146275
0.002405248325629541
5.7349968427751744e-5
0.0013178096321686398
0.01907397446508046
9.341732712544915e-12
1.3968758363051694e-10
6.919964722343876e-7
0.29618446049538816
5.447369502743894e-10
0.025976315458608772
1.6046064183357904e-10
1.554470865010404e-8
3.224743569053433
0.31679107400461465
0.06044887568473238
0.0003057949003796833
0.3569817436973661
0.3059756236357287
0.00037445062882061805
0.00036741466602267596
0.001156701478814725
0.0003743854726250189
2.1086302113753333e-23
0.06213629105755046
6.012103889401189e-5
0.8254968212013168
0.04437168193141366
2.5633995338986846e-5
0.0035013440876792735
0.003212131282223468
1.7840798160898834e-6
0.22461304593154405
1.453631381693656e-10
0.003808914879467205
0.01150940033358541
0.2339272922978986
0.031044139351408647
0.0023225576215135336
1.696603236400146e-24
0.0036576035397488946
1.0
0.0006871992913332607
0.7987637426780013
0.01668294315356234
1.3364435700271242e-8
0.00990171218379516
1.464094529603609
2.0370726569950807e-5
1.4753626784280485
2.3340284372806175
0.038663532013848485
0.045359865129591934
3.2033313454060924e-9
4.1027946093213414e-9
0.000453471904090727
0.0016330972794401874
1.7840478116747135e-12
1.0
1.5124576551741587e-5
9.372826666339135
4.251635324408905e-7
15.914483931461444
0.296988037221949
17.63406668958221
2.248317294362575e-8
0.10126546101338282
0.0049714954709636355
0.13971384855352711
0.08233121761789781
0.0006424650960244755
147.99287371509308
1.1684732132198905e-5
0.0011817007605259065
0.053709321316821004
0.0290340803583948
0.7830939002562062
3.7820559735173805e-6
3.402777990288114e-14
0.03927873036918633
0.0004532471964010801
2.2427964821723755e-14
0.002119213811727051
1.0
0.002098707640884367
0.001856378233168035
5.624579317502686e-8
0.049627375468854755
2.150377238253667e-5
0.005684273425474276
4.703407893450484e-14
3.9096727722439355e-8
3.266811153278694e-13
0.00020127718105200485
1.1850015207294575e-6
0.0006160900777638941
6.014173870111716e-11
9.151347330094002e-15
1.666961043746429e-7
3.102554125729931e-8
2.99325434766165e-8
0.4518735984645544
1.1238880916592388e-10
9.720932475798299e-14
0.0006841345710966675
0.0427424289243097
0.009403377590443409
5.5100659865700335e-9
5.47476068009472e-6
0.13524168716938476
9.070203825806405e-25
0.010492231933247213
3.1417530563471527e-6
0.005457810496784797
9.161377254924081e-9
1.2702229907080987e-6
1.6073997594448374e-5
7.966062248932203e-5
7.379592782275341e-7
1.3154634242175045e-6
4.385117589233118
0.1330288436410858
7.99939130974152e-17
6.132320640320985
0.0012355081555067591
6.089578670772711e-26
1.7985837578265726e-9
0.07932224258469354
1.3687466528799384
4.64773441733276e-5
7.402574343778954e-26
6.876087370225436e-7
3.840153825452701e-8
72.92183187404613
0.005381156895277155
1.3854529783806312e-6
4.828009463032787e-8
6.766803525498935e-6
1.27479647244821e-7
4.95014937342973e-7
0.011402938247788515
0.003929057936430427
0.00021812176241817045
1.0
0.05072161363884073
0.0006629261919512847
3.893395250928468e-5
0.9716138879455779
0.13215705517641205
0.13757773731472628
0.0001042390109318741
3.8018253825548934e-13
6.849027599717972e-6
0.1781422501551963
0.03669810506727341
3.0083463724989634e-5
0.000521941806011576
0.07509351919273495
8.476678761915532e-10
1.6769545152177742e-24
0.012284111119617473
1.443920410004329
0.2722633935631002
5.28115780114838
0.23383130710505343
0.0008758919371941762
0.040065743998961796
0.009522946760906804
3.6256418703377944e-8
0.005493424492471001
7.288725530101234e-27
8.089468218144187e-14
0.9938141671729223
0.5713922375368181
9.847098760975633e-12
6.441099013298839e-8
0.0006728128664164134
4.992852267863626e-6
0.01530505447042811
0.00048661792454623596
3.530679228571374e-8
0.0065940519593535776
0.7260607088555728
4.6520303972824486e-5
1.1213082062451119e-10
0.0007250628846574773
1.0
1.2802471924857102
0.0004989336101404861
0.08798181386945084
672.5376680784434
0.04590817991561997
0.0004746219153810905
2.444761789926173e-5
4.95658748302983e-7
0.009673963655879504
7.140395612801236e-5
4.944454490751552e-10
3.473487203581981e-22
101.88070722423583
0.5019416789425714
0.10147782544794069
18.14207617417991
9.341185605252715e-5
8.698677228047424e-7
1.182577523749308e-9
1.5713892804758262e-7
0.0002256614436848822
8.503562039249526e-5
2.622192646328105e-7
0.00018471443458212183
2.115172014764362e-5
4.910506307132467
3.8265685980911456e-6
2.1328595971416704e-5
9.39276238367164e-13
0.43791993498161325
3.4094842145728304e-11
0.014924090546577517
1.1181520974214235e-7
1.6526574044764405e-7
0.017622771700492604
0.00019701702276067257
0.004318739659863056
0.03129398443074879
0.0005641158784588279
0.5733348167046044
21.615793698843753
7223.166092789106
0.012684749161095032
10.158769823241911
4.114281389337465e-7
28.227660338381817
0.010069296004701914
0.023111494917151153
1.3031145746971072e-12
0.09074709811493474
0.024046475241473284
0.004973409577765647
0.0001266552305290742
1.2381146218665505e-6
1.2974454219599983e-5
3.800827748501338e-7
0.0992584907915655
3.502726662586793e-7
1.0812584879366987e-10
0.00036915506646687505
0.43583401163592694
2.123384718269847e-6
1.7391694251389548e-10
0.0004983280437597963
1.03939135040326e-19
1.7648936550226585e-6
0.1267413020198292
0.0014525860385022878
3.6664638784100014e-11
0.014427423180901207
2.2269579922142235e-5
4.170417144983357e-8
0.02359218547873038
1.536586095598202e-7
0.0001400463912627697
4.4846789602434404e-12
9.239243786212379e-11
0.19352423999050888
1.0771965938712158e-5
84.73346154660253
0.41398223538068424
1.5271309720973763e-8
1.3914778098224917e-6
0.00011749036934028192
3.656303363855105e-5
0.017094224417841985
0.0014391210018404024
1.1699103274281306e-8
0.0003165199597426813
1.149982452785079e-24
6.087536605915552e-14
1.0509783015303377e-8
5.753538510500966e-8
0.0012686111343563442
7.932517496223218e-7
2.6845950630915143e-11
1.4786970496802258e-7
1.9996219424300317
0.04351994275223801
0.0006115592438708378
0.0032289516684588663
9.464683203856282e-11
0.007236979755761757
4.5535914364344715e-9
0.7656765703649095
0.012675208049809998
2.7852633715884965
0.026969698414371045
9.743433492313833e-8
0.004066070243133169
1.1298271111367286e-5
1.520028648581891e-11
2.6420844379644497
1.6714605272921725e-5
0.0012497523513403397
0.004960098095979392
5.1068160504161644e-9
4.6029339948300706e-5
3.127884115685969e-5
1.923357061633772e-6
1.5537172698847501
0.014313395389894124
0.002640681567043745
0.0015141782099673937
5.338502986797661e-6
0.9216016084526207
0.08901895736983313
3.9921536632369557e-7
0.0005185492072769746
7.479877929491061e-5
1.7826163163017766e-7
5.333807478980446e-5
0.005970343791401446
1.7110696578320983e-10
2.950506696604308e-18
19.23319235782211
0.0005122533954290025
1.431127242688277e-9
7.988513100696216e-15
71.79434697985565
0.0015349689833973874
0.0007376656756101327
0.38798205561343824
4.165872801155429e-7
2.0128469606978557e-21
2.502991030324765e-5
0.003269763215866749
0.003171638271604811
0.0005379499178608838
6.890659101607586e-10
4.275005695446222e-11
1.894900523143181e-5
2.091459227414235e-7
1.272968529152231e-6
3.74947695095122
343.0745135919144
7.0685935290523245
1.0076126017591259e-21
1.0
3.647379205581436e-8
0.00027504927933648724
1.0
3.3260343868235354e-10
3.1824304861577184e-6
5.4252713550020924e-5
0.004675793743962136
0.9250838251255232
679.6873574127228
0.5748739030938045
0.0003628150112604844
6.144243128397966
1.0603665222593625e-6
0.018414452554385917
8.641793586731593e-6
5.247209009305575e-8
3.2419825866398593e-10
1.4597866612631546e-5
6.308775969611156e-12
6.603334480977705e-10
1.1106408829041726e-7
5.054910345173085e-5
4.3395645315951255e-6
2.3011703061981403e-9
0.003423953251194316
0.0008826336311736091
0.0008635425458660633
0.0007362942843673696
1.5534778868284182e-8
6.26971061327505e-10
1.4086123339329718e-17
8.066269123480298e-12
0.0005733593894704064
0.0832026855066892
0.028367138329259866
1.620700738427315e-6
3.3364326848310333e-5
7.731268226374687e-21
0.014540802653755975
1.0776087181011e-5
6.731713106954274
0.06610299620525445
1.9872418770732433e-6
0.035980336941316304
2.7638874854388796e-12
0.0008501933636111826
1.4095948332450895e-7
0.0006862430448088148
2.6295287629326388e-5
19.915333193519633
1.5475587643278305e-6
1.3144464490581753e-5
5.4259681459271176e-6
1.3127770368356252e-6
3.707126271196027e-9
0.015300979987536193
1.2854052691611833e-8
0.004678877099665672
1.5505321539054012e-6
0.000350776198633912
0.0011862950056921672
0.043572047836337106
4.958838660690643e-6
2.824911656342847e-5
0.024150909773525846
1.1118003715947136e-26
0.0009904492746786026
3.8851060137444e-5
2.077038228040413e-5
2.0151205281179205e-6
0.11116015103590558
0.002618400765004987
0.0007322423247316251
0.0009304933835433777
2.34142903190916e-7
1.9975267752977234e-10
0.001392841394957907
5.830075527990074e-7
1.7489053572341575e-6
5.629696524223522e-8
0.014005439136373175
1.4647432127678262e-7
2.8841157399579825e-6
0.0016508183153460013
0.00011249082115317565
1.1935221421336413
2.9294266732021245e-8
2.2875104592461673e-6
284.4175662209636
7.435415825152262e-8
2.0110537447843183e-5
0.0002009866472573448
4.543665764204065e-33
0.008672162767380082
0.8047181249523241
5.378641171812914e-5
9.628384530711314e-5
4.3131271514885065e-8
7.168746115830381e-12
2.0362149494706607e-8
8.806207219967778e-6
1.7695255992780874e-6
0.00047815734716900806
1.939675123436168e-6
1.2230824353547075e-17
4.917207980185237e-7
0.00028575170960564334
4.5959226194967555e-7
5.518020132440073e-6
0.5231420673470775
0.0001078886831676882
3.0194905519844957
0.00018050987747589867
0.0003042471986617143
0.00022185521768768482
0.0002516780665252987
0.6337072722494599
6.810444497996187e-8
4.948933369060669e-5
0.5692308376945308
0.022103530801609216
0.8269202451448574
2.65648136738987e-6
1.2996605298865895e-12
0.006659638224912098
3.950326047294223e-7
1.4423413818183387e-5
5.563583312651954e-5
0.24171450261703598
7.089247804536229e-5
2.8306199328578728e-5
9.281082484893533e-11
1.902585183141005e-9
0.005510018875455267
4.802637300662621e-5
0.14136604523782617
1.3359489575000065e-20
2.742300325044283
0.005897039788340064
0.0013225100718421252
4.747741394389458e-8
0.00015684259560335887
3.294287978722126e-9
1.741808618092214e-5
0.0003186428419777454
0.00023980424817183197
0.03995019368570484
1.7788847798755902e-11
0.00018992960823130474
55.615802903244074
0.0007293974499842102
2.9336736582448657e-6
2.0066660208310944e-5
0.6484484989130924
2.8062497567272112e-6
0.0006145287514975172
1.9762549128386285e-5
9.008597098515718e-6
1.1885071881863927e-6
0.00011552891669215195
0.00011023149714515377
1.1543815030998875e-7
0.00294462511889741
0.0018920179306164508
2.8615580737144777
0.003491565137947842
1.4480952661579638e-5
9.906914422539563e-6
0.00044165584313126603
0.00010295690891462098
1.0460707282438842e-6
5.804371102613944e-7
1.2637714708507365e-6
1.0
3.040822507029721e-7
4.1229473680261655e-6
8.745913871632713e-6
0.6305750484104812
0.025350906837826575
5.6127095610456584e-5
2.543263184400708e-6
12.721366279533042
0.00020601878023960123
3.2770637740996073e-6
5.012803460738759e-8
0.0018067991474263671
1.388753131165948e-10
7.941845266489362e-7
0.05141203103412304
0.0032179141005003278
0.20501296611530606
3.3827950429066476e-5
0.0006814644244593517
1.1496283910148104e-5
7.07143981890068
4.4135599236430174e-9
4.876147879169538e-8
7.214870865670176e-7
5.798512995990579e-7
5.070962666207855e-19
14.742503077432175
0.00905729032564006
0.00016398301041661278
0.00016307566564212708
2.1185707641423674e-5
1.9298599302981082e-5
3.696929639545587e-6
0.027778549560737144
4.891916917480728e-5
0.0014805815808518403
0.010068324126744714
0.00041817534418409
0.019683928777039682
2.4272058197090742
4.339913159178613e-9
4.002282901633581e-5
4.958277680097498e-6
0.10760435552024661
2.8104784733396114e-5
1.9348783434125565e-5
9.745444924915364e-10
8.254125309960853e-7
7.868045673950749e-5
0.00015752236915220864
1.6736073600936893e-5
2.0942817978693918e-8
6.049783975407024e-6
1.3094415247787047e-10
2.36510963356861e-8
9.326063942422743e-7
2.0129228158245587e-6
0.0016400526234235707
1.8855282277756352e-9
1.499685567688533e-5
9.374898539481678e-7
8.938925400441132e-5
0.00010268199973217526
32.08264745280193
4.7528808071690654e-7
7.190318069819709e-9
2.49399452584049e-9
0.00012210489940032602
5.3582876273487354e-5
1.003118703671385e-6
3.0522295693779102
2.0117900451120105e-6
4.281364259245202e-8
1.3638135851209911e-8
0.0007630327938977348
4.856617781042465e-5
1.5248479441068067e-7
8.623435674746246e-5
0.005330692394353876
1.3620830411922815e-8
2.2637857115381406e-10
6.0227086459324635e-5
4.085547845594864e-8
0.00026098300506441547
4.8480473969703865e-9
4.1952567440341555e-5
7.294589802011098e-7
0.13717114910089553
41.61670478736104
8.467346933148216e-6
0.05967152805207649
2.525563781832551e-7
5.093477994321383e-7
3.772717582149641e-6
1.281123340597755e-6
0.0017300037277628887
3.205324352676086e-7
6.320789060572533e-7
8.617254018454938e-6
1.0253033911659034e-5
0.000918397411416697
1.1620059388582507e-10
1.4603900462918485e-8
0.0026997444490716865
0.06974544845023715
6.255192226189342e-10
0.007226994685700816
1.4452132604299507e-6
1.0
3.901453418453265e-6
1.661026356469798e-10
2.0873926663328113e-8
1.4216809615898329e-5
1.2890308867982054e-6
5.530134635527412e-5
0.0001235216328803167
1.1026789828327497e-14
7.116809047849924
0.000989368438863667
3.6665025112018756e-5
1.09648262899265e-8
2.848096052282006e-5
3.4668979977580983e-6
0.0007672444681268037
1.2659256870569594e-7
2.553413774539465e-8
0.0010775093408678467
2.647236497382949e-7
4.0774730151780234e-7
1.160743522426183e-7
1.3087650336580859e-5
9.27772714023264e-11
1.1678712162331719e-30
0.012086155687247782
0.02488355828605184
2.1376119835299725e-6
1.8369118657226614e-7
2.7269846111144897e-6
0.0006223911287346292
0.00016311908226239306
2.4398993007788707
0.0021488483937611917
1.0026044834377037e-7
1.3765425927314442e-7
4.380281892527075e-5
0.6493905805992365
7.380938025688626e-11
0.3832771044757507
1.0356474042636347e-6
0.00031224986959687407
1.740381964219934e-8
0.0003509294115483336
1.0547836251452821e-11
1.9246090848078883e-6
2.1751936681015537e-10
6.873062471244449e-7
9.32061454975535e-6
1.2152880981720369e-8
1.2447096916003178e-5
5.268728405540854e-7
4.856511832800946e-5
3.0612680278861234e-10
0.0026657931415242932
0.000302680431316334
9.021819967289451e-6
2.4884155537002965e-6
3.2965977109996864e-6
8.826870048857299e-9
8.21187128450444e-8
9.94762934577688e-13
1.1791333095491803e-6
2.4669154913074093e-12
2.9442637451783945e-5
1.0913896814022446e-8
34.97398193566661
4.203903791634992e-8
6.464499130159917e-8
1.5025934655095838e-10
0.0005975114274846162
0.003142886510837242
0.02481595995219885
3.1443122767218676e-15
1.0
0.00029727451151700355
2.2076246396767763e-10
2.3871146039231217e-5
1.0476371388098123e-8
9.491171096579207e-9
2.387266207468224e-5
1.575249607403819e-7
0.00020481174001369122
365.3846997184554
8.632370494562238e-8
2.126958471441119e-9
3.990220355560371e-9
3.167439151086827e-6
0.17460823666137448
0.19359314574370357
1.4115423660597377e-6
9.292974381758727e-8
