3.303364662055713e-16
5.839064266762748e-11
1.8967456005125776e-56
9.806865896729889e-9
7.167954348174964e-53
2.9302407465814934e-61
2.7661429674359243e-59
1.2844391420143723e-60
1.7367694263587186e-51
1.7205484701434336e-53
3.6268556616569495e-58
1.2386505862006426e-59
7.122194262289034e-49
5.781750485175134e-49
1.3859052179812586e-10
1.3830446139473115e-15
2.8276352353059313e-15
3.724354407052652e-14
2.273546706386433e-16
1.0121323873700034e-9
2.1726011130566625e-15
6.255103182464577e-9
1.6786533469817564e-13
1.3059263586541869e-15
1.5125118032428234e-59
2.2603147243046265e-51
2.910856527489686e-48
4.2289383265288205e-56
4.9049339537068095e-57
1.4426698454611377e-12
2.3996580378421354e-11
6.74068559842162e-61
3.490477706296496e-17
1.522753340580205e-15
3.623545139313388e-15
6.914041231795043e-56
7.560315219258974e-17
7.674830816431422e-51
5.828478071718993e-8
2.116974863303076e-58
1.6730074483437334e-61
1.5690130058045635e-62
1.7704958361424837e-35
1.49424640941019e-8
2.2044929172198153e-34
9.969293039923151e-16
4.6358142413563214e-55
5.382591847121503e-61
2.096374898646923e-56
3.093104475500977e-52
1.8674905077692044e-53
8.886873800863858e-53
2.099846724344794e-31
4.037584644201136e-52
3.502182671521913e-36
7.014913547648733e-60
4.023435984096548e-49
3.8195245111992426e-58
2.8254685074252868e-58
5.836664504003687e-54
3.322347090943982e-55
3.930275688575918e-7
3.7598988943308075e-60
3.2914826304218227e-57
9.137378181283675e-59
4.0088236994765496e-14
8.163050103343202e-35
5.264597249373841e-55
1.043875786264961e-48
1.0495135143947925e-11
1.667190488546402e-57
7.952490751320665e-56
1.712526171323151e-15
4.398376397576925e-15
5.148136756728025e-16
6.265258454234972e-14
2.411715391059872e-47
2.392780363854366e-13
1.0565386221784765e-55
6.168699622583515e-61
6.110546771898684e-34
3.1825856129116503e-13
3.677301349063057e-17
5.6976935978373575e-12
1.8348098496691692e-6
1.0958169884904118e-49
1.189977069093657e-15
1.8148669985575698e-57
2.3117434356420974e-48
4.851982559365589e-15
1.058707089676452e-13
1.1271838605265131e-14
6.9925112950076175e-15
3.4556528403021488e-6
1.4240801696249228e-59
1.681385996160356e-50
5.774269817126612e-12
2.4773448205292385e-14
2.720667274030644e-59
4.659986652861202e-12
4.386468055997361e-17
7.95982709947511e-61
2.7217935332473845e-49
1.237927163915001e-12
5.873336469268151e-17
4.88262993303018e-10
1.392530261043999e-59
1.0365994963144763e-11
6.625997723604508e-15
3.3605481247529806e-58
5.108255540778364e-13
3.8833488367768826e-7
3.913599533986691e-34
4.92512272907262e-59
1.063643799682134e-56
1.8103108417576351e-53
1.987083461212139e-8
7.945181924604538e-8
5.14167180637517e-58
2.997848366412217e-8
2.872661067839257e-57
4.1806542180825444e-58
3.587871246375982e-55
1.7921313394482107e-54
5.177163307644335e-55
1.5406030424694251e-12
1.3517889412116115e-15
2.2566550604925035e-56
1.0027512794297167e-14
5.0886883362736464e-59
1.301071509179224e-13
2.0081121147833364e-56
9.703328732931466e-8
2.5382030359354004e-15
1.7515724244231712e-15
6.90600340000895e-10
9.635440732013375e-7
5.349779346293414e-62
1.0329114499489856e-16
4.852320151080185e-8
1.686106786130214e-50
7.924079173270883e-61
1.9926700733674941e-47
6.450155957383828e-46
2.3177344757387785e-51
5.664490104421304e-58
1.0443969513681643e-28
1.2564130859255457e-8
1.5446698377576467e-60
1.4060971690249766e-58
2.5925401982538475e-48
2.374194237608797e-15
1.7815061405978576e-9
1.6083605523179177e-12
9.356683150139303e-16
4.852246771347677e-51
6.691442825226407e-10
5.495671340001966e-60
1.3310873133055905e-15
8.971458432013898e-58
2.1900965616574804e-63
4.3809659109457344e-14
2.2260507053321988e-7
4.818598996620715e-12
2.485842563637239e-60
3.7491043002685753e-59
1.4487165331047696e-15
1.558998630580668e-7
2.8543649989804276e-13
7.942984628012239e-8
9.882501835826362e-7
7.050915225297733e-52
3.4150595450427354e-11
2.388792945153931e-15
7.135162426969442e-14
5.654478342273462e-17
6.61010453961598e-10
4.305024916708396e-50
8.777873630753401e-10
2.3570815067084804e-17
5.035939763212793e-64
1.420128729858324e-14
1.6375167295052457e-50
1.4157861201430142e-15
1.774007686549849e-50
1.3309490405284577e-61
2.763065189793702e-17
1.2546835780089132e-55
7.108671155804706e-59
3.2397588988704746e-62
2.3061382574717662e-58
9.404297051227954e-54
8.956307720422155e-15
1.6312613353048255e-16
7.805506095689965e-60
8.881326987705649e-16
1.0240865505410351e-16
5.784650924618119e-17
2.059669995495679e-48
2.7995316923486663e-57
1.167697437842254e-13
8.512287689784534e-10
3.127549729433966e-50
5.08104027128412e-53
2.815546383031285e-45
3.838689116464726e-11
4.347469684593805e-56
1.454622829000358e-57
3.280794828481795e-59
3.601544518149978e-57
3.5682659367238984e-16
3.650150214519105e-12
9.207276789511587e-14
6.257103705448338e-16
1.8782620448105887e-61
1.5927554779806312e-11
7.335573868319472e-56
2.891804186221211e-48
3.7894177786898335e-58
1.557676624410052e-5
3.2600946312748415e-9
1.085553452477052e-5
1.1084643302997933e-60
1.270965298464189e-10
1.1177696642531997e-56
2.8111526145254427e-61
3.0134157830490526e-56
2.707269580583768e-55
5.934496942670681e-58
1.3443619538137272e-12
6.141449856125642e-45
1.1020899685729066e-9
6.146977001432515e-63
1.7105073818811883e-56
5.001220577377292e-51
1.1342297699794124e-35
3.293105497004379e-61
1.2994230013180769e-54
1.8650308061298757e-15
1.079597612778101e-54
8.421791332372705e-61
2.9196133097629705e-15
1.9294008629588443e-47
3.5464947776828e-49
1.0698948994938895e-10
2.2157477322448308e-8
2.79220524949548e-10
1.4551549871905456e-8
2.7865754059231904e-58
1.6832855033319794e-8
1.6185349626001282e-10
8.2679205147917e-58
7.905317219823861e-54
5.256266567308525e-57
6.428861063210141e-40
3.4794952200969773e-12
3.519139108591982e-47
3.8526050871109486e-62
7.211486383764565e-13
9.448152555331999e-9
7.554629231186289e-15
2.951335910464662e-59
2.5049931887464788e-55
9.875378614116751e-49
3.354565785215617e-15
1.1347182375605622e-57
7.323176162977116e-7
4.476929946550097e-17
1.7901675133662643e-17
2.1916151972668673e-16
4.69602400928024e-16
4.134410955067467e-62
1.5437842489638898e-60
7.511249077200484e-51
2.69763067218253e-10
1.858920328224243e-58
1.088740476518863e-57
4.585119761176245e-9
3.3166732934130347e-16
4.3354675953971116e-36
5.137286062004219e-58
1.4893701945010955e-56
2.242468785133644e-56
6.702334970903974e-10
3.2996577058114966e-62
4.0236428190070035e-56
2.027683366111667e-56
9.537007003290136e-59
6.052641848009782e-60
2.9514583206378035e-15
2.8435221617923195e-17
1.8955765587842843e-13
5.291976080232331e-53
2.418195078647583e-35
8.987980022765382e-10
8.743800903293455e-11
3.0801863179029003e-17
5.1866010429325455e-58
5.726560506464885e-57
6.252521160284467e-6
7.0374791067823865e-15
1.7979063460028e-59
2.6385661541770506e-47
5.4037209757573815e-50
9.060789464672358e-16
1.6175408801850964e-11
9.458061233908626e-51
2.108066869620154e-15
5.897579857302167e-16
1.1892946686978178e-51
9.299160201393101e-51
9.308149020962752e-15
2.5051334381309057e-32
1.5583956304362122e-38
1.7805014542208205e-56
8.394021082038323e-15
4.3844135595829835e-16
3.4681791703441287e-57
1.211188685984992e-56
5.582908711335411e-7
3.051994114147604e-54
3.3655040745150173e-7
3.03016425305026e-48
3.784029243214542e-48
7.166525878359502e-16
1.109881474890307e-16
3.157658910081315e-16
1.3725536038276293e-8
7.152858952475248e-61
7.387497287935543e-15
1.0001584989616127e-56
2.307707827123128e-12
1.8830350127982204e-63
6.640056259874247e-62
6.89310197218982e-60
3.8011153220140206e-54
7.851564732379704e-10
8.909936780645559e-56
1.6913905642878914e-13
3.026202722323688e-45
2.077805085248728e-15
1.1083610810119866e-12
2.0498971669903458e-14
2.882046729032835e-61
8.265555725231934e-11
2.863938896005009e-13
1.1597900719219315e-47
2.765576881651855e-16
3.425338062210789e-60
1.5257315688149955e-53
1.8409419896556302e-35
9.545520258522843e-62
3.630094689752117e-12
1.953052529442019e-58
3.1812790425719966e-54
3.542250317703717e-52
3.2634889118722154e-17
1.3883979257278542e-57
4.228938326528852e-56
8.099531238257144e-60
1.2183603057918604e-16
2.1208173754064673e-55
2.9045124796804855e-12
2.3176511548384264e-51
2.4116817269640797e-10
1.1196620293864898e-16
3.666576272033845e-49
6.200049546629981e-52
6.003879661593036e-11
2.3513401783629567e-7
5.833886619451609e-54
4.957104112617952e-62
1.7928018083235116e-15
6.385498878228114e-15
6.019216116359947e-10
6.660498239517788e-17
4.251895459231404e-58
5.1456757987690535e-59
3.195222353330382e-54
2.6917897849951757e-35
9.414521952195896e-10
1.696511350648667e-57
9.722764738627618e-63
1.595362464520345e-14
1.278419360146839e-55
6.811646490532321e-12
8.768874675253329e-52
3.121538800501286e-55
6.101343177746715e-16
7.21096840790269e-17
1.4356396013401626e-60
1.0899101972590654e-55
8.707066008025403e-15
4.722304101389454e-8
1.125376570044565e-47
8.315325540292497e-55
1.4595633312009084e-60
5.25510202630487e-13
3.715558383276473e-45
3.384730002418207e-36
4.474210445723758e-62
2.0794346453227827e-17
1.2362836304663738e-57
1.4945835339238864e-59
1.0544147711358753e-14
2.961501614840647e-9
2.368351615680995e-56
1.1532010778382815e-56
5.244117372292244e-60
1.4023855746623462e-61
4.8326212740863767e-11
9.963853990481965e-62
3.5744911076505297e-59
6.669216380439306e-58
1.1887701035899172e-64
1.163354314200846e-58
9.398538333876447e-58
8.902167429115691e-14
9.023694424523358e-45
1.056843777215158e-55
2.949621129853293e-16
7.431951902350736e-54
4.890016216374307e-12
5.601046000493329e-18
4.031037071347766e-48
3.1813294491359736e-16
3.008199485427051e-9
1.8798601801871734e-10
2.9620958665716694e-15
2.70882896904218e-12
4.106224435825075e-59
1.3664905711607542e-52
1.2543370698703319e-15
1.0560609125648041e-54
1.9115124282349997e-47
2.2193063972404554e-46
8.575322399387948e-57
2.2742523985384882e-60
2.270000130846411e-49
7.884168324669128e-47
7.175779403223717e-17
1.1892946686978178e-51
6.942353038083639e-10
1.0541204760321832e-47
1.856145179623667e-15
8.753322842954638e-64
4.486595645854153e-58
3.4805170904123845e-62
3.568252993765283e-62
9.557236828140884e-46
6.174571618589521e-26
1.7699495366638533e-58
1.0986362066297843e-46
6.4430109751796994e-62
1.075294635354582e-56
3.187333282672577e-8
1.427799195409051e-13
4.955274915449628e-59
5.1198265153342655e-61
1.7612696045259575e-11
2.692341879715642e-11
5.2758330293470005e-15
8.556640885982933e-55
1.8192143629326534e-49
4.5845689337571705e-51
2.3516413120322634e-46
1.9931252767291e-63
5.342688093461117e-15
5.349942878229523e-10
8.268249177628985e-8
8.922556184247306e-10
3.4336502467026176e-10
2.829007830433605e-48
1.6908039342108857e-50
1.9842037378594338e-8
3.914129430400553e-15
1.3737206688697298e-10
7.337186758128156e-16
5.50865101839289e-47
1.1074001564148154e-11
2.434894852850384e-53
2.93610827668783e-11
9.742204858936223e-54
9.274233731744087e-12
2.6453565830550227e-61
8.718004634129414e-12
5.724458027179056e-11
5.028618828173705e-56
3.073021757285434e-7
5.5600607419280915e-56
5.951363998549534e-58
2.0681376756803576e-9
2.134222722585361e-7
5.759337114418535e-61
3.2521461112909807e-57
1.7066639301165156e-16
5.149359624712329e-9
5.576767307946655e-10
1.8926753053931898e-57
5.700201339476578e-57
9.063185590241349e-13
6.711216831111117e-36
9.36725286702613e-51
1.8362751111057552e-14
2.5902518868295074e-14
6.789323065258046e-58
4.4024447855894085e-58
4.632727895600674e-58
4.630076846236149e-60
8.377809404031587e-58
3.437979545617776e-8
1.9060318089466655e-16
1.6743277185275834e-10
8.62967694547172e-9
1.9276794851782708e-60
5.592994314485479e-59
3.257372025157944e-17
5.424061416986181e-60
5.29120575896856e-57
1.1425508413068972e-8
3.23199019365151e-13
2.5816560195161468e-48
1.3754302624710788e-32
1.4460548882671807e-53
1.0423453872179136e-7
5.183803124159428e-7
2.133906432576216e-58
4.792670102670841e-10
3.1083738520315044e-61
2.891804186221211e-48
2.3669118955407582e-60
2.926797200156597e-60
6.564493450349642e-48
5.019702400542719e-33
2.9537285264109676e-11
7.951206185484402e-16
1.7682142104862403e-57
1.2007087183106315e-56
2.4650680204249584e-61
8.991377829901163e-10
2.4774202772582622e-52
2.4315137347834488e-32
2.267434077864684e-55
5.399359045762446e-10
5.688587165254393e-57
9.328729872714358e-57
1.0041446252928044e-15
1.3224640213470162e-16
8.064135452663335e-11
1.0815322464901062e-48
2.3241064721507317e-54
1.7570029890720434e-56
8.311682201474908e-35
6.714813103069312e-59
2.0121693549941584e-61
1.6478235228839794e-11
1.312339812902165e-55
7.885851852847353e-61
1.0176532396509664e-53
4.473385125952284e-57
7.92442925169795e-63
1.3692892432000527e-56
1.375009454397722e-56
2.618708590733871e-54
1.2122352507210501e-8
7.532900416489448e-17
4.933212006237242e-10
1.899427136861288e-7
1.0692280499767848e-15
8.071202128196715e-54
2.763914049598626e-59
1.936648139409619e-16
1.4103127980931557e-61
2.0048577670905824e-15
5.885914993829403e-57
3.6854930261054404e-9
1.7385506698196336e-56
2.3837687994296357e-17
4.141455001721299e-58
4.991232175268053e-58
1.1355183521172227e-57
6.869979600102503e-13
3.326837845569455e-51
3.031261663641581e-62
3.345038989899843e-55
2.1401335382701157e-59
9.374648574875575e-61
1.273079416497246e-14
1.2180311126316414e-56
2.3386019312436034e-56
5.6952767712323454e-15
1.044302793982392e-15
7.219208588881515e-55
3.6336329146095536e-14
5.326014493643823e-54
4.140949512872974e-60
1.1555636583113331e-15
5.411473343102986e-46
3.023007974314396e-14
1.9831972007789848e-10
7.136846123862902e-59
0.00014472706621652753
2.6546295861467055e-16
2.0104902313452228e-48
1.5154100316116047e-15
4.482222021129631e-57
2.415901239530412e-54
6.7610630993579e-62
8.601431094827168e-49
1.8418336718692145e-17
1.1998178633789623e-49
4.800876106840762e-14
8.160806734425187e-9
4.135788197210357e-16
7.907028671394949e-17
7.892096316576938e-15
2.384947855346331e-59
9.328822968190408e-8
1.500100389261107e-17
1.7848988054033326e-32
3.4465836127866243e-53
3.9969833893453816e-56
5.2715937508820206e-9
1.0059455330060335e-13
3.7650516569991374e-16
4.085089992872617e-15
4.626241113959702e-62
1.107210073625868e-15
1.266790817587632e-55
6.692173400200648e-56
1.0039803965904893e-15
2.1160825279066758e-12
7.705674158971711e-36
3.041119597544139e-34
3.583876556636854e-14
5.932748290169739e-10
1.5668649264465863e-14
1.3485567273049838e-14
1.5873656027631568e-16
2.2507493844718278e-11
2.4336571335615046e-61
1.7391253024842704e-57
3.2932553146804105e-10
7.325797934734715e-38
6.383791987212826e-8
2.0312508710181994e-59
2.327769934793117e-61
4.462210905682456e-16
6.681633710969898e-61
1.1748430801214775e-56
5.979082911195226e-16
1.6854508299282836e-10
1.890742457787425e-15
7.346303546997027e-47
4.525959537245429e-16
4.819727229926484e-15
1.38046840997582e-17
8.824238616021072e-16
1.9425261197391217e-15
1.3861856992519606e-11
1.069449010927106e-52
4.611507289399459e-12
8.453098089936494e-11
1.469702883372897e-17
4.2919111145705005e-56
2.647835718461263e-15
1.618986357256103e-57
7.543860048533094e-59
3.5694796383509415e-12
1.1261556247342264e-34
6.488188356352938e-12
2.3313489258574204e-60
5.627652404237955e-32
2.617321331751592e-17
5.991436161164023e-58
2.53729795327458e-50
1.623082185065491e-58
7.449444781375079e-34
1.069963390709037e-61
1.7898292291479005e-58
2.900094206069462e-57
2.2009316693276984e-62
4.768967179589656e-16
1.2110002844957418e-46
1.998233967261543e-15
3.425578736271994e-14
2.0342418253747255e-10
1.2007272384696661e-49
3.758560788411822e-59
5.198360832614541e-16
1.6580646894076945e-11
3.9286893197819397e-7
7.128657511952762e-11
6.062308545231745e-63
1.0596107604607393e-61
2.3424323492451057e-52
8.118817728284628e-62
1.5697300726126534e-15
1.2192874881840296e-59
5.345444455515543e-10
3.71613635535319e-54
5.167967121296322e-16
1.7166644636968032e-11
2.957574128443532e-16
1.9807774807579923e-63
8.451362799918721e-62
2.3809528814613146e-59
1.9651679757844687e-60
3.876028439268046e-53
9.149069139118009e-11
7.997626621524003e-17
2.290014964554852e-10
8.21456930669518e-55
3.2156814385458915e-34
1.032735320493113e-7
1.933980896038971e-34
4.674853335930544e-10
6.891476070143962e-10
1.0031162710309969e-10
6.432617646996698e-60
1.0443652148506906e-55
2.713417829655177e-52
2.4707649324468785e-38
1.2177109751630288e-55
6.8867591911009335e-56
4.299084466390052e-11
4.16944116481108e-55
1.811853755538642e-15
6.428505041966038e-15
3.3269630476034186e-6
7.7456458134008485e-56
1.5087380228298372e-60
1.971051315453919e-15
1.228239142738748e-52
1.166462164406537e-15
3.2669403054618636e-17
3.6960544714215096e-12
3.3166670962894194e-16
6.57954648817538e-16
2.066508505458994e-16
1.0865538444688935e-15
1.3032710139713485e-47
1.9087292709490983e-11
4.133134554363491e-17
1.731179354155943e-59
6.814916892365757e-61
4.390093925541387e-56
2.516457861406354e-59
7.306799736986774e-34
7.290489628359805e-45
5.1225514395075745e-59
3.306547551292467e-48
2.3271887474156687e-16
1.2877539888794672e-52
1.245958478672244e-50
6.275835531545392e-8
8.099760821456959e-47
2.1258156413784983e-16
9.56794864934771e-7
1.4093219160605533e-15
2.1597599401420418e-51
5.187325407805998e-56
4.323389626942413e-60
1.3823653821689793e-12
5.7806640446582494e-34
8.590967892855086e-48
4.522623425134117e-50
4.034771288596097e-58
2.006737031234971e-10
1.6654833572217963e-13
6.216619610034059e-60
8.588148223730022e-56
2.642498508264876e-56
3.550890209060807e-16
7.384850487423715e-17
7.782203384253087e-16
8.766924989936339e-8
1.4408742581962534e-62
1.7984309274044928e-62
3.846207581244236e-7
6.823295061617109e-15
1.1406590803885738e-46
1.4239975629706426e-16
9.118985010807652e-16
2.1184381298413332e-9
4.7266469100262264e-12
1.050700968868721e-7
7.443169462489998e-17
1.544131967713469e-14
6.753045126714605e-58
3.9666247538119216e-57
1.0527720998938028e-14
4.715392945676286e-17
5.946653828702216e-16
3.23871066389067e-48
1.370076352255243e-16
2.5412065370439332e-17
1.998739522620156e-9
4.393222282708271e-13
8.542848675307699e-11
1.264871154125632e-15
3.6649457890716904e-36
1.6466347756033248e-8
4.1413872685964067e-14
1.2843920956722121e-11
1.2724322638365684e-16
3.2385759714458505e-55
1.0760466814900987e-54
3.8619856090374993e-11
1.258607496798961e-61
9.579728730934095e-13
8.646542107302982e-53
2.933764755934652e-52
6.576944256073921e-8
2.797187144314809e-54
2.0997885214634902e-11
1.7756530020377115e-10
5.407816605104562e-50
1.744824366104759e-53
8.70313654871598e-10
9.55790317203726e-62
6.499543418709141e-15
2.5018006043704315e-55
2.5732708502309663e-55
2.8678287475233346e-57
1.8808536812713943e-16
8.282291979871162e-13
3.3310308967169695e-9
1.3314377268618206e-50
5.5188526342342825e-58
2.832330990714742e-32
2.959141381065209e-51
7.378630462312268e-15
8.610101520708135e-17
3.8249357584776866e-10
5.217823528402708e-49
2.26653510522808e-56
1.3216562761771736e-49
1.9272076543315794e-16
3.0394071355081072e-15
2.2528860292306347e-13
2.376665449703227e-57
2.051984177752765e-10
1.3852431059483543e-60
1.1448735300632047e-10
2.0840886046131914e-62
2.8688689241391175e-9
5.206082850319766e-17
5.0925818950927535e-15
1.22446513969772e-16
4.719109490094728e-15
1.697474682617324e-10
2.4037567256650484e-14
1.5483827040735434e-9
8.485832797952745e-63
4.7637866247502856e-11
3.381432001568596e-64
1.7061274372190796e-60
5.3047474001192235e-11
5.508661721704698e-17
1.0066794338950236e-33
9.504484436409767e-10
3.7981311928911047e-59
1.0010166931129797e-11
6.176073157643831e-15
2.6422916817534424e-12
2.1434842964681144e-9
8.05091736043862e-51
4.551588936084165e-15
4.6280555546530374e-15
1.844960090063808e-14
1.6022027365475078e-8
5.607768847116246e-59
2.2951587502485863e-60
7.26005321539613e-8
5.7888833530030954e-49
1.623150915150506e-60
5.520226960167846e-59
5.387831722286966e-54
7.72850440310781e-15
6.83305575976709e-62
5.020463413192286e-10
1.3623739696907503e-15
4.644454228563481e-62
2.195446923641471e-55
8.099760821456959e-47
3.1083738520315044e-61
1.1591506169445803e-16
1.0185849202549395e-16
3.9549505666456076e-50
5.149726323847844e-17
7.111186569841558e-10
2.5431001505991698e-55
1.3024443861515517e-46
1.1698956177997316e-34
1.8071635974270016e-67
1.9281392524327918e-56
1.955560418510739e-55
2.7540475832187617e-50
1.5394898195486688e-57
1.287962169832614e-8
1.9206420068083712e-14
6.783594992823384e-61
3.099458831482642e-15
9.06049168701048e-49
5.2223976637018725e-34
3.336643857395692e-58
2.3198805554724926e-34
2.0303822065686305e-9
1.3092000998960879e-8
2.249858002451538e-16
2.5030155331936962e-62
4.463061581178266e-35
1.178474781849236e-60
1.1335902199489889e-51
2.1942612136865386e-48
2.075786292996877e-56
1.9513457634086854e-52
3.276265429453024e-61
3.584787232446412e-11
2.9576878059663406e-49
8.397195861667206e-50
2.4241368551702736e-54
1.441108451003878e-54
7.023387617081346e-54
5.5851319250018836e-14
4.9730285449487215e-52
3.14673577218369e-61
1.573463721473661e-56
1.2879145813489585e-54
4.872678116347683e-58
4.226321826923912e-56
4.74318903794696e-58
3.526285859158302e-17
6.642748244159952e-58
1.6898029824426834e-15
1.2404898296156583e-57
1.5109887417114936e-54
2.7630785197472356e-10
4.542161755965472e-11
3.279050555171853e-33
7.39887139064053e-16
1.0817886408223464e-58
2.621406232382609e-16
4.156559427808626e-12
3.547572888799237e-54
1.908017278445355e-12
1.0422300812795124e-16
2.1645075828672328e-14
1.157866750930572e-52
4.917918138697721e-58
1.4343131272858135e-15
6.6795914866911e-8
4.211165867880401e-51
3.569976317936001e-12
2.913991098317804e-9
1.4687393484261785e-16
2.1978670356179647e-59
2.081514367050451e-56
5.573298510415933e-49
6.825123553356039e-16
1.985607122291296e-15
2.6891504866336696e-15
2.3093011837542823e-55
2.2306946663573403e-10
4.556100108467871e-49
2.500696186459772e-10
1.1025528114859665e-15
5.120714548679476e-60
2.227887982003677e-14
7.632911483619212e-10
7.650843017003697e-14
4.957104112617821e-62
6.8933833025179045e-9
7.056005641166108e-52
1.6566118885240238e-16
1.7007492875194255e-10
2.7220596358392663e-11
3.4084193026049184e-17
8.205009999704589e-15
7.527239626546118e-52
4.276419188430314e-16
1.5282541552015879e-60
1.9505323554013004e-56
5.8665590182294424e-61
1.628557320408335e-56
1.58284924863693e-60
1.9547192401143157e-57
2.164294147338459e-16
2.264223142723262e-48
2.44677326484e-33
9.635508892127827e-50
7.529658865316007e-16
5.626552529526168e-16
3.1414065089599996e-9
2.1354145842835438e-14
3.952733870757502e-16
6.574039416982988e-7
4.56072143025551e-11
4.191821831557231e-16
