348.2389905016346
35.59187027066803
8.908180578603971e-16
5.086611830807818e-11
23.666798182735473
1.0
15.371847790767006
7.554068984474968e-16
5.240919304129995
1.6144035317913317
2.612524750008027
0.09847936202573505
308.0888448841136
0.03374393587217184
0.14262766395536383
3.5765129024950347e-14
1.5002135293396875e-9
0.1888786045632067
2.684171153040758e-16
2.424035719643788
2.2589743818480377e-7
634.3659409928697
2.415684134118457
8.45867686209485
6.695564436247136e-11
9.466108180391148e-5
7.189098918404773e-7
1.5900231763060368
1.0
8.830886436452772e-11
0.00010657409600256577
3.715747647821825e-9
0.0015576185183621433
73.4386856424494
3.219729531127799e-11
3.730360355015022e-15
0.0021357550906817933
1.0
2.5502441689465355e-6
140.73040903311414
9.042448316699906
0.4509230062933121
0.0015723870720107279
4.090836666424481e-12
7.973554993806893e-18
9.69621311658926e-6
0.2463626512815786
0.022742748198398388
0.0002998789231027024
0.00010033487548627517
1.0
1.893800859223621
0.00014222470161641513
8.046019812185427e-7
3.2594993061169627e-12
0.0002886169174349736
7.817699631388133e-11
1.0281116280463331e-8
3.1519470435581204e-7
2.2789702513395549e-7
1.56574935627238e-5
0.0015425183452162168
4.885182955082692e-7
3.5564978896092553e-11
1.5934892710256698e-14
2.7454174682453296e-8
0.36685459008147886
47.05116164387609
3.584632774744371e-5
374.2874096645683
7.638225082576841e-6
2.4556889752090303e-5
78.20934965372219
0.005317376959158817
1.0697482128865053e-12
3.5701544297577934
0.047761870933673636
5.889723929702112e-9
6.91491655217527e-11
2.5938371906598584e-9
1.227140674953384e-6
0.00011351387755813108
0.013319099796323028
6.672133781200905e-6
7.060586146018237e-10
0.21371759333966722
8.876795222569241e-10
540.5784510224898
0.6756068472096661
0.023828018237086638
4.236018888063206e-7
8.233645620763329e-15
0.19090656450821664
4.335578544083609e-13
2.202936285963732e-6
0.012677962419401601
0.00026843822758072
3.915284442850309e-6
1.2042750378320652e-8
0.0001368661519989864
1.2493860715486154e-5
2.950782267470322e-14
4.3003458162073405e-7
1.1340173437178364e-10
0.10761481373640966
0.0014979472387381375
4.341714240560059e-7
5.8373196701661984e-6
3.3171029161995023
0.1562625866580078
1.1748127278838056e-8
1.5863483270775413e-8
11.570243133262274
0.915209697723946
501.1797505869063
1.036644161987402
1.6770540988650555e-14
3.386630334932754e-16
10.608727896389011
1.2051652109848676e-5
6.297213279950677e-8
5.0104474270460664e-11
0.035966333759483646
83.73789204700999
3.1035915215971687e-8
0.0047359190955644295
7.137576082777702e-13
3.180592952083557e-5
0.013995357251708562
2.902488043485885e-10
0.33507297502007455
2.2519905879703103e-7
0.00017695357445782125
0.2614050590245219
1.6718399271387028e-6
1.7077150340894135e-7
0.12384642532176769
5.77036954760589e-14
0.0002878123338514865
7.542246782543893e-9
0.0019258028492705743
0.1476611495162147
3.69827795738158e-8
0.031147914170237285
0.04663340437862948
2.0697943998823383e-12
0.0032492853850651002
0.0022605654138260025
1.695143975874736e-8
2.907085473647589e-5
5.037001290353755e-11
1.8412499189122625e-8
40.73174188486035
4.2308965076519904e-7
0.1532350436808854
68.58710924826096
2.6288827400581525
1.508383728437007e-8
0.0057060728702048825
8.332222713298715e-10
5.092941624729968e-11
0.2747838239667176
0.0002292663297131399
2.614376997540479e-5
1.6746588153702304e-7
4.4375494902331905e-17
0.0007538605297912488
2.9016448804870537e-24
0.0007583033106330971
3.480627519226404e-5
3.120950398715972e-8
4.588431681285692e-12
2.058544158614275e-8
3.348547027059674
2.221229948319313e-16
0.0030980556331970622
0.00022778937502723718
4.5905722374439103e-11
4.8987814668204806e-8
3.256337405862048e-8
0.07535720771194056
1.0392040148027917e-6
0.00026021795878375495
28.12425816093549
0.006960403834978391
0.005854024572334851
1.880735951395572e-5
0.019320077594086663
0.033147613204713364
4.4799880631580905e-8
0.0015384397234488002
0.19679686862172213
1.4522966308044228e-11
0.0003959814534845943
0.007404334058461998
0.0010476977493459037
0.23174849501105585
0.37641407515674613
6.655788763732629e-7
0.016568775821934938
4.128834868810795e-11
0.30710082494470536
3.37950657958948e-7
2.218999897769911
0.0012430410470766822
0.0040061065668790235
1.666949931427183e-11
2.474100792580639e-6
8.132169320394667
1.6124919017413786
0.35543097861844536
13.177438722691994
1.4563721386699852e-11
0.00011939938447983217
0.006023753963791845
6.115897503511283e-5
1.7477212532134984e-12
2.5428747690838067e-5
0.15989950057180852
39.168094986793434
1.9568417155232888e-6
2.891277976545552e-6
5.6250837639172446e-5
0.08947758711330098
4.770221541293161e-14
0.01983724348647323
0.010518804302452065
1.7298431217458686e-5
0.0007467614972722523
31.18761409306301
0.002128020549789856
0.002777848639922465
2.5535501598344984e-12
0.00016359801933876942
0.0018640817732163038
7.866861856370483e-13
7.758025446204538e-15
0.3581698985610578
0.06159319051289639
8.668002494762203e-8
3.716496938106085e-11
0.025059206112880948
0.0006656608284379552
0.005443754501818525
6.928211489431312e-5
3.9349911497131156e-12
6.738534169264268e-7
0.052089430547494306
0.025412450189209658
2.2629164385058537e-5
2.1364768392195338e-8
0.010882420147574155
0.0015998769290488499
0.6017813750319104
0.4101560440676918
0.0006895812894707565
0.0003997909251269845
4.899127904786882e-7
3.160203047240318e-8
1.0
3.2066694534868896e-14
9.750775961851388e-8
1.2369649973662201e-10
0.4543592484091991
4.5608749800731514e-5
1.0552452649768136e-6
0.14508302993110755
1.0
1.1010051126665536e-7
0.2557103597250029
3.7332627752310634e-8
0.0006364528111425517
0.05064614119393438
0.03145898820483763
6.978231360921842e-11
8.477583924410604e-8
2.9701868930234282e-6
21.634195694528948
0.000221859934193534
2.510723290646811e-8
6.958289773309524e-5
1.1274613508354811e-11
6.357548973167309
17.077679772058804
0.03496862804858533
0.02379378704393117
0.0005813862274317304
2.5185070518424435e-10
2.553156401914244
0.47002512090456317
13.70616251555952
1.0
4.161847445336277e-8
1.824836894918074e-9
6.459388843677827e-6
0.0001314739923012419
1.803451210599159e-8
0.1615402308151324
0.0509070768155506
0.7416394781075001
0.0001216757310135522
3.380719228664126e-6
443.65348132904256
1.3916025565506325e-16
6.983982845039104e-9
7.637063750299098e-7
2.1751490958504112e-7
0.2626813967984823
1.0
1.0
0.036887738887392975
5.928669562372519e-10
256.03401120594424
0.035511632517679956
0.2841175808882643
5.152791701426346e-16
1.3284840449761611e-5
1.8348470120941927e-6
0.0493425619066169
6.237197424005236e-15
0.02296229641948515
0.8270726669220159
8.126393171516143e-6
0.14631097674980356
3.3331703834459825e-11
2.2338584108782505e-8
0.21159918639779868
0.043856260934206796
1.6573483960743884e-9
4.230496657734956e-11
0.151000149241894
4.930420009961133e-7
0.0002236023765575842
7.083862967950159e-12
2.159457193912994e-6
2.5140207342736104e-7
3.9980663046614907e-10
0.005269476082680482
0.0021615050137631384
4.048997068014194e-9
0.020982681892929393
1.2203160183511454e-6
3.7204734557125056e-7
2.2406283173976975e-5
0.004508336859208523
1.4315470015356268e-8
1.5372090613280803e-5
0.007407630650346719
0.00030317085889291644
0.0006860571675251511
0.12404759898082779
9.1225824986252e-6
0.0012740499860771507
0.00012849949765717547
0.07808012734508901
6.638202985751708e-10
0.6401586657089893
0.0009019112504527994
4.22119894434703e-6
0.0005783559373053341
0.0001386101903574369
3.778113115904153e-23
6.502913124511453e-8
3.3505588199586676e-6
0.2614922541067385
0.19316428232254718
1.8140548467949762e-8
4.1640393201380664e-8
1.0243094326786582e-5
4.620990802365346e-8
5.651690939134133e-5
1.0
9.549325513263152e-7
0.02019099565199987
0.0034547818043875987
0.5043850673542735
0.0003814368084980102
2.0702850212218414e-6
0.00012561699165462457
4.3247286993799356e-12
9.183074388071188e-10
9.789169131174944e-5
0.00026476049334871546
3.389725216007139e-6
3.2556766626987372e-6
5.16483892443268e-5
1.0
2.4808580385436806e-7
0.0013604733384107587
3.5567855241509147e-9
40.36934183501677
1.1121035841805732e-5
2.7435962543335423e-16
1.6233668071002702e-11
1.4903937178923355e-7
0.0002045623308658509
2.6709581296535103
5.179024098277088e-13
0.011878612037419784
0.005759830729073536
2.5605495035619237e-9
1.1275819468736658e-13
0.00034986141986652694
3.5569743189089347e-8
0.008218399674490635
1.0585010425696704e-6
0.0020285543501416567
4.4017275757466485e-5
0.007292136411136683
0.00014646776031753393
4.26150205499291e-14
1.4403370734802408e-5
0.0008560673964684092
0.007874241966521024
0.002730849433272861
0.05284894807391126
3.2387384327924916e-9
1.2221828269515158e-9
0.002422269342869472
0.00023724877626891364
3.065018726658094e-5
4.0113613104948
0.19587494366257924
3.9516721111365526e-7
1.0
6.603259967651872e-13
0.009739715662211747
0.8666342604248662
2.1512014154966247e-6
7.015412298991391e-9
5.889079259616231e-6
0.01100203966897247
1.2749699901431897e-11
0.514408540086226
1.3503808290405954e-12
0.0030710586963569597
7.033333549879778e-8
0.015703821802398193
1.6653214569778812e-7
0.27745166735497534
1.2087035011387966e-6
1.9275046255096882e-7
5.974242106469547e-9
4.492230355590174
0.0024440613486178694
1.2647868611634276e-6
7.218794724548176e-7
0.10441871006819155
0.00196352647382647
0.0023280878185334944
0.2990349512362201
1.0324199038238884e-14
0.04497833060757615
6.075684173415899e-6
1.88708471047998e-10
0.0006112153422854112
0.08845287058202521
0.013376376032530295
1.182704588755403e-10
0.0009964489757191596
0.0025866442829818653
9.883536660089103e-5
0.05693552514848832
17.800533895262856
5.280492900959534e-6
4.6310964529884865e-8
0.027344872448422968
0.003101675819857955
1.0319023554693722e-9
1.714922937578931e-5
1.6963678689553987e-9
0.03295172238780401
0.0071097488102522715
34.55852026165
3.5475543810076346e-10
1.507361912225069e-16
8.512109316206906e-15
55.1733039900967
2.5872314568853162e-12
0.010802063140688144
0.0029859678291617618
2.835786802610389e-6
0.0014617906159870373
8.129289193556561
0.008381461936752545
1.6106929697134377e-6
1.1208645022939494e-6
0.0021881503022877433
0.004391781703893511
0.00033742600620376097
0.009021701137874987
8.68344348537616e-14
0.0018034138664725424
1.8937883011428647e-12
0.0021947543673266736
2.580120972273258e-5
9.015354643776673e-7
0.00020997555655721716
0.07743466780814565
5.735071399968431
3.570236086708735e-6
397.0327014408476
2.2060836580415728e-12
7.491758584447889e-5
0.0012371210531580505
0.0023385047880562708
9.856562250696852e-16
4.1638459595851424e-8
0.00013144654958145016
1.0473484345365365e-7
8.007866120671297e-13
2.3080759301110914e-10
1126.6702062103836
1.3726959601828108
6.414866277111165e-9
3.278536338559873e-6
8.84529846608913e-13
5.332447119697511e-12
1.2172184600390936e-8
0.04353890503882436
0.0005164084953325189
0.002433892296403073
0.11427589437605026
0.00023892089172366355
0.37393257098566274
3.751099344146848
0.0016648995795391559
0.00011788266700247502
509.27042915369077
0.023306103068199167
0.04527454746460541
9.48088509783717e-29
0.001272920431522795
1.527965620389792e-8
0.6601821897206679
1.3737619137535874e-8
1.9378610421699407e-15
0.002287361918520274
4.394470648681827e-8
0.001528567607953757
0.046537342486481954
0.0005950233209828203
0.0004781290705036415
7.77444818736336e-8
4.862490290611324e-7
1.016088505644518e-5
0.00012650188640992056
2.8981919706912805e-6
1.828175914038889e-14
0.0052342733530692225
0.004661463591784595
0.0025088509409543613
0.011705155043441495
7.477597405850105e-10
0.008173919900807299
3.903814724770541e-9
2.401438755660116e-5
6.441515674949339e-7
217.38652638454278
1.1868767748794362
5.233388364224202e-5
2.0154348170800973e-6
1.6388684750533338e-10
0.0002340750615054808
0.00035154476156976474
0.00517997364655212
0.004308368385583369
7.561167011079472e-6
3.812723077257014e-5
3.419709247619184e-5
1.6129477538786943e-7
0.012745942770213426
0.0008059904012329867
1.960150179459941e-9
0.0010831236345756109
0.00024261771823719656
1.0
0.004693784898433185
1.7622261730758673
2.624560031556287e-9
0.0008144695671012439
0.0009390151154662293
2.758024890018943e-10
0.01134367148269301
2.3887873036848787e-11
1.275472122164251e-9
0.06581275681021441
0.08977153750358159
6.9693484486969725e-6
1.0
2.5070560377791313e-14
6.368487145177046e-8
0.0020095664615783874
0.01124736971803914
9.285385373747496e-7
0.006530928706720702
5.685050670874923e-6
2.453899859253854e-11
0.00011143252294347597
5.181378568655108e-12
0.0005914847299346018
0.007691987465512974
1.4714163443560646e-14
1.7202154896400762e-5
6.43652216123341e-8
4.0698808646931206e-7
0.0032493843820408006
0.009350352588889485
0.011600599132804132
5.1980099023651604e-5
7.702644004903492e-7
9.365231488674104e-15
1.0
0.0007940851300021125
2.3764076680970704e-13
0.00010189243187950942
0.06750243039976639
3.954460993354708e-10
1.4110557539339245e-5
0.00011196329134137218
1.47215692763e-6
8.882060045493959e-7
1.617935788450855e-10
5.738847650862222e-12
0.006064009599756543
0.0003762297131050542
0.6398504201550419
0.005221050518187085
0.15902710228951872
0.11130039082304051
3.735973062749462e-6
3.2220455892582217e-9
7.642979841949508e-8
3.407691035295073e-6
2.1594043164338052e-8
0.000437921616463785
2.001220123959839e-9
0.000195908251128294
1.7957741183997677e-7
2.14023015237272e-7
2.520554977836612e-10
2.99848199017268e-7
0.22998875871770233
1.0610526189159318e-6
13.8600474681602
0.0018589937536320313
2.7082357815733734e-5
4.081459403496127e-8
4.5470757326788544e-5
0.0004520510856782729
0.0014486918795964551
2.7540643289563e-8
7.369886268011546e-12
1.2535595802430934e-9
1.4747656066014171e-6
2.3035079371272215e-8
0.0006956869267885263
3.5203845879653525e-8
1.683218000374007e-6
0.021266684845204716
3.6336620195398315e-6
3.874527097805326e-9
1.9345724154007695e-7
0.0006132640884928799
7.527695253244017e-26
3.4089124360606254e-11
0.004381772807285842
2.4858976004966548e-6
8.036826517080312e-11
0.00011384392232958154
0.00010604609273329689
1.9308201503254503e-9
6.940009916410253e-5
0.003718234067673254
0.03352874053958782
2.4833334622371032e-5
4.846568356076688e-5
6.532750544573324e-9
3.246684903863795e-9
0.1342033722804383
2.059742595012225e-5
0.001435956311872562
1.0
8.678199156649294e-6
3.7161144720793304e-9
0.00021414164201952242
0.00015129059212340968
92.33401980698028
9.984410620720352e-7
1.2177501716189314e-8
6.148492982734825e-9
1.1150439855821781e-8
0.0004506749772109095
9.38978608824021e-7
6.916133640502725e-7
0.00019161793617773022
5.515665835634863e-7
0.0006378329421606139
8.3067012050255e-5
0.00015676910699962145
0.00624604374654167
1.0341652480256065
0.001449331665720047
4.821006098103285
9.46452085274358e-5
2.5992760399917642e-8
8.651755630612246e-13
6.369546930897341e-9
0.0001338539399672138
0.0010947642945239285
0.00017605474840818797
0.005655444939331782
0.00061234677217939
0.0001956970031740244
0.0002540244439230589
3.285445098113829e-12
1.1354472591458538e-6
1.1478322665828304e-5
0.00010828388387603071
0.0007165847610886383
25.197621657172235
3.8312616311353585e-10
1.5163329383194644e-10
4.688279202705615e-5
3.2360662671600566e-10
7.8989319052015e-6
2.870487076563536e-13
1.1780892006721655e-8
1.1440276262496789e-7
5.9031537316914714e-5
4.4693007314128034e-10
0.023926977068553987
0.0001568548388560042
1.4199635020748245e-6
1.5610681032814367e-14
0.0007337665183471035
1.9742477715133043e-9
3.6114623620600972e-12
0.0004859919243034366
0.003235792688935281
1.6233242843612935e-25
3.0114963628771205e-8
0.0006132349998621739
0.014739525909541704
1.3112364292250965e-7
0.0002559970971912009
0.03405961264583733
0.007651312729880749
0.0009172323436111784
2.7272425607656213e-8
4.2289605767934635e-5
0.0009115803373636976
4.300791272830317e-5
1.459462218652933e-5
0.0005316658845178039
0.0005227469452654323
5.710173172392731e-6
4.847213533778925e-6
7.454511834600121e-5
1.5482281113689467e-6
8.038064077687155e-6
3.2620696440300445e-5
1.2215474215258583e-12
2.9916802275943155e-7
3.460331908294962e-12
1.8372313667946265e-8
1.2832401163277006e-6
0.015278976476175023
1.0
1.0669085013964066e-13
0.0006074333239131194
1.5870897602466916e-9
1.1073546032608282e-11
0.05849657727299945
5.259386406405589e-6
0.00023987456091677605
3.060991520549737e-7
0.0008612500766764199
2.5539907352068137e-7
4.343882369776263e-5
5.599388179754606e-9
8.131759196084844e-5
8.099883467086416e-5
6.180277242020868e-9
0.00022603101122233552
1.2055423404571353e-8
0.00016422888461627602
0.0011662033877130385
3.505783404155743e-7
1.5885748406335086e-6
1.0
7.490938703650186e-7
4.916910722724109e-8
1.5282184772639017e-7
0.0002518033384335418
4.5575038243494664e-5
2.068319865643633e-7
3.1367455199245945e-5
9.68797863913242e-8
2.9614699774335164e-8
4.199994155585176e-5
2.8498634084727183e-6
3.6526804293900334e-11
1.8920958122016003e-5
7.415701113782841e-8
0.28114448885163623
1.5495375005137402e-12
3.11799710795369e-5
0.007030631603532416
0.05108737074998445
6.803463948222612e-14
1.5193395264268724e-5
4.430211665497251e-6
1.0912558718846412
4535.234271846642
1.2585379827240357e-10
4.886693037444557e-9
0.012110370309404499
2.2990023622517952e-15
52.42930248753129
0.00042715086263567736
6.921832709377598e-15
0.0001464212090437073
0.0007655635610207429
2.3702251540271192e-12
2.466719877638528e-6
0.0021578474965138752
1.8563003494514366e-14
0.26094170641135583
0.0034567763366088176
4.597194217452749e-12
1.3471149370789572e-7
3.7749607845465395e-5
2.145624130481089e-5
3.993309355116465e-6
2.8557581151928818e-8
5.517711074726673e-7
0.08434851376645375
0.006980854723740942
5.0426922253107904e-8
0.004693678761114115
4.08719105357229e-5
4.2038052582417265e-7
0.000957241694139158
2.7625643810032274e-5
0.0018410041334923593
8.67475902113537e-9
4.714494692056195e-9
2.111731548988096e-5
4.313317176923459e-15
1.693465902273762e-5
1.4345789902600623e-5
8.686882461928668e-8
5.884689035212571e-12
2.1780622983426027e-7
1.246778957930748e-7
6.538386593750132e-5
2.5339368794105414e-20
2.150001967157539e-6
2.9866870091491205e-6
0.0006413916581808586
7.450232339088065e-7
5.6288961156794136e-8
1.5093386877329083e-5
2.781266452654603e-5
2.987913345234108e-7
2.8613027256637548e-5
0.0033558947872216307
2.179201576267446e-5
3.7320967164570054e-6
0.00650855854792603
1.0057345520218227e-6
1.7954327134839774e-7
1.6396684450769685e-7
0.0904920697977084
9.430250420855185
3.899314602574775e-11
2.7390002602524316e-5
0.0004762059437956927
1.826026405908994e-8
3.5988117801268034e-8
2.1413615928952802e-5
4.320000998739103e-9
0.00013710462366206625
7.553873933121607
7.724734033435072e-5
0.006632744116831415
1.786005951163144e-6
0.0004922381228788091
0.00011797293462189167
0.0012597459690298649
1.897868292036068e-8
0.0077053791011676065
2.541658398417349e-10
0.00035029119524847285
5.0523882941276776e-8
1.6900857895472686e-5
2.801315435424815e-5
4.911104961808735e-8
1.8324871458012112e-9
8.778989445554704e-8
0.009110164697119161
3.3582753694344906e-10
0.005494464765815876
3.559076900329651e-5
2.54490068446294e-7
4.696725006768611e-7
7.735694965554971e-7
9.85474151052716e-5
0.0012847733353909248
1.3154280165376894e-6
0.00014123920492792774
3.6359434155563485e-16
3.6216510635489024e-6
1.0651885917393246e-5
4.9770966124429156e-5
2.217726600416587e-7
2.0479111680653945e-8
1.4950298311635607e-13
0.16392271509344533
1.154695983954562e-10
8.67462560214436e-11
4.568535964324605e-12
9.397669166953538e-5
3.776278326002721e-7
6.024390803361266e-7
1.711916455688303e-6
3.2751333150726496e-6
0.00036508742661125234
7.856296143681002e-8
2.055285729350877e-17
4.357015271824738e-5
1.0844576613545811e-10
1.1152223602064625e-6
9.074335129408816e-7
1.0333120641767864e-6
1.5799302450373597e-8
2.8026980805052116e-12
7.079792328615662e-8
1.4614286836611432e-8
1.3373192511706672e-7
1.9375104110734993e-8
9.381718417185393e-7
0.009758436466937173
1.7521727471933073e-9
3.1082135311150995e-5
1.5437671286984735e-6
1.7723481755524655e-11
0.0025868592298886857
1.9966731108073155e-6
2.172171966690235e-5
7.982434236994787e-6
7.248254035379559e-6
8.031981958518878e-7
1.6118078180626651e-6
3.2082664092371615e-6
2.510992507087639e-7
2.8277824751641404e-8
11.663638486959403
3.909177592289219e-6
6.409975860364248e-6
9.79683968308506e-12
0.00017670312884363444
3.255279166356708e-5
7.963882494531704e-10
1.7178968552564596e-7
0.001939505427721715
0.00023407532602451745
1.6371317610275724e-14
6.922969920325727e-10
0.00021097790660702735
4.683227886565992e-9
2.294087024370754
0.001208494493232055
6.150971104023207e-9
2.3328215096471147e-7
3.983060116625517e-5
3.476776114506205e-15
2.608168639717361e-6
1.1676428364919074e-6
2.9235295195503165e-6
1.5505840028997423e-5
5.084548635501029e-7
0.0002140400544375284
2.062591355677134e-15
3.211797619672232e-5
6.50607741008089e-7
5.64070251221846e-13
0.0006440363511258441
7.93885729908852e-5
5.638735611652674e-8
0.00132816821850164
3.5015279529543514e-9
6.836366880248255e-5
3.263972943463228e-7
6.035262052670318e-7
0.023943655668053197
6.36236050658537e-7
1.0654089002944316e-10
0.00013963873267647757
