8.080683073694866e-5
5.340616382696589e-5
4.7837852312938586e-5
3.922342292895366e-5
0.000122471217270818
7.581696638985141e-5
3.760675366287898e-5
0.00011041458295645414
5.1558476269753944e-5
5.367711719771417e-5
6.410775305032163e-5
3.115461731650821e-5
2.560369731188388e-5
6.573314128990498e-5
0.00013884110075604457
6.078404640756627e-5
3.999293364923866e-5
4.6363005547887185e-5
8.06836833659811e-5
2.5172795240753388e-5
3.772070840703255e-5
0.00011285816319203888
3.3638933329938426e-5
0.00018193833217636002
4.417705176804335e-5
4.773493571161695e-5
0.00034298540054135797
4.7977768118055596e-5
0.00013028432156043888
5.171452552636018e-5
4.209287218924209e-5
7.154215422719101e-5
9.763072688967722e-5
2.9298817700903082e-5
4.2645171833780375e-5
3.546510740203421e-5
4.8322472286102536e-5
5.6311784376608393e-5
3.892584303892722e-5
6.368823570665602e-5
4.9303294983788554e-5
3.389053246068253e-5
6.335860276050474e-5
2.5058424750830218e-5
2.6475480606013737e-5
0.00013162001562975445
3.185650479912203e-5
5.1194863416151894e-5
4.709673641953577e-5
7.095758717286143e-5
3.726495020591769e-5
0.00011569973115869284
7.793745339866781e-5
4.351322382960648e-5
7.071739628865518e-5
4.338562161257266e-5
3.663192513515162e-5
0.00014022618320574462
7.433148264372288e-5
7.856794791753426e-5
5.1799000527813677e-5
6.225582020788625e-5
0.00010910798741667268
2.6226397026195655e-5
3.6062204034345566e-5
6.390131370070912e-5
3.093125381077265e-5
7.791623165790976e-5
6.446998004833614e-5
3.1395958464151986e-5
2.9620514928592144e-5
7.365551412327409e-5
4.2475756489455e-5
2.434286970310384e-5
4.013580574790361e-5
3.8041328593476766e-5
4.343285778794205e-5
2.7994491066507966e-5
9.054756229042616e-5
3.816994311294773e-5
5.892382811556808e-5
0.00022236898631988194
0.00010128457741817923
9.885378764912286e-5
4.521954746611386e-5
0.00016299548457066623
3.278873825240019e-5
0.00014586113667343958
0.00016862589975808032
5.1006063459088935e-5
7.167728806951797e-5
2.8954605202362872e-5
3.519339241799374e-5
7.593800482489395e-5
4.862283668037431e-5
4.2812836351253975e-5
0.00015753414928705583
9.555711195195218e-5
3.241976744869155e-5
2.9335099444895264e-5
5.358113605013752e-5
7.855418621587828e-5
7.395967666478245e-5
5.8196946974978844e-5
0.00010768451139535443
5.631192547110931e-5
4.279950058786181e-5
0.00019103689232604883
3.4324613508330576e-5
3.882046471630699e-5
0.00022623912327641643
2.8487226073816633e-5
5.982368748021298e-5
3.299809523714573e-5
4.4112310152323793e-5
3.9168856645963775e-5
0.00014780555602413167
5.665005251415829e-5
9.943087126196386e-5
3.2987701181966955e-5
4.064508571211729e-5
8.111524712187944e-5
8.22582213563999e-5
6.748892664501146e-5
3.5697895481246494e-5
8.439091312376971e-5
9.029270232962502e-5
6.406577802255437e-5
8.363439260942596e-5
7.728083139146012e-5
5.100066469406156e-5
3.547865204052895e-5
4.29435957134887e-5
4.020064073315483e-5
0.0001677121297323473
0.00021191297829931008
6.153371979612004e-5
7.714846089537346e-5
6.610213145570895e-5
3.522037628133554e-5
0.00013268217093704071
0.0001234381133020437
9.365077700874554e-5
5.3290334929399075e-5
0.0001369623159095871
3.908414033982859e-5
9.252163680547355e-5
4.4316073128391974e-5
5.259642913745243e-5
7.232033186723284e-5
0.0013955781523386467
3.951788251070562e-5
3.446373002156267e-5
3.6225575360156016e-5
0.0001024209679637149
7.474334777697352e-5
9.155176139215327e-5
6.464995600582174e-5
6.747766962346104e-5
4.115897403952684e-5
3.2950341080496374e-5
3.491344909491877e-5
3.1370967089897834e-5
3.3344965529462126e-5
7.24361164629405e-5
0.00011516457835455344
6.347793691150644e-5
3.7879426332724096e-5
7.23653648102789e-5
3.147523922151843e-5
4.252885590261686e-5
6.493256258006921e-5
5.7184907300867676e-5
0.0001392903817371207
3.5633791851557905e-5
7.053786337739688e-5
0.0001354675008548703
2.4742557672776394e-5
3.383544849695279e-5
2.8392894526811976e-5
2.9041031311205817e-5
7.598032583271305e-5
2.4290252450316558e-5
0.0001235035373683877
0.00022553471740391638
3.278466331875548e-5
3.1226412948423193e-5
3.1079238631238425e-5
0.0001902387014344433
3.4731342956848606e-5
0.00017389332377610198
5.8649815700293796e-5
0.00010123848248355503
0.00010682818089690198
7.792851684703468e-5
2.740823119887745e-5
7.455080922662497e-5
9.690868185804258e-5
3.864762748563545e-5
4.3109967005239667e-5
8.638441015019139e-5
0.00010135077574137401
3.599602150067484e-5
6.693308176457748e-5
3.5413637586492806e-5
4.1993583029378e-5
0.00041152256803055705
6.349022078411987e-5
2.640576596864185e-5
2.1525588564104644e-5
0.00015874648858784035
3.593434491010541e-5
5.4190774261155015e-5
5.264601886881775e-5
0.00020351219189479033
5.8964242072973645e-5
3.222675087646644e-5
3.569970598494314e-5
9.878460969059893e-5
0.00015203237570399802
4.373743249103127e-5
9.776926969650472e-5
3.4444461669412115e-5
0.00042726307268491304
9.551110340497888e-5
0.00015819944418161478
3.534340191579227e-5
3.2701927574747654e-5
4.953629705749314e-5
0.0001273276763627243
4.60368841646383e-5
6.324333299967383e-5
2.7641399932321413e-5
0.00014252658758175213
6.614994962705416e-5
0.00010156628880874861
3.4873389912049896e-5
4.3717680288336455e-5
3.936279108006688e-5
2.8589904463530283e-5
2.4326242749137205e-5
3.191740391150707e-5
3.8041831371363195e-5
4.4307965859617927e-5
3.9436742809323253e-5
7.890726316355632e-5
4.3717099608955316e-5
0.00021011683946079
7.466092094622417e-5
3.6187878112152684e-5
5.816606074011404e-5
3.0062823400292676e-5
5.157090424365185e-5
8.243215101468653e-5
5.887424474840172e-5
4.824739734657055e-5
4.816493199936418e-5
0.00011843877544104585
0.00013615769875333447
3.132440206748439e-5
7.063961255787774e-5
2.6905758315558053e-5
2.18511385632496e-5
0.00015934142850734345
0.00016661036762903407
2.633584822002931e-5
8.285098492189343e-5
0.00010306544200871296
4.888649910506557e-5
3.449804214344821e-5
7.670887119945441e-5
0.00044868586604931564
5.082218349472397e-5
7.043775943964476e-5
3.230431989254014e-5
3.8246249552142635e-5
4.538908207795684e-5
3.137280106353228e-5
4.073548704479191e-5
4.312988891576622e-5
7.29493770230333e-5
0.00013436449257905815
5.1797890651874395e-5
5.05118680346498e-5
2.4418255570270132e-5
6.78995206593195e-5
4.338417895539734e-5
9.043655330716557e-5
4.5774312476407704e-5
0.00018761092831682126
4.0404808260669285e-5
4.320269721776863e-5
5.063917048576213e-5
6.922963164158876e-5
2.6873996266450175e-5
4.0294071226330786e-5
3.105267468480478e-5
0.0003281760201340867
6.595749571496382e-5
5.087176093580673e-5
2.9299656449609537e-5
0.0001028743390059993
3.9430615587871714e-5
0.00010225396452539719
3.0759561493286194e-5
3.966659534495514e-5
8.846846384245997e-5
5.513990894896639e-5
4.5317038846416135e-5
3.4298313585537565e-5
5.540159992001064e-5
0.0002833230752364591
0.00011373658843430089
8.155137356754865e-5
3.716543794436815e-5
2.6154638909191257e-5
8.069678327828968e-5
0.0001591114638553395
4.5355631983021723e-5
3.927208855276874e-5
4.470621932636874e-5
5.005561299902151e-5
5.595045241349576e-5
4.705491740581814e-5
3.624262150634899e-5
3.7859405773435114e-5
3.4762000227181064e-5
0.0002922647724801729
0.0005777310364917899
6.779240709072133e-5
4.3499209586101944e-5
3.812626593202133e-5
2.604354213793716e-5
3.747923195267183e-5
0.00015748218502447937
5.1016201688302474e-5
5.088127468649033e-5
2.886358645814842e-5
3.2132474319020784e-5
2.8038141174819676e-5
5.179723442849638e-5
4.1839445070636017e-5
7.39711881922107e-5
6.851822271879192e-5
2.0611131171653956e-5
5.508664530714227e-5
0.00013289173565315992
2.7306542731814984e-5
0.00035581186081787134
0.0001065309004770396
0.00020801464111962336
3.0444681802640267e-5
5.153599272023325e-5
7.788995308879654e-5
6.679744871798867e-5
0.0007003596319170446
2.797802405753488e-5
0.00012045061341633224
0.00011791034621119445
3.553493618427876e-5
5.914956466086453e-5
4.874147453009077e-5
5.5301761166291995e-5
3.577519262421877e-5
0.00011266383009458593
8.650694081399533e-5
2.550373022501459e-5
8.696942142837386e-5
0.0003017970266150616
2.5221846482452513e-5
0.00014112767674885474
7.514876918284664e-5
9.18255341808164e-5
0.00015263972448906958
4.8878509136657586e-5
0.00206417676533464
6.448666597436462e-5
3.95532041216499e-5
6.399205015763822e-5
9.578462022128281e-5
3.428022919258189e-5
3.1163770906052725e-5
8.951011648256615e-5
3.117527435053929e-5
7.426053258128322e-5
4.418958683843842e-5
7.786310669850868e-5
4.5645557154209366e-5
6.573204619726193e-5
4.845677090846378e-5
0.000166707473421438
4.095309940316407e-5
6.754207419623226e-5
8.847069110343182e-5
3.953340496985816e-5
5.989398015471023e-5
9.915119614294278e-5
3.784020857560003e-5
3.120836265597817e-5
0.0004959647037051615
4.359526014069085e-5
2.793481221092275e-5
0.00048490233078844335
4.259766944489933e-5
0.00014084908471867822
9.099228344614001e-5
3.242464113405998e-5
7.358439744651753e-5
0.00039888220633200783
5.4004116155555904e-5
3.710797754828181e-5
4.5679028440421636e-5
5.708980808684683e-5
3.3099189758918e-5
4.1054505889257084e-5
6.029045884380873e-5
7.51422138131001e-5
0.00014008675335360241
3.552800921436829e-5
3.505307745077092e-5
8.953815724165696e-5
0.00010216446722958282
7.718795441333801e-5
7.707672511661678e-5
0.0002481069350212857
0.00012668446621815353
0.0007192608294686894
6.0728020649717754e-5
2.740380471704571e-5
5.101355390687429e-5
5.363003808522424e-5
8.25719621409431e-5
8.72741088991027e-5
3.867976901141559e-5
7.896413386252352e-5
0.00010285767411156255
2.325099370242294e-5
0.00014016878503369013
8.840309835636626e-5
2.17104531358218e-5
8.131039050642928e-5
0.000314665086412308
3.887722916476063e-5
3.7620745156201034e-5
7.698703693237187e-5
0.00012112365236206384
2.5369404342762774e-5
3.501905249882504e-5
2.939594035768065e-5
5.267588837855859e-5
0.00010973096349438315
7.868956581067078e-5
0.0001455859777473367
2.3823996639561277e-5
0.00010296124123048167
7.304865697065081e-5
9.934591626641425e-5
5.073986008382147e-5
3.275115617202995e-5
3.330631218624813e-5
2.9515542379784658e-5
0.0003693877022156879
7.87167643834294e-5
5.426370608062052e-5
4.3533810379396696e-5
4.9869560350613844e-5
5.927411897734928e-5
7.220444706099588e-5
5.7263749926462404e-5
6.594125837085952e-5
0.00019425820790847998
4.636885588387301e-5
0.0001465359316834375
4.785646956730775e-5
0.00010074789048370815
7.168501505441473e-5
0.00016010097743455697
0.00018867631000122806
5.2963710418747776e-5
0.000261746114925567
5.287378651803425e-5
2.6696552432761404e-5
6.2005714477725e-5
6.82149921691649e-5
7.797482208059309e-5
0.0001493027509794656
0.0001180955630394962
0.0001253882588838244
0.00010575611532578708
7.847545868592443e-5
3.8449902799718105e-5
8.842747835134042e-5
9.851408925362401e-5
0.00011106358881156022
6.253966569542223e-5
5.857660809944203e-5
0.00010349555430206391
4.1719341784343345e-5
0.00018833866660378863
0.00016598971595003378
0.00012421196701480804
0.0003894710745679222
6.139934487154824e-5
3.686243519217065e-5
5.470776244783183e-5
0.00013824786636767753
5.457995703633085e-5
3.574160840067693e-5
0.0002533730449604551
5.139246422450626e-5
6.0024700506297276e-5
0.0014048980863390578
0.00022771693038503088
3.7742462923889365e-5
3.169497869894933e-5
0.00014932362686445992
2.2776702082014423e-5
6.510017598146727e-5
8.327945417463375e-5
7.297372070116482e-5
3.9540403612496266e-5
5.9916667781526135e-5
6.456658241029106e-5
2.4462903566056493e-5
2.560542218107056e-5
4.605461627008038e-5
5.594581442094464e-5
0.0001023711780096031
5.972128831739885e-5
5.815178222275635e-5
0.0001111689558327078
3.081700170668411e-5
3.068047300919762e-5
4.0344367031105695e-5
5.2069334487075955e-5
5.119760076534542e-5
6.63648861519274e-5
4.407069088135385e-5
6.463185837239554e-5
6.149228862737713e-5
0.00016934403800808267
2.5259931998798138e-5
2.4739640670302256e-5
3.275333862591768e-5
5.252752979611912e-5
3.3251076058491195e-5
6.540909331604244e-5
4.151380693613743e-5
3.7258719341165133e-5
7.586346259397693e-5
5.9858959548751994e-5
6.512430324515183e-5
0.0001152990382072308
5.8889813138376034e-5
0.00010091732468292632
5.710617272586454e-5
5.6639856882499625e-5
0.0002022229624246917
7.07648144406534e-5
2.7827517174794834e-5
5.5398286263764565e-5
0.00011016790824214424
6.713637013476821e-5
0.0001383177724545336
3.0227478482177342e-5
3.939791877204894e-5
8.930199143769338e-5
5.5970172746325004e-5
5.454818232251529e-5
0.0005521917504532278
0.0001159004087351403
2.56810399898666e-5
9.1194254865242e-5
0.00010733178202576102
0.00014377992795245714
3.9155316626637385e-5
0.00016581289015056385
6.668811678673912e-5
0.00015462748468332042
5.114481298262778e-5
7.480182921488979e-5
0.00016775965917916515
4.503171521395192e-5
8.740937337294572e-5
3.147320541507862e-5
3.132093521598342e-5
7.983735386665718e-5
0.00014295455652523476
0.00011426614882798793
5.812164319616784e-5
5.915564579278574e-5
0.0001602638324839861
5.2776726920352624e-5
8.508265986835489e-5
5.989437614986712e-5
4.598744927481775e-5
6.296846305711407e-5
0.0001611636099240251
3.286314249327917e-5
0.00027909709370661003
3.5335688306872395e-5
0.0003275449447304694
3.649994156187522e-5
5.028716537039316e-5
0.00029797823688890976
7.59972947969089e-5
0.00011301717724356627
2.8377230380337257e-5
6.247283369386356e-5
2.386770451752767e-5
5.180663175930573e-5
7.505993710729842e-5
4.4941997817072405e-5
7.183786003233277e-5
9.096441898066572e-5
9.729040505494308e-5
0.0001812169822049603
7.11635819705056e-5
0.0002854430950679335
3.512974150535195e-5
0.00010746575173423003
0.00010699399932690734
2.966388963160123e-5
3.856613275112214e-5
5.818834308866191e-5
3.309148342240007e-5
3.3917335008059936e-5
8.383814226001095e-5
3.989556690500266e-5
0.00010121139037589146
9.402166686411353e-5
3.687425169935925e-5
3.509381351539034e-5
0.00034077978173996046
0.0001805112675842959
7.256580152509172e-5
4.9970094028700066e-5
8.12153866008218e-5
6.587917047541328e-5
4.005054695570041e-5
4.4532799614840744e-5
3.8099449461267164e-5
0.00026011626137762583
6.506495382424943e-5
0.0007355004202624029
8.038522416169897e-5
5.415070062804779e-5
7.88307291034187e-5
4.58100052280565e-5
0.00022684065940605644
6.434229791852816e-5
7.692411319441315e-5
0.0001512522323590927
4.8012668489771405e-5
5.8025952599614554e-5
9.173873758740216e-5
3.7525960930202946e-5
7.702635890464116e-5
5.11127348147662e-5
4.4646251210006734e-5
4.974453722201066e-5
6.313456714783611e-5
4.567581491608375e-5
0.00017727720077727186
0.00013540323467223572
2.763199872940624e-5
3.75420537088457e-5
7.784035941681207e-5
0.00041007450208209835
3.378402577956609e-5
0.00014639618415406103
0.0009024183194722498
6.128630699406265e-5
4.282533810565128e-5
0.00031362068885838176
6.436563210065788e-5
2.5132273689937005e-5
7.412147418863175e-5
3.2214988229702084e-5
4.2571768752220155e-5
4.050372378995297e-5
7.914695453671969e-5
2.2292276900963163e-5
6.901496168473902e-5
0.00015403612845396312
0.0001843576707201355
3.175253653935971e-5
4.902533906772696e-5
9.918813056122272e-5
8.238750685765071e-5
5.001555821667034e-5
3.997740640434238e-5
3.961514725408616e-5
0.00010100702856840509
6.662933557562728e-5
4.130611951019116e-5
6.307685876634702e-5
8.082339105599094e-5
6.600134161617522e-5
7.452044485637805e-5
0.0002142281517071578
3.6272137861388464e-5
4.023912558101991e-5
4.778249234599557e-5
7.082137698661771e-5
0.0002314288420916886
3.647018147602309e-5
7.866881179017764e-5
3.145032146997283e-5
3.0092382396930902e-5
5.553160671376163e-5
0.0002900671620465563
5.576594671683666e-5
2.523232720273113e-5
4.1903547010765116e-5
3.749902391563903e-5
2.326660717168627e-5
0.0001004605994812566
0.00017133125774077012
4.886399330596374e-5
3.981194385372737e-5
5.495993935218174e-5
3.397162360291968e-5
5.118946833986855e-5
0.00020876449534759395
0.0001367717203154576
9.650508878285686e-5
2.5805367444678072e-5
3.153370476628713e-5
2.957359445317631e-5
6.8382731999626e-5
6.241676137584996e-5
9.304079373131261e-5
0.0001282789091458356
7.867578645995723e-5
7.086485071593954e-5
6.959424076394972e-5
4.1638415029780606e-5
3.419716467721762e-5
3.617547252044984e-5
0.00019273975417729596
0.0003380723378127527
2.7415272393293466e-5
8.482321035379172e-5
0.00047745607932105197
4.5160275013528756e-5
0.00011847852261196786
9.078502590352979e-5
0.0001749374229549901
5.081645483178959e-5
8.367794834337454e-5
7.222684896889529e-5
3.1431619523934775e-5
8.435298839020484e-5
5.475646296538618e-5
0.00012899236133927892
0.00012598821109400835
0.00025695260861361395
7.98956570976022e-5
2.8725962655067904e-5
7.768847671322402e-5
0.00011866481497124656
5.477406079660864e-5
3.594460418703679e-5
7.797445146472095e-5
0.0007380323269420288
4.178812207361161e-5
8.999827418084165e-5
0.00011916832327988718
5.324393302274374e-5
0.00020203301600233984
4.782828282011268e-5
8.526067790692521e-5
0.00017432222813694234
3.988410570621751e-5
2.5082873202839274e-5
3.6643197844001356e-5
4.9370263730064524e-5
4.0029211013456754e-5
8.477707414382585e-5
0.0003828484237887919
4.772940614624397e-5
9.862699437424492e-5
7.62390078006374e-5
0.000129895358405275
9.606101530377897e-5
0.00010537831908917679
3.740611218958439e-5
0.00018185340393340227
7.453957276857199e-5
0.00016654004538668455
0.0002329124798377904
6.123062299297442e-5
8.015297658662392e-5
4.484463307849024e-5
4.04988033774326e-5
4.988105551186148e-5
5.378497819383733e-5
0.00010994000827367173
0.0004036443976122112
8.789892951987762e-5
5.890962182258675e-5
4.4218563497348916e-5
6.36184242477258e-5
0.00024464433413176113
0.0001748441993674219
3.848786341409873e-5
7.000101100792302e-5
9.58242319648492e-5
7.624371709756654e-5
5.495383285512816e-5
5.764204319023677e-5
3.90977220071593e-5
9.950846672478745e-5
5.992054020180992e-5
4.989673059902118e-5
4.605893670815309e-5
6.420146748322591e-5
8.896646393505971e-5
3.91389416197457e-5
0.00018958595920978529
9.251870268939079e-5
8.262314667446524e-5
0.000453797993047284
7.016152899870039e-5
5.338961703246544e-5
5.832395674792605e-5
6.708509972428752e-5
0.0007894790376055301
0.0002795519561938374
0.00034548784721331725
3.796988373798767e-5
0.0004893557336331044
0.00010509742272217858
2.9567283036862045e-5
0.0001077188861621374
0.00016507346476400968
3.464331940694096e-5
0.00016486217379195998
3.9069613938770015e-5
9.48494624885665e-5
6.455524388775714e-5
0.00030729893307954853
4.6804740372033003e-5
4.875274686199195e-5
3.198984285203487e-5
9.282916839817335e-5
4.854381341617453e-5
7.292456218793211e-5
8.863706861603256e-5
3.741097922121321e-5
0.00014509972698496622
2.8435149243457278e-5
2.5056366643195824e-5
9.651656633978989e-5
0.00030807820156003455
2.9337376668976172e-5
5.4229397256405294e-5
0.00013321808843224156
0.00013901832083743597
2.2432098823219774e-5
7.381613947803959e-5
0.0001395995803323855
8.408418401348918e-5
4.958422508457934e-5
4.5853275152773934e-5
3.302508430574235e-5
0.00047461626017947873
6.811388144589169e-5
5.0076336924238346e-5
4.4071822523478715e-5
0.0003488590997763134
5.158234457761906e-5
6.25707877133465e-5
8.499190887490237e-5
0.00022254165468565043
5.356019531516555e-5
3.658261310474527e-5
4.038213652671054e-5
9.896623340782749e-5
8.814350259336146e-5
9.895056987624603e-5
0.00016620376857577138
0.0002645741548269429
5.985258911191304e-5
0.00023811436303430744
0.00010260927910800568
0.00011366459470655722
0.00022974460125395566
0.00026958858853850604
4.248142255131952e-5
3.991968977202406e-5
7.60919286104334e-5
0.0007052127195703313
5.4421684115989294e-5
5.118650565407356e-5
3.7554414897902736e-5
3.111066863356707e-5
3.4695578814626144e-5
0.00025424514522544517
2.635474371581437e-5
8.43515705655281e-5
0.0003997236984262945
3.147120840220366e-5
3.371963474106232e-5
3.759792267948743e-5
5.782511767997113e-5
6.0710229124982916e-5
3.610657926829071e-5
5.772796525233702e-5
6.46855738876734e-5
5.619767999459483e-5
4.1156751389910446e-5
0.00023692459131753949
4.832079738751875e-5
2.9489106353896652e-5
0.00010678846944617843
3.297918563691693e-5
0.00034253604427515294
6.64596174008182e-5
3.094977585603511e-5
0.00014082222362462796
0.00033718875445958615
0.00010625940057639589
0.0002569993070020635
0.0003106434883983594
4.085515156167996e-5
5.0025829394439124e-5
8.897408719166721e-5
6.451520439064684e-5
7.487722211006582e-5
5.0254078473515355e-5
0.00012991051007079906
6.057981958333458e-5
6.71349567176448e-5
3.598647080722593e-5
4.5310190310108924e-5
0.0002403976881673091
5.762622473445465e-5
3.8252913465293605e-5
3.1440768103648594e-5
0.00017349232711725283
0.00010120203183407712
0.00011744408786940705
4.372658843810567e-5
5.120974920382128e-5
3.987319357845863e-5
0.0002537698341140771
2.3492306054439897e-5
3.648064639232478e-5
4.539669373196464e-5
6.899680104154748e-5
0.00013099804351362007
2.969660365555119e-5
8.951706868424154e-5
0.00012285393549421041
0.00014009492407050745
4.229812362223378e-5
6.499966843541691e-5
4.537226123059498e-5
9.926300127168884e-5
0.0001373538832506144
0.0001550654849154131
6.52746915098041e-5
9.768788479972188e-5
0.0004595147956856164
0.00011856244938894829
3.154588036569479e-5
0.00012059961194096489
0.0002054484115568743
6.42058138521947e-5
3.7966240311873125e-5
7.720577014154643e-5
0.0006431594316156659
0.00019665230596458455
4.3587196902779686e-5
8.884042375951605e-5
7.292820748284733e-5
4.8314925739399416e-5
5.7329532790902535e-5
0.00011186192838347611
0.00010621541695212173
5.837887333240241e-5
7.050101368491105e-5
0.00021170046683001407
3.788700838031981e-5
8.181023945202851e-5
0.00012067708795431096
0.0001136558930522271
0.0001195365223137679
4.637818311888976e-5
5.5502697221352625e-5
3.5922687560154725e-5
0.00010569415701164352
0.00010032748107309326
5.570674090354222e-5
5.6757148343202284e-5
0.00012945869034806348
2.64132461042113e-5
4.6670740328256875e-5
