1.2085759435527089e-56
1.5013873806525994e-43
6.456411253679282e-43
8.554159701548319e-45
7.789996629454563e-47
7.847730465131831e-47
3.284204482820759e-46
1.681873666787564e-50
5.591304917481611e-51
1.4498377307824125e-6
1.067110482044878e-44
3.67224748425005e-59
7.539874616483032e-55
3.0918925342440517e-44
2.5747475063050174e-46
1.786922917846004e-43
4.728331757472638e-58
3.8485569478131656e-48
4.74484454125381e-46
5.7524582440173984e-43
8.993130511743903e-44
3.551599427542851e-46
1.450836460325278e-45
6.828348286780875e-45
4.428090792254612e-17
1.497083349767948e-47
9.521703799372086e-46
2.597750350181002e-46
1.614995555806906e-45
6.224181739312809e-46
4.605114730971781e-45
8.796641138920996e-45
2.6062470715738046e-7
7.180905940552486e-49
2.6885139537852593e-10
3.3005879296803126e-46
5.541373255870767e-51
4.744844720854889e-46
1.0124544514388935e-55
9.961335365326197e-48
4.6190186246398284e-45
1.3280960157813303e-51
5.640028853379344e-47
1.3355982685738015e-51
4.579243676085728e-45
7.810549583172355e-65
5.2986455018048196e-45
9.640127754903356e-46
1.1322668704699268e-46
3.815495038683285e-48
3.8128123274175745e-45
1.0050330508010376e-47
7.1585883803277e-49
1.004267950090328e-47
4.74484472085486e-46
7.145218065051329e-44
3.901818735332283e-46
1.722137012021169e-45
4.076685024827344e-45
5.025145463298685e-50
4.735241351551862e-46
4.736406040662671e-46
3.850800325252434e-48
2.0525371768780612e-44
6.12825255675619e-46
7.90100894512052e-46
5.736262578765233e-45
1.1221554622988726e-46
3.6880313399502977e-5
1.0017613652470897e-47
1.4917351351931905e-45
2.4969214862783802e-45
1.4642377045032426e-45
7.154417970461434e-49
2.574747506305022e-46
3.938468665911388e-45
4.7448447208550306e-46
9.808878620933036e-46
2.117753259839228e-48
1.3753201982242323e-45
8.371511256470014e-45
9.290002070092064e-46
7.956388035161884e-48
1.8904310734527273e-47
7.901008945120777e-46
3.983912025050085e-45
3.3005879296803025e-46
4.788673868160347e-46
1.6616518633281015e-45
9.724613572657361e-46
1.6103899905304493e-46
5.763756899628437e-46
7.415695787534625e-46
1.822209330901106e-47
5.630874359728557e-53
4.787235255096455e-46
3.4417299249002486e-45
8.659910558632873e-47
1.9355021330168337e-48
1.6201163222783296e-45
5.589505185905227e-51
2.3188954028625746e-45
1.532760712740813e-7
3.8745726207540304e-45
6.52005033394868e-46
3.815495038683291e-48
3.815497225305384e-48
1.02888314236305e-44
6.850650702319968e-45
1.9564164806974273e-45
3.713804079253511e-76
5.832300551037131e-44
1.652317234940335e-45
1.7222207719415246e-45
5.671063100808455e-45
1.2320457987141053e-45
1.1238389755855312e-46
5.541373255870761e-51
4.631890647530254e-45
5.630446426467468e-53
4.618923421344798e-45
5.612177179944561e-51
2.2069771471039853e-42
2.503343163585232e-47
1.6147102800083702e-45
1.2661074158235286e-44
2.4455155104348057e-58
1.1203663987124749e-47
5.804891953703542e-46
3.763972177942123e-45
4.744844720854944e-46
9.46137922932995e-47
4.0417730602656e-45
1.0017613652470897e-47
3.713984708280864e-76
1.1238395771070225e-46
2.04505701200919e-45
1.8904311450090352e-47
7.092960370634965e-49
9.45410622122023e-47
6.5200505807446754e-46
5.3774971516919575e-45
2.780472405924724e-49
9.724613572657685e-46
1.1318790861217294e-46
2.503343163585239e-47
1.47589578606766e-46
2.5109041685879594e-45
3.923859634600863e-46
8.144775816296876e-46
5.572678781836045e-51
5.067511127578587e-43
5.587885757681873e-43
6.684972386178968e-48
2.0157907679245693e-45
9.724613572657363e-46
4.098238729133765e-47
5.306304123073255e-49
2.5747488844081195e-46
1.4634081479771662e-45
6.789988811374122e-45
1.3126041500797756e-45
5.572679991627173e-51
6.789988811382221e-45
1.412165593159189e-43
2.2949924148385907e-47
6.117647032398284e-46
5.605081706479998e-51
2.294992414838601e-47
4.7448447208550306e-46
6.1814820740028575e-46
3.806663319462768e-47
6.520050580744446e-46
2.619654069474236e-48
1.963619294208605e-45
2.206021112785793e-47
5.588319597236393e-47
7.743110891858413e-45
6.5200505807446754e-46
2.2335643834572232e-44
1.1378164589932975e-46
1.0133983143677642e-47
1.90111139078743e-47
1.2361246146246003e-45
2.0037948771716036e-44
6.243917137991608e-46
4.882420022497141e-47
6.5783008383740884e-46
2.0890170861528384e-44
5.589389979767237e-51
7.901008945120905e-46
9.961335365326214e-48
1.95751655560694e-45
2.8159978967926584e-49
6.27477876440639e-48
7.351838301241229e-46
5.630446426467468e-53
3.849582890655457e-48
1.3280953049340474e-51
3.6931207307807214e-76
1.550124093870957e-17
5.73165671611787e-46
2.1373154004450137e-48
2.7127417809337863e-44
1.9395695330653565e-45
7.261574983078802e-46
1.4639795018307716e-45
1.151849038669595e-46
4.027328962975688e-18
7.432627170579238e-44
3.473576581336199e-45
7.09296037063496e-49
5.541373255870769e-51
1.4634383111274564e-45
5.884032955194581e-47
5.580589333736895e-53
6.128255836830709e-46
1.1360664041635341e-46
2.5977503501810186e-46
7.442997680726282e-46
1.1203669983752966e-47
1.4912549748609412e-45
5.589389979767242e-51
3.6306083210149974e-46
1.328095304934065e-51
6.848824952375023e-45
1.7210353482771766e-49
6.664984870378656e-48
3.726398340157055e-76
6.969269000413958e-46
5.42710953262328e-44
5.59157164219524e-51
2.78047091771064e-49
2.399362947619208e-44
1.600214035899348e-45
2.5970580301417592e-46
4.744844720854916e-46
7.415542941506537e-46
1.939570571194209e-45
1.1238389755855312e-46
3.4097222522595593e-51
1.0017613652470913e-47
5.720321506580457e-45
3.8154951831067636e-48
8.66186445853476e-45
1.6147101109090944e-45
6.520050580745206e-46
3.7389137121256666e-76
1.3445630697207076e-51
4.0960562335854793e-45
2.5747488844081223e-46
1.6302703250945719e-44
1.727385320864834e-45
4.744844720854861e-46
9.845561170854033e-46
2.4155410045972238e-46
5.663766258078409e-43
5.54137304611955e-51
1.6616516793879173e-45
1.4784135912811314e-45
9.521703438957928e-46
1.6232032867591742e-44
2.2264324456295036e-47
9.521708895751081e-46
1.0047652019212959e-47
4.6207262892288695e-45
1.6206604898502902e-45
1.681873666787564e-50
5.628945870076254e-53
1.3355985585232181e-51
5.541373255870764e-51
1.3280952546632085e-51
3.156279536682657e-45
7.133029189240545e-49
1.9505273927959822e-45
3.8154951831068316e-48
6.627543852030411e-48
3.2773402546935944e-46
1.184248446746406e-45
6.848966117423879e-45
2.78047091771064e-49
6.789988811374051e-45
3.573054743796084e-45
3.8962721918005785e-45
3.8370505048672826e-48
1.992365466862069e-47
1.122155462298871e-46
1.0053508935496952e-47
1.7274209249991575e-45
6.274782122907344e-48
7.901008945120521e-46
8.530766476390313e-46
1.2444741113715333e-45
6.789988811402661e-45
7.8477259676784235e-47
2.5250870044056117e-47
4.5566905433063245e-45
9.512577373323397e-47
1.1238389755855312e-46
6.686754456618231e-48
1.9934954745861326e-47
6.274778764406391e-48
9.779554088915099e-46
3.901816646931169e-46
1.9568976846773182e-45
6.828348286789174e-45
5.2986455018009135e-45
3.935626398409626e-46
7.132680727097576e-49
1.2657960781642341e-44
1.1342379651996408e-46
1.729353690205313e-44
1.6523172349404806e-45
1.1189648433050091e-42
1.1238389755855318e-46
3.919118080343768e-45
1.4750359670613435e-46
6.556885062618518e-46
1.1284948610552685e-46
9.779550883270973e-46
1.9518996467115237e-44
5.589389979767192e-51
5.882838197990252e-44
3.8495828906554506e-48
1.213389228791122e-44
2.780470917710641e-49
6.789992445659566e-45
7.847726264729361e-47
1.379546212875688e-57
7.157211247432363e-49
3.9736528940779814e-45
2.5747475063050263e-46
3.7852787031850516e-47
8.767616163061636e-47
5.589389979767197e-51
6.198708282674999e-46
4.0982387291338007e-47
0.0070985077204793225
3.7139847082808443e-76
5.572407755532181e-51
7.20414641941077e-49
1.0017682743109077e-45
2.5033431635852384e-47
1.9011109780690038e-47
4.5044242981953823e-57
1.1238389755855184e-46
5.67592261361258e-47
1.6740848612804549e-46
2.780472405924733e-49
9.809080797383062e-46
5.592560107916372e-51
3.7639701633217113e-45
0.10374613234327322
1.130187885022397e-46
2.5985302143990747e-46
1.8437972306337863e-45
1.6757418991533326e-43
6.52005058074507e-46
5.63867427832683e-47
6.5200505807451445e-46
3.3192339584345683e-46
5.657595906669579e-47
2.1881854217336805e-46
3.693122707479805e-76
6.556885062618591e-46
1.8904311450090377e-47
9.724613204562781e-46
7.629210596378849e-45
1.1307332562403786e-47
1.0053350734925059e-47
2.574747506305022e-46
1.6206604898502902e-45
1.6002148923948286e-45
3.237116806063665e-45
3.693120730780722e-76
2.825002880530342e-45
4.785959420834961e-46
2.517486138496196e-47
7.020783833384816e-47
2.5970580301417853e-46
9.25252092708065e-46
6.003745853361389e-48
1.6091760457951256e-45
2.162840729314581e-46
9.845165972577106e-46
2.0716751069801618e-46
3.8495828906554506e-48
3.001408190600791e-47
5.572678781836051e-51
3.693120730780721e-76
3.936675552102346e-46
1.8683479053131893e-45
4.0303486286533284e-45
9.809080797394527e-46
4.134031991313345e-46
1.0982159771689031e-43
5.59157164219524e-51
7.092956574214052e-49
2.381879642347128e-46
6.520050333949105e-46
5.215233778334218e-45
1.358077621403819e-45
9.52170889575063e-46
6.167217164410672e-46
5.263255911904987e-47
5.59157164219524e-51
1.4688219376794426e-45
2.162840729314578e-46
9.566317188823195e-47
2.8753349489942764e-45
1.7222211458243685e-45
7.351838301239418e-46
3.4474587345395454e-57
3.946675327561359e-46
3.7389029681900137e-76
6.520050580744927e-46
6.558016461528327e-47
7.1585883803277e-49
6.627543852030402e-48
5.781598148074591e-48
1.6354275425825622e-45
1.3403842979148987e-51
3.8154951831068256e-48
6.5200505807448536e-46
1.8442283162871245e-16
1.1336005520851422e-46
2.1812728810000913e-45
1.3280960157813303e-51
3.960717456024885e-45
1.9068512804890158e-47
3.5256178857139876e-47
7.84773046513183e-47
9.96133574238124e-48
1.907556448709027e-47
9.540831990103069e-46
7.915890994682092e-47
6.385339819799322e-47
7.94525860095697e-46
1.3280953049340648e-51
5.58058933373686e-53
9.961335742381156e-48
1.7125458868095423e-45
2.9016507671733936e-46
1.9752496701705875e-47
1.2710012350217982e-46
5.611843463316539e-53
7.467086400404892e-46
2.175059517597541e-46
4.744844720854916e-46
3.573054608548173e-45
1.6002139753282922e-45
2.2251812467754487e-47
1.5713603195589378e-47
8.074806561515169e-46
8.3673736334229e-47
2.1366733083040156e-48
1.4623643884053336e-46
1.122155462298873e-46
3.6040157303935303e-45
2.225897719668809e-47
3.3304874113325293e-46
3.7100891261367387e-47
2.5892933275646567e-46
7.13302764070816e-49
1.3399605340009898e-51
3.7251221048549554e-76
7.969472220829008e-46
3.0103433536067246e-46
3.725198885493441e-76
6.556885062618483e-46
2.0115395526552007e-47
3.8495828906554506e-48
7.154565434301429e-49
1.9395695330620114e-45
7.731697487518387e-45
1.3355985585232139e-51
6.62754739934468e-48
1.4508364603253808e-45
1.4772399404048698e-43
5.61029278475597e-51
1.7222207719415283e-45
1.890431145009035e-47
1.589426045631778e-47
1.5572665606008083e-46
2.0645776292080987e-45
2.952991810734566e-16
5.541373255870769e-51
4.656162313920436e-46
6.709722316831014e-48
3.815495183106832e-48
3.7950683120424887e-47
5.61006758905606e-51
2.0266974936995795e-45
3.923860486444475e-46
1.3280953049340648e-51
4.5792436760857486e-45
1.1271950042581501e-45
6.274778526894441e-48
1.1203663987124673e-47
1.1203663987124654e-47
2.1815820270644576e-46
4.980648255728981e-50
1.99289658881706e-47
1.9505269693494804e-45
1.6194877544483283e-46
1.007585992922836e-47
2.768193359834664e-46
2.2251812467779943e-47
3.815495038683291e-48
6.520050580745206e-46
5.496046626244479e-46
1.312604852635584e-45
4.884432219370108e-46
7.415695787543212e-46
1.9923654668620687e-47
6.5568843367897314e-46
6.349777844586921e-47
5.78144143325193e-46
1.8667290258098777e-45
3.848636272642706e-48
3.862949508657793e-48
1.136759606729253e-46
8.861526413452607e-46
2.574747506305017e-46
2.0344110591462867e-45
1.491254974862729e-45
3.630608183589761e-46
3.874574694576124e-45
5.628945870076207e-53
1.1238389755855312e-46
3.9741448930188363e-45
2.7692167689540982e-46
6.556885062618929e-46
1.890431145009035e-47
2.2251353832277234e-47
1.6092546609690135e-45
2.574747506305069e-46
7.417519766406392e-46
6.78998881136595e-45
5.659723369946271e-47
1.3400623756024565e-51
9.724618777641956e-46
2.5747488844081234e-46
3.471624518951316e-45
3.849875472173058e-48
7.415542941505277e-46
2.5747475063050423e-46
6.295801769686506e-44
5.628945870076254e-53
2.517696063722358e-47
5.082196705355976e-43
5.588319597236393e-47
1.8904311450090384e-47
3.849875472173052e-48
1.65231723494048e-45
3.8507397296118865e-48
6.224319612289712e-46
9.609657817463857e-46
3.693120730780721e-76
1.1342201169940142e-46
1.6616522240600386e-45
3.559002579058548e-47
8.561752321420195e-46
2.5344779064559705e-47
4.5566929822259245e-45
2.5747474088460772e-46
2.5747474088460733e-46
3.549282926886838e-47
3.596666626392637e-45
7.916561750697029e-48
3.9238596346009e-46
2.503343163585239e-47
5.541373255870763e-51
3.7852807292105974e-47
1.26577087327083e-43
2.1492865502862226e-6
1.328095304934065e-51
1.1238389755855316e-46
2.904545115469061e-48
9.521708895750856e-46
8.739901363335949e-47
1.0017611477714742e-47
2.58916739771518e-46
2.2060199320397785e-47
1.1342584215667784e-47
1.0017124272849973e-47
3.426033151395582e-45
4.556692982220958e-45
2.503344503469986e-47
1.5767726750679514e-61
5.61006758905606e-51
7.84772626472923e-47
7.092956574214054e-49
4.924825700884639e-47
4.113025540679692e-45
7.78287388627531e-15
3.3005879296803126e-46
3.815495183106825e-48
6.601142179087292e-46
8.55694083265743e-46
4.556690543308868e-45
3.3005879296803114e-46
9.724613572657361e-46
5.781441433245267e-46
9.600447452057097e-47
6.198708282674999e-46
7.133029189240545e-49
9.512577733392014e-47
1.6201163222783296e-45
3.7798435003785124e-48
1.3122313211129382e-46
1.6200512912287037e-45
6.600896178919874e-46
3.81549722530539e-48
1.657558240954463e-46
5.628240337044986e-51
1.939569533062615e-45
6.5200505807443005e-46
6.595061168495356e-47
6.462604105584695e-47
1.1343006927606561e-47
5.345983702903615e-45
5.572679991627173e-51
3.059809230879398e-48
1.4508364603253005e-45
7.737282260910172e-7
6.12825255675619e-46
2.7783768565792186e-46
1.1377707873352052e-46
3.938466557892298e-45
6.789988811410868e-45
3.69312059098928e-76
9.52170379937089e-46
7.351838301240806e-46
8.017714532320825e-48
5.541373255870767e-51
2.5747475063050384e-46
6.117647032398347e-46
2.6043490449061163e-46
3.2370500853579894e-45
6.167213863482452e-46
9.961335742381168e-48
8.483255942176075e-46
6.24171647965779e-44
6.600896178919425e-46
1.0974539240320476e-44
3.816766566681111e-48
1.8604998856284014e-45
4.955457935383948e-7
3.693120730780721e-76
1.2315903471645896e-45
5.59157164219524e-51
3.7389029681900137e-76
3.4724784064276624e-45
7.09295657421405e-49
6.520050580745217e-46
6.349781243230235e-47
1.1381986308233717e-46
1.60893707104088e-47
1.1284952309651661e-46
9.521703799371189e-46
2.78047091771064e-49
6.520050333949034e-46
5.541373255870767e-51
4.7993955860627035e-46
9.961335365326197e-48
1.4273553667201346e-16
3.693122707479805e-76
1.130375773725102e-47
8.65991055863295e-47
1.1203669983752966e-47
6.1176503067964855e-46
5.649996603383492e-53
6.789992445663621e-45
3.693122707479805e-76
1.8542134040284818e-45
2.6303340509914363e-48
9.724613572657687e-46
1.6782191131837617e-45
7.960898811464313e-48
6.627543852030402e-48
3.960716596179929e-45
6.685110173997307e-48
7.4175197664065e-46
6.1672171644115784e-46
3.693120730780722e-76
5.61029278475597e-51
1.1284952309651688e-46
1.2209849682524135e-45
1.1238389755855312e-46
3.726576492595867e-76
1.0843613284447822e-43
3.614133691409199e-45
3.819096456119323e-47
1.4642381475620886e-45
1.998201162230333e-46
2.9936121377192817e-44
5.580589333736848e-53
9.607501032316619e-46
5.736262578765233e-45
9.51257773339204e-47
6.595010757800888e-46
1.3288798317427497e-45
8.767616163061648e-47
2.5110268370605653e-45
1.9505269693470995e-45
3.7139855145620074e-76
2.054330381626926e-45
1.2619855805193744e-44
1.9497853589168525e-50
1.3283453495837035e-45
2.5985718914337525e-46
2.2251353832277404e-47
6.003749066795161e-48
3.605422834952444e-45
5.572407755532176e-51
2.7443560997041252e-46
1.732234805062167e-45
1.9011113907874227e-47
4.579243676085714e-45
2.6294162301288725e-45
2.5401892089100323e-47
3.815495183106825e-48
5.610067589056065e-51
1.3280960157813345e-51
5.591572227767909e-51
5.61006758905606e-51
2.5747488844081195e-46
6.241716479912292e-44
3.9253676551131635e-44
3.901818735332294e-46
6.167213630042014e-46
6.776601730944713e-43
5.541373255870763e-51
1.1238389755855312e-46
2.1816269929088655e-46
8.483255942176072e-46
1.614080099777656e-45
8.115796498702955e-45
7.092956574214052e-49
3.815495183106831e-48
5.541376221825102e-51
1.6999615601700854e-49
3.848556947813128e-48
6.1282525567563106e-46
3.735580061492941e-76
1.9752496701705875e-47
5.591572227767914e-51
1.3257316171673705e-45
3.7251221048549855e-76
8.554159701548318e-45
5.572678781836045e-51
1.0844652410339689e-44
2.1177532598392275e-48
2.8392745779171225e-45
7.174503377274645e-49
3.2530491799957055e-49
1.3355333119745863e-51
6.128255836830709e-46
7.351838301239314e-46
3.3005896962808784e-46
3.823297825165716e-48
6.68675445661824e-48
3.7639701633202576e-45
2.5257080796862883e-47
1.9505267534290737e-45
3.8507397296118865e-48
2.2342069644884476e-47
2.218482657626661e-47
3.725198885493441e-76
8.483255621069168e-46
4.744844720854974e-46
1.8904311450090384e-47
1.1411684194410567e-45
2.218482412046877e-47
2.2251812467779948e-47
5.6497698139826005e-53
6.627543852030402e-48
9.779076338960332e-46
3.7950683120424887e-47
5.759963212026801e-45
1.1203663987124749e-47
1.1300978126838703e-47
7.092956574214052e-49
2.7443560997041307e-46
2.2184831392443505e-47
6.62754739934468e-48
5.612177179944561e-51
1.5094355389437178e-47
2.5971115596015172e-46
1.0836082680604764e-44
4.7448447208548595e-46
3.909671735048969e-45
1.9505267534290532e-45
1.1335629984077172e-45
3.6844792943863094e-47
7.916562050353494e-48
3.538195351244556e-47
7.181173556345717e-49
8.483255942176419e-46
4.4501242606565973e-44
1.5914381002138957e-47
7.419865564755547e-46
3.8154951831068256e-48
3.441731767047513e-45
6.243917137991608e-46
2.0125496146985833e-59
6.556886486074724e-46
3.9384665578954763e-45
5.797552831024165e-46
7.419748806815969e-46
7.35183830123921e-46
9.961335365326214e-48
5.619617020210845e-47
6.520050580744446e-46
1.9752496701705882e-47
6.422780418048821e-47
1.254896821076263e-44
1.6092546609684696e-45
9.961341074068005e-48
6.627543601165635e-48
6.850650702319968e-45
4.80367859107643e-46
4.744844720854861e-46
1.1221560629192765e-46
2.531796438129434e-47
2.6549354001723228e-48
3.815497225305384e-48
7.901008945120516e-46
5.541373255870769e-51
1.1292825334461287e-45
6.263891680073971e-46
1.9923654668620848e-47
1.3280953049340648e-51
6.52005058074507e-46
1.1238389755855296e-46
1.1367596067292576e-46
6.173065787813187e-46
1.4340689629365347e-45
2.286970018594902e-46
2.7804709177106314e-49
1.1335771872711682e-46
2.597111559604484e-46
6.876746701463534e-45
3.849582890655457e-48
1.1238389755855316e-46
5.605081706479998e-51
3.4724784064244233e-45
9.961335742381173e-48
2.2184826576266613e-47
3.621855201647231e-45
3.5932400207554684e-45
2.5892933275646754e-46
1.5094355389437202e-47
7.351838301241333e-46
3.027202802605101e-46
2.8645595610861423e-47
3.806662898075816e-47
1.0088614961269702e-47
5.764036594555966e-46
6.178241889361306e-45
4.744844720854946e-46
5.541373255870764e-51
5.580589333736862e-53
4.5566905433088685e-45
1.126695690502518e-47
1.1424103751823672e-44
1.328095304934065e-51
3.815495183106826e-48
7.39337350350708e-46
1.956376156703205e-45
1.185402658267642e-46
8.767616163061636e-47
3.5590025790585474e-47
9.724613572657607e-46
1.9395695330624246e-45
7.971596711409616e-46
6.003749066795172e-48
5.644748646514073e-53
6.349777844586925e-47
6.520050580745363e-46
3.850059124638441e-48
7.351842236223904e-46
2.1750592768245734e-46
8.007577738900649e-48
6.520050580745292e-46
8.708834000951638e-47
1.005109436763774e-47
2.2060199320397785e-47
6.167217164410672e-46
5.541373255870764e-51
2.6151094870462486e-46
8.659910558632874e-47
2.5828571581653144e-47
5.59157164219524e-51
4.322167682880283e-45
6.627543852030411e-48
2.951537594074861e-45
3.3303285430647247e-46
4.754448304599894e-46
2.574748884408126e-46
1.128494861055254e-46
1.9395695330653562e-45
3.901816646931195e-46
2.574747408846093e-46
1.3355982685738015e-51
4.621541732634312e-45
2.574748884408106e-46
6.078416032873608e-48
3.3427606125840787e-46
7.969472220829204e-46
3.7139855145620074e-76
1.1238389755855312e-46
3.862949508657793e-48
7.156325185037464e-49
3.937920529844237e-46
3.726115142612244e-76
7.351838301239312e-46
6.633409576944495e-47
8.659910558632874e-47
3.862794450864613e-48
7.092956574214055e-49
2.206019932039779e-47
2.1628418869494343e-46
2.240601705123813e-47
1.890432156839892e-47
2.5033431635852384e-47
2.4969214862783768e-45
6.27477876440639e-48
1.122155462298873e-46
2.0309804623023327e-45
1.1203663563045277e-47
7.918817522548581e-47
3.713984708280864e-76
4.882417409241111e-47
6.055893915232305e-48
3.7510144339285925e-76
1.1203663987124654e-47
4.6377541583117605e-45
9.565852991494032e-47
6.664985608173789e-48
1.7029468072053906e-46
1.6666691318199807e-45
3.815495038683291e-48
1.9200657189937086e-47
6.789988811390389e-45
2.033958641656438e-51
3.3005879296803227e-46
1.462364388405332e-46
3.693120730780721e-76
1.600214892394831e-45
2.5185562894482576e-45
1.9568976846767367e-45
1.6354275425806962e-45
5.764036594556027e-46
5.588319385708169e-47
2.5892933275646567e-46
9.724613204562541e-46
4.805471141391144e-46
9.808878620932921e-46
6.274778764406392e-48
3.693122707479805e-76
9.724613572657361e-46
7.351838022960677e-46
6.3099207067459e-48
1.3596887686802052e-45
2.7961786466930173e-49
1.1318790861217297e-46
7.672283635266011e-17
2.539512229348599e-47
9.521703799371114e-46
3.314295066526371e-44
9.961335365326197e-48
2.620676578348787e-48
5.631143561759112e-53
6.848824952366657e-45
8.483255942176582e-46
6.2093606293929866e-46
4.788672419171495e-46
6.594741148813769e-47
2.503343163585239e-47
4.771651361198729e-46
6.183002483282838e-46
1.185346113130639e-46
6.664987055097422e-48
8.146947039060342e-46
2.503343163585239e-47
2.8046218682953743e-49
5.572679991627173e-51
5.580589333736846e-53
5.580589333736862e-53
7.180885305898335e-49
2.5257080796862883e-47
1.2374848464878115e-46
1.600214892394831e-45
2.9907979074637917e-13
1.3126041003953996e-45
2.1628407293145753e-46
2.2183747620923173e-47
2.8783256759019684e-57
