0.014854571466817845
0.007910880631905695
0.0014440621184428834
0.009608053656494045
0.00521912666369789
0.00390371352061622
0.043776605023118746
0.0026514896569928234
0.0034062708966628593
0.003393572835324989
0.09089501261238019
0.0026654941456135677
0.004987409691509024
0.008900436836799192
0.0050750510240498954
0.001293144217475369
0.003294042689579713
0.004909139011013568
0.003495238973728585
0.004475601778005835
0.003034833281290289
0.014861164788907465
0.004374602237667916
0.008487316201387691
0.001318902986219825
0.0063603657335359375
0.005485906572942582
0.0016463244375436842
0.007473068436609668
0.002340291159471239
0.008379577751011929
0.0038953899696468515
0.006436645948835831
0.0009431487413865198
0.003785256429724404
0.0026106275765201293
0.0026446649809216726
0.003270833357473831
0.004614593836822292
0.00853640836697552
0.0014281749482758829
0.002269271985595623
0.0024946675950474964
0.007230259154955908
0.0055850235306521435
0.003818965493857212
0.003527979018039842
0.007099083956125549
0.006047068465425212
0.003061579624892323
0.005715428328108031
0.007475947372095345
0.004447234913097744
0.00169946589921529
0.009639126054788687
0.009975750049937263
0.008804559828845931
0.003920194847863562
0.0012833190965168112
0.003022209682427545
0.010367740838620253
0.0039598132918909614
0.0019768258842222477
0.007267862304080178
0.003345026243075931
0.0018875281750825458
0.005933689577902582
0.0034274047127274545
0.00609174667572299
0.004846565311035366
0.017472649432505
0.004539903025769223
0.00448896947277883
0.0036023193850090495
0.003281480520451827
0.006760818136576901
0.0011431615972686347
0.01231280802631994
0.0025643293560418286
0.0010448075418365286
0.002120611642000292
0.0070815981358270256
0.0019767608896025103
0.02518619525765619
0.0006021310590394695
0.005490597447304125
0.006855641196320257
0.004680920517392665
0.003386190886386804
0.0034096661291753215
0.025679266102942775
0.012464946601159405
0.002620540481208559
0.06996258238514984
0.009208334431699595
0.004700666606443757
0.03523747241310321
0.0016805067802576142
0.005256319592612795
0.0007825306279856073
0.00945685599754363
0.006211582122727591
0.007458123756179284
0.0032173449153620245
0.008959313476728934
0.017455036897252
0.00669663009229734
0.0017022260012963413
0.002620804852667215
0.0020240966519608004
0.0034161199056723978
0.0012857356610665373
0.009656596625780736
0.001560359740104346
0.0020121307877179135
0.0020757461740942068
0.0006962519007352677
0.00704397913766938
0.001287858476055137
0.0027007825404989547
0.011038455942836116
0.008864079647704247
0.007241575939676492
0.003315595209791991
0.01442012916530111
0.0013912580429081922
0.010398217860857473
0.011235586989108282
0.001758986948679413
0.023741511023294047
0.0011189768874740808
0.0018262164984270807
0.0032385622093112467
0.0014186516863967488
0.004945545448953519
0.0007004706202136573
0.0029842451473926987
0.0018788614200340472
0.005197312084230102
0.0027208928263138146
0.026729728909395033
0.0014374938292890831
0.012489278708598669
0.0013883707893038064
0.0010477363706342278
0.003928013250286229
0.002018169402815784
0.0013190950971619449
0.006545663667929293
0.02063361718910344
0.003470528143024985
0.0018186800627469635
0.004025333825681071
0.0017045125076003524
0.003188050053249356
0.00036527089821475887
0.007730515853580994
0.010697253131046906
0.0006365197439866573
0.007745269315068346
0.001989600503506873
0.002166819503703646
0.0008908772912260936
0.00037595512100607444
0.015648653138809122
0.012283202876838003
0.012920379379229924
0.0014487963763080616
0.003084433383506589
0.037522579423660496
0.0014845431393424337
0.0041985535399027
0.00482904763070334
0.0022361523814151117
0.0026860209789049995
0.01020958857323179
0.008634909253076752
0.012325444658229044
0.00553392745276354
0.011647420199394399
0.0014109978626852292
0.008441639346683072
0.0005907311898383598
0.006592873856981302
0.001425662063778377
0.006661348673645026
0.003962893682095142
0.0002951425569083663
0.010552369746041623
0.0037372651773110686
0.011922558893913924
0.0007443385709510931
0.007716383683053402
0.0024786315110478245
0.0016669380504960758
0.002867863765794101
0.010684871828667794
0.002388546356318805
0.003014910178987865
0.011531055178037795
0.00554996625804263
0.006064888279144342
0.018630641102829054
0.007741649845481351
0.0029403990434103758
0.003327762587987132
0.00843145122257901
0.0028601228308230524
0.005982581553824397
0.001153119998890179
0.00369861183793181
0.012866348053475725
0.004025497875657715
0.0031597284958776125
0.0024109928010139633
0.014794610263742436
0.0030442834135126435
0.014558240654817823
0.000664078299647597
0.00045290954763234066
0.001802304614773958
0.0035156041588258616
0.0036161101028770195
0.0011451489686133277
0.0013922486527107585
0.0029974606184839363
0.0027780730117588914
0.00338237843751805
0.001480265108499959
0.016021794854122952
0.04587304135406408
0.0007299049289176508
0.016013364147883676
0.0015388684125018533
0.003627160674074943
0.001954890953345944
0.008785898205562283
0.0003704432340295465
0.0031562104226564663
0.0017754775595938675
0.011261601837574287
0.004479337676836745
0.0010376062108827997
0.008842218131136332
0.003180715509125907
0.01059056720939145
0.003294727909526565
0.0008267761373037957
0.018894031818835283
0.006104783554011131
0.003446110696809295
0.003862417491367904
0.010255812673973533
0.000756418601512367
0.0014980137372039536
0.030312263037802892
0.0018167594929728837
0.0017561693214441167
0.010543842902709051
0.011531672645827013
0.002055041254117962
0.00393122881388185
0.002232260369993368
0.006022891663573446
0.002446072594224355
0.0023148567838335477
0.012310388680338173
0.0005068166919234234
0.002636553343013741
0.0024755418271544165
0.00602755427543074
0.0016261427769164141
0.0013350688686856293
0.006727968552747272
0.002071874897285629
0.018396352750434622
0.005055985361303255
0.01169621540095332
0.0033723808619118742
0.005962284841758115
0.009971008025305851
0.01431739098867288
0.008067452900949
0.0008817380403126279
0.00773507886395658
0.002460200000457669
0.010580865500521881
0.0018523935146233285
0.005547230904734927
0.0024426398162419134
0.00795730503635765
0.0046184470206801055
0.0022026487112402327
0.005109430112213513
0.0030851883644911725
0.002534270790344148
0.0030931264052971334
0.002455147390361869
0.012183718958083551
0.002138004195378791
0.003628697493790544
0.002462073763195469
0.01314261096513432
0.003073657676319812
0.012925284519832799
0.005348039531608051
0.004117457907687044
0.002511290128921752
0.0037582038673372275
0.011241831344816492
0.0026426497404511643
0.002936329498382664
0.0032326864882108674
0.0012029551091629499
0.002657672052109401
0.0017254089101472457
0.0005283129304155979
0.006243218720688528
0.02557625634037102
0.0015214852500720997
0.0012183258960120984
0.005010853949111023
0.003585875235364877
0.005201718430567623
0.00041299776550905677
0.0009897459879164379
0.002296645771384117
0.00048812166163135994
0.008624413354414544
0.00044989261121169234
0.0007318130138281866
0.003362150679835495
0.002196493251461748
0.007503237357305754
0.0010980392336372817
0.008729428025923608
0.005564690858886966
0.0012125599244464957
0.02771858290106187
0.0003338217799727977
0.0027462313704767595
0.015892439436912615
0.0039952751539000225
0.005150348775876807
0.005528290845048357
0.00856020981724309
0.002830474434992116
0.01197545977425294
0.0005514258586240281
0.0038142623529709607
0.0013116625475630627
0.009287030259161897
0.018739820566130095
0.01029121286344773
0.009795714798976961
0.017077550391883883
0.0057657915814331145
0.005416602756460574
0.0025109705233411213
0.002550467408402677
0.008468919047307196
0.0024988844470580137
0.00045199718969844515
0.0071555275860777055
0.0005083666577585721
0.0049840423909933386
0.0022601439036352595
0.0005152160443002852
0.00042681360221667416
0.008131089827640497
0.0015128403110553426
0.020551168456122395
0.0013485087728423207
0.03002235288006558
0.00047850868288465767
0.0032934581997101416
0.00993071088288835
0.008239176267618971
0.013144542372648175
0.0006376846906530201
0.003766162214420309
0.006509588108317604
0.004298748441132088
0.003150303027985556
0.005866580001381515
0.010732928752440106
0.0016649867105393641
0.003696837031275924
0.0034934663354730714
0.008284034584422771
0.0050912292862968465
0.004487713530884597
0.003410423629523049
0.003569375516919753
0.0008446120138194907
0.0010341290025459712
0.0006655345115642213
0.007440183124229784
0.008928996897466469
0.0025671871393008697
0.004313731703389596
0.004362682777773178
0.008121485938668415
0.001783216783310093
0.007658388946425014
0.002430294010648725
0.0016006549588120664
0.028373711230539857
0.013453289736785057
0.0010111253601182868
0.00021733434571329799
0.023981974277178
0.01167473973580038
0.001387635562292073
0.01966551282956385
0.001442408249058395
0.002630610511623036
0.00224261620100068
0.006783788812769381
0.002925056246986926
0.0005066504873275322
0.047743773518412115
0.0013056954238010756
0.0004993466141414465
0.0091436624135342
0.010893718696415963
0.0030759917225212322
0.0029200667535559106
0.0006226314913826491
0.0008630539312025942
0.0026604248888050784
0.004855245303365241
0.0005160437129498214
0.018027583607377516
0.004538333326426622
0.003544966242142607
0.00114545217136619
0.003991644206598454
0.01597664688864356
0.029577684648774277
0.0057885586463021724
0.013311630338108765
0.017925321832864674
0.022613348550534585
0.002724044180650778
0.009148135132694196
0.006979157312131554
0.008873456889644672
0.036219434965923315
0.005053470239745775
0.0027842226380539394
0.0022103182732328064
0.008178780923268238
0.0012826218189098924
0.006275676531490028
0.0014435226205816972
0.005239718122333634
0.0034806653527642848
0.0015305770834032875
0.001260386720437575
0.0007627848712814272
0.0017820474692065746
0.0028125833401755024
0.03166234733261737
0.011244018253912705
0.018497836854242805
0.0021836972215452627
0.006339394135110158
0.0009624860391457256
0.004670406725206773
0.0037885965351013955
0.0020723935165940814
0.0022328159426019388
0.001548476229495014
0.04026751225400588
0.0017467859619627235
0.0015551225033408854
0.05805822008187915
0.045201333510445134
0.00068379120110615
0.005325057189435507
0.0011587685298604553
0.01008737327813101
0.0013543628802703258
0.009397515339636724
0.0066823476191938645
0.005066829851300711
0.0016172974835703985
0.0028449260735607467
0.0038359736320868294
0.0023693139376236515
0.0009506664149373496
0.0013414839521710368
0.004303376283839265
0.045400997010368566
0.0020400338174663287
0.004920956507621933
0.0073018658925082655
0.0007415521207385736
0.011778476853996947
0.0018327179312372995
0.0012739865987016629
0.006148610702806106
0.0023082088906649276
0.0003854497031571104
0.0027834905145648556
0.001712204691966956
0.0021460006097950425
0.02729335454871058
0.044262858989641746
0.007616561843716107
0.003012341591231845
0.001265965963541845
0.000551737919060524
0.007546115847493916
0.0015214521049508713
0.006715704874501331
0.004682935763794228
0.006274245763110325
0.003533057980465581
0.003178436130869653
0.001925642153762305
0.005402452728761519
0.0008258059858909177
0.0034788747874376674
0.0012134914224989476
0.003400462022461053
0.0008227812241781097
0.0007944023628107155
0.011733158127003714
0.0013646903272033228
0.010507202476305509
0.0008131356319196404
0.020816302246892706
0.006018962798876985
0.005853200609734444
0.0009099353603146139
0.0199930065954391
0.0011987614817460985
0.01933621654241913
0.009115811567832857
0.006709508636021082
0.004486335495820469
0.0008778371875358249
0.004140570675686032
0.003212912069666228
0.0029275605056263356
0.010546426897767596
0.0033428219839190436
0.015228990008520082
0.011449356576494433
0.005287092278677379
0.00849617588279068
0.009688243499228748
0.01828493045157938
0.0002620250699946526
0.006336011240577755
0.005820972071045144
0.00044951358255298726
0.003380006027443388
0.021345472693414667
0.0002975240127554931
0.0015692963455744102
0.0016992321557414585
0.005819124881740342
0.008388859012271438
0.0030443846532746395
0.005124524394493713
0.0024756757952581047
0.007005517964818816
0.012436407488181925
0.00041334227922362125
0.02259527016727847
0.006116111732842949
0.005905882621463012
0.0022301729707718955
0.00578789664643537
0.0037668990122407676
0.010262272508511234
0.004573720111209416
0.0008997084505520453
0.017734135643649285
0.0023503761503919935
0.0014692352389798606
0.018076264353535907
0.0069677464932130576
0.005810940017914365
0.00808408342388309
0.0013193896972385633
0.008159012684998286
0.0018469819356419783
0.0025885585605231924
0.0009291340904830578
0.01392990672757707
0.01969443943309013
0.003933990130878557
0.0043971495183573505
0.017848793008339647
0.002234325039176488
0.07247268703301657
0.0024266514969702294
0.000760078011980075
0.002106218152730364
0.009330079603892155
0.0018133783387010785
0.002842754710450206
0.0012371787190469537
0.0015011660102897844
0.011660973443874017
0.005022995923373072
0.0023324155832153237
0.004286857748075449
0.0006545993840354248
0.006906403306002718
0.011400325387377928
0.008614362352150025
0.007505497882444018
0.013233708853094788
0.0012374803967433962
0.004183105543688329
0.0009731705187962196
0.014690800307439439
0.009028998266183523
0.005860957204240855
0.002298156143281324
0.0047772438321535505
0.023510522283768508
0.002334039173997797
0.0009566737277015617
0.008851628889862606
0.0024323095404962932
0.0012811268695383988
0.004597967169834949
0.019712840816155118
0.0037239923170517032
0.020770502426991928
0.0004626187507258678
0.001804735334183324
0.002410624525498329
0.004781565981848758
0.0004642949873515025
0.00137925467596966
0.004761471199262147
0.001448707633982069
0.0006334273813928448
0.0027644137726808844
0.00020931028311780816
0.00689523586487323
0.014352710189505022
0.003263327394057063
0.0022773230855338156
0.008590452429844261
0.004482018216585767
0.0028846200349319545
0.0008871445734077141
0.00028712129194393186
0.07631936604231028
0.010817500566105115
0.0014378406547068828
0.0006811879892934549
0.0037576717978713304
0.0005650697298917614
0.0017668701012928869
0.02732224348773963
0.0017905752247317096
0.0021415280722343988
0.001083854562345893
0.001228075786414624
0.008224768834568639
0.004237553535486456
0.010017805441751949
0.001613838870622998
0.0032146308143090165
0.01093627718297359
0.001815085979946772
0.005499743347301424
0.005592122096229498
0.0010133552880173596
0.013446925014740957
0.029311497896663975
0.03305612716306441
0.006889247900629165
0.04320766808648386
0.007372250826182503
0.0014349808502080751
0.0047468743594341455
0.0033433951227517704
0.0003205308122042425
0.003774975602505686
1.0
0.003851363456694344
0.00252822146630076
0.009643727257710412
0.0012882123516385162
0.02949913701049059
0.0021912830770748275
0.0014087143261553299
0.0021982531288821253
0.0017320559062906325
0.0004798114642106437
0.006956339938714313
0.001343724924985138
0.0006933860898556902
0.01426069395595477
0.008110745360792263
0.3432030227459073
0.0006502968353927915
0.001678456405657432
0.006312863778453587
0.00042344215346346075
0.0009717509357004483
0.010468515937671114
0.010623190371747304
0.0026002411569460526
0.008562498160820447
0.0022795028025114758
0.0038706987176362483
0.0071048783571133044
0.001996173081766476
0.006188289979350269
0.025561542796923263
0.008694660825650274
0.001386649897944375
0.12916304095825532
0.0017440368492328711
0.006447145607667454
0.0019198253473024366
0.005420435858599033
0.004535898497152651
0.003523181739456318
0.0014445947156840058
0.0032371714035974004
0.002824520486521827
0.00102986558630968
0.0008787947794289948
0.0012207930250504038
0.000774578928030042
0.004145693685836644
0.0010464300812726382
0.0025889099278209775
0.0014174438687691332
0.0009828247911846772
0.3769255975559638
0.008146835928842718
0.0017297738707371983
0.005744694989851168
0.008197006117325477
0.007326534313040671
0.003906487565277357
0.0015523400929719005
0.00496079236943029
0.00265415973139052
0.0012490581433628907
0.0024217570477171515
0.004073280767916759
0.0023573368075031904
0.0239103952410466
0.003116577872101883
0.0008567631613642323
0.02300828827809978
0.0066113504463263745
0.00048181977208774837
0.006161323513953791
0.002382736000578458
0.0035893950217989776
0.009090002289295877
0.005560476035898131
0.002296561509838132
0.001366912677949512
0.026613089595402484
0.0010016489662859483
0.0026852484363345704
0.0012894327249111058
0.012585669898556296
0.006532539699525617
0.008946206648258107
0.006929984696400389
0.03380600710316467
0.010251113394750289
0.004526271050668368
0.0057978100404949
0.0018681236435837995
0.0018306987986310924
0.0017821954088137568
0.014695972367340078
0.0027639257175541758
0.0016511272368610506
0.01702721628810751
0.007938327203006653
0.029219094055020083
0.007879881843480442
0.005769425728236144
0.00022573948457565147
0.008663678713671241
0.008156158799023443
0.014159273444015333
0.0035319881586017266
0.003174160035845828
0.020758908742709598
0.004480867192527333
0.01268422484173927
0.0011679617096742693
0.002373956256494303
0.0008960757811200831
0.0030068545348247593
0.010170471183743143
0.005201641053450021
0.028020104097708012
0.003331225402759097
0.011851815520920267
0.005502535820772661
0.0020339140167852836
0.0009214546526526826
0.006580083486505791
0.011366914230339118
0.0006737285212677401
0.006398113100052715
0.0018851125559385207
0.0055156373375366404
0.0005282109919353882
0.003928233167170432
0.0200784264488678
0.0022932313665037568
0.007475411429516218
0.00042387924252537196
0.00594277507176245
0.04877476624177215
0.0018435103814385644
0.008318143033531209
0.00022209625691352078
0.0018037347593159055
0.004790626206149279
0.005770087778847818
0.000704227985397234
0.0012130316228519046
0.005173557659899867
0.004714989044221609
0.008038566638247929
0.008641177481804924
0.005192332542693278
0.005629614003156255
0.006413634821606416
0.00515341592999082
0.0004739340812173852
0.009954084368283206
0.005857326400477467
0.003668546162048668
0.0022027396310971116
0.0012075579504346407
0.006634297370707488
0.011844993376722193
0.007899019345827298
0.007259274846523788
0.001407325903507996
0.002363114486205665
0.01476663540451283
0.03268945323179227
0.002897462636857613
0.0031553303956443272
0.022292522187513163
0.0027333636967600216
0.02024918865785022
0.0016652251449789995
0.01385997400672649
0.002628372453148661
0.0014302617035669752
0.008305178088843757
0.0013862648719452292
0.004491212222249402
0.004102812611048644
0.0074325568644015
0.006067384781302696
0.0039036294550502653
0.0032251708385417
0.001385095190091602
0.0027869389330723586
0.0004475138179619439
0.004294660319902432
0.0018963628187512421
0.007571235451571006
0.005316244229046228
0.0037679058818388396
0.013990648332592632
0.0033468462786528197
0.0016883229433149042
0.008806590568076922
0.004924894346340591
0.02980669445661062
0.03057777870300723
0.0028145816295307487
0.001842728662019226
0.012886521866579063
0.0036295009779626877
0.0016077275670278066
0.002310798491871695
0.009438712736104223
0.005959829592812561
0.006009363995232007
0.0114365733376264
0.0017473789238535318
0.0008270651691153461
0.012417323829879614
0.004586916684111375
0.010628538262709866
0.0061720440544753685
0.011720314038422873
0.0009353368873221879
0.0011702884751393179
0.0031104423587788254
0.017139224707277634
0.02021892873090814
0.0007060052524232827
0.006157831542072176
0.0023783025323964825
0.007545113145359636
0.021559619674461173
0.009801361035501232
0.002306525775788559
0.0023818649076447237
0.0035275511443814923
0.0038570096574572495
0.000474676296494346
0.006931689029596728
0.0063309606371470635
0.001708055698725015
0.003318455526747611
0.0012968343105574612
0.001465063054485456
0.003841775495023531
0.0006131269072891911
0.0010919768979918314
0.0055376347719021555
0.0008642895931519851
0.026397083229928824
0.008749109319146879
0.018628035741103256
0.0049012549550935
0.0018727230277733374
0.008950521547699262
0.012713786847614839
0.008570802730593357
0.005780905030509676
0.013826919804669612
0.013478686097201101
0.0003763354898881419
0.001659586915036414
0.0011376718608731085
0.0027103547187384315
0.002418578837389308
0.00159272766291073
0.001584959269693308
0.013331300075215375
0.0006109787701233008
0.006546221837102274
0.009197243429089853
0.0028336802884748333
0.0043502461627289305
0.004124231401559941
0.007854147093496133
0.0014147613854871503
0.005661449694435393
0.0004120493229055884
0.0012712125650671895
0.013296896059345541
0.009055828727700548
0.004470555742037053
0.002747727996879703
0.0009018462020462215
0.0008737989484040206
0.0005089043599511342
0.0028955884486393407
0.0008272809146108983
0.020596499947994205
0.02635326265580469
0.0015691585514613642
0.042156257491678326
0.0201555806121517
0.002324874233187994
0.005635263098899354
0.0023071160315182634
0.00968160821897745
0.021448866727078738
0.0017774067314402105
0.005002892460452214
0.003992032318836501
0.007522123061864256
0.01209126669357718
0.0015657006850704463
0.0019190789775093006
0.006778426386296936
0.05818324599696871
0.0014760151266706948
0.0008027344455125708
0.00176628286172139
0.03818229453277597
0.0072403991251188005
0.001778391225446919
0.0022548111307830326
0.008848723541244333
0.00038173730751102765
