0.07545175376882883
0.09388886549777135
0.22052276910272917
0.08759075141592
0.265637542673677
0.5916061070614933
0.3341369483618157
0.0466781525392656
0.061290871938839926
0.030673367818371496
0.04441280512069305
0.5035290355569543
0.025992973254359644
0.16707513221071776
1.0
0.4256778233777208
0.1415042272826208
0.034250121985588515
0.2526525373515669
0.09120498782915176
0.2830114089455978
0.21233012360847864
0.1852176885428453
0.4322572729075136
0.012263470982220184
0.03723200826281711
0.03669419462245274
2.0432202570163644
0.1109471484367637
0.5703204806171442
0.18365386464214015
0.5213969332725792
0.029435857520050804
0.06749631267109361
1.1737151143968005
0.049295944427469054
1.0838220481726701
0.11733029994407598
0.14757614199180502
0.30347417701062523
0.0629500784392088
0.35426706547791514
0.484520322687057
0.058364215197190365
0.03270897118811696
0.1494684496743223
0.5272336823808687
0.058692272955231745
0.2157254675112379
0.12008295225168399
0.11481762102516357
0.31072804121945097
0.12017094842443928
0.2105299968961514
2.1050817110228923
0.8080093608792491
0.807856415372046
0.31838123513981476
0.9283741325708741
0.14006942494937008
0.012080488099567886
3.520245586013085
0.740796127551649
0.4584785162393336
0.3003062968679537
0.03743504374502013
0.07583343211583822
0.08921708781762636
0.05686175947985714
2.727890510321071
0.7381354637910266
0.022412883853250073
0.022271906158375182
0.040919099814860395
1.0361314129718748
0.09840555933126387
0.08695583530121538
5.271308076061959
0.022479148584426012
0.14644501992612852
0.12879293630927344
0.2536071501537509
0.29305455433995936
0.12743729285708413
0.014930490080373627
0.021390923071864947
0.0346041065557324
0.2597213581333511
0.4214436450007491
0.12020672715738874
0.3195060347318763
0.568717056058719
0.131854358629701
1.2196770748261365
0.02766564136138406
0.03696785315713009
0.10460496043555736
0.0396423566777937
1.6185315780863392
0.14272243452568184
0.5114810917065503
0.6718634594944994
0.2093389497568655
0.048592252041107536
0.06104059739318939
0.08556920425444359
0.059412195171048905
0.9550493379041669
0.08174300685954343
0.013710150227793653
0.275267212019855
0.2674497040504094
0.3628799733687498
0.012777756773426241
0.19074630136179868
0.15010262600514454
0.02800706229676131
0.014572247692590246
0.23041480473732187
0.866776257176805
0.05545453014512788
0.031439361306199565
0.2888514298941897
0.20345435092493294
0.0913803475237254
0.1469398272875534
0.6651789022922862
0.010327970390871504
0.009775728168704482
0.2261679992070031
0.9701041931581259
0.5072854597257334
0.017886440154286656
0.01811719548803273
0.1181664983987242
0.009639099213722717
0.12366467867731946
0.15042596773341688
0.6160171122601115
0.15581234860289433
0.043605330101883
0.056029764370055184
0.01233739979013794
0.21809695805465942
0.37823418821185906
0.16010954611856656
0.8579278831253081
0.1360692775654847
0.04945874155234284
0.3921664487583278
0.0721668998893822
0.4062537487812301
0.10878346757911107
0.09302194248084428
0.022695748176424994
1.699733703138339
0.04390524893786764
0.006937267343233187
0.008286146236919837
0.05087855947692762
0.022675819886785395
0.021557234485036915
0.06191885965807188
0.23308741818205073
0.12632108130318553
0.04022268934573583
0.005196669903799345
0.11200684636868156
0.005557060602156209
0.15402050570664827
0.4936613280604534
1.742547669210791
0.20298065160642195
0.06970515573420973
0.27599422724950873
0.32224710711204624
0.07071679489727281
0.03151962820890581
1.3873022324659119
0.05035166199648325
0.1802755845094433
0.14751299307419816
0.14005611264737633
1.1096440165214307
0.17913827000323368
0.1355548166809027
0.024596158637295053
0.35475394051180387
1.2074596839874354
0.008497403518195383
0.004588176927414995
0.006502891587721197
0.007021416026469351
0.04555781061682734
0.11064306177888983
0.058354382099995765
0.1911726175192892
0.03344368617201528
0.09210625754259791
0.1123040401522725
0.035236920469738635
0.014154021098754022
0.020812271780089223
0.005035202691142433
0.7598775572202308
0.03860070963851464
0.06610728588219382
0.006472969004144871
0.23096181128619295
0.11814793211708463
0.7547322702632526
0.019227128121864265
0.2751147613018049
0.006417647941278253
0.05132180360526681
0.6299644072043806
0.010910623787331092
0.0038085872989155837
0.006632053358772532
0.3059930476944024
0.014974654166966922
1.4022941150231332
0.020318270706819342
0.03650870139255881
0.05034931573042407
0.08316414750560976
0.01133537824237926
0.5353690979893274
0.028577006051625723
0.18256166799592188
0.013407489438544749
0.2138452990746497
0.00395978136483169
0.18858595299000952
0.032107394856759945
0.3678054902554901
0.08616711893883035
0.20961483941478676
0.5308399239931653
0.0008830028043466507
0.7512048255119185
0.08960998724317144
1.3012326871710418
1.4610280973449372
0.010372954589687873
0.204295527738151
0.010614247242406501
0.21512609708564978
0.03498118615745065
0.32571748348445095
0.004759877958635157
0.6548767021415965
0.019721134141362187
0.030907292845276588
0.13716960008273238
0.0023126745157480157
0.02524428190277712
0.7019734330975355
0.011437213873530118
0.04080108020746341
1.8626087800607898
0.03436295542464763
0.049862866135349966
0.27035240414065587
0.3601351564564877
0.14752865722984895
0.3951787171109342
0.11794859717841555
1.237283242937527
0.6851795841060841
0.02088765153453112
0.08944069423551607
0.1732275157802118
0.0016099041582369595
0.029053926363763447
0.17783972053280844
0.02710442162852931
0.014208608078493164
0.017814543750193458
0.018407813968266767
0.26761076186899624
0.8712246180007363
0.19278253657726135
0.20988057030668342
0.11115343957615442
0.05539863365763691
0.2460412504323102
0.05033961884778474
0.0012144680021245948
0.8413012812216123
0.6704944333223307
0.8275942625933197
0.10337236207631793
0.9408609343302335
0.1047285523629771
0.00534374386659271
0.07321953590018275
0.02860326856931352
0.12910404773526155
0.0491696660420448
0.8420192687224018
0.040460712273614086
0.035503018949102676
0.04818602737371858
0.09791823854601002
0.015364813130980188
0.08418376164160243
0.36329473882387925
0.013721651712954976
0.10244144942098113
1.232230874931584
0.06523735453049286
0.02812997101237455
0.21267420239326754
0.2374339752658582
0.38121964279930026
0.0016797029053081164
0.037724912090116365
0.005473354879564026
0.06247745551439926
0.015539904834718347
0.030274377991885103
0.017616315441220033
0.9852868664839897
0.07134792721168737
0.03741268033946479
0.0008821680765453902
0.07114302291074555
0.4079955534635979
0.15025907568591473
0.01708698598450485
0.0021473104419610805
0.055681915881261146
0.0016911238483820932
0.44282194942563696
0.04321025656361709
0.06682042446829474
0.28909589243731465
0.032238417039168465
0.14897163036621802
0.002963179813368803
0.41083410810716336
0.02185394197620913
0.08834606563756082
1.41382438713666
0.009351632485346185
0.08131249354001925
0.7412556038875918
0.02757816237482308
0.012046092337533652
0.012416015963402737
0.13013007191349946
0.011285172249232247
0.022927379396977813
0.00604258127403541
4.5910029271582955
0.01354287991063053
0.09772898120293277
0.2877272623650705
0.2495207869485019
0.2016080571589901
0.022608413470975454
0.7004365283344501
0.017150610316574555
0.07723667154287207
0.007843253070657558
0.00600247695026305
0.00027530005626155094
0.01379496714332408
0.43820698081194087
0.03467520495472537
0.2731121186603452
0.011312208188751437
0.07771093918347868
10.596733743932585
0.136393549779797
0.0008993329683822553
0.004031641311460262
0.06300756773719311
0.0009041524270479095
0.1871360482052954
0.0329972382662305
0.015965416380937604
1.918386431972992
0.17123874762897753
0.03308414679266796
0.0752562278193884
1.7499341614067565
0.03351483534969156
0.055787978634447434
0.02401739174237269
0.22494433766108693
0.024401556041937954
0.0627637059573593
0.006477022157520494
0.03295581972139179
0.0005966045310048349
0.07237270878950937
1.0134385975328712
0.021211826788726587
0.4488791781500627
0.45557321421998853
0.04250249592190314
0.16777093952440109
0.03486682142798244
0.017181908233106412
0.0021027195213436144
0.010876710941339332
0.006857942159328248
0.13633958642550942
0.9663982811325417
0.007179364645845004
0.07613618118825573
0.8048525582573633
0.057593487313599985
4.481484320389558
0.21631437293291325
0.034159229452631064
0.010329126301168211
0.03379189213607134
0.19340406253265247
0.19235014230543399
0.0014804253113846993
0.04638896097148675
0.1910093585669711
0.021196934412157684
0.34411652523046127
0.010050283107846796
0.055007470314980864
0.04853019379162196
0.0675303792234592
0.0112157276285002
0.10606941329663988
0.0017725810956969882
0.1319696591858721
1.0
0.0038438433767195297
1.454192146451146
0.48727598993771454
0.44871209717640265
0.001298261226537528
0.4496291027080779
0.06612834494299191
0.12686426397060657
0.0022983405325048807
0.0068220770831638475
0.020672363233482465
0.22472498319126946
0.061732182574182164
0.28030971957404277
0.08058704226778096
0.006062686160250071
0.4291753876469173
0.017843068734290205
0.2596141991957746
0.6619418638297858
0.04082586978957705
0.09717051562979788
0.005993501114793435
0.07593830403685485
1.6601170706209158
0.0021136976167183464
3.033331776141436
0.0014473697787869494
0.05943936993457565
0.0006468299367046148
0.6475691198647144
1.0862469960750523
0.3225412637501831
0.012366409329785161
0.00427099868258128
0.9563582772751913
1.2097891945312673
0.027490266349196504
0.060403751350509245
0.3219316989661286
0.17525762753683358
0.05783790881912312
0.004718282186785644
0.016811087117062196
0.2111699355675389
0.06670769221187813
0.08286708738400053
0.44634309663861815
0.009949684968239147
0.6997091091445446
0.024303420912001654
0.015672478038320167
0.21490983759814528
0.0073680720062635876
0.02763837952744702
0.040750444375023086
0.07191742238264773
0.12562209843946304
1.0314768176771283
0.04631784317289203
0.0016016849124567292
0.0022349243977959404
0.262985632843391
0.35691788153024145
0.0054746394944677436
0.06955351520500574
0.07301500074021658
0.010905902193708234
0.7332484210959052
0.1506192235520702
0.14478358976171662
0.0051360221791246045
0.38673705472764175
0.043929948635850265
0.21691173747500755
0.06911406093007554
0.0198022438174464
0.03487083249675316
0.025429499669225874
0.003672290700149857
0.09317905754311678
0.051562276609890954
0.05944656151739372
0.027796263800064742
0.039909294677875476
0.03890695605373471
2.987889551356612
0.003218792512855588
0.08737316389807946
0.5006738328288263
0.004099293624791498
0.012328633538948763
0.05959745018554681
0.09511849722920546
0.014993364416573372
0.0026614290936887966
0.12470481018864482
0.27533337581794565
0.06806597283341112
0.12540377685984133
0.011269658074897512
0.006696118215877115
0.05018139252440546
0.6688587335770924
0.07305259515374113
9.642214444399631
0.038310573653926594
0.07441726538176076
0.00041174891593888136
0.2915556971661422
0.09266136510202676
0.12380005804952025
0.6218241724353007
3.463777620422816e-5
0.00611996940904402
0.045229675767515666
0.0021833609581690208
0.0011164923018182
0.012900685259604996
0.06155284950389931
0.09182413765346677
0.17446836024274026
0.013682026498326349
0.8484836437470904
0.171059562085857
0.04511993028467064
0.246165139598128
0.008067852278609932
0.06221684480690239
0.14057065439494432
0.08509685018644765
0.005760448460945532
0.01977583712233303
0.004752658022435752
0.006485680086241771
0.005040422427956786
4.504059440916458
0.014537845929369006
0.4101629818043642
0.015692910329389728
0.042826910592536106
0.09962743698043278
0.02971342905458292
0.017681206712615218
0.0029772234056540596
0.008158384636954076
3.623548669161049
0.009147692599787616
0.30245318425440915
0.05471809399437453
0.006108091526502869
0.10907086393886498
0.028176199192918333
0.03460656701219214
0.07525564921219074
0.001839747652496928
0.0007436364008370007
0.02872360611200842
0.005131755592242143
0.09737126204417193
0.006116977770771602
0.19986168852532835
0.13218657886552684
0.0005492615885527432
0.1445616518228986
0.23378127959096096
0.10761849419362399
0.02735287683047724
0.2763475932911471
0.0012968708095858453
0.009205337007423734
0.13127326038774492
0.014533807828720964
0.042867925092153945
0.04735199875497131
0.09207868278556344
5.796272279648376
0.0016465492275344598
0.011090139827348565
0.06301341107159614
0.01014435908519024
0.08859772809598451
0.1539115830742523
0.07253274631070143
0.0022919583385063004
0.00890786982645185
0.010046077495509986
0.016339508176797992
0.004787695599136847
0.039269929677444346
0.07249896990710118
0.015321063193205746
0.020743730353401563
0.08185807015320987
0.013626962057177129
0.03493978589083198
0.0006700455469006446
0.01288808418258524
0.1639608149506085
0.16471862852330188
3.5558989285394302
0.0012770922038104133
0.013060814381444246
0.007526838594620216
1.100089287911621
0.050570701616605464
0.14142016885127395
0.05325687643911336
0.005276273417077815
0.0747236378201366
1.1317352819107103
0.041876564771612536
0.18458108229376427
0.027965556338172454
0.04297213096858801
0.11545077200641438
0.11743499672675241
0.013073459399071818
0.03479840058696434
1.3142442469509392
0.23655229411491333
0.19364636702512925
0.015853057670662387
0.21846042608731345
0.15039409326522094
0.02227438007537487
0.008362306363598688
0.0037547911925052656
0.3895065790103956
0.0017573561212527906
0.015578434749584688
0.003734807904266027
0.0183327970940207
0.0847219103096928
0.03111818868067831
0.6510836754897287
0.050602559524929
0.0015979515591741087
0.0036201836825134736
0.068043741122713
0.04616053479956699
0.0016470738842382314
0.1914494081377888
0.11895970009179963
0.028674818446057564
0.03311128116132072
0.5182485454283854
0.026713523410004957
0.07731458164211776
1.6832625823050367
0.06694598942420411
0.286867269465308
0.0011659176778011247
0.004264832391966291
2.9618370844689403
0.031151662060855304
0.018586720507564825
0.007678599656374512
0.7440953203760218
0.08108786866510856
0.0662502499507684
0.09864311335245357
0.0008550905841492964
0.22318773996900226
0.041239345694666744
0.3238589287716852
0.004680462749861383
1.3666914576544362
0.11727518349527227
0.33774019069566485
0.017231739478385424
0.09636515868282643
0.006356351652388574
0.005314055405375254
0.0037909653144244412
0.0469486780058792
0.0035993858567194034
0.016900516085654217
0.0001766033544238827
0.014261468557397742
0.008486034708447807
0.2216244079150607
0.6697601480290993
0.32308917931196013
0.00883410843681493
0.03363948303891964
0.0020670563754097765
0.014023955881924321
0.012213554186840154
0.004313829611164363
0.0020319529183057262
0.06004956998253413
0.842176470571735
0.0008774195128134213
0.0020276959675562503
0.0006581482845063243
0.00012178238590725043
0.019859351441673077
0.015964417750473397
0.05978596150512588
0.007968589252083859
0.006818946034081342
2.581727033877666
0.04247244693875291
0.0024800748116495038
0.024636562117952086
0.009911642332480455
0.004978313890293979
0.002653663475129604
0.07475923522335653
0.0019283675854594202
0.12398330458573276
0.01954522776948853
0.02018149422572823
0.6494638264053216
0.843262392298454
0.0015537020889721692
0.3379155748311175
2.989507404370443e-5
0.0019588029213999615
0.016686205967553044
0.009653696215201861
0.09128165075168412
0.10739345986552294
0.0101037123085956
0.11238537858469959
0.3938561565304035
13.73378860965092
0.007782758942844864
0.02730658103996518
0.04933252402790048
1.0324025212941808
3.000515526552532
0.1023096600107001
0.03763214988030037
0.008171062299282703
0.02183371807314257
0.18677622789308798
0.047710844311291994
0.0073717015625743235
0.00414849968109115
0.0529846183432477
0.0317451891605748
3.244128951680038
1.0140450730945247
0.014073936488316079
0.014302004006769307
0.022973169869193594
0.003209420157875685
0.004871314699715879
0.5889213173852607
0.0050491843046957955
0.0007403506378111726
0.024896682185307547
0.20933530332884082
0.03690354694484252
4.098086577568394e-5
0.01880402849893183
0.023966104393220354
0.1861440541785464
0.2765233863197651
1.4240066581593798
0.008267187793926269
0.10765186647279322
0.05968649579695807
0.17873837745934498
0.0001569391004229958
0.10503623367283861
0.019033794027755943
0.025494553814028192
0.04813216012562856
0.31819250398574644
0.0036841328873084673
0.007859069055703273
0.002913975153011549
0.00936272839342143
0.023427758515733987
0.8871135398862624
0.051954783747335594
0.006084582553923156
0.061294832530097695
0.5085508860791499
0.028639890010109918
0.00605689350021738
0.21992390947758295
0.05414226116274354
0.06743227525504379
2.324317207708482
0.2216023203655911
0.01382103982746185
0.002002045973375031
0.0014097700748216876
0.30204816818128355
0.03534210185982135
0.04297933100061554
0.00013866252049694538
0.00881123548776493
0.02896494533292706
0.16893246160023723
0.003192637644668989
0.10457437568360743
0.07303403507026719
0.16758537045281638
0.002716221076574042
0.01946721405354493
0.0021660553484023903
0.1144255719969843
0.5247224808625318
0.0037798515803778225
0.13786837483966957
0.26316610979067484
0.014027117643829412
0.07366679216525106
0.04160111674310997
0.016920552663342917
1.4884125824585095
0.0009160176708532332
0.011564779728514971
0.002802726880086238
0.005990620367548633
0.0003859073286056349
8.604664328522489e-5
0.0008062004609954842
0.011282371285949331
0.01854007122851623
0.04408425920393904
0.00022569404753607276
0.015501744497356423
0.0007026955988391059
0.06931246937763992
0.0006064595229334721
0.06859562271230384
0.12704608859440858
0.06231751179451604
0.7074089457485206
0.26695518978826843
0.14307508307051564
0.003218050102803243
0.11290398663937767
0.02266557107859025
0.013330332840098512
0.00738515027600034
0.3109570319601209
0.039385412323093574
0.04211744630279385
0.03302445046831122
0.7248310999120846
0.0057124043141233965
0.03467169709624085
0.03805902786388063
0.04804797457548784
0.078509590699403
0.24459929253921947
0.23733196922475644
0.000346170284621151
0.040455610988954234
0.03288202209748444
0.0004223845779740605
0.007250719158119409
0.01225194055492931
0.00147912673880864
0.09134248552338417
0.03311743168228973
0.005350964923288222
0.00014326395695374072
0.47761805586143574
0.0038012080937726775
0.04192887750216327
0.5511726060696026
1.0
0.012621898343332594
0.008787682846531461
0.18138247609947988
2.0540924284737936
1.72098082354128
0.11424399891580532
0.06244738228265445
0.02526360049203132
0.004098225115202856
0.004905996095928967
0.0023568810414071905
0.009814613399460805
0.05570442471501095
0.45063631502192686
0.06297467901809756
0.005578954887754813
0.004319490596805606
0.007796117926523384
0.018630221760958198
0.0026427287374816413
0.20516620499004046
3.7291205992805323
0.2520152604165339
0.001056125158107214
0.0013733315365336552
0.0003421121912334512
0.0010349266880643909
0.3538674723107132
0.03285983639572534
0.011555147012462927
0.07691895807237595
0.023461917489238416
0.012128307779291256
0.2523760614933658
0.195640154450041
0.18329944003902257
8.343124074954001e-5
0.0025818261333003267
0.01756713890711291
1.315517147082752
0.4541894497472848
0.5851814905065503
0.36874731805445266
0.00010568597063048694
0.0013491350292040418
0.002579001336386052
0.12961257115204602
0.019344536628990598
0.0016715955557364578
0.08464173815603514
2.5017318477559187
0.04841283036457087
0.016311951512342136
0.001232926782426808
0.008969455703732985
0.0007780834152368712
0.026088263121297403
0.05474003854885747
0.0012354334911951748
0.32192895262606486
0.03580231468160744
0.5677847274531883
0.012934427642618809
4.199652718223708
4.392628986224943
0.1784938720170825
0.030154639993306465
0.014923565183830721
0.009018414560893384
0.0021898255152633076
0.014581994391292478
0.06747831570793736
0.002264291507778136
0.03802611733233723
0.16919096868914618
0.0046476559883383
1.0080033383857117
0.04676196385605412
0.6701483427391353
0.5225381787068382
0.027222291965813678
0.0001684586814834935
0.013939986791003488
0.0014399722554531424
0.0012274674064672861
0.011240244217314052
0.03007676169804434
0.06382237849934042
0.007499798277604588
0.0021504881127845897
0.020451773571041745
0.040899038661145734
1.3049604320410817
0.23944773043564346
