1.0
29.95934491620105
2.1114515025453891e-16
0.228440202615765
148.5340965853564
0.2712763607127415
25.549382852325163
0.001790942295000354
46.6627672274754
68.72201746180248
1.0897170489484191
0.004317399758242004
9.450813922508143
1.944707864606768e-18
2.9506629701638108e-6
1.9825704732862562e-5
0.014513258397287234
3.0512181475475416e-20
0.017107919671801412
2.4117519591541723
41.78256050399198
34.110102724919784
8.195856912614244e-7
0.1394106192506953
0.009561046416422305
6.0933836080442984e-12
0.0003260061490043166
2.2366345462395247
3.426982862087963
6.696866321179992
0.17205356962279986
0.0030385823896360597
7.352443206156757
0.008137513199522413
2.6454766047718513e-6
0.01747998930079164
4.131951970829605e-5
8.46626353639361e-6
1.0
3.6137374738467564e-8
7.580637762239589e-13
0.0013953990076819602
0.0001938934404891423
0.43758489632834546
0.006119350241051311
43.22286618761995
7.42082305923693e-6
2.0585603945946016e-8
0.4045878653118655
3.0911463217392994e-6
0.03456053150512046
0.24451677672552927
2.3296553117924164e-6
2.53213528845491e-26
0.013321076667048052
1.2316432687592226e-23
104.13583238040569
12.728129021823143
1.0
0.09077614150875969
1.2112556181550071e-23
2.180001974634589e-11
7.261431359400321
0.0006533892320003728
24.276785334775774
0.39478595646769477
1.1439558295656428e-7
1.7136084937360615e-5
0.0026189594268325195
0.018556764985696042
0.045743927297359564
7.995564560464744e-6
1.4614905533457052e-5
4.274255397900627e-5
100.39187026519116
0.00024132011482257959
2.3292675314406e-6
0.006305949594301999
1.4876061573233833e-21
2.1089685198913596e-7
7.19871490453357e-6
2.4275321306467717e-5
1.222139666116091e-8
26.788658496442768
6.949833618151902e-12
0.004785390286925483
0.010200547274918002
2.1178702236443785e-5
0.18752000133686472
0.0018622291361969068
3.5359937721191093e-6
6.265558405914801e-8
0.0094378003319626
0.005842635935732113
1.0
6.319923421758929e-11
0.03453124278135673
1.1541190078436471e-10
0.003536483274351315
1.2110980481297408e-7
4.919709001795561e-7
3.792471196313409
0.05598910294567034
2.5685337135708502e-5
3.268448841103385e-14
2.265714278574282
5.253937414080276e-5
3.0270040174251835e-6
2.778356851038676e-7
0.40060402581159343
7.5771183251417975
0.003971511370997412
7.985034106481602e-15
168.01383722667975
0.0012729043665514917
0.10611586679314461
3.9717599991094725
5.123081064076922e-6
0.8144566410350004
8.014731640614434e-13
1.354156384765307e-8
1.7050989469701827e-14
9.867009403562312e-6
0.006591335766765846
0.3381674382299908
0.015247033482114343
0.0018416375022201861
8.60773445666288e-11
0.05172515515261681
0.00013943093869342343
0.0015755370430215179
0.013718762208332064
256.236901771914
8.07981595509007e-9
0.002305954161272662
3.2777268559488924e-25
1.509045308335096e-6
3.4453020447194054e-9
7.388417618585663e-11
3.288844605100084e-7
3.1548569640008314e-11
1.3180035241355636e-5
0.00643326875037422
0.0358509509060333
3.457392701229881e-13
9.318508061565613e-7
2.585788891331657e-11
0.17750129304346882
3.0501885424969913e-6
0.9878465704597619
3.606513300519541e-7
0.020690063560043298
2.1200459096835133e-10
6.372763033787393e-7
0.022342208516736444
0.014413289773127731
1.3403832753106384e-6
0.004189958016282138
0.041946577771185024
9.96121529633211e-5
52.25086269708412
0.0027456653390004453
1.5564415011613948e-15
2.9481701623344234
1.0
0.00015709357538046525
0.00034672691219482505
0.2797929611611406
7.005765084272233e-13
0.020777237161559457
0.19202363718370719
1.2421090936052466e-10
0.6869251439024764
3.355214726900928e-5
0.016132879085441018
0.2028893706419902
0.08167911868025625
1.0532649979755037e-12
4.742318630508538e-12
1.368467543837388
2.5770501692512704e-5
1.0917708678875673
2.7962310379966107e-15
1.1754658026483415e-5
2.8623529301809487e-7
9.174383333647324e-14
0.009580790480630536
2.4751105369303303
1.2562714684723085e-15
8.556309509405595e-6
0.00010764287267232283
6.0397358720694375e-12
4.698373593635331e-16
7.190605651113736e-12
0.218023005765279
0.0010748794348061697
0.07724022388629127
2.1541937927169093
27.550763340661074
0.07912977811847119
1.97593947927072e-6
0.00011554450421491333
0.015312274797159825
0.01806300298235549
9.772283320159201e-12
3.133262022224303e-10
5.410274531802966e-5
0.03863487528508885
0.03598495904914691
8.120339080422298e-7
23.79546289049898
109.25427343644087
2.7660890069765184e-16
0.16883627955948177
0.007743186460906181
1.8878942549366428e-5
1.357439823342888e-12
9.847894671603184e-5
0.22222058070145434
1.2428802324710345e-6
4.354916196804239
0.010481823169377097
6.209128581610834e-6
5.955297349101603e-6
0.03058954669056307
4.5524594913299156e-8
0.0002533255503117224
0.2714320841348954
1.0898741550584543
11.607073711736984
3.978636544236857e-9
0.0013055686475382771
0.0002787373011640574
1.5691412492957724e-6
0.025863660101245835
2.8337560927002494e-13
1.888417482404231
2.780874088447464e-6
2.0723605022390545e-9
0.014925525311085253
0.07756550681152026
9.346304667922239e-5
0.00825398506402034
0.18557025913066752
0.00037380009264967974
0.007118160722071865
46.13690162356145
2.1877741895745997e-9
0.015721021357720313
2.00436312175712e-11
2.94788698595635
2.377605740393374e-12
8.086328280886067e-6
3.8455983477823075e-5
0.02491125283430492
3.889166160303736e-17
0.001062869099307097
2.0080588074264548e-5
9.143456769960151e-5
0.7641608428667367
8.842641494990293e-9
6.1905426652028e-7
0.600169194046259
9.018608399758661e-13
4.4972555449477126e-5
0.5528685111703063
0.06381836466687336
2.6720283775594074e-10
6.757065050891285e-5
0.1232446671626786
1.3774271054243532
2.86513352300052e-6
28.25813269245157
2.9018875217023688e-5
0.8257608151818113
0.0011830132488043175
0.007444613242117391
0.00084328268751566
1.3225671137194464e-9
0.0001146884935871924
0.0003808193983945419
3.219572402230402e-7
0.0007046340228974092
0.004828903989275571
1.0932681313797379
0.03557013979227095
2.151266048679428e-5
1.282263470170931e-13
5.942053406079243
0.002566477835708886
0.0019777604126531845
4.479053506134008e-21
0.003174846888728133
0.7693749005087831
7.302916201816922e-6
1.5701739927785563e-7
0.0007048024771226622
0.00017280321402559062
0.00013851212557165014
1.2066995636507658
0.0004147386949506638
0.0003320627041417148
2.4907421273723537e-6
0.00044581839022132016
7.379437858238427e-11
0.12311777791333174
0.008296989084877505
3.5093789260957363e-7
0.17517242178394285
1.2113205578909912e-5
0.01184090162086506
0.0005284120372185257
0.15834974120167278
0.052846602464964455
1.031310671308893e-8
9.021955822979908e-6
2.7400870575463874e-8
3.7815560825675943e-23
1.0395425437256496e-11
0.009318700942911777
0.3830739184097164
0.0011381702221688016
3.4917637648800745e-6
0.5887616428635287
0.0010921746246315908
4.877716490909351
0.00015022949873864282
0.0001724200063360887
1.2626759582623757e-8
0.0001344965419744286
4.665030725215457e-5
4.2820801540936585e-10
1.1837273762150037e-8
5.152089699853119e-8
2.0463324684187607e-7
9.807066221259604e-7
0.3707827207101617
1.4046080433210524
1.1646970448723322e-5
0.0002634671257413148
4.0881363243747205e-6
1.0
5.2824917011530874e-9
0.4864452595954655
1.4029133155495874e-6
7.032818079241499e-7
5.2284260478557055e-5
1.0957248152538645e-6
1.6580898482762155e-13
2.241990884701612e-5
0.00010010648130030626
1.979252148327696e-9
1.1299351417526057e-9
3.4241504525990884e-5
1.313208239072295e-5
15.524079026787474
4.309310104100607e-15
1.5046437148043628e-7
0.09505771355920231
208.63564514688983
1.1920426575864674e-7
9.222959733016413e-7
0.0014046100641876432
4.214695328578479e-7
2.2501001829230855e-5
0.00034567966736931936
4.228567541051261e-5
7.744697306609045e-10
0.00020667935970076107
5.8047023292653825e-5
1.518884442990903e-8
0.04878792703711785
0.0008306623187634565
8.361130929978754e-9
0.0003815764522147113
0.010426332507747493
0.013965118803948726
0.03449039477660253
1.6929826278877606e-20
0.006669113637435453
1.1640917669587287e-7
3.906438390589241e-15
5.631865169135423e-8
4.208200784926727e-6
3.6236872498706503e-6
0.034575887861654574
1.838612017566228e-5
5.137618112428255e-6
0.0006369382890517327
1.4562249013799382
0.0005421694196483276
748.9090302883012
0.015296276859923524
0.8566227668207348
0.42095909966822215
2.841820589131028
2.74296005949063e-8
6.918455887938278e-5
1.2797561953493066e-15
4.0703588325091606e-5
3.1321229243527564e-6
1.8158732170766863e-7
2.0288109279112604e-6
0.053518012747487916
4.7103970491841845e-7
2.1208882138155456e-6
8.996320392983354e-7
9.236091347722935e-5
0.05305552659860554
1.1889789001391182e-8
0.0010978549375075144
5.0442001524971734e-5
1.366889338860188
0.00014724155345322275
1.4781779433301007e-5
7.507419988036668e-7
4.4772887734209185e-8
0.0003411687402668038
0.1872177845765548
3.942825272239623e-12
0.00013022985259057793
3.5641723783152674e-5
0.004018663399778214
2.6758448816734707e-5
0.05463570841844427
2.707980826071769e-7
0.9360699335131987
0.006740051283980727
0.19465528532872028
1.8474256743819425e-11
1.8066675683879093e-5
1.2259160500548712e-6
7.822956849555256e-10
0.0005119653765246434
0.00020784002299997938
0.2292031600042959
1.087417644573366e-8
0.0020591303207324364
18.185681337312968
1.7201621588756673e-8
0.008908394874638622
4.5174946649177497e-7
0.011318995294431386
6.847588990239513e-13
0.28812452768145536
0.009769334328363032
0.0020582742449073302
0.4657074715703439
0.0003581470832354445
0.007560646740815234
9.07290696408083e-12
3.283537171273829e-5
0.0004396681141503622
8.71284262961315e-6
0.16875705230448554
6.850426355720908e-12
0.000315009836276404
3.574250043411617e-5
5.288545789308556e-7
0.0006310244204169054
5.119130834506319e-15
0.0696341809531923
8.065969540259847e-7
0.001037617759673115
0.0011240177597822269
0.012811710875197311
4.2788502865630254e-6
3.245289251040368e-5
0.00164161590529388
5.404957980862532e-6
4.045939695464516e-6
2.0693592290982342e-10
5.1108566857655526e-6
4.8680120583507036e-8
2.734752415291535e-13
0.00766543662642633
3.84208332420701e-6
0.2725510579142727
1.8723054556655118e-10
6.140002285812887e-13
0.0001188098492461997
0.05072468047533595
6.924929519006824e-7
17.770416283105167
1.5081141833210468e-8
1.8286766657703916e-8
2.3391195091703417e-8
4.693452326728215e-13
2.30775121004144e-8
4.272782003165717e-6
0.03426523707002142
1.2818054897412113e-6
2.600032254895918e-5
6.732170832273055e-5
0.9438109439578979
1.3300621321200778e-11
0.7434617741190783
7.178837593055122e-7
2.073884466853992e-5
6.608709058246051e-6
0.012711597633847362
0.00039076328385530176
4.0676551347792697e-7
4.368006514122144e-7
2.0256357482164654e-9
0.017360011417149355
3.862655846781579
0.2467579398601451
4.480998548722982e-18
7.826424028696844e-5
4.5689261343165736e-9
4.760631590907364e-22
2.4076495224163003e-7
1.1143036591336613e-5
1.1866829850288815e-5
4.790743860211676e-13
1.1226628130845951e-13
0.0006291326611260637
1.0147887516629928e-6
0.0017708782798285575
2.7426742622545816e-7
0.0003562035372206616
0.0026325781828378265
0.5148339639074855
1.0667703961355749e-5
2.5769756990584616e-7
7.259855889407876e-11
0.021757699726249094
0.010319864685943451
0.009078616992666013
0.001497469033844379
0.00010833802060780704
1.4461476431280817e-8
0.00018222073646944272
0.0006080857201500155
0.07800276355342009
3.5577106761293677e-14
1.0848230324248212e-8
3.0959241292905644e-12
9.689090568150625e-6
2.8168040053555154e-8
1.159623388337759e-16
0.0005589248601331742
6.610612026648982e-9
0.008718704982812703
0.004206684169926858
0.0059651938588913735
5.949727493923712e-16
1.0755981000034914e-9
0.0030044330702133784
0.0037615380004739386
0.005229880110116176
8.275120485055254e-17
1.0
0.019305154867285117
1.1966509283525013e-7
0.0005102480512537963
0.0004060106503487449
3.7068208022935584e-6
1.4650209106613812e-7
0.00010440636194899186
0.013043317845088444
2.3154767623234118e-7
1.0700212296954074e-7
1.9318463102362092e-5
56.510276279670656
0.0030356441704485937
1.3101519956484143e-6
0.0005307103739045239
86.64328384232925
4.425176923532409e-10
0.00016752082738281793
0.045524704624842344
0.16131090647092966
0.40377554894443857
7.300460348297814e-7
1.954710096799744e-12
7.451863533113693e-14
2.647347330833754e-9
7.837526986791521e-5
1.9859602592826973e-6
0.01190795403246778
6.436708175610236e-6
0.061010916127306844
3.540752650627312e-5
1.3049796915469683e-7
1.908785406049864e-11
0.051826631828180356
0.7267912628778365
0.0015560589762478594
3.325272208951818e-7
1.2878742708870064e-7
1.2830540006985194e-8
8.75956694304786e-7
1.6735421951987852e-7
69.56795471955998
4.0909697268733176e-14
1.3325208618517355e-7
0.010711857081002134
0.0018174443946832916
2.0491192055407182e-5
1.5063286809535254e-8
4.026130902872353e-5
0.03476093969316911
2.8693661107289643e-8
6.793715183893875e-8
0.038051800176774515
0.00020863215509790277
6.144622252977807e-8
1.3391867742877043e-23
1.9317320857980693e-12
5.4709411697531746e-5
3.651811201795398e-6
1.2434269651074573e-6
7.802184619702555e-5
6.899236545650075e-7
1.002900072473291e-8
1.1753122254541489e-11
8.396988368735117e-11
2.0322063742752323e-7
1.2992432359112901e-8
1.026645557016925e-7
8.988809363578816e-7
0.005477399982878392
3.167094166291263e-9
5.574361339193977e-10
6.626469491355059e-5
0.013294568573319235
5.1242269590035925e-5
5.423564831778732e-8
6.668043212016392e-8
0.32112036163442237
0.0002514746410475372
0.0021377426885358106
3.7598042994764844e-11
2.0327635713530805e-6
0.019597423957286683
1.489085354059764e-17
0.0139073648077605
9.277408097158433e-7
6.5462129651411144e-6
0.000311610123330569
0.0007536292386400044
4.707281512572722e-10
4.138566443646051e-13
2.89390394569223e-14
1.0335022218632404e-5
0.11727410373669934
3.1285021362111047e-9
3.346978178917143e-10
1.4379223141649535e-25
0.030002503960854972
0.0015420414990794525
0.00031729567118362397
1.443810830523332e-17
3.6361905970120808e-9
1.602887145152777e-6
0.5398828750666422
3.98162282147152e-6
1.569600893130095e-7
3.4174867706328566e-8
2.573024834664845e-6
5.370106570859657e-9
0.03520948555614373
5.919379978911289e-13
1.5051945271993519
1.543985365997399e-11
0.00028677754899215246
2.593758174545495e-7
8.739811668791943e-8
2.500900301694096e-6
4.203981470897373e-6
0.03911961128332883
0.0006221434054218183
0.0002896718948624726
0.0007060506098946393
1.9065404729997655e-7
4.4051413785599693e-7
2.5982413886698927e-12
3.205145780854854e-9
4.618622189154799e-9
0.025493801123576826
5.5684798700629856e-11
4.1639906736660876e-10
0.005254437805435075
2.09831112402364e-8
1.280455515857801e-5
7.514486292080616e-11
7.826737357297108e-13
1.135886813969407e-8
2.009560368373816
3.8433517730486493e-7
9.50346338849153e-11
0.001180529387408363
7.22088551004534e-14
1.9685004475248323e-20
4.940649256025916e-5
0.0005234684999447238
1.66143273561372e-20
0.01934333165694681
61.32967593574051
0.00045922520524690097
6.659123356867353e-14
0.00923071065221428
1.657218844131302e-5
2.623612114498329e-6
0.0005153264853786601
0.0006039883673138156
4.885719912153793e-6
1.1684598359357959e-5
0.00015558722510242666
0.000587997408401114
0.0006191154790282997
9.713114004519073e-7
2.6709300678588944e-9
0.011455696710319109
0.14052428745145962
0.015410081964163094
8.116859322223061e-22
0.00042435871245260115
0.0004978389384280631
0.00011755085436944092
0.020377365181616404
3.0512755465772654e-5
1.8257982500096116e-11
2.872973904731935e-10
1.4612483474759781e-13
0.0009515304352652978
0.0066109452354988
3.0186558200553876e-10
0.00011453473267273329
1.0915257910913634e-12
6.5573149976913466e-6
0.12854187136380207
2.328675860833437e-9
1.397693947782753e-6
2.7193857688801118e-11
6.155375809684628e-5
0.06167228741258599
0.014495231808352002
1.1682392542473423e-8
0.0001623905476546838
1.509654477747731e-13
4.278265275092048e-7
8.02857567415574e-9
5.960651048910061e-13
7.879872856047462e-5
7.652513175071795e-6
5.430303854261352e-5
0.9302736273713397
1.7758544283251934e-5
6.282230164101249e-9
5.1737918067248e-15
0.00031153593496953977
0.0005889082317269131
0.00027120115297326117
0.0008403162230036364
0.005474514421787454
5.856690693164244e-6
0.0008218648938916788
1.682238557435554e-5
7.549798356114116e-7
9.097227138269145e-5
7.386884679764743e-8
5.025243037952194e-5
9.310533626725202e-8
8.072860728766616e-11
1.0054558257583303e-7
5.815879246518807e-9
2.016469952621615e-9
9.24869160737539e-11
0.00025797911168647634
5.27042577471859e-8
7.756817537449523e-8
5.344426752796769e-7
5.5087755071058275e-9
2.5008243874043942e-14
0.013530462240446156
1.6165989428484413e-9
7.812914486684306e-10
3.305390571349925e-7
2.489115372956041e-6
1.4648654561854505e-8
0.023577794496776855
0.0005027189525233528
0.0004186944023640314
9.949134776997467e-11
3.659615392769594e-12
0.0002489336247357777
6.289932425802648e-9
2.5544514941420736e-8
0.003910364074805099
0.10227502370278224
5.707164307440621e-5
0.0029305551789708174
0.0012447295025688598
0.00013100493542334774
1.9908374122753474
1.32589332641737
0.0019790003811336753
4.416424706789005e-17
8.359947144985852e-11
3.0410349128429484e-7
2.646465704963811e-11
0.000875520494737318
7.170036112352281e-8
6.970113532892593e-8
0.0020682041743638885
8.395265081114585e-7
3.80338552704554e-8
0.005085054101012234
2.8421499512692735e-7
4.282589328446174e-6
0.8004172035279623
0.01550320955757203
4.520565161921951e-5
0.00011176551408913003
0.0002917143794451659
4.337397045886885e-8
3.279535731732721e-13
4.593411710969701e-10
5.516722372742734e-6
4.0330374952555654e-6
5.116918675532742
9.251191483748403e-10
6.139147295184793e-8
2.097762160428407e-7
0.0004256069104114911
0.009547291489091834
1.6918978094450054e-5
7.7079031552041e-8
1.370980247004856e-12
3.650769732381091e-10
1.2394083569840062e-6
3.938410868990588e-5
1.2092090373646683e-11
9.520008134792884e-14
3.293896201660412e-6
5.18926135595834e-7
9.380312543060137e-7
0.01398641954475092
4.732852213273632e-10
3.145027556223039e-9
0.07361914220289452
0.03046056141540589
1.6123589941810644e-8
2.832620830468013e-8
7.136820530158951e-11
1.2863122710710726e-6
6.871553691138304e-5
4.6061165855394646e-8
1.5550471077742344e-5
8.662572412773976
0.00015630965895734579
2.861165714368436e-7
2.3467524256175165e-5
2.0087648728724996e-6
1.187876349487745e-6
2.9457375279629433e-8
2.4721974623546396e-11
3.4832945146217954e-6
5.3113561744863636e-5
8.35698509211303e-11
3.3152676076251495e-7
4.034722174905143e-5
11.338287939424616
0.008290982633252723
7.321953177042877e-8
9.366678268990049e-5
0.0027922136656102557
3.571292209023357e-5
0.00030882906803827065
2.947536493131783e-5
0.0007863555993356879
9.638892599643073e-13
0.00024481848917621077
3.4501264278742935e-7
7.868359724760981e-5
2.882513161173155e-5
7.750765720511722e-5
0.00010008494829240899
1.592539104031324e-7
8.622965953266257e-6
0.13043536748881615
0.0002493090030420102
8.8362607684489e-7
3.2327446069348036
8.958646139266313e-6
4.33238315059491e-5
6.790734997983181e-8
5.524305715709626e-5
2.0751183724010223e-8
7.922252455064942e-8
4.014235460228692e-8
9.05698264116208e-5
0.00030712378202717557
4.2848406422843345e-8
6.909752963109453e-5
0.001135246506596183
3.1477592271545176e-6
1.0
0.002171119714516333
1.9048969278118013e-7
3.595206575218378e-9
3.778754063703064e-8
1.0311441944580104e-9
0.0005703307160590593
0.008683187668722897
3.6304700007714637e-7
0.0016945474399701192
2.422295898546863e-9
4.6749381739649865
4.205729954491405e-12
49.62094422468138
5.196016325456476e-7
5.955911872564244e-8
1.3554875637854573e-11
3.577690663866373e-5
7.793899717066499e-10
0.008039271885086463
1.5499514126886276e-7
2.0629615969019457e-12
2.5690643513832136e-5
3.3720684518958586e-7
1.757372074009217e-5
2.5901907581719468e-9
0.204617840016095
1.546530456947994e-8
2.0135822174775613e-6
4.813410284042516e-7
5.357087673267073e-9
53.43662667065185
7.405008347167355e-6
5.94238062270098e-8
1.9246209902431433e-8
0.00014260144602934143
4.115239331523938e-7
6.64300562075042e-5
0.00024028924046468617
2.223390140306822e-5
2.632119790820455e-6
0.00018038439774082241
4.282707890065127e-9
1.1491385675394463e-7
0.00027031902702934793
1.487295834760475e-7
3.4738485150054006e-8
1.9143772891980134e-18
5.432961222706304e-6
2.315637543791723e-6
1.1306574715945542e-5
6.018890568627622
1.4867587232724786e-11
6.12882054027579e-8
0.004690245487202622
8.403272670198542e-7
2.269155667485066e-6
4.4258534349984593e-10
3.644346623514768e-6
0.0019607280446971133
6.016975308852795e-6
1.151881163488881e-13
1.7466381116935828e-8
9.411648939993086e-8
1.0535848957227019e-5
1.6624601888632297e-5
9.941513204943864e-7
5.197887675608029e-9
3.5942257537817e-8
1.9442577366731442e-5
9.128458047237972e-5
3.5448424907353793e-8
2.9466674964680232e-5
4.772831601865753e-7
1.0918861189060215e-5
2.5918254327814724e-10
2.2109518492507283e-6
2.0001567681489385e-5
0.0007567516566281616
8.215328762788774e-8
9.453354187395664e-13
6.788802067240088e-12
5.493149952256753e-12
5.363467981240222e-9
2.390294465666012e-8
1.860712615223902e-9
2.4632883221644738e-8
0.0014127611521071249
1.6772948132776792e-6
4.6276629186715355e-10
5.7251903944187845e-6
0.012929401269554075
5.954657586140127e-5
1.1889570805403819e-5
0.00047171426566822194
0.0011410687691850254
3.404090178463036e-5
2.3021479644595917e-5
6.45831022491188e-7
5.097166610784285e-7
