1.128867320846439e-19
4.56368833777146e-16
4.346893823982259e-13
1.2320131033677151e-17
3.3602108078245665e-11
2.640260320712559e-20
2.6804597450357905e-18
2.1561678357134445e-18
1.1176259439370374e-20
4.5195192778777835e-18
3.2436736070930273e-15
3.460304938444676e-19
8.957483882212695e-21
2.3913589881197924e-17
2.0642735731526426e-18
2.1379736976097942e-18
3.104332043757224e-20
3.567224539555941e-16
2.441217556109982e-17
1.0518009013545265e-14
7.239477667392095e-20
8.037464288001173e-20
3.377159467118803e-20
7.650684565974451e-20
9.524453331669445e-19
2.8224379212100724e-20
5.947074949208466e-16
2.585381372560976e-18
3.973048506009747e-20
1.0778379923590372e-17
1.1776276073651965e-19
1.478422815984971e-18
5.86108010565827e-19
5.631126985482704e-21
3.665879816084183e-19
4.4969604323281217e-17
1.0469078636484157e-20
5.289268946415932e-18
4.001224694260563e-18
1.1962882893424716e-20
5.864432700063687e-17
1.916838550962121e-20
2.7990807984455022e-15
8.390682606013008e-20
3.073960344172802e-20
5.082735420052068e-20
2.78181568888349e-20
1.4989618834937168e-18
1.7724393540155123e-19
5.945101158461848e-20
2.7720813205140164e-18
9.815505996939418e-19
6.930476563038537e-18
1.1243840547607925e-14
6.047273653442565e-18
1.068761891235725e-18
9.124947515631319e-20
7.00568431457516e-19
8.350955831031432e-19
4.3946319734826345e-15
1.4650286854671924e-16
4.489616326094448e-19
1.2462386627121712e-19
7.626612585803305e-18
2.3949584787838248e-20
6.1967886917232865e-21
9.359207388568493e-12
4.7379451764544056e-20
8.798655724119459e-20
6.109924354644047e-20
1.307272027312817e-20
7.755211943017496e-19
5.242275290720087e-16
1.4036414724377733e-19
2.7760741619178053e-14
3.914859263846273e-18
1.5119029644689815e-18
1.1431900938128575e-19
3.570761607032526e-18
4.0228871385955556e-19
7.544858551447786e-20
9.506408349044667e-20
4.374729663956204e-15
6.976970796633129e-20
2.2567832685151083e-15
2.7461761221245774e-15
3.9805967979502275e-18
2.459552174082318e-18
8.663348025786994e-18
1.2474132739486903e-19
7.103505864247433e-21
1.2462244216699297e-15
2.875788702192846e-11
9.471954528115272e-19
2.659126663769647e-20
3.4034058022765084e-15
7.919361547355821e-16
2.7986199411811194e-16
6.767046617331073e-17
8.985142321810391e-21
6.231948866503701e-21
2.1526262306996412e-20
1.9770413327515008e-20
7.564984344286856e-20
2.5302020836873173e-17
3.0569332289115966e-19
2.273884393518767e-13
4.519638936425133e-21
3.081567298821868e-20
2.5487135276086203e-20
2.1859800924702802e-18
1.4066238333235545e-15
3.4464866165398066e-21
2.3103554845161115e-15
2.312437133797862e-15
1.8375685934810628e-18
2.7893203529845037e-19
3.2838009347493237e-20
1.3010736334355707e-15
1.5581226518445924e-17
1.0019174855142679e-13
1.0740681182685131e-19
4.4336771841576655e-16
2.3542232852105065e-17
8.067284402033232e-14
2.6341220323734372e-20
3.837802703315343e-19
2.4828258706452813e-19
1.924362173491282e-20
2.1371092978811017e-15
5.8654526360530105e-19
5.7500763772375805e-21
1.252252870384797e-19
9.407559931153257e-17
8.354525632456881e-19
8.048780154393242e-20
1.8226884118245267e-18
5.979511489706012e-17
2.0825766890811184e-19
1.3391013070257804e-19
1.3352815138061354e-18
9.06312211090276e-16
9.219684528895654e-20
4.43539941114093e-20
2.4408431524970995e-19
4.731830579234914e-19
7.549290846679295e-19
3.432325010892035e-11
1.8723045161376181e-16
1.1133238343169178e-18
1.3741459830037655e-18
6.907198604432132e-18
3.931251672278489e-15
8.262043447204869e-19
4.860114490994702e-18
1.158395979161677e-18
3.290298286804478e-20
1.2787232752210106e-18
2.8128967428996622e-19
1.0304196082836063e-17
3.719104188674176e-17
9.269897409872023e-21
8.307780673789877e-15
1.5589456396240304e-17
1.1690195562609803e-17
2.3549940022463242e-20
2.5001873106864262e-18
1.0531933987397435e-19
4.459633666294611e-15
3.650346645780863e-19
1.0010220464171328e-16
1.8273416595446865e-17
3.102933613092124e-20
8.980602015450104e-21
3.64750870175655e-18
3.238745123046215e-19
5.4524688295150755e-21
4.55728372938199e-20
2.152390355508903e-18
6.396553996069025e-19
5.834658405141283e-16
2.6091762222078965e-17
1.0467273251589707e-17
7.504880953908909e-18
2.6167767117700965e-18
2.724334438983329e-19
1.6099420377230608e-14
1.821126586902124e-20
3.418891525971191e-18
1.8790017998863222e-20
1.3240726727626709e-20
4.070695082460079e-19
2.080603798935973e-18
2.3986590447677695e-18
2.946311542877875e-14
5.878041851238527e-17
1.1315391965343705e-12
2.6969867217304743e-19
4.2762438896500585e-16
7.487208877815538e-20
6.846796405917161e-17
2.709127432994359e-19
1.1349171980030783e-16
1.6751228388919456e-19
3.6215099433853074e-15
7.81295058405438e-16
2.1256858133827772e-20
3.374041199094238e-20
1.0590146178297583e-19
1.4212051150968323e-17
1.49309424686488e-19
1.9445592585673014e-19
6.917203558344605e-21
7.267917947956071e-19
1.1103028107223563e-17
8.586831244694459e-17
1.6835576614865485e-11
2.4024067714557667e-19
5.119715213084858e-18
3.045135799185328e-19
1.8208327096987366e-20
1.756166608725318e-16
1.0395655219545723e-18
1.243932981583838e-19
7.153238600295925e-20
5.7449363382659215e-18
2.1455801644320185e-19
1.1151479797332677e-20
1.337846287959009e-20
1.136250718703689e-19
2.0603226485269103e-18
3.101077305349165e-19
8.97415081228366e-19
6.015968604795681e-21
1.409278640489124e-14
6.204468409684341e-20
1.1369008727729454e-20
6.483840336776594e-20
2.250550155499944e-18
1.6982766163207325e-17
2.0876430949952406e-20
8.218575982344485e-18
3.011302173793398e-19
1.9198321585520006e-17
1.1415750149730867e-18
1.2763798203105242e-19
2.413983093138534e-18
8.859749788694232e-21
3.1049834481637026e-19
3.340199106340324e-16
1.7606959510860078e-19
1.7549211016794533e-17
3.1329690274342326e-19
3.193905663946382e-19
2.417035350395509e-20
1.2734654405844279e-19
1.670875473650062e-18
3.293592749146615e-20
6.7648475155900165e-18
5.045426898462471e-15
1.554773090302816e-17
3.17691973593439e-18
1.862311165998098e-18
4.770608037718279e-15
3.7785094134652505e-21
4.717932157747488e-18
9.126930044311965e-16
4.498459873971299e-20
3.277575776728513e-18
5.357488979626639e-19
7.901575692363964e-16
2.7777674608230067e-20
8.216728904909133e-18
4.929684405563922e-20
3.229809063979348e-18
6.223952666734709e-20
1.6991252855485893e-17
6.108427477206389e-19
4.510343382986259e-18
3.1990361291447393e-19
8.39039162418563e-18
2.8524060293642094e-18
1.5864986937154464e-19
3.5866975707693454e-15
3.1262868002339125e-18
1.1019987103338358e-20
1.937762283681308e-19
6.915094536388465e-20
5.941215819994752e-12
1.2059045629903467e-17
2.453510035041507e-13
9.426869132694466e-19
3.4887521124521187e-15
1.5060212325291142e-19
7.464084117547964e-18
4.190552250745799e-18
8.195305409004428e-21
3.251276346422403e-19
1.5722518330390203e-14
4.128890159861661e-20
4.17389820044027e-19
3.3459729778818395e-16
2.580632191585265e-18
2.3885626589917915e-18
1.1356679042604727e-18
5.0580778393430927e-20
1.657164269250871e-17
2.7458416866264167e-18
1.6018315140423064e-16
1.2138842097482167e-19
4.935615774173637e-21
1.5042732081230756e-19
8.936777248209812e-18
6.568241809223755e-16
1.3007201611939839e-18
8.586251654839414e-13
1.5890299982902854e-20
1.6009187478796774e-19
3.484673369675287e-20
1.3702026319830998e-20
8.249219305887126e-21
1.4588369763331442e-20
2.871763662530901e-19
1.0541614171572174e-19
3.917959841305286e-15
4.819953109051291e-18
5.61875273888716e-16
8.519685116308622e-21
2.7857150770164324e-14
2.1254703319607464e-20
1.5097804722847356e-19
2.5441581912820626e-19
5.26970575935077e-21
5.029641261134307e-16
6.756303942276154e-16
6.068514279934849e-18
1.2407838252614384e-18
4.695068403260692e-19
2.24724354847942e-18
1.321406775183607e-19
3.778320268673066e-18
9.380587187019327e-14
2.810581434538664e-20
6.522868992322355e-19
3.974211535844371e-18
3.3595650281384117e-19
5.740131423322031e-12
1.2043149028488589e-18
6.210942997475127e-20
4.244150251826275e-21
3.0124531667008853e-18
1.4584714269975026e-14
1.6051996127380134e-19
9.38507229834663e-16
1.8875367766635001e-19
8.582791732432827e-17
5.425206091452349e-19
1.4831416995140453e-20
8.806687481376134e-16
1.1934011975627671e-17
5.139827687805596e-20
7.611955313234009e-17
2.673422034961927e-12
5.28385237113919e-20
1.906793165724069e-18
9.403293561774457e-21
2.2376756212269243e-20
5.217013032045531e-21
0.0022308976019498016
5.567737637446057e-13
4.248512914943277e-16
9.01431177389542e-21
1.2608664315442306e-16
6.10026100194204e-20
1.2628067085679935e-15
3.152025054721343e-18
1.8229793420426236e-17
2.5635427991134763e-17
1.7224079090232155e-18
1.393869105692605e-17
8.438385001249649e-21
2.046583482215767e-17
4.976209551866568e-12
8.169023309656828e-17
7.783710639603323e-21
1.710054175734283e-20
5.918085633072694e-20
3.7204627458880475e-19
9.887077546284734e-17
6.592515815176735e-20
9.273366907523098e-19
5.8974574362988225e-21
8.007332970288566e-19
4.299026738468635e-18
4.000847451069975e-20
1.4242909940688032e-20
2.3197409425396552e-20
7.977605914866039e-20
1.8267782305624982e-20
2.5411316139365914e-18
3.607913233252741e-19
6.596353339440974e-19
2.7835534884121563e-20
3.6673127199066686e-20
3.3160249516558255e-21
6.980998179149013e-21
4.936262333954168e-16
5.817686295860405e-16
3.775644181120135e-19
5.645739859042408e-20
3.3092374181329707e-19
1.265808569678215e-18
5.09486148523183e-20
3.505406450661466e-18
1.1337410607856939e-20
5.839780562656645e-19
2.2327619865172185e-19
7.705876380997702e-19
8.715173682861328e-19
1.280639377579966e-15
5.045757014939607e-19
1.5071315253663887e-18
2.0004587867339305e-15
1.305952822652029e-18
5.497924464070347e-20
1.1428689561209734e-13
2.8639182625030604e-20
7.315262987255135e-17
9.759788345975982e-20
1.0274431398429305e-16
9.15217311358537e-18
1.9168390070432415e-19
3.6998265804801866e-15
9.619459854784065e-18
1.9799282960346512e-19
1.1915719666783571e-19
4.866772089854714e-18
1.1728620458320348e-15
2.01069528417564e-18
2.1027539347756517e-18
2.122192306510727e-17
8.659383505441224e-19
5.9195148630202e-19
3.723813674975306e-18
6.810154478401626e-20
8.00030594593383e-20
4.601131116411942e-17
3.3790144012097e-17
1.4809025090992544e-15
1.291934412787476e-15
2.123847190184616e-19
4.704181180791027e-20
3.916630191376393e-20
7.984682867537317e-14
2.5459073261674128e-19
1.0342947492313777e-18
6.99957611399968e-19
1.2798767009989413e-20
6.786609569800749e-19
1.1527232648760014e-20
3.3509000299933945e-15
1.0048468824681975e-18
1.3581487147708918e-19
4.030405767946836e-17
9.577432404823236e-20
2.4032038660961507e-18
3.265300651933543e-17
1.713469496061592e-19
2.7850180883582427e-17
5.609017921261815e-20
1.0189365264912392e-19
9.545249518275046e-19
1.2813458647865913e-16
1.0163769714064885e-19
3.659594554325979e-19
1.7084521923420928e-19
4.157037982991151e-16
4.986666787153004e-19
8.361326998164845e-16
1.2195042447446481e-18
1.1926786059768488e-16
6.860374724986798e-20
1.010161983698715e-20
2.879994306756338e-18
2.052681349104251e-18
5.662254117731287e-19
1.2567288231455406e-17
1.9247389617792507e-11
4.79068365305881e-19
1.8647666318271055e-19
4.122531433778977e-18
1.200923176773099e-16
4.229390694561896e-21
4.010918895583671e-18
6.652859255523214e-20
2.9158084294409334e-20
3.0570960824733354e-19
3.4673941287864207e-20
1.1816769761924447e-18
9.362855871370871e-19
3.322854406931091e-19
3.8032659772754765e-18
1.1922854475753981e-20
3.613984909488881e-20
3.4136644827060187e-20
8.513542970690505e-20
9.066033797198085e-18
4.716102805379745e-15
1.9780858318962327e-19
3.1316869988883703e-15
1.1336498678258881e-17
4.2876038315293534e-18
5.606480745987959e-18
3.062506603792205e-17
1.6713620451076112e-16
2.784618401328475e-19
3.728504936865268e-21
1.4877815024294407e-20
3.270928608940106e-15
1.5622918577768532e-17
1.5419035199051313e-20
7.478168022146501e-20
8.113962195331019e-19
3.927563124805258e-20
1.7169313775727023e-18
4.97050007067415e-21
1.258503780183382e-19
8.38358003249984e-18
2.2510010336507382e-17
2.917401403504322e-17
1.0571456842309003e-17
5.860837648844859e-18
5.071912878352573e-19
1.134564026981964e-16
1.8427223415620517e-20
2.3732686097946613e-19
2.627809468381048e-19
3.462097241667152e-19
3.431294127848675e-19
1.0558402609840924e-20
1.6611131370551523e-19
1.9054974451047904e-14
1.875742821728573e-20
7.390402393880349e-19
6.288783460934695e-20
4.200407932547737e-15
3.918752657284096e-20
2.18816388957801e-18
4.7126595707265184e-20
1.6121071314534187e-20
4.882828192405722e-20
3.361508335887862e-7
1.6147803667717896e-20
6.041739848949119e-19
1.4911974647186727e-19
6.639430454203124e-18
2.486858548606682e-18
2.2470808089035183e-20
2.8313499259523955e-15
3.838625119118925e-19
9.839765459944447e-18
3.6702394311790564e-17
1.2413458610420557e-20
6.377075860518107e-18
3.1097598566685843e-20
7.483466602698911e-18
7.188544588163057e-18
1.713309070274013e-20
1.3865868465977725e-18
8.367078807876155e-15
4.730513495479515e-18
1.224897720447888e-14
4.823119875539287e-20
1.1519539037528933e-20
3.6376019174616125e-16
1.6767641887935244e-20
1.4925120194164175e-18
2.878358015000623e-17
4.735687167018952e-19
4.863601018197149e-18
1.9501668783153288e-20
5.423314585451105e-20
4.0203386195121534e-18
8.13449623887073e-19
1.2513905349656563e-17
8.142161976293836e-16
1.5493190274007713e-16
1.0362191512613083e-19
1.7424186604061748e-13
6.145944038723006e-18
1.4443377504112377e-17
3.515673543965887e-18
4.505731234843663e-19
1.0576525943775952e-17
2.86921523250012e-17
4.070773228954144e-21
3.610620991252601e-18
9.49613319565014e-21
1.0465489416262025e-20
1.6944621956577785e-19
1.33977128654274e-19
4.3869210476317785e-15
1.4579027714262826e-20
1.563319978725569e-10
3.99076843762503e-19
3.1054921766117327e-18
4.2140805351732524e-20
3.887390642472757e-20
1.318468429661681e-18
2.114357265533275e-14
1.7382400231612482e-19
5.565428133202885e-19
1.3153347495140393e-17
6.0307154418828515e-21
3.320116375169248e-20
4.803859868412727e-19
3.089931706751038e-17
1.7802302464728213e-18
1.4375876986618998e-18
6.536854840664399e-18
1.2859276504611598e-15
6.516513362669302e-21
2.9307240926899553e-18
6.271885685350322e-17
6.099643993813808e-18
9.959103350783324e-18
3.050324603290672e-14
4.228124332369791e-20
1.3954046740247302e-18
3.793957454764896e-18
4.176990787790257e-18
5.840593259414197e-21
6.533521035276197e-21
1.892972881275706e-19
1.3371633923861897e-18
1.7721026203341745e-17
3.9551978411272856e-20
4.738522767030857e-21
1.6079228752627463e-19
2.0760246418531517e-19
9.321196342752832e-21
6.051763040416845e-19
2.627242604624868e-18
1.154688215293814e-15
1.223138372079686e-11
7.443696662104759e-16
1.2694047389229661e-17
4.6802584855111904e-18
7.14595303951683e-21
1.3920734778272792e-17
9.309464206475775e-20
2.9405930186303525e-11
1.00141221493071e-6
1.629982144984418e-18
1.23708001419047e-19
2.2679278928039804e-20
2.0255923841305362e-19
4.236482579580083e-18
1.5229142002469098e-18
1.1741143060876824e-19
2.8419529673130517e-18
2.86573674161307e-17
7.768881777638735e-20
8.732758298602261e-17
5.162184084843e-19
6.576948236429664e-20
1.1445340083206289e-20
2.0834316469686462e-20
1.1591654386815116e-18
1.7482122949878007e-19
1.4103260483099602e-19
8.605785806032696e-18
5.988072336253882e-20
9.173048666111895e-20
3.3332689494702957e-16
4.039935901112248e-18
1.4915315474632832e-20
3.0192014996651552e-18
3.399676242661063e-18
1.7065507982269252e-17
4.058772054500809e-18
1.886284739110955e-15
8.874592461689383e-20
2.3361573340861102e-20
1.3829343849159397e-17
2.9468433316865256e-18
9.553897122515162e-17
1.2524951625591588e-19
8.210513582346829e-14
1.1871971031812217e-17
1.0448601216664517e-11
1.0227738984048786e-19
6.296640879690204e-20
4.918379444318199e-18
3.2782636069058677e-18
9.555251619553057e-19
5.782979342943188e-19
1.1068154255521213e-16
1.4562165684829297e-20
2.5754879355617064e-17
1.1511272387154494e-20
1.3077084891580044e-17
5.624542984349163e-21
3.5053847278714686e-18
6.160443839446985e-20
8.483604924849239e-18
3.692253358084792e-18
8.015500591189285e-18
1.4368124009663826e-19
1.4818984727950227e-19
3.8013715306127064e-19
1.8312832309447854e-17
1.0237764507070463e-19
2.541826895698899e-17
3.907275614253486e-18
2.272083392282074e-19
4.052389349528443e-20
4.791522256229706e-19
1.2306566561350188e-19
7.64772419442042e-21
2.5050490632875056e-17
3.485794582746285e-21
3.0479056858548347e-19
1.1040986113518788e-20
3.930444202224056e-17
3.644457818071772e-20
7.252790757347275e-21
1.534858695011578e-19
9.642946092548728e-17
1.0001081446897477e-19
7.94143781864832e-18
1.835640985718551e-18
1.5730210158575466e-16
1.9676172489550546e-19
6.161385364079643e-18
7.449895789609811e-17
1.6965297963618534e-18
1.1384035247267698e-15
7.034196256855503e-18
4.050101141486287e-20
6.522064909341842e-19
5.862209266321626e-20
3.6895900012918284e-16
5.573919030634823e-20
4.261411912502992e-15
3.0349070322246974e-20
5.148606615248059e-19
1.237058188022731e-19
4.981735316055442e-21
1.0624373502190425e-15
1.165501440632322e-19
5.250162893906164e-15
1.5574793216122937e-18
9.373593644123217e-20
1.0419627520616218e-17
1.5465715390878385e-16
6.353503860903026e-19
1.775890872984811e-18
8.75418197910879e-20
5.339752280922858e-21
3.035402863837133e-7
3.473856997568889e-20
4.426872791511524e-18
4.29959760225051e-21
3.40420888209383e-17
3.322555187383819e-19
2.228715245225142e-17
6.310705191986671e-14
6.819541482559308e-18
2.622854429885863e-18
1.5675433806563294e-19
7.224319809909101e-20
1.7189691817515395e-20
5.2939569575683534e-14
3.029027136231895e-17
5.591139951631983e-20
1.3989212486735313e-19
8.790508440565746e-19
1.2964380400539912e-19
1.187033406213486e-15
3.780460403562029e-20
7.254502532850341e-18
2.751300480015188e-16
8.355641088461335e-18
1.227049866755939e-13
8.558053521195265e-18
1.1393068303719562e-20
1.1083025966214443e-19
1.301777313226894e-16
6.195380638299907e-20
1.1852974582300848e-20
2.6565073589751396e-20
1.0346320828114608e-17
6.980937941446211e-20
1.2935154315764272e-20
2.23842743740988e-19
1.3936448958682953e-20
1.247566763745366e-19
1.1486856562585243e-19
2.0837522970119195e-15
1.2818655830427944e-13
3.926936591138865e-18
9.823820100251743e-17
6.30913299235604e-18
1.1489143404785267e-15
8.291915532889419e-18
1.0099878374323032e-20
2.26765216126503e-19
7.614927528250303e-21
2.555406628772388e-13
7.464213474803714e-20
9.127616948406662e-20
5.587117404623416e-17
1.3043553596351867e-20
8.492699249078756e-20
6.13360479979221e-19
4.4674385330745576e-17
1.2298694186529991e-18
6.56480065662466e-19
6.218641573798608e-20
1.595227770831777e-19
1.397254829739441e-19
2.2061954787818017e-20
3.189819307250468e-14
3.833796258371305e-15
5.1774041148004076e-17
2.9051584767614e-19
5.372929956216846e-19
1.3162732384061535e-18
3.317090614646092e-18
2.1623182977536846e-20
1.0918135515857067e-18
7.217276429254973e-18
6.6817174276409396e-18
9.977128865156564e-18
7.967722887119881e-20
1.492806411983192e-18
2.7215826783030725e-15
1.0151171670484354e-17
9.231962994962353e-20
4.521712001173912e-19
2.8925680845965338e-18
5.954495110384498e-21
1.2542843872680044e-20
3.735932272886553e-21
3.466247164197852e-18
6.383234165551478e-21
6.20518135424691e-20
1.0653877578215063e-18
2.022148482304204e-20
1.3675693669432244e-16
2.3075832526232946e-16
7.770881504060609e-16
5.596241119399165e-20
5.863412643711314e-20
3.2264279947078215e-16
1.2156111876936043e-12
3.98991233614474e-19
3.600450024548155e-17
6.785279459370707e-19
2.3749565485770366e-20
1.5601402875644553e-19
2.0251162029931406e-18
1.0255021303085548e-17
5.522281985107111e-19
2.946258076301546e-20
1.8737737742036975e-18
1.2020258339124008e-19
1.708835556243211e-18
4.197558964222869e-18
5.658217177694769e-17
7.438750786897345e-18
6.566435237274554e-19
3.5750024879919985e-20
1.0334339459266071e-18
3.368678891838492e-16
9.086059502585359e-15
1.5572010962602085e-20
9.932158258602428e-21
2.3380021139613405e-15
8.68069290497354e-20
3.1287830612624885e-16
3.1134300896812344e-19
9.981826791942933e-16
1.5767591101494898e-19
6.565395483310374e-19
6.443135539139881e-20
3.3834737952679813e-20
5.487999028558515e-20
3.9815283914383095e-19
4.767344121730833e-17
1.296215450292545e-19
1.9880526793338856e-19
7.111599222471543e-17
2.2970960103548162e-18
7.886993098773585e-18
7.716506804767321e-20
2.2842164052329947e-11
2.3750837330909387e-18
1.6084375057455628e-20
6.516473500385156e-18
2.4041624068010366e-19
5.862374069287614e-16
2.1061280713709502e-20
2.253553959156234e-18
2.4347619051827895e-18
2.0899812091755713e-14
7.88207607753278e-18
1.1989547089538965e-20
8.49399413651282e-16
5.1248696346877723e-20
2.0185547877052136e-19
1.1893742494051733e-18
1.40324684273687e-17
4.656294096701931e-16
1.1089972850854807e-16
3.6189418934290555e-14
2.3404772768443676e-18
3.1953884750711594e-17
2.3764777261225217e-18
8.400501423918234e-21
2.2774511321904515e-15
2.9733930867856924e-20
1.1473441557774457e-18
2.2991098956500227e-20
8.077813915168998e-16
5.633277730657214e-18
7.423441143447823e-18
9.607517375644463e-20
1.0017189486185655e-17
6.401634715723118e-20
2.4263493866091643e-18
1.2157399643408416e-20
5.543655618854061e-18
2.7338668622320393e-18
1.9232740879149744e-19
1.063377750245636e-20
1.4379903951154542e-15
1.2578547253154277e-15
2.5966498476860676e-19
1.22458328725023e-19
1.5462186876081904e-19
1.8080842640355031e-19
8.299171776432163e-18
6.4935927152779236e-18
2.5586482822071297e-17
5.754475704956525e-18
2.160450906828706e-18
1.3633790869848313e-18
7.92587913510238e-20
8.884879207960956e-19
2.3120880985688995e-19
1.1637200304706872e-18
6.379791072060357e-20
4.077446197582285e-18
1.1562493139359162e-19
9.956531930067208e-17
5.0825341084588266e-18
7.241219223701078e-19
1.03342920885715e-20
1.6758362028559472e-19
4.149674805105457e-17
7.5390459108534e-20
3.3551093690394087e-16
1.1090807145117624e-18
1.5233024442968187e-18
1.7978001847824357e-20
2.5303854208411422e-20
1.3009531754318587e-20
5.711014175176345e-16
3.379502448415788e-17
2.072254900928786e-20
7.125071766747838e-15
2.4025516353298583e-20
1.1916676462340943e-19
1.8521125302764592e-18
6.1247072117767734e-18
4.0067430110858703e-20
5.925086971593853e-20
6.015526114889012e-20
4.508518039961314e-18
8.284032029231674e-16
6.222078636956213e-19
1.1063688888564041e-19
8.222913804103251e-20
2.0257465852499035e-20
2.7666357975420657e-19
6.1302072659025074e-18
7.903190183705098e-19
6.099223972721279e-20
8.90949257892075e-19
4.140585573599984e-18
1.0800040759179848e-20
5.84728180338485e-20
1.900039041552891e-16
1.0917818913222805e-20
8.461474260549377e-19
9.652239527491235e-21
3.4954326525830264e-19
3.968184652675393e-20
