0.6521932732642601
0.4717079863749796
1.3548265244235358
0.6169775866145677
0.2768667811744303
2.026200602353651
0.2975229729542328
0.3690694934847688
1.4826497836816592
1.6484938514668142
0.3440163005130567
0.4028034058449919
9.695207935799466
0.9647361878759484
0.18853458477776258
0.025374659462818316
2.392790079716306
0.7074106003440555
1.4504745597433533
0.17274774663430645
0.04435796690351794
0.949307943889504
0.5777588574221094
0.41950046393483326
0.0292447271818561
0.48199104866176634
0.06528321269818504
0.04932522700438869
0.7123275364118347
0.3235924967666378
0.0050076550861187195
0.1154525995557574
0.0938750943580597
0.12394814896381443
1.579093183088592
0.01385227789319517
0.05710034630344607
0.43127832970813545
0.0009088531799486358
0.0011877404919127404
0.7933488317324998
0.07999968748986971
4.735960887039049
0.42209641737776965
0.8849395331821664
1.2583943795782575
1.1424033718766353
0.11174861678057638
0.693706251553248
0.03928591042739041
0.18342596326974256
0.09859605948278363
0.7332596848861128
0.02889623112946816
2.848933552706436
2.3845617003442023
0.007353789010833937
0.05869860759824547
5.680780338370105
0.0006858940879888418
1.0
2.669406882437077
0.29994347880783284
0.0380515890623316
0.11388423139935117
0.022041622175069716
0.11373351188200043
0.001185927914511011
0.2736069167200191
5.267480830985014
0.13646621195966668
0.5379352972962324
0.03360100494706136
1.529102350592199
0.19982723820512327
1.0782931056788456
0.8163044633474426
0.09958851496936584
0.29646547781808
0.1262860872158979
0.23978785015598095
0.08223403563921927
0.6423656332244797
0.1266195781376899
0.27306757219611894
2.596639022781991
0.231309495302639
0.009601519700374124
0.46780594202896275
0.8117965441835754
0.13771036509645593
0.634043977925995
0.016341505427178347
0.43667058992569324
0.005406248455908687
1.4032705857562724
0.09329094365964495
0.4188619354041933
0.23700336749437148
0.10975832718558368
0.09198175388430675
0.4857307805184798
1.3799649233656632
0.0033429711319915693
0.8034220917596347
0.653757999594869
1.2283633563508078
0.01329706358434187
0.8568880474889513
0.1642903662387103
0.006508025791937379
0.48134015374583944
0.013941014752818592
0.041014031992921134
0.11118250486894715
0.1447253885375975
1.676865566915684
0.1903682807160882
0.01097329149545928
0.00814363069754292
3.971467418316633
0.9632320235967988
0.0037219693977926798
14.638355186250608
1.390236048173847
2.2631339842802722
0.14118986872338066
1.3646672141575922
0.8363092226861263
0.4351421548497419
2.1334732251692277
0.017424527869209196
0.03090124938686672
10.24034183530959
0.08753397169686619
0.1056378321458316
0.16065429015998484
3.160745403564125
0.01923428118160472
0.06211197242893911
0.3770159772544047
1.6127261090048215
0.09864493801399964
0.46380914714028526
0.2835163768696026
0.006609990146575014
1.3369926973925372
0.09719037707964784
0.02781981984796501
1.047555722374432
0.8057889539089231
0.08394157570784296
0.0004269647567345295
2.3841674927220446
0.19914898395694147
0.03207195960081574
0.007040615114900871
0.7219938952065279
0.04407906799964025
0.012096492306388143
0.777616744674265
0.3045195686397835
0.06634786634422193
0.2630196794871302
0.2301444110013519
0.4593391437636042
0.20687446149502103
0.03453370096610063
0.6485431727193784
0.06160057572986953
0.3830188308160327
6.3812956851176885
0.8856914281617874
0.5770615235877056
0.5935483342259659
0.011894375279001865
0.171132976965836
0.06404421683774994
3.8143387774284614
0.026753454887303876
0.000114924005112038
3.2926423193859606
0.004934689328265441
3.2071718487163174
9.528195853441998e-5
1.1419996943062056
0.030787316981621956
2.491538005740862
0.0013948980701542772
0.04490273717696057
1.5235415394588836
0.027151778175424388
0.00560170717443958
0.014186214413423466
0.021991801256654637
1.6164990908465544
0.0019428187657823507
0.33905840853764085
0.012522121972626244
5.750569279708835
1.7841426037351218
0.008868299067293835
0.08519444095477922
0.050533912747866734
0.09679238533841847
0.0021763701433629456
0.1442516165225157
1.634222876629778
3.8005673167391474
0.6001223510447911
0.057148249519706464
1.8549108071780737e-5
0.2703769387155366
0.03042342368466613
0.05429009267560596
0.17882308908107528
0.0618357157346566
0.062076842488034634
0.48536107455065935
0.0003745408933369922
0.016389191455074722
2.0297405446840653
0.005708491625902731
0.030597801597628996
0.1190536681296881
1.418108904708556
0.00376737288056931
0.345616252725383
0.0001637056531967868
3.744492988724974
1.0
0.5378039145985662
0.4936807950445145
0.3865564953880065
0.021483792343037798
0.013462346856235586
0.02866595614868538
0.5530283353621357
0.0008024845125679403
6.041216183951251
2.2068432185113864
1.0
0.10991468745702515
0.0853218854804797
0.0001394366321349934
0.2137946891389265
2.31447454553762
2.0167676765442755
0.0003360263373981843
0.0003214211250224152
1.7210160641763033
0.0037458149684522143
0.012965121117035315
1.361111044684758
0.15381586321201338
7.8788979333909195
0.005145812297850611
0.04279180016541091
1.780803882899384
0.005946530677787875
0.5771754703518273
0.2730284723990277
8.29835107657381e-5
2.926932069754397
2.1300312347761126
0.42516762668890573
0.020756809365066155
0.04522726127737681
0.0004157363439341947
0.07098174658473172
0.07000426208867949
0.001165794204436713
0.04068667063295591
0.033827996440113584
0.026415560674679758
0.27429462288457285
4.3110369190069885e-6
0.05134835692786925
0.0017746581091838565
3.4732365559713316
0.001493387917604183
0.0024434701010756232
0.7299508681865479
0.005912816872835091
15.483387407490273
0.004691953481621464
0.4035963617188383
0.07835454923913637
0.9563942732967968
0.014815978482883858
0.06722574628441036
11.296337606359655
0.00046962087614618264
0.0003217785639711682
0.004753762424521922
0.006309264082900308
0.4220327367598006
0.05561109792185331
0.1093622262920443
0.055433425252088886
0.1029916312205382
0.3439513160243423
0.30213464791117306
0.18625535399704465
0.00023224471459609944
0.1518129260556551
0.8019482739694108
0.020108850108231872
0.5279204798624668
6.166027676152813e-8
0.0004950228747086806
0.00659839071592768
0.00022991282702283517
0.03436156153193919
0.09321699941517374
0.005537408295143429
0.13506042177069089
0.08307904503660193
0.0587068689485764
0.07475546596955072
0.11016711402095025
2.527639899433982
4.285895742846255
2.5480533862595713
0.013142234904721425
0.15956471496821026
6.3130452034210585
0.02031314407402637
0.34659651103934674
0.02059886912858073
0.8383855409414931
2.75281227898644
0.07142788007805734
0.004095206600204977
1.4004934554137654
0.008302034294460083
0.20507281727004903
0.46722865770984506
0.005675848191158605
0.003374126996247494
0.004750462864574247
0.024557969121337214
4.092123625822071
0.4640643351143393
0.006686543964279961
0.08091512891714758
0.0009659753593393446
0.026401639272172553
6.831171426704178
0.2124220882938946
1.0029673726185777
0.020562173107568124
1.5467250398585042
0.06154692791495292
1.007616818675373
0.10288716499197334
0.5866464336141645
0.0017577436484175885
0.47823160440284734
0.0001803023378720366
0.034639157676714695
0.5977040099420786
0.0001765069911333365
0.00024573324166081374
3.7608796643949924
0.11756161840971616
0.17674905771475916
1.1180231102080607
7.899552623933391
7.688952936977416e-5
0.08978985871215077
0.009331641879300813
1.0171423896765992
0.042801043653264724
0.4496609336711404
0.0366703658625416
0.3602711730184299
0.0001296785899533657
0.010617025296705487
0.00043585431902970945
0.00040638266977627464
0.005064232032944346
0.002153456412419783
8.859079233927296e-5
0.0035938432808538695
0.0581525031290831
0.02787488085940467
0.33490500712580884
0.8519626720484524
0.0030678619964890244
0.0008911321561460803
0.0946990411725372
0.0019763707130127893
0.017678716123815788
0.049268282415343596
0.11286359762326283
0.02782048208371753
5.404621583074128
0.00025386237579111106
1.111489728172735
0.008089870375152491
0.043271386657294485
0.16098213193266958
0.4420425853042416
0.017141359337729846
0.0028916163925466714
1.231960198765896
0.0006198095683071173
0.23155077504262386
0.42348716702097416
0.9340440844752259
0.3270814805374135
0.06452970812278294
0.005948528449268316
1.3382909101938254
0.034640240181220056
0.141825650771354
0.023094981454852462
0.015106887136892467
0.05408770632330505
0.0020867444943034625
8.659392893320353
11.782267316724026
0.3639352072419139
0.009336642080682732
0.0007595484666277438
2.598093949104816
0.00048110400284242963
0.9450984585302877
0.3788137918376062
0.08177599353912267
0.3381929454437969
0.011030501350361746
0.08741173351694
0.03685697929983348
4.6047396972018594e-6
0.23585500268509324
2.705900963629098
0.02574743886523113
9.11928237175863
0.011764282125470909
0.6750375986129528
0.0015770167999271604
0.04149281487999134
0.326261888183121
0.03311146173567846
0.7335748794424762
0.4245039903352629
0.15279806890013664
0.006447049209808499
0.6275511552640659
7.10507965302608e-5
4.1140242095616
0.007179159158333143
0.28327026291089624
6.158783261703703
0.02408499855773273
0.008992571545348382
0.0162709154558688
0.00775396546352787
0.7187361870571821
3.899550360170683
0.8119545844137728
5.485216390643208
0.17169180985834398
0.020073758201154625
0.13836180650552252
0.004019945860425215
1.2187454633906016e-6
0.009125713335384457
0.02479580104568506
0.5343026698409605
0.05933011441673985
0.2634200996816075
0.006522155030988326
0.045823160295737284
0.12175010274561045
0.02611172331007179
0.18825740187594475
0.017570750992956137
0.013907895122599134
0.019106582734787655
0.01835438097932569
1.0
0.10698316996107174
1.0030645608986377
0.00015863679306348888
0.3892466183081067
0.001639193631850624
8.181675025920937
1.8686369547482422e-6
0.17016804868435514
0.00044070054979418943
0.048231637437290226
0.4439063626730631
0.0037668613020834705
0.5046175665061782
0.4187171202486944
0.8877439584856994
0.004801558591929877
0.057149131477891565
0.0004820775323357457
5.869159392805144
1.0035596802881367e-5
3.384088930346432
0.7261885793060723
2.1869904922767973
12.319146687286038
0.0005929957789081167
0.2914246020682619
0.010447153322136271
0.03462258329261507
0.06626856503386863
0.004882870110186821
0.005593746096901256
0.016775902035248796
0.0036717545273020477
4.0331527480899634e-5
0.004977815089476096
0.005721700346862268
0.21118778371593097
0.30859182323396295
1.6485235965318505
0.02582147031320553
0.00525375782827066
1.682518942377555e-6
21.49830781393184
0.0008548545864870219
2.0082739410776154
0.00747879375496539
0.00274559597344347
5.1245188440631875
2.266701468223504
1.529657610461342
0.03409993187274472
0.25834074220878367
0.07220843134671698
0.18892154037457362
0.03734117919186842
0.9242694080960551
15.232820692592076
0.011726506117544949
0.20033434256608473
1.4745604763321214e-5
0.02973626839772429
0.18428080103978844
1.2777166621970695
0.06357668454720652
0.014891114752660903
0.014179911349159654
0.00020490113020008195
0.01639560316860965
0.009519556486146524
0.001243345268125048
0.002664125743179487
0.1250716500000167
0.018657235841089553
0.019244224661320107
19.37438723530855
3.737301655099684
0.21470510346958932
0.1266900544935077
0.04458568765627855
0.2908759846806119
0.8872375298974228
9.665233137485062
0.012655426720457238
0.09790348566489551
0.03489639921887996
0.004841221039628368
0.006264500522136163
9.194412707537656e-5
0.0014287145953232837
0.07783104617775657
0.0069218111084461366
0.0014179061005216136
0.0024538638691944804
0.1180833882133804
0.013006006040150701
0.00487596827851632
0.0011495895315744924
0.02419387920214893
0.4748572612555033
0.014410275691033649
0.1663910196864793
0.07380117213380562
0.0005664347514297521
0.00018390550826445079
0.0008662805624359279
0.028754658232868015
0.000449431863806058
1.0219854769085934
0.09364373542408522
0.007334805027121321
0.0018742502479911795
0.01263257720898568
0.00010561057142263882
0.00021191555614116412
0.04888672650203933
4.260954679338197
0.24554441454319495
0.00481301559434378
0.08607910182808931
0.0036264418465886896
0.008153029802247974
0.26094994874209876
1.0
0.23719267747454909
0.014901018197886253
0.01522488168364004
0.027401131615027073
0.0011516021441057582
0.070888483678114
2.4203829544090736
0.041759684094742
0.02271248505159381
0.2341436456354809
9.460950206141654e-5
0.0042269899658507575
0.04895766881555157
0.0024692591615848606
1.0862624471873428
0.16843881245589787
0.0012761309403167282
1.4578543686957763
1.7906034243616462
0.005307934895029078
0.13367706350758976
0.040964209210547754
0.0397765101420308
9.068336187746274e-5
0.027299799871014177
11.450245852466104
0.4741326826407962
0.42889547083368107
0.004975959578766478
0.05029819110799412
0.0010586525333833691
0.003484266709982789
0.007331387640482893
0.0025150407995548686
0.013128084565536852
0.3289073691162259
0.05092359776226035
0.05382484623814931
0.07224206356182955
0.010552040284336943
0.09485603621321739
0.0026307339989508297
1.620694299781521e-5
0.011926251353036935
0.02100621437080381
0.001792847730562916
0.00026418917026383007
7.904313568934857e-5
0.08778017308424313
0.7973901016899672
1.123054979441353e-5
5.28136352088296e-5
0.006058656533440613
0.00019508200824616174
0.03777557570660071
0.010958117612042854
2.700337129168714e-5
0.05002006228928538
0.015460162570853265
0.019516731385572878
0.01585226500286208
0.010405995308127781
0.6971293899718882
0.0077904379937563
1.8933253122090283
6.957222402339965
0.1651066528148055
9.031785707786741e-5
0.00016439809284896252
0.00021268115524577586
0.0012414931116629723
0.00022247102108326495
0.06137402201460991
1.429341684463864
0.0002518008435037872
0.3625708681426087
3.2447417951099293e-6
0.09893089387776277
0.6296632385683381
0.0016312661263649113
0.0009012006326610653
0.11549104981981184
0.02532819273386405
0.329344163301386
0.2948107573401891
0.17624367402507088
0.006336697210698849
0.06401465902271691
0.026486039183276945
0.0006587981480140377
3.0786095012563375
0.04253099515727501
0.0358049548407664
0.007980176255822351
0.002444138309829532
0.05111210574610063
0.07650740991856132
6.493593986065246
0.05013823377628991
0.08261269348659342
0.021969408498037312
2.4852620153622125
0.010045855234303899
0.003319315117457637
0.00017597050505827765
0.005102739973037049
0.00020572424080022718
0.0014084353161801298
0.0007351519540987583
0.04747364753941307
0.000304643951221535
0.0016596493978952925
0.08859632696373373
1.6949663223388325e-5
0.00367477897473486
0.01565988857038345
0.7874513569549929
1.5286300291819273e-6
2.0664215244969175
0.0008030744335107927
0.3732047937810472
0.06720476600421052
0.016713081758716563
0.9637465671482424
0.007828436265682064
0.1318343029696025
13.851120062951713
0.5339991882415299
8.220311117467913e-6
0.00010893297658342026
0.0006544431072974825
0.004725501160883209
0.5987612043793917
0.0002612338247438621
1.1968809419771267
0.004462539036743142
0.10761913871054428
5.857037268838861
0.15219860289433876
0.016700344485081144
0.1174606829858443
0.0723987586041507
0.0036127105013729786
0.32528258606419036
0.061470621319904814
0.001875524122562702
0.0013864323763584684
2.0386805778202723
0.5843972169297151
0.015314848838998385
0.19951609329858702
0.000351628605197868
0.003932387531720988
0.017029968324080522
0.8516556175255021
0.006704749520533419
1.0272223442804636
0.5890427441573962
0.0009923407528242606
0.0025795698331287486
0.025959784018772896
0.0014229353683165719
0.7126261575355564
0.16568653772581082
0.023214967324942354
0.04111871709873363
0.30581931102306215
0.15343461327705285
0.004011983669204777
10.40915922942492
0.006318394254608227
0.22892432039076385
0.018948456719004445
0.016402217584285703
0.018890819990515825
4.865837653619331e-5
4.231230426151357
0.0014873983095252089
0.17684167830230765
1.3201502461996572e-5
0.043317474199472454
0.00016081060850714414
0.0015068352787268144
0.023069194814204073
0.040757119615621853
0.4953980016329084
0.0009486212146057245
0.006298672372995163
0.016478452529099435
0.3541252619262821
0.00018755593603486575
0.1918471426849892
0.005857060286133615
0.05908210060028167
0.04381272057780803
0.0562941868299014
2.6004269420294315
0.0033776626892483242
0.2265996862754259
0.018646951054929875
0.01258217333827395
0.23900422300796478
0.10699382580640802
0.0001878033150384492
0.0009947344276588935
0.02190699989221694
0.003548094903087644
0.2812225297319208
0.06659024660744045
0.22759644393215595
0.6010105995030031
0.04739620826327127
1.0282440865121547
0.05381968878639141
0.03024210666100903
1.0420247644202965e-6
0.046261497120099866
0.18611528845101888
0.00044536604400383827
0.06287780576868594
1.3516657691408573
0.014660782428898098
0.00010878367153597699
0.0030867647639673773
4.56786040263783
0.0969984327282221
0.0461278594373001
0.012660044412151832
0.015541909087001298
0.006933503482906011
0.006724398601389308
1.0
0.016572871130871983
0.44630490318816285
0.0019434144351289193
0.00011585996822554191
0.031863057668749716
0.2187959760472638
4.0728712812906345
0.0007286480381107193
0.0037529353811082493
0.013716645208845739
0.012876524054851927
3.911175561114313e-5
1.2887273864015359e-5
0.0026577741758251243
0.1746859986000483
0.021482276672483983
7.847435179559543e-5
0.46904736071901937
0.01105924239592649
0.22490863339205772
0.12622532740135342
0.051291928927695005
0.02779980659844312
0.041307942958348186
0.012340664520177647
8.706117733272736
0.042811451435428735
2.087648197630149
0.0008677703843490611
0.12072083147162896
0.0007952205960801419
0.008971228145776096
2.1164859570187144
0.00018158905804066728
0.0008903823475980007
0.00245307838978846
0.5992247355372949
0.0037284893580404365
0.022901778732249085
0.0006964259702121487
2.4483529296249947e-6
0.002691180042181935
0.014687923390309053
2.0036278888845818
0.061319642002350974
0.0003312841486779666
0.03402189854454106
0.0025481789093476717
0.004823370719563243
0.0004990167927058654
0.0025186335614013435
0.009651715172738764
5.599615161882054e-5
1.573955663546849e-5
1.6508616840127124
0.0001617810354008659
0.018673183663253826
1.3942138489140925
0.004296101684724023
0.7813380834062089
0.04583315083308662
0.08852821795904642
0.21923042514353833
0.00029699090034601683
6.526188287561341e-5
0.03319788216889099
0.0024792183413043104
0.005943312846227982
1.7310545119001752e-6
0.12146641342222256
0.001727567364503285
0.4437231574450889
0.11751600651379046
0.3992880374815846
0.6452605469913387
0.16996687478131184
0.20878885358555743
0.035826194950674815
0.00047149419023593484
0.017387919952077634
0.001736110426416642
0.04613540197477492
0.007303207385520809
0.0028808372027007523
0.00010170792926343962
0.003472661467532872
0.029741339209120424
8.909374167156045e-6
0.00021774537229622432
0.12496839486322117
0.10122922413401152
0.06063401643790472
5.125728278905487e-7
0.350602652358992
0.11637883187742647
4.934811199991949e-6
0.015204121869374978
0.07173853861838866
0.002763097234354519
0.11642464980372208
0.11765617117471296
0.0033844848668445372
1.443280011661206e-5
0.26058181942692504
1.411374517759839
3.359677112846211e-5
0.1762675522737979
3.396705378647804
0.24089556958394495
4.950374806718355e-5
0.28139633743986875
0.0008284319063787982
1.0450681269687843
2.317495653386593e-6
7.411769631646573
0.01243377156296537
0.06727914809503384
0.011449768652469933
0.0011949771321428573
1.8228483215838533
0.013708716120204531
0.08588149058189314
0.4329472621987134
0.045693072120392066
0.003445668917547095
7.505021441154402e-5
0.0009430601967526316
0.025774377868730734
0.000274243845954977
0.004996013185959513
0.001722728911007667
0.054629770084666095
0.01579739339017572
0.019419626701593876
0.1276412216120401
0.032054355275037714
0.25055560955069356
0.012138906367123887
0.032073280308267685
0.06562350289784956
0.3116610943871057
0.009762965569979184
2.294957489103416e-6
0.0012385484862582126
0.010724884310574017
0.11591453659009365
0.0011121741493481294
0.019300530508345907
0.002776465490524862
0.0008362828770622547
0.0023950967869938726
0.00030203020846779864
11.271633077863166
2.0711641963077296
0.009042348362703399
0.06811731250116632
0.017329004157075906
0.068592464114166
0.017628425372516632
0.005669786577018103
0.5394018913115125
