2.323300487761916e-13
5.222274084768156e-12
2.92808091133679e-13
3.5074797775658804e-14
5.084833430076932e-12
1.98446879174045e-12
7.173655222746536e-19
4.317020193037464e-14
6.007405067980034e-16
5.413764607831373e-14
1.4784069870504494e-12
3.674278999029378e-12
3.610394663355423e-11
3.9480100434335784e-19
1.2504098796602013e-13
5.770125415621269e-15
4.471824194175529e-14
1.8250213859479596e-13
9.446827977971102e-16
1.6483427358018276e-11
3.6939426250808005e-13
2.8210516449057524e-13
5.826517761328862e-13
4.362546993950425e-12
7.375431714660751e-15
7.754164522604266e-14
1.1176551722166991e-11
4.1158544188261277e-13
1.4918756745724254e-17
3.253368025699153e-16
1.5395389852517872e-21
1.3794304854396198e-13
1.994097074917993e-14
6.045520458762173e-16
4.172837096404651e-17
8.416905040760877e-17
6.4307450578855975e-18
8.76141393494401e-14
1.8724220749125297e-13
1.484761398639885e-13
9.560328206373848e-16
1.03652485185407e-12
1.005363679048511e-14
1.255683105134126e-12
6.263791809479218e-19
4.3176396901775834e-19
5.678864917413372e-15
1.2874892109878855e-18
9.957898752546362e-20
2.6706452186745927e-14
1.8232991607768178e-15
5.302750909756593e-12
7.958216603580334e-14
1.9964450283745343e-13
5.223637537137766e-19
1.4634008491248232e-13
3.207914792546104e-20
2.351405247016309e-19
5.194363021633986e-13
2.881613705644023e-15
2.696977150993463e-12
2.243273895555419e-19
1.0019298650718714e-17
3.111741508886003e-13
2.118034636944163e-13
3.098970275043171e-13
2.1332800798919643e-12
6.066616174882131e-12
1.7060070453146874e-14
7.3325954753560135e-19
8.232420514262863e-11
2.299837852941227e-13
1.2087219756346395e-14
2.642999311766976e-21
7.52296779476891e-11
5.920637359158964e-16
9.87836202789949e-20
1.1936463108505596e-14
3.192300046692694e-14
1.455586463929866e-13
6.01032057948505e-14
1.2070003423843163e-12
4.81422490030668e-20
3.1895082812855217e-12
4.852652377163747e-13
2.1333258003538232e-20
1.9721228659732643e-12
1.7738917596910193e-13
7.861173245020746e-18
9.368277490245136e-18
4.001440213140553e-20
2.670533419720006e-13
5.940017161638132e-19
1.08535943681648e-15
8.245379952558019e-15
2.783348352687763e-19
1.2181777095551172e-14
1.1473972072827044e-16
1.2732806550329855e-14
1.290962274012954e-11
7.951988783162462e-15
4.602107776650407e-14
2.4664670729129445e-17
3.4422015150908988e-15
9.587396349289251e-14
3.041958241710709e-12
2.5659994179454474e-19
1.0925024744263957e-16
1.3375574088729266e-16
1.397167855430117e-19
7.553825552076705e-21
5.9155307528786625e-21
4.2373350272323475e-20
3.890122718925643e-17
8.639773632805659e-13
3.140366065884804e-13
1.360450917119387e-19
2.084503908457485e-16
1.5483349683280866e-11
6.244399429544524e-11
6.121621320260925e-20
2.1351898970970678e-11
3.0765942706939345e-19
6.44894442536674e-17
3.0068955033545796e-14
1.4436419287570913e-17
2.6608381452597626e-19
2.6199755408214936e-16
9.841105161423687e-12
9.197788479045876e-13
9.210601670079145e-17
1.4411488095483836e-11
2.658462550005774e-13
1.282375756660866e-18
2.023311400123414e-17
1.3763144920910653e-13
1.492292721273944e-12
1.636333820519372e-14
3.36131673951911e-11
1.6091384635456522e-14
3.6271373320670755e-16
6.6692633433806025e-18
1.857078125773741e-15
2.518736694571937e-14
1.4749166802255558e-12
2.609576447624404e-13
6.918511055020218e-20
1.474281279138595e-19
4.695829431851075e-18
9.4209236333712e-16
9.136583865651231e-19
1.4968608761806376e-12
3.7581554094514774e-16
5.631902188815544e-19
6.173621956183264e-12
5.119150637237116e-18
1.189909308029228e-19
2.639599536571606e-16
3.36765392106725e-18
1.292335037636567e-14
2.728833003266606e-16
3.042805664341446e-17
8.465474333869265e-13
2.8604955662227577e-11
1.687452995308012e-19
8.251361379042614e-18
6.585401986624596e-16
3.705504386856935e-13
1.1657945536168858e-14
1.0395404927811447e-15
2.9614162806225296e-18
2.5662295957521175e-20
2.2228683163260865e-14
5.013044992416925e-18
3.793397743147874e-15
1.3471388843128825e-13
1.1233199577565332e-19
7.005084411259893e-16
5.980605252457312e-12
2.7716729979645914e-12
4.114741466098971e-19
1.0373441075692625e-11
9.19593884966674e-17
1.3786360222446256e-18
3.099684549020679e-16
1.5439630042488777e-13
1.4088088616207768e-16
1.8139622264718867e-19
8.897485989389921e-21
6.468911072159233e-12
5.0719759954110216e-14
2.245421233998409e-21
1.7228273860555746e-10
2.3633186069054128e-18
2.7328368501428746e-16
2.022001352933237e-13
1.7097862730153724e-21
1.1741781760905827e-19
9.859507477272774e-17
2.442447125420171e-16
1.5712740366166e-17
1.2676479026996338e-19
4.418594153759119e-13
8.183488521704076e-20
5.55805978029328e-17
8.161600904173894e-13
3.1780630411706807e-18
1.6996418888420182e-16
1.5764516696631616e-15
1.0013284927419173e-18
3.835420129431002e-12
7.528255495561469e-18
5.273201872477806e-16
5.327563689389646e-16
3.270782606538005e-16
2.4511270950439626e-13
4.177233042570934e-12
4.092339207697015e-17
1.437503152694036e-13
2.7244199095710607e-14
2.3274546730886656e-16
1.157094627559788e-19
5.4078705750256495e-18
3.802578059488058e-18
2.4413772066818063e-17
5.110895012664706e-13
8.931461786232887e-20
2.4521723209049437e-9
1.5262370182822584e-17
1.2391928311619525e-17
8.469941270770683e-13
5.63884176511871e-19
6.414079167819406e-13
1.5872267768375794e-15
1.8162540701275279e-19
5.649289350388938e-18
2.144567391509182e-16
4.0050761561290613e-13
1.3766942919517968e-15
5.6015135762432765e-18
2.9615273660183884e-12
4.973123823643289e-19
3.0425374480418836e-13
8.507068038529402e-20
1.1813330705173516e-20
2.0492160301868864e-14
2.933011168118892e-16
2.071098865488815e-18
9.86391272266277e-20
2.0148960832839562e-17
1.3675063934805674e-16
3.9658740270881107e-14
7.163047285210498e-18
1.222270623658164e-14
9.186652578220876e-14
5.644005277270639e-16
7.614470327232529e-13
5.399320852854484e-16
3.509519109096854e-18
1.0262851532821873e-14
5.687122863524727e-15
7.6486777226202175e-19
3.735210850217065e-12
8.2524290569867e-14
4.6283381285051054e-14
4.134191294897016e-18
1.1191367808389617e-14
9.720327260349995e-15
2.3929804649958136e-16
1.5345909270890504e-11
6.675207678718559e-19
1.0228124158472501e-14
4.736519880670392e-13
1.8140840338477462e-13
1.734369318600424e-16
1.1258507460406648e-20
1.1024231364388847e-19
1.4659027164773078e-13
6.566926307399431e-19
8.322119587561668e-17
3.4158995972395185e-19
3.158156152318138e-14
1.409434854740431e-16
6.202212491170417e-19
7.088205971831752e-14
9.798199317387005e-19
8.18994389305689e-17
1.5361712411705552e-14
8.85388405298686e-14
2.3909724428097255e-16
1.1203222855942551e-17
3.8368609715282e-19
7.778144029458373e-18
5.375274692314517e-12
4.8627963972861705e-21
1.7105182951361303e-17
1.4999882616184582e-19
8.182121825900552e-16
5.289419805447642e-16
5.990340565772103e-12
5.698567841156713e-17
4.883476120208329e-15
5.64445985158735e-19
3.683486769041881e-18
8.503644644499234e-16
4.472120655351491e-15
2.678554693630712e-10
1.2958171955103094e-13
4.142840354881872e-18
2.408373393104387e-18
3.664104583798307e-16
6.333149731811413e-18
2.4305409905011905e-16
1.4498913196529583e-18
8.166319391805545e-16
6.747803003144783e-18
3.671746542545049e-20
1.5009611600254012e-20
4.528723947936257e-16
5.90900363242196e-19
1.3660138159162996e-16
2.630873823675864e-16
1.061268711463437e-14
5.164385367914139e-12
7.351132576652907e-18
1.1517544372580214e-19
7.526290472383147e-17
4.771514346818802e-20
1.7301060763506755e-21
1.4160099817320075e-19
2.1290728298914212e-18
7.421896292147868e-12
1.4810096351602782e-19
2.3992941334954995e-15
5.7563358880654594e-18
1.4007413179930015e-15
2.5352980721550745e-18
2.7400912154898267e-15
1.5333418427999427e-15
1.3232676637579179e-19
1.1095814938104138e-18
8.776317482775028e-15
4.301040321625121e-13
1.6314450531811712e-13
1.2294461491122358e-18
1.9257415923718474e-20
6.812093956333945e-19
2.4950485035055403e-19
6.735699514170847e-15
1.6178807671099665e-18
4.59751365830413e-18
3.4467212661962477e-16
2.0440820131974885e-13
2.805050471690888e-21
4.983547337849709e-21
2.1907543893186067e-13
1.1489530317252947e-15
5.062206215678446e-14
2.8849730386621735e-16
9.41874287171211e-12
2.6200686259650146e-12
5.867146401753098e-13
7.360989700309709e-17
4.30727562673362e-19
3.0370382483671734e-19
9.250186992231287e-19
5.439775623389302e-16
4.642275672312332e-19
5.083702344174121e-17
4.563523470893759e-16
2.080721603987999e-16
8.897063607002757e-16
1.1679114199326288e-13
2.6046869441931353e-10
1.2222065674401101e-19
5.349753534095242e-13
7.14691092458556e-19
1.4437348237180338e-15
5.277641129111175e-18
2.0354298771284282e-11
1.2685923698381091e-13
3.296694318804882e-19
6.826916859860582e-12
1.4846184807609034e-16
4.3507563598164446e-14
2.050609340396871e-16
4.4210878256324445e-11
7.970646707381189e-19
3.655849799055131e-17
1.7319215992750343e-21
1.413731265430692e-21
1.1271507574859676e-14
1.560622756061112e-13
6.987213457061073e-12
8.844875773182535e-20
6.607023613528579e-12
4.6986321175997745e-11
2.9315791871740836e-14
1.3639830485308757e-18
7.898139481189665e-21
1.3858837912974059e-15
1.0274583352989376e-13
1.1903799009015556e-14
1.0857285740807975e-19
2.803156767069853e-14
1.5535690744353753e-18
2.494740799641391e-16
4.403856599316515e-20
1.9215928462094038e-14
7.307122927897236e-15
1.2861072494067067e-18
3.7785483596349766e-19
7.991333592251819e-16
2.4220685988485118e-17
8.341450013072902e-20
2.0681858992773728e-14
5.302353585682878e-20
1.1470119421257053e-15
1.4575637142431132e-13
8.98566421506495e-20
2.1941175645633417e-15
4.111603134214522e-19
1.302719459805705e-18
1.4777300031025945e-13
3.1031175553917e-13
1.0660421890583985e-15
5.030346804630884e-13
1.6325720901204357e-16
7.650526320597057e-20
1.0910345307059578e-16
8.900528015320797e-16
2.1680183023954876e-16
5.820373329237362e-12
7.851904210546278e-14
9.460379807316381e-17
1.1991271874871656e-16
1.6503708162958746e-14
1.3032078990049984e-16
9.670344783496166e-18
3.828069940645367e-13
6.665361829590105e-16
2.4633666033365573e-14
2.1437263443739888e-13
5.637737024351073e-19
2.0527812761769834e-16
5.45177184601897e-13
1.9927826095478692e-13
4.486000243526074e-16
2.896693439800806e-20
9.54715283460527e-18
9.855825271377032e-17
7.439418239948329e-14
2.0515018641030844e-15
9.142573189077295e-16
8.98796688395097e-16
1.722386336379666e-18
2.313253881633445e-16
1.646538812734598e-12
2.797492292405755e-18
2.090864110306802e-12
1.518702117641199e-11
2.1092158264862135e-20
1.980302585983697e-12
1.0172983866256865e-19
5.706941566017639e-19
1.666943281515203e-17
1.4079924900932274e-15
7.357249657409384e-13
4.363425947464214e-21
1.210777233705109e-18
6.109040986232812e-17
9.412184277360781e-20
2.7352914436035092e-17
3.5212763684754224e-13
2.365297239679531e-16
1.1649336685930606e-13
1.8280785191471217e-11
9.023302587030923e-16
1.9158939900528076e-13
2.186481313382631e-13
4.7221807299180224e-11
8.555644998721855e-14
1.0769122741159119e-14
1.6628886682102911e-12
3.546623786272238e-18
1.3982753579290556e-18
6.6028590559619056e-18
2.837748039198384e-13
2.113456383925681e-14
2.2005777927305706e-20
1.0147457099096373e-17
4.513772232260161e-14
3.5473698192921744e-15
2.742812433656247e-16
1.9831680950945747e-19
1.9387575963968476e-17
1.7479006498427669e-16
1.806899719117456e-18
9.536348533464884e-18
4.1530293110271753e-16
3.7173024709396947e-13
5.31870098314489e-19
1.0983281219458749e-15
1.703039810524296e-19
6.179819331040454e-13
6.19616326181805e-17
1.204822929695768e-18
1.632439169290686e-15
1.3530714474812948e-12
2.4337574975395456e-18
2.88216558213566e-16
1.4052009985111486e-13
6.172761161401036e-20
9.47880385758472e-20
1.1634133331566473e-19
7.258140552617588e-15
5.750544191735364e-18
2.5632994723483725e-16
8.936011973916511e-20
2.307683663547338e-18
4.203319075770817e-20
5.843126932287273e-17
9.686541507244205e-12
4.1978861626326767e-13
3.860300434014614e-16
2.1101465802152703e-12
5.008640024252521e-15
8.573278483174754e-20
1.1937681408816776e-20
2.0445098821021576e-13
8.036960555481951e-20
1.4800513387812537e-14
1.1910523875301985e-18
9.62514834054326e-16
5.140568262538747e-19
1.6011831285041459e-16
4.212440760097704e-12
7.08553791900151e-12
5.975347017468897e-19
2.3686108979654337e-16
1.6903990469442186e-16
2.450701569232856e-16
1.075969991277241e-15
6.2566149522251264e-21
1.6462070380181336e-21
5.784261109202955e-18
2.443603766324366e-16
4.695794811270734e-19
7.992304324936574e-13
5.341951299527795e-15
1.15311309314823e-18
3.345060458249072e-16
6.706665045629492e-20
1.9553402175430856e-18
9.919831943924957e-16
2.4744768930827138e-14
2.836459594250779e-20
6.244480004120047e-19
6.637131971892709e-17
1.727046508602502e-18
2.7758412078352245e-16
3.5776027535057746e-19
2.5435520487842882e-14
2.7194103945688995e-14
4.220920340847292e-14
7.158150240779753e-16
5.2510563884749406e-12
7.5727939059774255e-16
5.921086681681555e-19
9.72588616970461e-21
1.524211469081491e-15
1.1712267450413863e-14
4.08134389761489e-12
1.581532555132939e-19
3.4404397798913977e-13
1.3414080904281957e-16
6.803903054913493e-14
2.311737094307888e-12
6.606852264450632e-20
3.521363347366065e-14
3.104791056321676e-10
4.459059205142658e-16
1.0055405710691761e-16
5.3302791289452794e-14
1.3680266415583495e-17
3.7676221707776324e-12
1.660195798944767e-15
3.554011280950925e-16
6.626909460092431e-16
8.458651700636082e-20
4.579488303055623e-16
1.2833563633657933e-15
9.235915157900926e-14
5.743060459646469e-10
1.3186884270304972e-12
9.563992724504846e-17
6.461665317870242e-20
2.30855109307521e-21
6.433730706144679e-17
7.694262254839186e-20
1.6221078180830564e-14
1.5292263490713749e-16
6.820383992030418e-14
2.712107179444538e-14
6.4079307407070586e-12
1.3569111604493264e-12
3.2055315529178437e-17
2.856835865778676e-19
9.863043548450013e-21
1.518490626177656e-14
3.079926090720357e-16
5.272807871173905e-16
8.995063383066916e-13
4.804313982069038e-19
4.541404147511954e-13
1.4237951202400532e-11
8.534716749341201e-18
2.901077851066361e-13
4.861478486539374e-20
1.163987661371244e-12
3.5344856970012887e-13
8.881825229813135e-17
2.173601585922443e-19
1.2358995320761298e-12
1.7673715294935733e-14
1.6614536025983958e-13
1.3644252091777914e-17
3.4165711950288696e-16
1.6917831567142097e-16
2.516159732605827e-13
1.1670179244586343e-17
2.4118296632579444e-14
5.364826733557681e-21
5.112853493444704e-15
3.359637055321379e-14
6.874189417842691e-19
3.162098971352967e-11
7.756212677358365e-16
5.210557984172231e-16
3.292071714079615e-15
5.2906995593966977e-11
1.2477064893579226e-18
1.1625910262177823e-19
8.185614867497771e-13
1.0632041866675526e-15
3.9454603943018013e-19
7.77021335839824e-16
1.0608719447492814e-18
3.0207288397817706e-15
4.932699507764723e-13
1.0003673891127748e-12
5.476089305308139e-16
7.030977695425587e-19
7.30995197128426e-15
2.858961764076435e-13
1.1948320952790316e-17
5.814439597870725e-16
1.3296883944900997e-16
6.238489243371374e-18
2.6142374483408063e-21
6.092528452220742e-18
8.894738822196758e-16
8.107686386740505e-18
1.0678670650736643e-16
4.702469405324618e-12
3.5257366169208848e-15
3.5568334399616996e-14
5.390260014363433e-15
1.3100368970620073e-19
4.0318343219721673e-20
1.3709107848042284e-19
2.451308771121181e-18
1.2365782435645591e-15
3.07467621957432e-20
6.165164495540261e-13
3.1741364327710225e-14
1.1007654057714957e-18
5.326352865170122e-20
7.131864894995557e-15
6.634493560113223e-14
2.0726134531462322e-19
7.209613571386309e-16
1.8881970445080023e-13
7.724713873181727e-17
1.1889876598008868e-14
8.529885622795188e-16
9.831454052434866e-17
2.7207201887867944e-15
1.0914994919664339e-11
6.051847456460917e-16
1.4117406548371357e-17
6.19494032058748e-19
6.0558930740188825e-18
4.368994367795499e-14
3.934616710291272e-13
7.240239076923547e-19
1.2639638699341013e-11
1.1872539983702698e-18
1.2767158573933259e-18
1.0186298737601311e-16
4.3487401429126764e-14
2.2933201726174784e-13
9.428421011408426e-11
2.0044982516171368e-20
3.500133083557448e-13
6.3935636088057305e-19
2.4565331892634004e-19
4.0526533422395077e-16
6.522440866425806e-18
5.819327964646539e-18
3.770534848614617e-15
5.334337991292705e-16
1.9768783663946678e-13
3.5560659846880353e-14
6.301403261101249e-12
2.7750213665958078e-11
1.8243013700764079e-16
2.167757297446163e-7
3.7476730900595754e-21
2.6618213118509655e-16
1.5796033137821253e-20
2.417785588245017e-16
2.1734494472762344e-15
1.1298832238114343e-18
1.9652904770982105e-13
2.2910658572052073e-14
6.703694623245601e-15
2.479226870843673e-13
1.99956641968234e-14
8.620771790766027e-19
8.358161374054638e-16
1.6652400325293773e-13
2.9885339716476216e-16
5.8848077036755795e-18
2.185934885632435e-19
9.500696067744933e-13
1.223198467485858e-16
1.6031242719403696e-13
3.052986520799767e-15
1.4336196336763968e-14
1.9290040414566282e-13
3.825316371913546e-20
1.4130204049485126e-18
2.631579536115806e-13
3.136672356075425e-14
8.330127975344835e-21
4.289510651899619e-16
1.6146934408323004e-13
1.9944112590720008e-18
2.415366417959515e-16
4.654417797431303e-14
2.366718344328421e-16
7.762701669543727e-15
4.358755854026285e-20
2.5681021845678597e-15
1.8850819991236084e-16
8.538320753367342e-20
3.9791327304651553e-16
6.274636378514141e-13
1.962710166779795e-10
3.9438284819447864e-14
3.4422013528155104e-15
1.8728884347975826e-16
2.1401558053165042e-21
5.294807418811752e-20
3.330135676824546e-12
1.3615648561795314e-12
3.5582463193513724e-14
5.840875410938714e-16
1.0220585504666343e-19
4.903454972223241e-12
5.150039360131119e-16
4.646489559547311e-14
2.919485602935347e-19
9.860994739865086e-14
1.4876819187095407e-18
1.345943931884818e-19
1.279684041146493e-13
3.2229847664555007e-14
5.171520122994087e-12
2.161636328182709e-15
3.1717727726711443e-19
8.712674217282334e-15
4.16753660448052e-18
6.02601562000774e-17
1.7134927422221814e-13
3.745222797178137e-13
1.2818462533890467e-17
6.569032275747507e-11
7.2737763133420986e-12
2.1286293961306687e-17
1.5812280777430823e-10
1.1863524653384855e-21
2.6181745377105748e-14
5.364071800210799e-19
7.976815320028181e-14
7.419261356357754e-13
1.0228369568845594e-16
1.265109470648748e-16
9.57322151696834e-14
1.201640153486049e-19
1.7732649492244963e-11
9.574415729748968e-12
7.024276116177455e-16
1.158191140398791e-15
5.972260456089716e-13
6.631272694847211e-12
3.093482383313767e-16
8.395215234856723e-13
1.9577491875903675e-18
4.1585432048400804e-21
1.5297489910508428e-14
6.557059644624328e-15
4.2913404476494917e-13
4.0200355808345324e-16
6.616871329709086e-13
8.500919853828297e-19
3.846224254297656e-15
4.380205159191904e-16
2.4375657478829655e-13
2.139946446327886e-21
1.3444055736179036e-16
1.96331296199062e-16
3.412469666626146e-20
3.1720820926782246e-19
3.463637171775322e-15
3.033321405362749e-20
1.6138264311314845e-12
4.949166973787601e-19
5.4864959827869e-19
7.757425569311776e-14
2.87105479657349e-16
1.62460404519043e-19
1.2927796981832927e-15
1.6891779769011478e-20
1.7892239050328378e-20
6.763266367241155e-16
3.7710621581221973e-14
5.780702212922352e-17
5.378527397436925e-14
2.917151595896557e-13
1.519476391445369e-14
1.6486892155788842e-12
1.7236191029952687e-16
2.6936958561897675e-17
7.263430303368687e-16
7.189327160453709e-16
1.684056954835442e-18
1.6765548572695216e-16
9.503055248695275e-13
1.720703890100714e-19
9.947662381339446e-20
1.5948038355460944e-15
2.0985764190851597e-15
9.03396813301904e-13
1.024507400560251e-16
3.793459474242869e-21
2.4309540118238313e-20
3.8247210085793155e-20
2.1300803251304576e-16
2.195296059523098e-14
2.4305142816467888e-12
1.896711947111879e-18
2.641110039765346e-11
1.814490171333011e-14
7.609734744950713e-13
1.3821553944422078e-18
3.759602269068786e-13
2.1491540370830186e-16
2.7870856665729304e-19
6.736933491121087e-18
4.4059770949626536e-18
3.9868928204403813e-13
3.2733536115831894e-15
1.7624005884941705e-16
6.810798768347719e-15
1.3937225359215204e-17
2.047476217313237e-15
6.03963723378059e-14
2.6020479422001376e-14
7.679548833941695e-17
2.3849451152656228e-15
1.1616781435254031e-16
6.736723057526944e-19
9.574311971006134e-18
7.081883443793083e-19
1.3053033271810282e-18
4.123353311325563e-20
7.367249935082558e-20
7.368719674601177e-16
6.160488796328382e-16
1.0747022275781314e-13
1.8921561893049605e-21
7.939864246691662e-19
2.899317630040817e-13
1.2973580205164704e-21
1.9276613294484675e-15
5.783507775167629e-17
1.659920636477147e-13
1.1114279181743929e-14
3.6015529764514665e-19
4.304177751352224e-18
1.0141773583768439e-13
3.293098334767611e-21
4.350246264505246e-16
8.066738179852658e-11
3.676810165209053e-16
1.9382475464022095e-18
3.342406957471204e-19
1.056137015040224e-14
6.886084963788669e-15
3.162473145744037e-14
5.272850426737272e-19
1.9152017127270225e-13
3.124803788518209e-15
2.262653182947639e-16
1.1061313617216463e-17
1.002540668672564e-13
9.966039696973007e-12
6.454505230302802e-18
4.935656603903337e-16
3.693721526745569e-18
1.3252844301846412e-12
2.8812645090218137e-14
1.5225594093817386e-16
1.2764102573858046e-15
1.208038958755146e-19
2.0740019693580505e-15
5.966406151327698e-14
1.001458497600257e-16
2.0175499464528995e-19
8.628231985376337e-16
3.640385209485737e-14
9.979595792105672e-16
1.9524040935260567e-18
5.038994953165182e-16
1.6391623546308833e-15
6.374031954167276e-16
6.580377647680473e-14
1.53982931632012e-12
1.518263992626585e-11
2.1842458346256103e-14
6.914785384568099e-15
3.0019354168321576e-13
2.599326145187167e-19
2.438402444289792e-13
7.724998803017464e-19
1.4489710729186743e-16
1.645685575246847e-16
1.5134110263140145e-14
1.3613801415747175e-16
7.979677168834989e-16
5.972176579676062e-14
2.40977780138808e-17
4.612370097642149e-19
2.0388047032445485e-16
2.089012370702788e-16
1.1713139398619924e-17
1.1170754591742598e-13
1.239292612488476e-20
4.368189174869173e-16
3.1201122126331453e-16
1.164847109048143e-18
9.504015414367196e-18
7.245648275285231e-15
1.86388211521292e-18
8.148144280789352e-14
3.749688277734648e-13
1.4011255021441767e-13
7.641750175873234e-19
2.602230934300251e-16
1.986041914236236e-17
1.4196954837282599e-11
1.8411950900469706e-14
1.9234898188429315e-16
9.394152129698289e-16
7.945420181878087e-18
8.646480176951844e-15
3.8835810710549723e-16
1.6170385864682086e-15
2.1989904431728283e-15
1.0040338047143092e-19
1.0027078141757825e-12
1.3470331186502874e-19
9.884608593920124e-17
3.426969142909864e-13
1.7499236663972968e-16
2.317669108569964e-15
1.6637800535852414e-15
1.034864520990574e-15
1.6165990987328757e-12
2.9022262872279147e-18
1.2065726058968178e-19
4.0768610324376053e-16
1.5901476042531658e-20
9.095209551843226e-14
2.913790995271101e-16
8.015900512219941e-15
1.2051212222518793e-15
1.4798047436238033e-19
