7.257116582891701e-16
3.719277086916571e-17
2.814472398969915e-17
2.375854172485345e-16
2.2803767125832082e-17
1.3007328403638698e-17
2.0452815866540618e-17
2.145121174522291e-17
8.970165688875986e-17
3.1062172551133326e-17
2.2263257556394818e-17
1.5326924208090358e-16
1.094666590614208e-17
1.556245741645696e-17
7.559834361616275e-17
1.3533429303014684e-17
2.0426007645678697e-16
5.583553105952996e-16
1.3679671911054014e-17
3.187688193181086e-19
3.757784742211784e-17
4.4526665960197256e-17
6.656247838358292e-17
4.0542909853768745e-17
2.0548335879355673e-17
1.2555479626135998e-17
1.562127139535076e-17
9.618754784632573e-18
3.144750371347107e-17
3.968289057464222e-17
6.018945946974701e-17
2.534004947195061e-17
3.338670625806901e-17
2.3789571742683347e-17
2.7718352471385838e-17
1.3530840826068754e-17
4.538897092921988e-17
1.594463334608646e-17
1.9115519504266534e-17
1.1274477239585266e-17
3.129575602316459e-17
6.73747853042936e-17
3.6046557212776107e-16
1.395593902126789e-16
1.2639459390313255e-17
4.291586897354448e-16
1.4641055329658754e-17
3.5164867967089577e-17
3.7425751902549586e-17
1.882197866888693e-17
1.0427505261551079e-16
1.6221637356730154e-17
1.4933100387531072e-16
4.326355350207629e-17
1.5524240009015622e-16
1.4198002297984825e-16
1.767097186619007e-17
3.4110035171603447e-16
1.0770328445376163e-17
9.80912625345116e-17
2.491246856069583e-17
1.6166345440631955e-16
2.1995880774110882e-16
2.3722479271307304e-17
6.974051466086035e-17
5.3542689652843017e-17
1.2579363992411277e-17
5.566429992411473e-16
2.3662252448384486e-17
2.6700446596004242e-17
8.763490143437876e-15
3.5548574159185313e-16
8.787790380931194e-17
3.748486677852043e-17
1.3039293769206677e-16
4.360876268909107e-17
2.3874567557001394e-15
3.213616417640373e-16
9.341777153244637e-18
7.339167573247367e-17
9.84315293222588e-18
1.9713532397974027e-17
3.349178486041469e-17
3.5004370736439066e-16
5.707545887505382e-17
8.004285038303593e-17
1.6511232203562357e-17
1.598121219609336e-16
1.2277019399650968e-16
1.4167934283836322e-17
3.297387801109096e-17
1.2171016710807956e-17
1.4628149978540024e-16
3.980479094660304e-16
4.59684209750022e-17
3.3153366540736207e-17
6.264377185077718e-17
1.700958784387616e-17
2.5838355763433113e-17
8.150604318273893e-18
1.9566794822572096e-17
1.3585549634398925e-17
8.363710775245e-16
6.94129567244575e-17
3.542207984889948e-17
3.889593471221299e-17
2.5242735268963385e-17
1.0468922842606082e-16
6.989323118440351e-17
5.249503721897114e-16
2.0423669555029016e-17
1.8243749228290174e-17
4.393758170951497e-16
1.1053915563830952e-16
1.946920405145541e-17
2.3199183196584716e-16
3.308206323143876e-16
5.656041819643523e-16
4.401174372843476e-17
1.0065017803413308e-16
1.4912606650853088e-17
1.913253808534672e-16
2.8134409598692876e-17
7.915277264399443e-19
1.5652185437533668e-16
2.8237313693403033e-17
1.3845135140511305e-17
3.764111859829587e-17
1.0217958997495329e-16
5.446885225769836e-17
1.13738173033227e-17
5.733219023479336e-15
2.5345213398456187e-17
2.28175770750062e-17
3.721259407479053e-17
2.0130463046498525e-17
1.5278156445778573e-17
2.4446236329771154e-17
1.646093323986324e-17
2.3726221030353984e-17
1.5647125542506697e-17
7.28233808045739e-16
2.1396468886680567e-16
9.312526241240107e-18
7.063988008889334e-17
7.035654635185011e-17
9.502192310234569e-17
6.871957370664869e-17
1.5552067662690898e-16
1.4008836754483866e-17
9.792101354550127e-18
2.1138266216326552e-17
6.550036493713667e-17
1.7133373577156786e-17
1.4298899064971027e-17
4.4125130972107645e-17
2.936227352754548e-16
4.882840358525558e-17
5.025695468836429e-17
4.0335799294667817e-16
5.041483928563843e-17
6.066677566555076e-17
4.044499898627521e-16
1.7596621003567007e-16
6.227219497777715e-17
1.6550507581539893e-17
4.447752146196194e-17
4.7780938199235583e-17
1.777845267190492e-17
2.1269780526492598e-17
3.3502819444300574e-17
2.2515899247296315e-16
1.699338993715481e-17
2.980049636839978e-16
2.7429270068258253e-16
6.91705605093635e-17
6.245425439245767e-17
3.181608171972842e-17
4.6307766960373204e-17
2.6714840123152153e-16
4.465567203333322e-15
6.623872290461647e-17
2.3216347447238106e-16
1.182884488036521e-16
2.0087877213927407e-16
9.182621318535411e-18
5.344496914463644e-16
4.014887863799903e-17
1.0450063119809036e-17
1.2005506201097263e-15
6.420642957081208e-17
3.4571057772724475e-17
2.3154092796439104e-17
4.988539754202816e-17
1.0756186490396516e-17
3.0501238027335114e-17
8.776190975394154e-17
1.3265299089844321e-17
3.6180215088137723e-17
5.994855638099947e-17
2.87847932990872e-17
4.863941049072738e-16
3.21543937781548e-15
1.1700812641623762e-17
5.090556162500842e-18
1.2947459202231782e-16
3.6564127083361294e-17
4.913064809107552e-17
1.746064594635676e-16
5.678646456728394e-17
3.07093359997744e-17
7.485660796235046e-17
1.2191326100939073e-17
3.5251741911287885e-16
2.4611519788371618e-17
5.293132814410217e-17
1.365202053620378e-15
1.0214199234475955e-17
9.123999568874532e-18
1.1919162968755756e-16
6.93558411440346e-17
1.39381891370731e-17
8.389379508823778e-16
2.0787651533285102e-17
1.2990829144950293e-17
8.874853135271266e-18
3.1693553171114206e-17
6.737286064491261e-17
1.9252118348701594e-17
9.031869923451041e-17
8.924748170208245e-18
2.415309418488824e-17
4.411064237879973e-17
2.4780610190266317e-17
5.2210166842008126e-17
3.208350293747584e-17
3.886864244241885e-16
3.8154986392531176e-17
1.6817072287467583e-17
4.471745224768584e-17
9.255248437912119e-18
5.394733436708348e-17
9.28811390540214e-17
2.829581387619022e-16
1.843106660063173e-16
3.040979632805887e-17
1.542914240929343e-17
2.5364653445256784e-17
5.0577184986887303e-17
6.552655768432311e-17
5.769696498852471e-17
1.6586029445026736e-16
5.014182821583677e-17
9.78491313097618e-16
7.115478068955405e-17
1.5899873839565872e-16
8.471692589709343e-17
1.0558168551819523e-17
8.121585023209688e-18
2.511359103698828e-17
2.96015902426456e-17
4.5498843377291164e-17
4.1271149435952706e-17
1.4667394854024467e-17
6.820299680707776e-17
7.920987517015354e-17
3.682103627993313e-17
2.5331722074664813e-17
5.666622178636366e-17
2.4339688741806403e-17
1.7195952594974076e-17
8.659132461323599e-18
3.360930494664493e-16
2.8916522413053628e-15
8.944052361769642e-17
5.475026709196562e-17
8.318682288157579e-17
1.7602901331594016e-17
1.6707782573291772e-17
1.5350530882571577e-17
1.9418148151000684e-16
4.6553325892240836e-17
4.791223519250872e-17
4.678679273447807e-17
1.7303704127495138e-17
1.098994253652661e-17
1.2629919877663807e-15
1.2557144972309006e-17
3.7433826513434516e-17
2.413271360476504e-17
9.140736902530519e-17
1.9393843635950787e-17
1.2428114355023536e-16
3.729825944529834e-17
1.4337218076560157e-16
3.498806178940262e-17
9.979741346482868e-17
2.6494329096286044e-17
5.541394014270787e-17
9.468118940718502e-17
2.0831640277106894e-17
1.3624639192180855e-17
1.6979316905865718e-17
6.071433402376824e-17
1.9635255786699286e-17
2.662624920043277e-15
1.1755609872044714e-16
5.776857601282982e-17
2.6989897043935375e-17
3.6791350625124584e-17
6.214152248032207e-17
4.947970006389499e-17
5.911489200119719e-17
1.8597016285488327e-16
1.9878600044066535e-16
1.0075693079947194e-16
2.0539467855995756e-16
3.291766424261413e-16
4.5157418447212326e-17
1.3864192416732605e-12
2.5051645436063325e-17
3.7423293891074464e-16
1.0734142876112038e-17
1.1216954181546927e-17
4.778162797683461e-14
8.741743313056182e-18
1.5438553467508895e-16
2.649020664009828e-17
1.8954373972223605e-17
4.1286267567987186e-16
6.470304951233698e-17
1.9957612003808294e-16
2.647072387570923e-17
2.6766223164373614e-17
7.310705841605525e-17
4.0132305427115495e-17
1.5434916687617784e-17
4.4957441710324984e-17
1.7437651589784674e-17
1.2808684565488076e-17
3.8162284835190806e-16
1.7780780672589073e-17
2.307987804921244e-17
5.732894237266664e-17
2.438388816589857e-17
2.246699494911763e-15
4.052614735873337e-17
1.253334430364663e-17
6.359264902886298e-17
2.4252004605645746e-17
1.3054856994725231e-17
1.188926319355896e-17
1.2011273243547085e-17
8.59126749973339e-18
7.963332040819101e-17
1.6162560043133492e-17
9.281528650086209e-17
9.313007754324403e-17
1.0255626262710293e-17
1.1710103677809445e-17
3.270474270173385e-17
2.0479895420908696e-15
1.1712112428463124e-17
5.797864616690836e-17
9.240746320597387e-17
3.288458566937091e-17
3.206506446727129e-17
8.486493011402077e-13
2.301028982505783e-13
1.2483451417103015e-16
4.5858665031906445e-15
2.3020616410483905e-17
1.3152444863063091e-15
4.6341838666409636e-17
3.4081540218935554e-17
1.6944786769759227e-17
2.1498870693284663e-16
1.996212192217714e-17
4.762972579145648e-17
1.3701121547724439e-17
2.5214946682221436e-17
1.6762550256017054e-17
6.400171103352751e-17
1.9846771628673397e-17
1.7407469509809276e-16
2.1248773101980243e-17
4.611497781463396e-17
8.41442355686362e-18
1.5994412207663868e-16
1.1046836159250078e-17
1.982537811230665e-17
1.0476944244296591e-16
8.465622001259253e-17
7.926375842893629e-17
1.1523434282139832e-17
9.31981066585087e-17
9.54751614283288e-18
8.22814092749151e-17
2.2553010872927866e-17
2.2271119178598858e-17
3.736087168489315e-17
4.050755446783115e-17
1.6290822924171167e-17
3.044751449934869e-17
2.823902029076915e-17
1.0937275389554936e-16
8.144607015694064e-17
3.063390707288799e-17
5.792419029777555e-13
7.757636633976164e-17
3.500364923484116e-17
2.1001298315304583e-17
5.0018390493993466e-17
4.615471456485065e-17
2.3864914305375276e-17
1.3124875245528544e-17
7.877428681648664e-17
6.220373910099177e-15
1.481401657991912e-16
1.9624821599988315e-17
1.2685946600741922e-17
4.054093627963124e-17
1.1263170200918567e-17
1.1148333502439245e-16
2.883024254966665e-16
3.32859624126027e-17
1.0293594964535605e-16
1.6463481652090146e-17
4.3314610569551013e-17
5.579179186892517e-16
2.7564036584027356e-17
5.0306670890778215e-17
3.8577504860095545e-17
7.598590307174905e-16
4.681454036827483e-17
1.6679817981579195e-17
2.6659368867501264e-17
2.518706012830728e-13
3.338150200854873e-17
3.9661128142110094e-16
1.7578712523515054e-17
1.5392045177931075e-17
1.782973984889715e-17
6.59976152325177e-17
1.812530719021799e-17
2.0250262482139084e-17
4.696048891279344e-17
5.125812581343161e-17
3.2798393729206863e-16
1.824039254979845e-17
1.7927230085229662e-17
2.7037593129144672e-17
2.9010592037063326e-17
7.532390871949274e-14
5.2527421026310123e-17
2.2639149988566498e-17
2.623390125798146e-17
2.5896494090549924e-16
3.3070847654395834e-17
3.863305827321232e-17
3.4976379762625254e-17
1.297360004329635e-16
1.660718145180043e-17
3.220237895315978e-17
1.5279670008457116e-17
2.2116568418224764e-17
2.7552607044718162e-17
1.463799307638848e-15
3.897989086193508e-17
3.6765234444079784e-13
2.4515962754254062e-17
1.2517593308187829e-16
2.1982346308272695e-16
2.395830887044144e-17
2.0078121484971838e-17
1.3434756260377535e-17
1.509008521711831e-17
1.0510475491689215e-16
4.529011396980367e-15
7.677661024088676e-17
2.8950205241080325e-17
3.45027242443747e-17
3.992106857252866e-15
4.507485551387335e-18
7.262731598155909e-17
4.82036637575488e-17
8.283479371746047e-17
1.411694156193702e-17
1.5546289897536096e-17
4.8845125556799145e-17
3.0285756990543934e-17
9.526852640535233e-17
9.299007040836875e-18
1.0304287824316713e-16
1.845655148562803e-17
1.979031222691535e-17
2.4078734507696556e-17
5.060825926860171e-17
1.142214416496346e-17
2.6588731108177645e-17
5.291416992419382e-17
7.397474334531087e-17
1.2029332297660377e-16
9.997405753461762e-17
1.4932599897918794e-16
1.2594576194989548e-17
1.290242508627022e-15
9.011258392465246e-17
2.7693805870367347e-17
4.655975120191813e-16
3.402351568445546e-16
6.313464872094007e-17
1.9572607015219025e-16
3.523765185166007e-17
9.225129495328416e-18
1.6864784166540704e-17
2.0572713685668872e-18
3.803578333868134e-17
6.00086855219967e-17
1.170179569528253e-16
1.8136708934854028e-16
3.5919436757555186e-17
9.664228210082719e-17
5.510010532318106e-16
1.392619314949185e-16
1.0447882368913205e-14
1.2274845403168008e-17
1.2316190572067573e-17
4.2245296832299346e-17
7.909381751721729e-17
1.2645473408445219e-17
2.9494608712440596e-17
7.221474859161315e-16
2.598717148066271e-17
1.8014689533300865e-18
4.519610648942477e-17
2.359686559448929e-17
2.6676803169982632e-17
1.415916386676885e-17
2.5579598767526772e-17
1.5708550222515708e-17
8.020510220017933e-18
5.324426806557277e-17
2.7318931321085394e-17
3.4250266661389683e-17
1.5283686170665018e-17
1.2072575719381593e-17
8.74542684411142e-17
1.0140029718854021e-16
3.5669095736598856e-17
5.3211092531895144e-17
3.2671351496653786e-17
4.1656308413869185e-17
1.921266343116683e-17
4.51802434891823e-17
7.259651372245556e-17
4.984743377858499e-17
4.898959941042279e-17
1.206634984857315e-14
4.0818211090943565e-16
9.882872093124707e-16
1.7520739910267634e-17
4.921477636802115e-17
1.1212090501776924e-16
1.3315666980018583e-17
2.5270093993856284e-16
1.432263889513681e-16
1.8558167855040874e-17
2.1290266425595955e-17
3.888087682163224e-17
1.7698728491564395e-17
1.9730085226990186e-17
6.221163069673951e-17
1.431786169182559e-17
3.242118905719586e-17
3.4720836760067284e-17
1.3005469130189463e-16
1.886340446956583e-15
6.777158924067628e-17
3.8549112185578186e-17
8.232502337944586e-18
1.259059526109689e-17
5.411559820926759e-16
2.6523301181742942e-17
1.1616553653385354e-16
2.2068423285440912e-16
7.421565201390365e-17
1.0789138314969702e-16
1.461347289252346e-17
1.764879082396063e-17
3.591625950773236e-19
1.778088911955638e-17
8.048572815319097e-16
1.0085942580160899e-17
2.295221818632634e-17
8.41123878092986e-18
1.2448768523771526e-17
2.0531550266845417e-17
0.0005797344112732057
3.702934201057804e-16
6.090988506717338e-17
1.8556062275684995e-17
1.4161273575844624e-17
6.922211997881149e-17
1.779713231844286e-15
2.4521884278930875e-17
3.9661444432253393e-16
1.113513909094398e-16
1.6870392549774938e-15
4.239807165241065e-17
8.245396731407167e-17
4.820937168597915e-19
3.4558985133619096e-17
4.886560679596081e-17
3.834559082195219e-17
3.8337019151561815e-17
2.2480833577589363e-17
4.299203779792408e-17
4.2752490021457257e-17
1.3950874588689952e-17
6.148690051785678e-17
1.3847512391704602e-17
1.071693745631693e-17
5.656696276626583e-17
5.643094048796677e-17
1.3539381933150332e-17
1.3472062058375674e-17
9.449955130177531e-17
1.336264449388236e-17
1.007029477101788e-17
2.952464863231917e-17
1.6771269699487504e-17
2.3425738303799172e-17
1.1711164157094675e-16
3.810359850195001e-17
7.317874257834268e-17
9.637954268081726e-18
1.8897862942630254e-17
1.9040828662427342e-17
1.328884686419219e-16
1.0011658860613244e-15
1.9346934918575879e-16
6.423413660563385e-17
2.0823135389922804e-17
4.06930645235774e-15
2.461679715787485e-16
2.979659536493811e-17
9.64603883329105e-18
2.508696165865841e-17
1.0853185472136734e-17
4.135960059445014e-17
3.0197180379566956e-17
1.0411681719308066e-16
2.073095736135184e-16
9.464206473899697e-18
1.534191848364177e-17
9.311647022220581e-18
1.6641353128244666e-17
2.3231124757058604e-17
2.1899051007595832e-17
9.394706783816406e-17
1.898187907599488e-17
2.4234801374445184e-16
3.160837840182769e-18
1.712066920321727e-16
1.2941297947724644e-17
1.4411521923829086e-16
3.22157590847873e-17
3.585803266465417e-17
3.810640912633508e-17
1.679602468462431e-17
1.816123382880541e-16
8.997329078763837e-18
9.608200124825543e-18
4.014227267492112e-17
2.6585777971668234e-17
1.141719857601168e-17
6.997865223271492e-17
2.206764347383419e-17
4.0648598556408454e-17
2.1814318817414219e-16
3.245368084591251e-17
1.288391893974558e-16
1.2521900939322103e-17
1.481146827212242e-17
1.2922707588170647e-16
7.673970898484868e-17
2.7268606751940998e-17
3.706264037295056e-17
3.727054717869801e-17
1.58452390303461e-16
8.210796250820793e-17
2.0294966381099677e-17
1.0911022884192709e-17
3.772742363198699e-17
1.0648982446643935e-15
1.6150533443366876e-16
7.139807311126472e-17
1.18703732711167e-17
1.118800928671699e-16
2.5873276064622242e-17
1.509095542128807e-16
3.693556076553492e-17
2.0734674606253773e-17
1.2379979145025141e-17
3.113472494330294e-17
2.6537216998311037e-17
8.214677241688771e-17
3.185492691951533e-17
3.8444826436169057e-16
7.261761362564741e-17
1.4945679338152032e-17
1.1976396342616037e-16
1.4145743726498473e-17
2.7178232592472783e-17
1.2235460521575211e-17
8.437840381764866e-16
1.011518823920408e-16
6.904821682145772e-16
3.292742110578927e-17
2.1386526094372116e-16
1.2235982087456836e-16
9.330170250513707e-17
1.2069388434220626e-17
3.056564553507077e-17
1.0459194687374692e-16
2.376140062931078e-16
4.259856197993586e-17
1.1233600987369577e-17
3.7145550536756446e-16
7.438617403578722e-17
3.293566622753919e-16
5.2043138278853317e-17
1.7452241268146222e-17
2.3820917250551038e-17
7.473910924295083e-17
1.633996952815925e-16
2.7050741118517988e-17
5.1765762608310547e-17
6.040090325140658e-17
1.4733133220347505e-17
2.3530376436763347e-17
4.03905219633169e-17
2.4111640842285067e-17
8.836781098789143e-17
1.2508517338021589e-17
2.636971558638217e-17
5.003688499159466e-17
5.303927232213979e-16
1.481751134119064e-17
1.981947908954575e-17
2.121719074908832e-17
1.617555597403377e-17
6.252669791891698e-17
6.703657928635023e-17
1.0965750102558348e-17
2.3716411337601104e-16
2.063208677931871e-16
4.7519752929708104e-17
2.2748111146100348e-17
4.198421160196638e-16
2.065644968075024e-17
4.912439506813423e-16
5.939459844840329e-17
1.8429445201615868e-17
3.936283283464582e-19
1.675649590935739e-17
1.4649772134291673e-17
9.341721655439662e-18
3.065104486954973e-16
1.54683118061536e-17
6.259454894160558e-17
1.3160568897217778e-17
8.980758602449818e-17
1.1825681208859529e-16
3.91247000715563e-16
3.0849994332900914e-16
7.827518839636436e-17
4.412771221932498e-17
2.845437519721212e-17
8.958858097453012e-18
2.428819238751403e-17
1.8459443698250993e-17
4.225839181655095e-17
2.740091741052794e-17
3.0172306838878475e-17
3.4487925827423894e-17
1.91775825126853e-16
1.1609137312999682e-16
1.4352546894457258e-16
1.0930525579535575e-13
4.522920091096253e-17
5.550674005365395e-16
1.8615002120147932e-17
1.814293717937027e-17
5.0568706264188033e-17
4.2363562291278195e-17
1.3127092069632898e-17
2.068663594829778e-16
6.141692656334235e-14
7.746472999884326e-17
1.927918621895256e-16
1.6116938634769575e-17
2.5825380526616385e-16
3.718990677501096e-16
1.9081145711155653e-16
1.0211751473749386e-16
4.74963035233626e-17
2.9435697539592833e-15
1.2200131983691384e-17
9.354310899086572e-17
1.2013335873469008e-17
1.4868389813767803e-16
1.0006916231813808e-17
2.7413467545571255e-17
3.1877385060117e-16
2.258512615868674e-15
1.30057280226748e-15
3.2496247681360277e-17
1.1528243612093943e-17
2.1815874675843886e-17
1.8161991587483978e-17
5.3325643787371414e-17
1.210049068264849e-17
2.302796117283543e-17
1.8140813866570547e-16
2.505998964643939e-16
1.5594284367277656e-16
1.9479639313622786e-17
1.975379938464876e-17
1.3942851149796654e-16
6.438472571594808e-17
1.217141939780939e-17
1.3570415946337344e-17
1.4880148669473928e-17
1.651435254083723e-17
6.388994153775258e-17
3.9186121393202386e-17
1.6998642525415903e-17
1.5439156923642617e-16
1.0868529149452389e-17
4.436742832706855e-17
4.772774008192571e-17
1.4376178644660836e-17
1.4393539056257376e-17
1.6906814470010086e-16
8.87927095821369e-17
7.876673842833844e-16
2.7749001875542486e-17
2.5501224167795326e-17
6.420233524395865e-17
8.365628443552866e-18
3.10616352812887e-17
9.862043954057003e-17
6.059699539887607e-17
2.491388440632918e-17
2.9633035368266016e-17
3.973804098440318e-17
4.3543332296539796e-16
3.494431344548739e-17
7.035101197111686e-16
1.5658082795460826e-16
4.8152438734216547e-17
8.93093852539692e-18
1.5872593722878704e-17
2.469109947830096e-15
1.88998793566903e-17
9.086715037939206e-17
9.354614869601381e-17
1.93080251364188e-17
7.486981372910812e-17
1.7417838114219464e-16
3.5560083439260364e-17
5.626185021240737e-16
1.1327870668590923e-16
1.9915965386806982e-17
5.876772077226224e-17
9.044341776678852e-18
4.8939267950264397e-17
2.2892960716774532e-17
8.809302465843112e-17
1.258171202732415e-17
3.015967780572337e-17
4.014054533733388e-17
1.9495436386100318e-17
1.8337517109143608e-17
8.258723639616602e-18
1.0693265186680638e-15
1.4598064728998493e-16
7.074949155155668e-17
3.9769960667996677e-16
2.4129711796541592e-17
1.9218395824678534e-17
1.2115598546581814e-14
1.1620082155964884e-17
1.2019141314551512e-17
2.2089714986146254e-17
6.825377673133709e-17
1.3659852992155998e-17
4.6713659817939395e-17
8.722771917153179e-17
8.855152441995654e-17
7.870796795592235e-17
3.515709733860987e-17
1.2521826278575291e-17
1.1948933620839774e-16
1.529035032346237e-16
1.2741518503277565e-17
5.235162622572622e-17
9.35398199836117e-18
2.387707798842463e-17
2.931373516551028e-17
1.2731164857997495e-16
4.767072126625869e-15
2.8339339629062913e-17
2.0640233832918676e-17
1.4046186392781692e-17
1.1531178915774181e-17
1.299104705174506e-16
3.144281449629015e-17
3.812321615299614e-14
4.398073084574836e-17
1.845540252200062e-17
1.747170831281277e-17
2.016618691889563e-12
3.073732352545864e-17
2.911988007834383e-17
2.4784249046122648e-17
5.714599915580201e-17
1.8473051317870856e-16
3.060919533231333e-17
1.73924214533405e-17
1.4111966774089179e-15
1.5235000048481098e-17
1.9921730811860803e-17
1.4603060091710577e-15
9.170952329101696e-17
7.963855280625724e-17
1.450385496973855e-16
1.5458239861821987e-16
1.0823427006984915e-16
2.2190800860000126e-17
4.384249160398808e-17
2.0731779596049247e-16
3.348834273476595e-17
2.1765039820876664e-17
1.2727766286300301e-17
1.9101051275147157e-17
1.0704664002588705e-15
1.2770684949953545e-17
1.4010323462226281e-16
7.061203463835903e-16
2.0297658786286006e-16
3.9662332526945325e-17
9.503973932042257e-17
1.802258430331819e-17
9.82744818086897e-18
1.5776491566991953e-17
1.0788601022857936e-18
4.8002095371858026e-17
1.521593375090565e-16
1.936432323583479e-17
2.1312753019114386e-17
3.9118986051153383e-13
1.7908148935484792e-17
5.4726864848666675e-17
3.5718517426550634e-17
9.509998638292984e-17
5.0185426590019936e-17
9.601382664887623e-17
1.352136583506836e-17
3.395531590513088e-17
7.236158498674178e-16
9.55608855071285e-18
4.433910067923101e-17
1.1334608653089345e-16
7.44642674939616e-17
2.837692501351025e-16
1.0574999932388368e-16
3.41304598373498e-17
9.426051727815265e-16
1.0804358611959559e-17
1.7216223709386068e-17
8.771689759613867e-17
1.2623024596090902e-16
3.29945469736498e-17
3.4928638342472885e-17
1.892865131853437e-17
1.8674545017236895e-16
3.00930266022233e-17
4.79934825426965e-16
1.5843387052396623e-16
4.2511604504537863e-17
4.108493434218837e-17
1.8858239625406647e-16
8.499479776411326e-17
2.3468973958054978e-17
2.1470700224379625e-17
1.836173880350058e-17
1.4272785442655285e-17
