0.028697629117620516
0.015514820892047577
0.011584694184190765
0.05084405909253129
0.43723994618022816
0.01400236511915867
0.04865802832605892
0.19283548773257428
0.026963626095255284
0.14871251126106794
0.026637148421233377
0.09084310420573727
0.02642553818092349
0.04207713222148319
0.01913473215223265
0.0063607310056936605
0.32135358470137343
0.07002642483038465
0.4314424419066059
0.011777400284108726
0.025141539362242168
0.05894598833382103
0.011662221846791805
0.05769932660705621
0.03269621341229391
0.007994251426974196
0.0336196181913231
0.03817482895475738
0.017524860996843708
0.02562877026398247
0.010051068484178452
0.03174391291289609
0.017480175586061072
0.029314730326589794
0.04043840158062166
0.015094321168983762
0.02144301687101284
0.05012190028939788
0.006238666132897794
0.005596506696579503
0.023212480346269437
0.017443733162395517
0.12499822943540138
0.13098083205196967
0.0524845081521317
0.3390418265962608
0.13347465807289036
0.021397296295197776
0.010795659504005984
0.09977418853471774
0.004115989074391339
0.030948295880793265
0.022500051395759273
0.02237343323344821
0.048203513172761295
0.011987272939525511
0.01900520572396878
0.024747965592377904
0.02156478650281183
0.04205797355620965
0.009048400995539184
0.012700568566015051
0.09559467033029616
0.14124006515159424
0.10190516388513854
0.018933326027025275
0.006794770601630567
0.008423402413749267
0.06092284271093976
0.10551267379369658
0.07340491620442444
0.05952447726906092
0.0082759187253335
0.028692014855055566
0.008825871035966736
0.36115124719377883
0.03540669669668833
0.026201037868283976
0.021201885887543816
0.006722519295501261
0.04589934168706803
0.007183888019686655
0.0260647310983127
0.005668497278937503
0.009700192677032458
0.0021811949109997236
0.012449384618766548
0.008068491447430716
0.045517587320723384
0.11086280062945514
0.0606804511893584
0.004569249002361889
0.02349873091215425
0.04062293560620911
0.01989471193268124
0.06961583697367965
0.0312655683973189
0.005339537996079243
0.09479574062338106
0.025248217091290857
0.0915602078109085
0.012102007595305064
0.04804636841242145
0.03520810659607092
0.024563668849884656
0.014541540553634309
0.08182202885629222
0.01864382775030021
0.03774381626052098
0.031499840250555994
0.019607936096075532
0.04141992334742323
0.04009179331068347
0.07461647481218334
0.06940188181951938
0.06990311293547972
0.035823642055682225
0.01747081281679615
0.009231571159229198
0.0057665489252947235
0.012513917031470673
0.047373443399718
0.0409169130306239
0.012108428827571056
0.02765567104469298
0.07022632611644174
0.006941719896285533
0.02061367019901905
0.05874880953652587
0.07114373342919099
0.00878480573780734
0.02892884390955982
0.0067741042103722565
0.024967632579694293
0.04031430104278166
0.06166958798865564
0.007933092151379216
0.026398422868687363
0.03990563676961623
0.013957826125610959
0.029893108972475282
0.31147373976310183
0.011522901248613403
0.05775393123072685
0.02323753447546363
0.008908064912933892
0.09829098724698514
1.6014059272329788
0.08798684026540737
0.048501688616983965
0.025222856423386196
0.08964663533872703
0.04019954875088552
0.23186087890868937
0.7026199400702118
0.004174977127617083
0.08615887864084783
0.016857278944508818
0.006999262914204786
0.013707244028325342
0.06894894684161189
0.015125520964700878
0.012667414456083626
0.05047930921988992
0.08261912079906336
0.014371131069713054
0.256141880451234
0.03956105140849739
0.05339769706422715
0.05896047271248295
0.6967943913564821
0.011922980568896041
0.009513369848756692
0.27831893038338207
0.040203954466387234
0.06202346507955684
0.005624209246238026
0.04577265965220674
0.009495993640390993
0.0606903273009649
0.07064460701508407
0.006826241916785536
0.017461699566432096
0.0014708274376306252
0.006049536691318594
0.1327046797116977
0.006806843956944825
0.1628197703919995
0.04614569103313278
0.04269429542693152
0.010888375132066714
0.036153304789654554
0.015011169840938383
0.03372251984844041
0.00984193328612592
0.004681209409213546
0.11288066149994705
0.0073883515777293796
0.01951348347468736
0.0016076535509850379
0.017673643401133365
0.3864038024463102
0.06428204231896535
0.005686906311700522
0.05139480380789234
0.07326660505286768
0.024055440757335657
0.030660479363781374
0.010492508725259943
0.02841373565801698
0.011682836677666304
0.011192686513119861
0.00620740913342774
0.047015810234874736
0.018388705584503274
0.2534024496231436
0.03323877806946454
0.025478155608713093
0.05519094640151576
0.006515755062089308
0.013075714445657933
0.07744214728397478
0.006249035343203031
0.02649402888183259
0.010412293479915444
0.005054289295066233
0.01648542924464669
0.0024427035054875135
0.02037404307078624
0.032347405653962234
0.01287378463648136
0.018428500083601335
0.007938049179573423
0.15643219870345357
0.005049901760935159
0.03169806792011206
0.02408221052288519
0.015278241360459995
0.01243914344085512
0.03856419574157992
0.05494403424227281
0.0027628761584003922
0.018723611240802688
0.014812386977369349
0.010440002723281886
0.003978465853040763
0.014722024086315611
0.03500595818550263
0.14045779881092604
0.06485068926495147
0.023181462266773777
0.01319038677707202
0.06741530696761099
0.008225621385973342
0.16329992302335988
0.009296421912559746
0.0060938612624839355
0.006886994289234767
0.03589573668249713
0.0036940643972786457
0.010899232677789597
0.03213077883840582
0.008466237285278509
0.006121046985471315
0.09528684091754144
0.008463873477412271
0.2287353708790801
0.2467229065938573
0.0824257208279501
0.2459360615908068
0.02463586293477598
0.013074623450354466
0.022667648772273907
0.07931386742822111
0.04065243242672935
0.00782594216362634
0.018427556729158426
0.0499180594614968
0.01820258363259571
0.031469747234593996
0.007933315805712578
0.003392788979143476
0.015414743406645701
0.057197878813742636
0.0017288480071912884
0.019747221435284224
0.005457167390361654
0.004573225124997593
0.04528653655994587
0.02106710311243246
0.08314288550843936
0.016255137610861864
0.005756210820880604
0.060758659681725356
0.09151898941360816
0.0473674773395444
0.004030252098946709
0.02237947442413333
0.03266792569355534
0.019412201386654965
0.041105701386196326
0.08882433102580153
0.0022520997703530713
0.0034788452024830108
0.01946296014759595
0.004629872157306405
0.21671588939085618
0.013744801508910125
0.08981863240628092
0.013267057267312459
0.048137660150920476
0.09347623349830397
0.06633564670260489
0.0548175528087824
0.08939698974708098
0.02738960549140649
0.0777081021344754
0.024358360300593497
0.07063993954008997
0.059346465449966135
0.0217656108326119
0.01376302603226531
0.006023199829629891
0.037861631246179764
0.007427490254642895
0.028468437432248958
0.005160463711327479
0.13568971108993663
0.04132072531261832
0.09182770430644191
0.006874983852059274
0.05951826801023222
0.0329435387340907
0.08252662541883776
0.07327385195588888
0.026786362708069413
0.01552297675733061
0.09577476854170199
0.1276814947381822
0.10760227428756733
0.04512568522114084
0.0018588861089102752
0.006166304737851524
0.0043641765576213605
0.06685871142797604
0.009219224914621326
0.008476653506619376
0.013808170251307364
0.018848458375786498
0.21829638768476117
0.003659986364288507
0.013260197011247558
0.010914573664580554
0.11601233872142369
0.03256535822451252
0.03610753433802787
0.007627654263759212
0.01889659182772728
0.02367543276776777
0.18866553977813752
0.013868437941473775
0.011044207242053227
0.08559204193133262
0.01963985030119415
0.04870792951102144
0.026837181150750948
0.010110902162856336
0.04632152701257394
0.025738220364011185
0.007973611970212518
0.02845025072019735
0.10815813893619408
0.049425215330759394
0.06678521013418717
0.004192393014573807
0.005178015854339875
0.0026322611329285517
0.004458332473536891
0.04800711494436863
0.02133875681804742
0.01487604630709392
0.007896489529184968
0.07666765658817223
0.004014570332800018
0.005427229444394146
0.005246036631377898
0.04158529115096849
0.09727571806510502
0.08468976158114193
0.007142462126099011
0.008806585899575517
0.019874133565055466
0.006297617861363091
0.02035525945949919
0.01196716621847781
0.004536642558331371
0.03730530802863766
0.028741631685833737
0.0027792967422268704
0.013381314033105097
0.045428244010626076
0.0035626589954895886
0.004753190517130092
0.02384159369079554
0.01743128315550068
0.0035167581317411233
0.0035828983060797568
0.0037677770195989374
0.04531414448115574
0.13836437812507035
0.03024362791401809
0.05501261522286423
0.007621785095191193
0.0933725715007133
0.15770733973640247
0.3300224972464904
0.006946718553094488
0.12349005103642778
0.018741439390495742
0.002629559016351087
0.04911295471084503
0.008150016376763828
0.022754985558399107
0.02461192617773911
0.007386608490143584
0.005829490140460065
0.10403141908146316
0.02203721050403214
0.04696090154870755
0.009024736327687284
0.07204230640160902
0.045184263237864286
0.01422025027115432
0.0025767196477112144
0.021613530196304086
0.06362871059362388
0.11745791602980873
0.015240233541538131
0.020384113795761057
0.004968445623324286
0.03713201510573469
0.008132680755680148
0.024102786348060897
0.043485206806268856
0.0037700020700102846
0.00629902754559303
0.004853342859985778
0.029436836331212395
0.01160985522448199
0.006181427398247257
0.0036896489886359208
0.0035291478921443214
0.012554239675215715
0.011192829197395502
0.1750535791617928
0.014489221234309546
0.0031906672546802854
0.06349726721005587
0.0030158894395038126
0.00423982741768047
0.005235081169157232
0.0019526253509322092
0.04323831315138575
0.003056235232184717
0.14538601890218283
0.032498335796709535
0.03278640874165328
0.03649839177277865
0.06449454808415961
0.04235938524881733
0.010402492955620277
0.1501065297111141
0.013713985349218815
0.11182432293874736
0.02233134810352269
0.0774852371149117
0.05017701621106852
0.010475489629359208
0.0030193208935964046
0.010429765632911259
0.05687391658701259
0.12906701682727292
0.019557966608544936
0.0020305234423164792
0.018082052374986276
0.018263384159659817
0.01127637238175818
0.21445731475409202
0.07411667759492359
0.13068546216595625
0.04826773457450229
0.1337038890490165
0.02275398089348649
0.5831044919552663
0.0035663553091857666
0.0630987053959155
0.016324171933539848
0.05692876578399665
0.006774734350549316
0.010616468272728866
0.009584184480279392
0.044940198316947975
0.020583340226370372
0.007203831040874697
0.012974125845470419
0.0010149248437626931
0.18677101345580638
0.05781077299568477
0.08790543295052017
0.006281118644800144
0.024644576870573174
0.0400974450604915
0.016914167164966836
0.011580059460599836
0.04261388834019735
0.016417450529998583
0.003205191650524738
0.015024447709752396
0.06507318776062178
0.0163636016549093
0.01667694417853707
0.012162454451202733
0.027906599047556366
0.018322745778888396
0.003860982014901553
0.026332602698882705
0.017326303716270627
0.01209051272837688
0.01765477653688131
0.016673385776575997
0.015507029256391682
0.0047874669247077745
0.0031203597801779596
0.010684056698907887
0.09116358714308236
0.011035805469020143
0.0032866600999475514
0.0041797300096065235
0.051321980661827075
0.10644450363228466
0.009219760704651922
0.013134903787575902
1.424135869174938
0.0322163544248472
0.018010234845616417
0.024633277143546312
0.16469436679005997
0.10348569315608033
0.35738252373130525
0.054177646664400066
0.004650826031976258
0.0598995637261164
0.11055864101388976
0.047057367001473414
0.0038010210001679827
0.006311923114310425
0.005458265058995569
0.07006415075224062
0.008611474397119567
0.009472871209132202
0.04970150703744197
0.011358468015246115
0.004257682216633413
0.2937498588883403
0.02771789691089811
0.0014908483444968784
0.07933640235733774
0.0007605459549019874
0.004517117432550154
0.021452503026356477
0.0019263298518576528
0.03987183827303568
0.06029798361109626
0.16529249192222398
0.003937333837580241
0.1412693210459396
0.068284754650755
0.07222617527408075
0.0012550806750957857
0.004790802343049461
0.003381472775935611
0.033539847626350316
0.05565537457975954
0.01677128192739777
0.008642658701668419
0.008692908107785299
0.05036357689415703
0.03182011187583274
0.017444242969966557
0.027048160120833754
0.023427813509073466
0.008236748320215105
0.02402305549268929
0.06803902690869165
0.007016218216091308
0.02362216765174992
0.054587406390585014
0.18975863798736228
0.008475127793580351
0.002579283071530049
0.213080747410291
0.01018812092623802
0.03476801997028831
0.008177617145828042
0.00533879460871889
0.005569998835687855
0.09613413500427272
0.006111086046870771
0.0018766899548040854
0.0822321592603613
0.007320405119923177
0.1760025997014388
0.016152330579145308
0.02268996934170604
0.056758052461895005
0.0074691621613457
0.0777870544636148
0.006993965734714324
0.009754811834640243
0.06719887052714214
0.013894287879692142
0.09283394933876479
0.0512974878584849
0.04719924776978493
0.05420378170665114
0.09351419805787488
0.04440382453256462
0.014567866595082779
0.07713284203787113
0.008228327123693056
0.005724060222751743
0.021687415547169686
0.018681333014786434
0.011725029730062184
0.044013342110238406
0.004329596710992147
0.04406036960500803
0.06974493425166406
0.01928348480640663
0.017617660496668946
0.0072759610222557025
0.006667971911169326
0.028807137230105962
0.004047151851967248
0.023919578905875177
0.056814033233976664
0.02659554047251042
0.1786092338453017
0.01505484933378197
0.4371718910472389
0.016200378190998475
0.06361609287364586
0.004382767925379508
0.024853641851177766
0.4734701992246937
0.0029076469443850175
0.004634533529264365
0.013998136473608229
0.008983173148476638
0.013673993236649943
0.021349977595055244
0.01451873344749471
0.21283653627359697
0.12097252574361823
0.011271974076389659
0.001892505850347747
0.005263406525882319
0.007686225765047522
0.012490626085267327
0.017201238133384283
0.017404866935536323
0.016803177158002648
0.022794935952468967
0.021932057996679525
0.1727172038423207
0.8313347161417229
0.0361890777001721
0.046456534567354955
0.053798766763716796
0.021563032575732204
0.018027719694478035
0.013155702626014735
0.01836099956700397
0.020615057111880667
0.054396697748358765
0.03329558476053868
0.02224387084698593
0.032480749871109924
0.04230732937971514
0.5998808432755864
0.04046808487485917
0.005831178570054902
0.009015974927019346
0.003316796742636904
0.05410166183905419
0.010889856605728013
0.017177091763444202
0.1696088247969738
0.14444995516597636
0.01950702810855899
0.050710422451375275
0.013300588106464652
0.008664043488723823
0.1472269892921652
0.008853003959994058
0.04368570958661071
0.011697831184070721
0.02080238662099712
0.0046662941683922095
0.003190393950294022
0.07936728017695521
0.0792682860170693
1.6509507904002083
0.39210554132557074
0.027642236900805958
0.04160127020575286
0.03525127372651944
0.008910443668834277
0.11814355467900045
0.005433859304159527
0.010204000327986821
0.011545107427678702
0.15534137047238453
0.026416613775534854
0.0400096782082379
0.016720154530374287
0.11287671068466794
0.008846374442920725
0.007926094957853036
0.003502155949798353
0.07736868825118563
0.05425141258470066
0.12650637598524922
0.002104175535124787
0.0018269502358722873
0.0034846115150239648
0.015975802949820345
0.006509850154720004
0.007580030822921213
0.07847642121981199
0.093732505944657
0.0009704221348601894
0.006868470198138895
0.0018656053000812797
0.01930860260983228
0.019619438886101008
0.015307126263066894
0.0009498543418762885
0.00450699830431031
0.1413260811314705
0.05634389121479775
0.002804805745753884
0.014157804224011817
0.04853618926847464
0.452864472407288
0.005243129055851836
0.014056847771014642
0.0037460318324289625
0.04410114241761952
0.130088908369359
0.027034041243322805
0.003808185852066544
0.014790322195725618
0.011914432727039488
0.004807820186658984
0.022975720698799856
0.034826234942551854
0.05500160173977667
0.009311207925937747
0.03961819871937743
0.0011244234252525483
0.027832735892294277
0.003529790593107051
0.01848341003252261
0.042115288556208115
0.00660222024150611
0.7823735312414831
0.0031991194475078947
0.039524730582160314
0.44751636871389294
0.00666775361043534
0.04735174102741231
0.03202149491756816
0.0016883914305157585
0.0028423377450634856
0.017608066064215864
0.06703725769024445
0.003019864733495349
0.0032942574415713625
0.03996890729134185
0.14017534757131114
0.031551766029086825
0.005414502658937194
0.01413045448771131
0.14301996172953113
0.19687764641227234
0.0009590538341288533
0.010669915064413909
0.036768783577650205
0.003583568021966116
0.005978040450350207
0.0024000093968637123
0.02318019958331663
0.009711541337670805
0.04152808265619827
0.09259966583824983
0.0642640103009004
0.019504284521703764
0.002393098861526861
0.040886417575455546
0.007834416752043853
0.0053021037974158355
0.009882371735580346
0.026640182083453864
0.006437668536125554
0.0031804430061252668
0.07268016420292664
0.011308229036612593
0.15204806795693102
0.011581395187790423
0.05144725634233213
0.028939849489707438
0.02049985908676887
0.004475451269140971
0.059170823825481875
0.17010597580686715
0.06379080641521408
0.01199662651694713
0.0022301603601439465
0.04239577642152487
0.007156898391830185
0.35764808825137
0.004029221743024036
0.004525708082962068
0.008376823472052911
0.10787676971799412
0.09639164072357259
0.005091473757172926
0.012259913464883298
0.016851557543355
0.0027932228421816054
0.07668000381693793
0.012763935843961615
0.009529032829219969
0.0138060188321543
0.35557022886307976
0.046770558374752
0.002744403421628799
0.0031036570713409593
0.0037463503488296937
0.06020833241332921
0.050624034687113295
0.025647033442213245
0.008564373415565799
0.02455273192619405
0.11305892876415324
0.04013366195411314
0.002938561098452737
0.004336641562365895
0.011937387345495723
0.10715081802797859
0.19058112968678026
0.004100977796982562
0.00515143825174291
0.021373114406264777
0.0027298412786610953
0.013321411500005199
0.002070583303920896
0.005641436078738073
0.0063860024080752585
0.007850085491198278
0.004122799184280474
0.005362754116048289
0.02046385508070551
0.006908572537397982
0.008691352746887412
0.024504752662595147
0.23867761370225685
0.015121722695002619
0.026853556513376824
0.08102620191290959
0.01406254726286137
0.05142993188299171
0.014033007252101834
0.176645837443228
0.017255763759371524
0.0428917246229506
0.18803101884158596
0.010777118680843955
0.140159740097243
0.011578947175905564
0.012131726161091677
0.012440754251494048
0.001621386550491462
0.2228910458812472
0.03169254083867081
0.003403389079454496
0.024091968569723256
0.010734515775440559
0.021650505947006984
0.011817850497859541
0.00319601556278877
0.016694876123972014
0.012903929130179386
0.012749718777509363
0.06231047730006202
0.01215645582033402
0.003994594037093597
0.11799005490834365
0.0266489688152697
0.02614166724960554
0.07373576543343047
0.006987442012356489
0.13031481611937876
0.02405102848682552
0.2528807549547897
0.004591203679619639
0.007962745519667786
0.2140907087211707
0.004186898185576892
0.02529895583871285
0.0018787423855496103
0.005256053555164253
0.3240271040159019
0.06941410850430245
0.02925599681766362
0.04004548923216421
0.009328093366201195
0.050192060230755946
0.007965196116034027
0.012626059822373043
0.006657858169354083
0.007620031647658506
0.009085687295894141
0.000769059090578147
0.10732585228062987
0.05636804958161735
0.0077051595638823085
0.05306390696515028
0.02098304980339472
0.0653043752696147
0.00655092680721806
0.03751190078906097
0.09271000883289934
0.009185889854680877
0.028785880460539894
0.04316440664751418
0.0050988344661706654
0.06259741820836293
0.04601275439342628
0.08020179214726997
0.014188616455507518
0.07719276463870033
1.0
0.0022170286931141986
0.0011297529749404395
0.02113861198360161
0.011436077368849136
0.0900017925540724
0.28083060007024635
0.002604927548185793
0.0022726172446209496
0.001742212537182032
0.019114685119619258
0.044631362925229706
0.006874353144177523
0.00843013045518373
0.012227092065040997
0.15034380305897105
0.061958398462648445
0.0026096911171379074
0.008392390345537619
0.013268967989840593
0.0035599765050747
0.025205634314965617
0.0787521000204425
0.01013033556220781
0.015575015262161878
0.031095539208632793
0.0846630751715704
0.047147207511985034
2.7876415250319186
0.05274461449642023
0.0032932145186496506
0.07108452034872711
0.008269434623476431
0.003179591901036528
0.01111740064578838
0.0015644232265019924
0.03421348391386911
0.009074129072833177
0.010952261894577221
0.03859345934834911
0.030802695258256022
0.037386190392239775
0.0007306202422705845
0.014720541021720771
0.06243281293737392
0.003321250371028508
0.242405187092372
