0.007276455322232504
0.011910628450128103
0.2711865392258868
0.007009641988145297
0.004284762479509506
0.2962568223175411
0.03763958896340735
3.928674627392442e-16
0.00502799133342968
0.10659498318831738
0.002793441087904979
0.12751663938400581
0.006102878409265449
0.04108100687564517
0.03562386346976699
0.9570039798419766
0.007063573597146476
0.038462880040978836
0.011689330432975693
0.005872493269274864
0.005037769220799149
0.003643954111557896
0.009842723770530816
0.002666139317652739
0.03419537363722753
0.006640592716873112
0.012851179281616665
0.003812227800482738
0.4305221578408853
0.0972665372089398
0.0029184546812510096
0.008388016353284417
0.0027841932794859707
0.0038902719237813525
0.0953756038115671
0.007171347870897186
0.004006138259302531
0.10994730197289149
0.42914007070156246
0.0036686277212735294
0.005534002964750126
0.13508938492307485
74.00960648355965
0.004669652304502812
0.014365393732248558
3054.619077614863
0.024423584943445344
0.0032124336275941496
0.09555476403328254
7.727166865991398e-35
0.0507226274863083
0.0030031564555668263
0.30835434866517053
0.17627136556926276
0.008518685040576627
0.00521588800295494
0.13858009857330714
0.206900204892809
0.011542920200440817
0.045259747216785634
0.04770114553917867
0.009179535918210779
0.003213802199173522
0.06317348406728535
9.021303586256394e-15
0.004267956352254457
0.0034366948846758266
0.0037860508511322662
0.0057620785463477885
7.009992843928054e-29
0.0034819126633418612
0.0028066729244047577
0.002832085686235862
3.6523294271415524e-22
62.738311460084596
0.006050028169829564
0.005539672246954336
0.021376527808309072
0.006766060512433678
0.041399591101206404
0.005568144312195268
0.007909276090457858
0.0041719585323300706
3.221672245207312e-25
0.024835011691671977
0.022451983190886152
0.008462137564468281
0.006877035185094982
0.0013428048838709705
0.0028996846448417846
0.005255287615702435
4.4034269163456094e-24
0.031069821116162022
0.11153599972815903
0.3144317995362951
0.0032415962721445615
0.11745361180231534
0.011537435746355455
0.002812784380098857
0.11988947212202399
0.004160203400829455
0.07863800426561336
0.002735316389982615
5.347043148933449e-8
0.06286186244523795
0.008102569760760715
0.0036592160182207538
2.9184322465971295
0.0006408124178731189
0.00013467695866084368
1.5019464798181876e-6
0.0035606890743594
0.0055844305063497
3.106278759186952e-37
0.037617006000624495
1.1061343320832241e-5
0.002751441971893652
0.0039444906201816015
1.731785718872881e-18
0.7227810200632838
1.0
0.0037949648893943646
6.111354020808949e-43
0.00036656508416082367
0.005526224355030288
0.8021838138604235
643.467255032814
0.004059734257833585
0.008128361081417767
0.5003932929624386
0.009319847306800924
0.007580072209103136
5.8715627012760285e-8
0.02729412408951012
0.005935864623322584
0.02340173176862322
0.015174439893347932
0.013882382336812675
0.0005298765209790482
0.01132867456841918
0.0010390250428118997
4.701737838480312e-25
1.0
4.665235761541656e-7
1.000802574018685e-19
0.015095979450591613
0.025442121742172398
0.0009303435485898333
0.006211988813231132
0.0064943078685578805
0.00031539008307837537
0.01064241173344009
0.013393228699640353
1.0766090335421847e-11
0.013530729782229248
1.4376962761368917e-11
6.571673698235288e-17
2.9304433327250835e-26
0.17085252315567756
0.09379233184699423
0.003841379610948386
0.04213743621465737
2.8648258110246272e-33
0.013631883830255764
0.017122115152513138
0.0694395613228813
0.0045443375976476725
0.1261771979857483
0.008587026986185917
0.038886687615464266
0.008060089089508757
3.390315144379389e-7
0.002008538012907019
0.00224114401549096
0.0028586967539622303
0.0054121292369623455
7.99192418166896e-15
1.6187954319765115e-18
7.268446053178089e-17
3.293536003890085e-6
0.04164610671561867
0.011406099532494399
1.4086294294842445e-12
0.0044095082371990646
0.030905680165543743
0.03669681050942184
0.012214236612472387
0.002864015312256345
8.845305913346748e-10
2.0966951484599784e-18
0.004613107193846953
0.05475713229564996
0.12188366858522647
0.03226656524384233
0.1825552113673243
0.01695053896136043
0.10477851731458021
0.005794721581765412
0.015294879108896183
0.023710516054978512
0.0045358574072788165
0.03492356463456248
0.075336213644455
0.015519323611870809
0.0013936307710342198
0.13245143717554067
0.007275315510938741
0.005273070685553281
1.0
6.718659537835087e-7
0.7596206268086073
0.010952045022637356
0.08637101544718742
6.698580727454783e-23
0.04743256809393819
0.00036229777810601704
0.038754164022185005
3.9692594581804297e-28
1.0
0.015280268303108538
0.015909258173094385
7.127833397268718e-17
0.004195359832391109
2.8903190487983058e-8
41.59030034890278
0.14333392766198072
0.0036181083814615825
1.0
9.366276627213863e-8
0.00034390533343297425
0.00697237248075386
0.017051989707556815
0.019747882868674457
0.052389746473245964
0.05327140480574187
8.767726538363246e-8
0.18164464017774207
2.509262458717026e-13
0.012088696027297398
2.1652916122294566e-8
0.005897522116300676
0.01878145304430123
0.022428529132563806
7.847945117021316e-19
0.0013133229674458426
0.002834216412606699
0.04205751141075666
0.009624678345068695
0.0025562971614295684
0.01236950808204887
0.002847063634605437
0.010278901606095459
0.007608222122166737
1.5245649130933552e-32
0.0014304559566229826
0.00843623114772112
0.008567212597561255
0.5678965957085372
0.06812945405616248
0.2242397195109993
1.769269404083199e-18
0.05964955289337828
0.01063836018956739
0.0043733831198116205
0.0029531638943864065
0.01417709529128915
0.019468210105974725
6.596585140740581e-11
0.0015721875144393245
3.674967605048296e-7
1.0
0.007767054985411252
0.02873957331949696
0.005237280969707867
0.007970333987725712
2.4297585513307986e-20
3.570129656297957e-9
0.01668903136324264
0.004528972885320685
0.03870597542150988
0.0038927000699478247
0.028869166851309126
119.6031553545381
0.0010144655030522338
0.053682567360454
0.2517615541486685
8.528781864582665e-14
0.006099806151350736
4.758266575813767e-22
0.013598115898805383
0.00011353364767951505
0.26350544377043655
0.015335997684189043
1.2128668140647918e-6
4.007605048158085
1.3402295252669359e-41
0.6410357322183017
0.018615378323784897
9.728627881081599e-8
1.06512947361104
2.1470056465949834e-30
5.026372845542224e-10
529.3879417254329
0.0046897745638716185
0.004237093982345389
1.0
0.054983453804701383
0.009110115372603266
5.125712595126264e-7
0.003133195037982818
1.4653217860955756e-14
0.013252462345608501
0.0036792919131175272
0.3067877649012885
0.05653793033061407
1.6818523154936356
9.396476410325007e-25
18.990423656409142
0.00516283709706787
0.1692711168966215
0.02133122632309763
0.012553576470318661
0.042977619422424
6.470370774837884e-23
0.004760387104283194
0.0022485264800746426
0.3292555172923856
0.2938493663999649
0.0039872763909699046
0.006406553455325745
0.02072864769654031
0.0036947034608263212
6.934720711104275
8.929667985266114e-17
0.00487596500907518
2.5470143712761335e-5
3.415741288946823e-16
0.06100140253577124
9.237609932326492e-5
0.0002212081448753719
7.626627966964556e-31
3.86843080657546e-5
0.007699978430204121
0.0037357131718992577
0.01411875297439248
9.112449460570748e-22
0.0230541338735562
1.709441018998058e-10
0.004807127972097851
0.010479087173163657
0.0034033321498477625
0.009870369350455594
3.068177031543692e-17
2.813249928360529e-13
6.534351238408235e-33
1.0
1.6344362405266834e-32
0.0003081769080962233
0.00394067024864584
0.004960855788866138
8.483228702896433e-27
0.010594600504780092
0.004551994635880798
1.4094185847411867e-8
0.43812108829200896
0.00221549104334743
0.06559615042743737
0.05420266563700156
0.00399889268800792
1.0854302161677793e-17
0.004533629960129377
1.0
5.309021495819859e-13
0.7644690417257654
3.400264865019849e-16
8.294539007345429e-6
0.017183203115467966
6.020234766961983
0.018599328682757633
0.004347071116726971
0.003932994280887559
0.005355168293571251
1.8461576291897088e-31
0.00589644098981988
1.0
2.547018127837023e-5
0.007459515350421001
1.5963030042985527
0.8211262402169545
0.015181012349471033
0.0019272944264581515
0.05819815311738072
1.0868115337463163e-8
1.8641135742184933e-43
0.003092126234295722
7.0467570368055155
0.0003004759645438386
5.648614401469732e-6
7.763345541835173e-25
3.294459923573439e-30
0.028125206315065363
0.02544459268091808
0.004975695518056653
0.0062112896466399795
0.013105786560640386
4.467325840979109e-6
0.00113549290206464
0.00040653101621653437
0.005834264415982914
0.00011160651219703076
0.04800555559466854
0.00867775563696872
22.00396287146521
2.9903923269387964e-6
7.382146327280954e-40
0.014243479038807067
0.03981895100513815
0.40676686986843924
7.119158074489091e-5
6.7364630419002206e-6
0.0008971086045401982
2.207982850265453e-14
0.040880689034372406
0.0035280322122637725
6.816033843470404e-13
0.08837409172905977
9.483929288313248e-5
8.086658321882936e-20
0.1633306773826275
0.16349763460390915
0.00023342290913276118
0.00021838128361052818
0.10582859160970833
3.928250184182163e-19
0.028827849723924052
0.00861510286715073
7.691012366615759
2.117505543980452
0.09797904617524401
0.13148770769638193
1.0441308679328534
0.002499071738140979
0.0041400798438323205
0.09679166735401325
0.0022886687708379783
0.0005070150248458782
0.0012929155026277757
0.008965303282027565
0.00021708906922598539
0.03516186752850578
0.06533018461847183
0.03510513630929903
0.004789909604675268
0.7709793610450849
0.09754191023581173
4.927614002489419e-25
0.08425027663925824
0.0047853400867546156
1.059619518492265e-17
0.00234959701686642
0.0058511845619409
0.0029221684946380984
9.897516324959045e-13
0.0029415164880675134
0.010000065318277011
2.4536464394023627e-32
0.008116323843274554
1.0
0.011846637429671522
1.0
0.014731948910460764
0.0011667410974141481
4.376424286077524e-9
6.251897002449544e-11
1.3168191107602614e-8
0.00029869356097947137
0.008083598140160676
1.0
0.12538977076933946
1.8619073692732508e-13
5.7124061960813333e-8
0.007961288419197354
0.0575712619640567
0.007793974386923427
0.005023794272791291
4.00839973940062e-5
0.025702673344490022
0.07877537255029493
0.04243671492906505
0.5893808702890156
9.262890504529886e-28
9.935467281548838e-7
0.006643700711938663
0.0005598435057332609
3.3191468693723115e-14
0.018756524562463545
3.9318053633699874e-10
0.02318855798242491
0.01689074483875212
9.481466921762364e-6
0.002969065474298787
0.004765482691834837
0.013575840593137262
0.005854457474728341
4.216319611188406e-5
0.009053510578362525
0.06919664836548722
0.0066354844128388305
0.00012382842730802036
3.764503551440031e-27
1.0
0.0030868365138876598
2.3571839364009696e-7
0.0033280640803693222
0.008862341824867868
4.2061628751235647e-13
8.409300832628942e-16
6.8904060803843025e-31
0.009375810665546828
0.007210376849980016
1.3749091261869983e-9
0.5620194135916348
5.418845399017144e-5
1.0
0.002608404808187299
0.04663357439780979
2.411248982742728e-16
0.035894730173156
1.2323059182948216e-13
7.657171396540334e-10
5.405306114370638e-10
0.00031320290025404335
0.0042739971829620065
0.08726043370281412
0.007175974652093436
0.0059752836284316675
7.231380260641172e-9
0.0034266891406968068
0.0028796901098020085
2.6120418972750187e-7
5.042773008200895e-15
0.007686558126880144
7.616643457820219e-19
5.264930613022368e-5
4.675003477621641e-29
0.04095113643906701
0.8107750912184637
1.3160458536467537e-7
4.848709822920018e-7
0.0038649460805736265
0.015800436436546685
1.0
5.44312459156852e-13
0.01685100020435111
4.014991487311112e-9
3.709036323635622e-20
0.0009121005128100558
0.003720076999218455
7.024334104542126e-10
0.054182404844016784
1.2482660123907559e-20
0.05778673477948611
4.675353065112153e-9
0.027052756197313264
0.004963833242464979
3.286619652459467e-11
0.006497458772606902
0.003276246953616177
0.009953549795501244
1.8895181435743906e-7
0.02733918589081393
7.713871772471129e-17
0.007954592017514417
5.430352843652212e-6
0.1703652529543373
0.010065779253760143
0.00209791856281897
2.9455556584015872e-9
1.0
0.009731081425654249
0.0897342424926236
3.3110285555438966e-19
0.01618375993111893
0.005407153520445892
0.034934497841931
5.6233193165704295e-11
0.026817898070108544
0.005002269863821051
0.04262681990251796
0.001777619466174194
0.00014853590253175432
2.6717842679561366e-15
2.392801514151971e-10
0.0017643510310959443
4.134807063622001e-31
0.00361919079060095
3.7954890676470416e-12
0.007561204185103672
0.000852822089176918
3.1155958691552127e-9
6.59063542134063e-11
2.8562251053233642e-24
0.006307621709454858
0.0050625073841586415
0.0048535581803168
0.03488599868864685
0.05608911740450401
8.927534005068889e-5
0.0005870846054488186
0.2023828982910089
0.08461893474753586
1.821283392468061e-5
0.0022463855558353457
0.0002412493287520347
4.443613804800413e-10
5.176310632270752e-10
3.1594209391398084e-16
5.2792078704272246e-14
0.009563998741200053
0.0029829034898954795
0.01687094366165371
0.019292791107528774
0.0038326305046423917
0.00015486825598474657
1.3331499014711055e-5
0.004063027226107377
7.066146361904456e-41
4.791081468517894e-6
3.2473437853956432e-37
3.752854094393959e-6
0.029763600573852893
0.43445728658942523
0.010284103527939792
0.004700556439722312
0.003837534552548245
2.5967014186329676e-10
3.8494686362724164e-11
5.149240587531168e-11
0.004462432179461966
0.005529281340197461
0.006868596263339646
2.4295176527927688e-17
1.1328807521825923
6.012417040633078e-13
0.046804890686524166
2.398955962070855e-10
0.27308447714893264
0.029216115741854433
1.137479563724929e-18
0.00582536727080748
5.441739692847937e-27
0.04937371630765485
1.159480037378644e-10
0.014013017961232338
1.0
0.003444366277862173
0.016221196570387585
0.0335553463263049
0.019686413827577555
0.0048112431986789906
0.0045004141746497915
0.03599722576103362
3.990968675704398e-8
7.130608452472133e-5
0.006447239019811723
8.590149619596251e-13
0.0017602126415625099
0.021640525661316416
0.14235181951448464
1.0846741182459526e-6
6.871572970800562e-6
3.0845683285487803e-13
1.9540969206682128e-33
0.4320802116619415
0.00480089843325838
8.418965963153504e-21
0.011886605800615277
5.848614529635898e-6
3.74528367570551e-5
9.754633082577206e-9
0.025114398685163856
0.017401362038441035
0.032118573026145875
0.7252604940192487
0.10277221861052982
0.0021175170763008577
0.23428636248704254
0.0022291558365389987
0.004873410692368546
0.10917947150315395
39.96837008968373
0.005076487267769316
2.952967849670246e-9
4.226145550968084e-5
0.00216750604312883
6.690519931291625e-32
0.012218593177440045
1.485996346365358e-14
1.5884476595999633e-26
1.1766068428289217e-11
0.05869763098282017
3.369945990806194e-20
1.0564114483035575e-12
0.0030804626694184893
1.5279211075248626e-5
1.2858713985912187e-14
0.013063660059339944
7.025478225700566e-17
0.016352777973262365
0.009052641619274514
7.400009501171407e-6
0.004166004251069263
1.3124548862842493e-5
2.086154807287938e-18
2.499595156159573e-13
0.17430267268354577
2.958605759871961e-13
0.029540213459807903
1.5780434997765406e-32
0.1830928073339064
1.1087989040828232
0.0010756190253996764
2.0060926133049763
0.01677327018923895
1.1141817158704573e-22
9.529510611930665e-9
1.2784541617745255
1.4933895681893426e-19
0.01749354788280309
0.00012881015057561576
0.012018651397929944
0.014630184066393307
4.8539820390159735e-32
4.2017246086131135e-5
0.000465074092470662
0.06452433577004231
0.0016494516221668074
2.513944779652057e-11
0.0067089588778566625
6.45217295805557e-7
1.9147738259792176e-6
1.8577875676367253e-9
1.6214222420108444e-21
6.825979092729956e-32
0.004334117256943532
3.775102830902471e-25
272.5350813263333
1.2051020601318563e-19
1.1250355324204936e-7
2.0583381980572603e-7
1.235182307106605e-7
0.005915852454474442
3.0063539608657124e-14
9.1146165048183e-13
0.0006432619281552878
0.0034007248643478883
6.479244057073e-7
0.0001515963898855998
0.0785625369117306
0.000323204181831847
0.0052072481221989595
2.977751849362011e-30
7.431699170830224e-6
0.0018103159160775524
6.134350520728178e-10
13.326648300649712
0.025274627684353693
3.2117732512974094e-7
5.1669378768821926e-36
8.228255070064949e-9
4.3012104116426855e-14
0.20534153162273278
0.003721947738194259
0.0039907320239519145
0.019796137545745583
0.0003061550841214739
1.1007507718808575e-10
3.097296370072572e-5
0.0002370803612356801
7.557369783748179e-10
0.0031503205202966585
0.007629152269080993
6.385997429847856e-8
4.589921901489932e-13
1.3432380136561978e-7
1.0
5.3862785238805345e-6
0.0136484467297669
6.347072067089421e-21
0.006164641506508322
0.0020848043410650365
1.1471809510947576e-6
1.4315981527848699e-18
2.959564334333715e-12
3.423348413850617e-11
2.1332460595549072e-5
0.1605918455512739
1.0355469007921004e-21
2.317441360492759e-10
0.0006935848483929339
0.037111556588905095
0.004819019215163688
2.1512653623499194e-5
1.3995357654544465e-11
7.754819599137223e-6
1.0627953668813967e-8
3.4748022646045775e-8
4.525562713818614e-9
0.001850493996469046
4.21327626002286e-15
0.0008518434261578247
6.579759043392342e-7
5.957111946501182e-6
0.0007066430081651353
5.435959046210546e-5
0.07060441166801695
3.7118240092874764e-14
0.0006494236336713348
5.77379226369032e-13
0.07513276503332936
9.492990672215094e-10
0.0013400715329002922
4.640725642651068e-7
6.664783749337704e-15
0.4538998786336012
1.0422864439093385e-13
0.002349167493212139
8.23878570346491e-9
6.062278968473029e-18
7.279499758662689e-5
2.1654238348269269e-16
0.05832817542473312
1.839861531256795e-9
3.0349441946257395e-11
1.0
0.002201443596903595
3.437617409755431e-8
1.561547859530237e-16
6.389327640710446e-5
2.562666850427113e-12
0.047580957300742695
0.00869902406318424
1.1988124357979957
2.1180269359243577e-20
0.001687188476072416
0.03208299842578954
2.0644704825533603e-11
5.410189371530319e-32
1.424990702171752e-12
8.788056562685165e-32
6.195567958403438e-7
6.925996981600809e-10
0.004113886559435073
7.140092565572855e-13
5.908583642824582e-7
4.174215635117531
3.618410424039899e-7
0.0019462108971158663
0.001713616477125943
0.002561311525118758
1.3739008933893966e-10
3.5400172455364503e-8
1.529333205522961e-13
0.004611649012986969
4.575134298725399e-9
4.280729706460406e-10
1.2019747729407962e-6
1.2692397941575975
0.00428822532826367
20.246674979932312
0.0020528722445499145
1.0187345439193882e-17
1.6517601896334061e-22
2.48977474914127e-10
1.0
3.0690580875139774e-14
1.4749359558117487e-7
2.0518318655918296e-15
5.896617501718114e-10
8.743505423849435e-14
1.229073300563682e-9
0.019667270706102462
2.6973687141963005e-9
3.582858327782696e-13
1.510946735140404e-7
1.544923517496593e-16
0.0034151640593853036
4.995958728251288e-11
4.462108265633775e-11
0.004005810423847292
4.7469667980748535e-11
2.3979544736998406e-9
6.659117028656965e-13
2.2076239635550812e-8
0.0030556184709849307
3.8100569261311916e-13
8.059207748670574e-15
6.395753504724562e-7
3.2953316528318185e-12
0.012461037720558068
1.7147138029011473e-9
0.03272864911636403
4.013104704405874e-14
2.9653651077433002e-8
0.002798929887231186
5.441424735797345e-5
1.1094775977368836
5.388013979104766e-14
6.268423413085371e-14
0.00011623847870668387
5.587436401860592e-14
1.9969651552224553e-7
0.0027169866461718077
4.7192128581650675e-9
1.0
6.455469433218881e-6
1.3236626706257332e-9
1.9525698687100982e-10
9.317435853407824e-14
6.167050824292787e-10
6.098166139099575e-8
0.005596118655680022
1.752492282791028e-5
1.8446857156131244e-6
1.8740032529143797e-5
1.2833331684620987e-7
0.001930149822274228
3.5196094908840196e-12
0.004466245683553651
3.4523201633063675e-31
1.2556643312479645e-20
0.07395749425993921
5.431576848306595e-9
5.5061384966611163e-14
0.01028858617992395
0.005803517756545072
7.265614213758359e-10
0.004655641208328802
1.0323887780920915e-6
1.0657008707730715e-7
0.0021362083507348332
0.14885629036154446
3.716190899723631e-9
0.02847039864736784
2.070049667591767e-9
0.003969297689920558
3.4322541973898933e-7
0.01182891792136648
1.0314091785237188e-12
2.58626188020196e-10
0.015307794793858112
1.8776081336361186e-13
8.425803628888437e-11
3.881824691868863e-21
0.02553517149482273
0.012495163719488101
2.78135974300453e-12
2.210306026304442e-12
9.542354899196366e-13
1.6878385779318536e-16
2.958205389632116e-14
4.0412678159854644e-42
1.81006351723864e-16
3.7657345269967247e-7
2.3322895925302147e-13
5.3227087846239684e-15
3.0180545089805494e-21
2.3225485152813557e-13
2.470002456300876e-12
3.6033321290893505e-17
1.7316846947238034e-7
0.027974322859346736
2.782573394859542e-27
7.118343250860621e-15
9.76586231466575e-10
0.008331486346098657
2.903648526630574e-9
2.5250882633832187e-11
1.2934282065985586e-5
1.591998812923411e-7
1.0
8.252888778766772e-11
2.1091795314067973e-13
3.2695742762200933e-15
2.82965501839595e-27
9.463503418961186e-10
8.428633254582212e-15
2.696732686634149e-15
1.7731387085529193e-9
3.9990600552172734e-11
7.103514122781895e-26
1.8287152546114067e-15
0.045506410335972504
7.309849678213268e-9
1.1323759686992964e-15
8.764760716693365e-13
1.0
2.4347146024356697e-7
1.2179125595561953e-7
3.6872440464552807e-5
