3.449424716311938e-5
1.3067225665376738e-5
1.6129836667637354e-6
7.1761096659438696e-6
7.810007123266046e-6
4.323804831285474e-6
1.285861650868427e-5
3.264586099378148e-5
1.2385745187353085e-5
8.017755246421497e-6
1.016512919995025e-5
2.2836310211340678e-5
6.225772798558874e-6
7.363577023748775e-6
1.1191072818403439e-5
1.187714312889122e-5
1.1959275912611772e-5
1.159667539206038e-5
6.9378401161800895e-6
4.9946197899473196e-5
1.4433206072392195e-5
1.4195481749416606e-5
1.3813808387083948e-5
1.1601906291302247e-5
6.6595067553271965e-6
8.860771150009571e-6
1.667942433412256e-5
5.987162115198026e-6
8.55089101427099e-6
2.014408699596703e-5
1.789528675185813e-5
7.409995832377263e-6
1.5169742203545454e-5
6.073949426973542e-6
1.0316555075662167e-5
7.049542200533456e-6
3.0208714794833494e-5
5.615771136578297e-5
1.3177270351647413e-5
6.791859479001781e-6
6.691544848256844e-6
1.4620806730711114e-5
3.27318058314827e-5
4.089951937846233e-5
8.863478890383538e-6
8.703898197045848e-6
8.935371636025342e-6
1.987926099623191e-6
8.123080916663511e-6
5.657013765574891e-6
1.8375756835388146e-5
3.1956168987342806e-5
1.4660440092892915e-5
2.6139566876439898e-5
1.0845095540655716e-5
2.7437573588902265e-5
6.292622197401059e-6
6.9138698867828645e-6
2.3881421579142517e-5
9.87422247480965e-6
2.063574075462656e-5
1.4196068035652388e-5
1.2916848502038155e-5
9.472233013627677e-6
5.492272935889486e-5
1.2906849869833821e-5
1.5091792686849706e-5
2.4351722575783554e-5
8.595857148612946e-6
1.3770384648347723e-5
1.7738807620245933e-5
1.7909046901958663e-5
9.14831152893276e-6
1.2034888589786554e-5
1.087516509276971e-5
5.6492854405770225e-6
6.942692132605225e-6
2.294347304273431e-5
6.285130893654342e-6
8.173403631428035e-5
1.0765705541025644e-5
1.168562557608715e-5
2.2956723974690993e-5
3.814172782030687e-5
1.9073259117576593e-5
6.888888756724543e-6
1.0316120095685242e-5
5.112249987251759e-5
1.2041545147504958e-5
4.885686190550268e-6
2.2752337176383536e-5
1.0172546383769582e-5
1.8170993659939524e-5
1.3442296856147692e-5
2.4749375833754085e-5
1.1674009418729479e-5
2.4678635040386013e-5
6.7396187731508185e-6
9.82596924429475e-6
1.052116750631902e-5
2.0909487281430764e-5
1.8101367748356166e-5
1.0725207666762487e-5
3.407831463935615e-5
5.3191393214211916e-5
1.599786173903312e-5
1.641930261175607e-5
1.3190136424299228e-5
1.4286120376691732e-5
9.528319489952676e-6
1.5870325801130546e-5
1.6439735469908296e-5
1.189002486681608e-5
5.342532062384223e-6
1.1709405798835114e-5
5.509646275452338e-6
4.243614547112614e-6
1.5853278454929523e-5
9.563212263194575e-6
3.153480222123432e-5
1.2231487503129152e-5
3.9838947813495905e-6
1.5609888661093005e-5
1.037957503972652e-5
8.718127122016991e-6
6.952658448939625e-6
6.582816363043574e-6
7.344461399611624e-6
1.076761524586699e-5
1.564665570261619e-5
1.4750588143670692e-5
2.720413626227959e-5
1.2398491491608531e-5
1.5818648167813767e-5
2.5769194594337226e-5
6.6217660550669496e-6
4.80529318353261e-6
8.649531842810733e-6
6.442754827043535e-6
1.5409488673278076e-5
1.4723780211469957e-5
8.31879575090053e-6
5.016621399981046e-6
1.0060765303808768e-5
5.94892901075067e-6
1.5525206016125578e-5
1.7510759338194567e-5
2.1770206654094746e-5
9.196402875228639e-6
5.968936603838254e-5
1.4141555469100977e-5
1.2282790406577776e-5
2.869788004390566e-5
1.1037325606151248e-5
7.493741556683637e-6
0.0003442224458939369
3.2157105372446856e-5
2.0677910012121477e-5
1.4380570419433543e-5
3.0324702897242065e-5
2.769691162650493e-5
2.6971581206715917e-5
5.390404074080571e-6
6.870164894980385e-5
2.5395132700302725e-5
6.982290899553955e-6
2.5009345498161382e-5
9.057080073777199e-6
8.140647849767349e-6
1.4510651554026957e-5
2.8651996318514375e-5
9.755438755039603e-6
3.262389674042226e-5
1.7106056831161994e-5
9.692863466524242e-5
1.4534556774449258e-5
6.398148195957106e-6
1.5733073711660877e-5
1.1467235829487542e-5
4.0211413804760665e-5
2.9832189610148693e-5
4.072775128967176e-5
8.44357334730675e-6
6.355738198421531e-6
1.3433517860417653e-5
2.637803865292702e-5
9.895552618043193e-6
1.0462526466166283e-5
5.408444748762241e-6
7.058037500409295e-6
2.545893644023287e-5
1.1580829663730608e-5
2.017163802722438e-5
2.105457785698194e-5
2.42298262607668e-5
1.19313445076086e-5
1.0415025902406313e-5
1.2297744352569302e-5
1.8038056453636625e-5
1.660610197534569e-5
1.1604199091395386e-5
1.5181433424011112e-5
7.245018930741601e-6
1.0468924393211904e-5
1.3886134804544115e-5
8.50939347896948e-6
1.627100094414727e-5
4.478880937783619e-5
1.8498772714929587e-5
1.1802795847218101e-5
1.3142092374087158e-5
1.780278128760508e-5
1.6217581044431845e-5
4.712503435296254e-6
2.1989015159076623e-5
7.391866040097171e-6
2.7133595094144568e-5
4.8674742668970235e-5
1.2462913252538217e-5
4.552979090052551e-5
1.6206349414154152e-5
3.5298157066375334e-5
1.632391987862548e-5
1.8967934309961436e-5
8.116142546427876e-5
1.3923299074755106e-5
1.348093937921143e-5
9.020761472342668e-6
8.537268320233341e-6
1.9984308171131565e-5
1.126210432797935e-5
7.842290432777209e-6
3.0686502634678505e-5
6.185200849826504e-6
7.459392027681573e-6
8.78652613089218e-6
1.9569763238105324e-5
1.129278818219429e-5
3.792166740322263e-5
2.2782980620244643e-5
1.0692302164324081e-5
3.101157146440823e-5
1.9024979681241322e-5
1.0863535661031469e-5
2.1120461535202103e-5
5.9322254987530086e-6
2.7673947683631362e-5
7.260244136650891e-6
8.464803718956889e-6
2.0134627427541722e-5
8.766099633399984e-6
2.1015471083112285e-5
8.569387181813668e-6
7.518076641662252e-6
9.519561649532844e-6
1.8777294369250946e-5
7.000799173186988e-6
1.9004629655078866e-5
1.3388801191581194e-5
1.696188224520066e-5
7.5852271832383016e-6
8.36736958537015e-6
6.855030359427761e-6
1.5365736773512218e-5
1.1492124698681015e-5
1.5584209527768642e-5
1.2987409857555158e-6
2.2605165013786172e-5
4.3593131798315555e-6
1.218952373916288e-5
7.169734701299718e-6
1.4328152892877379e-5
3.5240845998953625e-5
8.483361014527185e-6
1.402998222458555e-5
1.2985249581990842e-5
1.4676114573850917e-5
7.726644952554852e-6
3.067555244582243e-5
4.516939158358627e-5
1.1449534096561723e-5
2.0858220698947886e-5
1.0776646073548195e-5
1.031569339221559e-5
4.763713522964185e-6
1.924716932736001e-5
1.6043583236188114e-5
1.1165036801437105e-5
8.576566768163982e-6
1.4658855619879078e-5
4.547955337811142e-5
3.9419295934556465e-5
1.0545261893347916e-5
3.3667881879253414e-5
1.798960014453907e-5
1.935992893740686e-5
2.2290081116473522e-5
2.2395398770502985e-5
6.541751386507991e-5
3.1753217123731984e-5
3.713273234351438e-6
1.401869910163778e-5
1.1334101340118953e-5
8.550093615363809e-6
1.1854735727380197e-5
1.2657307796058632e-5
9.586401120323412e-6
1.0716677435021531e-5
5.0985969308344656e-5
8.990845725280298e-6
6.20194929228344e-6
2.9932051942777876e-5
1.041980211210441e-5
1.0416204763629709e-5
1.927138722799389e-5
8.615222805619953e-6
8.598935538370246e-6
1.0418200712595291e-5
8.241105357099263e-6
1.0233835109440923e-5
0.0004305854286738193
1.2547732847294263e-5
9.91416334226426e-6
0.00036513187520395655
1.5937286816182936e-5
1.1285295119730819e-5
1.531571348649189e-5
2.179725861970961e-5
7.521442696397411e-6
1.2169363767796047e-5
7.32314482654352e-6
8.497255396965161e-6
2.2031657620868144e-5
8.643092454658616e-6
6.2803931527140545e-6
3.218747513043242e-5
1.1861345341255494e-5
2.212403888988416e-5
4.4189547072194444e-5
8.96750053405601e-5
3.689346915625854e-5
9.85652869604147e-6
7.4304833497810015e-6
1.0904677228950549e-5
1.149674358054631e-5
3.7458913586771764e-5
1.0365156207397533e-5
1.219651998848481e-5
1.980113234303573e-5
2.370627693823759e-5
7.091878799216896e-6
8.517107019587194e-5
1.6824440831994552e-5
1.1676837380694583e-5
5.257692841754348e-5
8.77060280524583e-6
7.953422666766976e-6
1.098541284522397e-5
1.1997558233538204e-5
1.946666456115677e-5
8.12907588371074e-6
1.2042505343623229e-5
8.317426564083342e-6
2.740245548721064e-5
3.658210178980105e-6
1.7940162403259885e-5
1.529893363156217e-5
5.1017444614385723e-5
1.812915579004292e-5
1.958780298234238e-5
1.6263230133360475e-5
5.464560700191604e-5
8.778464009506114e-6
9.737991555887926e-6
7.410371642437058e-6
1.988736718127662e-5
7.478338013116846e-6
2.4900497862207216e-5
1.623638995609776e-5
7.682424847327812e-5
9.767464937760458e-6
1.4372087883939288e-5
0.00015959146496101733
1.5986915097853165e-5
1.0174300635378032e-5
2.4339920908615893e-5
1.23729178009999e-5
3.283661394480873e-5
6.495986056013724e-5
1.710930063422563e-5
4.7873791847653874e-6
8.47909162716878e-6
1.335654304658614e-5
9.7432376456034e-6
3.4675837491251556e-5
1.6273887977748262e-5
1.5085629356771368e-5
1.5089221634918862e-5
7.426903632807938e-5
8.967373039349445e-6
3.541571153382459e-5
5.934101520167264e-5
1.2490700639639473e-5
1.4127633637792613e-5
1.7624877282439326e-5
1.358069659656784e-5
3.231162667278453e-5
2.4158446966065015e-5
1.5110593407681718e-5
6.253295812414458e-6
5.6500070993192686e-5
0.0011027791586528536
2.4305553237387412e-5
8.848208301105559e-6
5.628496897089948e-6
9.724317635436894e-5
9.354975568312546e-5
3.536198193115985e-5
1.1296928920146741e-5
6.946321540849276e-6
1.79235841649923e-5
6.165617157039439e-7
2.11758110855543e-5
1.8805204112537202e-5
3.469640531624528e-5
3.373244799945667e-5
1.0105772710234803e-6
9.679079240141287e-6
3.684695302902692e-5
1.0671744452557683e-5
1.149917139274233e-5
1.161828226477477e-5
2.0812456799631947e-5
2.6224236606372985e-5
8.483415747055252e-6
1.1851351227773401e-5
2.1159941237159704e-5
9.704171040305055e-6
8.238025225658664e-6
9.577596301379319e-6
6.507441230121452e-6
1.1809025925513575e-5
9.936345485995452e-6
5.953267594817352e-6
0.0001214508201271781
6.415774926929991e-5
2.058929499022681e-5
5.2096176239685054e-5
4.464067895582197e-6
1.0542437721421584e-5
8.706915262928756e-6
5.022858405408903e-5
1.6330585277247827e-5
2.548969494400435e-5
9.045888653209969e-6
1.1853349006104109e-5
4.423138415477597e-5
1.731337304550724e-5
6.117023010102119e-6
3.7376302150955456e-5
1.182668600976473e-5
1.0862855696993484e-5
9.633931891853393e-6
1.5715289612951105e-5
1.0900715520934565e-5
8.738668373301791e-6
2.0516800583020065e-5
4.280712966936332e-5
5.709824217707997e-6
7.388203400295554e-6
1.3708246624468264e-5
1.253469155033425e-5
1.547825086722051e-5
1.773431319788997e-5
1.2446622861373253e-5
1.3274034065494117e-5
1.9470100162837448e-5
9.56122562468246e-6
3.829310324763842e-5
3.7783925395989825e-5
1.3408854163955872e-5
2.235297443504274e-5
1.070856382997035e-5
8.201614539406228e-6
8.260864543641532e-6
6.69800682428628e-6
9.816859908505007e-6
9.712186675234538e-6
8.574037877794396e-5
9.299490226099567e-6
8.944170845113104e-6
1.2126235099000393e-5
6.121316236678161e-6
3.2589111992000555e-5
5.309170502621202e-6
4.426122664820473e-6
1.2806561422108944e-5
7.018145176645593e-5
8.124635636843154e-6
1.8334758649903347e-5
3.369585620150133e-5
3.4525619470365045e-5
1.5301739761064202e-5
1.2335180914682347e-5
8.213484239625873e-5
8.120185698747934e-6
7.651830283001413e-6
1.5962914639960596e-5
1.6213478620527575e-5
1.6052252976424454e-5
3.652257069404359e-5
1.618308818208879e-5
1.0681236730825226e-5
0.000177679976969872
6.355647618164721e-6
1.8421210854229142e-5
1.2610084003632925e-5
1.1316084403753053e-5
8.296451664646486e-6
2.3472829888030998e-5
5.875055261184794e-5
1.5756120399283967e-5
6.79420372129896e-6
8.026618042397402e-6
1.8024294323717673e-5
1.540445345743241e-5
2.35824277686689e-5
6.06872125934118e-5
9.127844546559964e-6
1.1982494399190429e-5
2.0805319469427368e-5
1.7005179854659907e-5
9.605516624255442e-6
3.825370238622646e-5
3.9741074933729026e-5
8.872085573211149e-5
1.0655941677887267e-5
2.899286324424664e-5
1.7292654591061765e-5
9.284175171443344e-6
2.7215401987396867e-5
1.543469312326053e-5
1.8078019437951857e-5
5.270079688594414e-6
6.740689640520513e-5
0.00016706309935778725
5.85096745965926e-6
9.056968796704122e-6
1.2441296880530908e-5
5.0431423743465295e-6
1.3144374927743487e-5
1.700223798823101e-5
1.5057284988218313e-5
1.5715169280932036e-5
7.296578855644272e-6
6.9372987113460915e-6
8.791321488408714e-6
1.5913757035390906e-5
1.8582609088744257e-5
7.486450096269431e-6
6.623861518797917e-6
1.0038446069246749e-5
7.046756432478005e-6
1.7544086969136083e-5
9.067341991158433e-6
1.16897667794754e-5
1.2568514679955282e-5
9.657873476028163e-6
1.057992237619827e-5
2.6014301064643666e-5
0.00018848662136600194
1.3664104371781515e-5
4.031679122354817e-5
1.5849547840652516e-5
1.176297264783486e-5
2.0215233566330793e-6
2.9677312258960666e-5
2.987372731275443e-5
2.3023785880368688e-5
2.4462763802864683e-5
5.617409805818303e-5
5.444883736516668e-5
7.199301775726175e-6
7.577280855472863e-6
0.00018358595965595634
1.8303112482443238e-5
3.26254760423975e-5
7.729015195297428e-6
1.1236554543393617e-5
1.8480694406441666e-5
9.210812983064498e-6
5.538786534424434e-6
2.4622913853261125e-6
3.037935997045506e-5
9.07868472896718e-6
1.909867441546677e-5
1.2283590005010693e-5
8.067510231204037e-6
2.506979563592367e-5
1.3411871819658039e-5
1.9326155570747898e-5
1.1131242016480028e-5
9.911058147357789e-6
3.124573850918637e-5
7.114838431092286e-6
3.6149444649551976e-5
1.1763945350321059e-5
1.2938827950450455e-5
7.251143549909813e-6
2.797471280718577e-5
1.6474326165831304e-5
1.1742600986765311e-5
2.5244041843008815e-5
3.6475418541338556e-6
1.1109581653254387e-5
2.070683032908093e-5
2.2904373717664446e-5
1.2339347861908437e-5
9.51969383086793e-6
8.971927202919389e-6
2.1458683563481606e-5
8.812636377521113e-7
4.1070056680064876e-5
1.4861317942636737e-5
7.739215198429872e-6
1.312857484126778e-5
2.7741300516124403e-5
1.133375788627315e-5
4.33268043846944e-5
2.6252868067551043e-5
4.206788128497581e-5
1.807496395676245e-5
1.5645047130250017e-5
5.7184166605556325e-6
1.6581438563621697e-5
0.00012898616398506746
5.436673358497023e-5
9.177122095898591e-6
2.3031853436910975e-5
2.6412382445888347e-5
3.0003868755074817e-5
3.102761180334606e-5
1.3423006201669935e-5
1.0672815236470413e-5
7.921054232849044e-6
1.4441472660439785e-5
2.590755244834632e-5
9.368119424969377e-6
5.3498279904414966e-6
1.917167967668139e-5
4.5001697532716834e-5
3.427860635133228e-5
3.050934471207912e-5
3.743998200008895e-5
6.037367479139159e-6
1.4496566698886576e-5
5.5618836658096856e-5
1.0806094708567704e-5
2.3879322897329263e-5
4.2602600765854723e-5
3.363592547912124e-5
1.2412433707033251e-5
6.7795030508885646e-6
1.3796857891900893e-5
1.0279339076750226e-5
0.00013931206800472286
8.321871753084017e-6
1.44088108856605e-6
2.1386278311632927e-5
1.1814315105538636e-5
2.1767472570060442e-5
8.436203325749265e-6
3.0483834893167065e-5
2.3168071095323248e-5
0.00014224022179405214
1.426936872050371e-5
1.221001811199579e-5
3.3064735629024256e-5
1.385735346553862e-5
1.142342517462094e-5
9.73603319603674e-6
7.870053340175475e-6
4.023691284655095e-5
2.112129990130813e-5
1.5576114724527832e-5
1.3002657004543062e-5
8.45239634095001e-5
1.069321776136979e-5
6.015710046903982e-6
4.951115446639636e-6
3.1613869231089874e-5
3.348845855082442e-5
3.931718776193812e-5
7.511952736660221e-6
7.992466346680637e-6
2.3603586473864417e-5
2.6496813173243055e-5
1.9405986479683237e-5
4.643045334435493e-5
0.00010282533548666013
1.1772428566528899e-5
1.728457104710845e-5
1.570574902726421e-5
2.0474815836241087e-5
1.3097202762316264e-5
2.2209513265245894e-5
0.00011328051688511927
3.759572439849816e-5
1.2807213238020135e-5
6.999654159516419e-6
1.0585957107863246e-5
1.945595656986626e-5
1.740882405244499e-5
3.36714937438058e-5
2.5943220998206408e-5
4.201575253837385e-5
1.2679577422665436e-5
7.532161588859571e-6
6.391534254786954e-6
2.9199661061514613e-5
2.4513958828221367e-5
1.3805671314371396e-5
1.2454217014896189e-5
1.528437900824274e-5
6.713641910835213e-6
2.992279125974097e-5
1.0179557170953191e-5
1.020318392164262e-5
1.9835050651000744e-5
5.477523820966227e-5
2.9418138349794534e-5
1.3375381843327858e-5
1.5105644949647011e-5
9.044273086683594e-6
2.0778029764780894e-5
2.9627240890736536e-5
4.26442018765093e-5
2.120057621177448e-5
3.299161330381154e-5
2.966887421840445e-5
1.0514192211637662e-5
1.1876466090617808e-5
2.8744968855434883e-5
2.4811307764908312e-5
6.7654242822007056e-6
1.9436789082006786e-5
9.264123094791667e-6
1.1654225905629315e-5
8.07600788951495e-5
1.2282766296199437e-5
1.2596204903519962e-5
1.3887961887990305e-5
8.544789732874166e-6
0.0001131428648251177
1.2537903576515514e-5
1.3910081576780084e-5
7.377307701991771e-6
1.2561057066940676e-5
4.220991494316989e-5
3.234452092116793e-5
1.116459310904578e-5
1.3109725218300935e-5
9.56145181975767e-6
1.417740846677029e-5
1.574279406464229e-5
6.989642198393287e-6
9.171579918625191e-6
1.535932229298438e-5
1.0199821417612404e-5
8.581429036251038e-6
7.695368312105271e-6
2.3179451753867936e-5
2.2745596823611145e-5
1.2580975987896556e-5
2.4898232976900255e-5
3.499262100987314e-5
2.3684144763673717e-5
8.678673447223388e-6
2.2416229598243345e-5
0.00014395094836321188
9.160177010198937e-6
3.889085649526921e-6
9.708782383503064e-6
1.0309427399489729e-5
4.327325656256587e-5
8.882707812050832e-6
2.0762443802158786e-5
2.85939354041589e-5
6.0224977665289076e-5
3.034583374672713e-5
1.7820315388590324e-5
1.618759264251117e-5
1.2089394647940074e-5
2.9752339820529252e-5
8.04314493713837e-6
8.065805827462478e-6
2.881892164764301e-5
9.198287932692262e-6
1.5174571803412876e-5
2.7340223006568323e-5
2.5697598368296326e-5
6.9156643515364875e-6
8.532340751278469e-6
2.243249280729733e-5
2.6574246847863232e-5
4.4134467809336754e-5
3.584690922195965e-5
2.2398823056402812e-5
2.2966096673525782e-5
1.250018912252138e-5
0.0002088539733392983
6.46813796841835e-6
1.425123949394728e-5
2.1194820101793764e-5
3.113189848126949e-5
1.2743069371041014e-5
1.4382875782067669e-5
1.5526468891207576e-5
1.9773850626997017e-5
1.9545207962287734e-5
2.5839514239534088e-5
4.0225382769577436e-5
2.586978443585679e-5
1.4083076300533817e-5
1.7601525236090796e-5
2.3586348743115282e-5
1.462584089239609e-5
1.9881988370210557e-5
3.916296591534004e-5
2.841266418635244e-5
4.4612709168144976e-5
1.7254529574758772e-5
1.7347603425451525e-5
1.6535014611409444e-5
1.6084139486663936e-5
6.87013446987815e-5
3.415923059542097e-5
1.594883488261277e-5
1.550072890775309e-5
2.001057725867977e-5
8.158006282421876e-6
1.960023776635364e-5
4.1210755204089226e-5
2.0703049335472544e-5
1.2211426732063342e-5
7.668300226202042e-6
1.282839382545881e-5
8.413402248691984e-6
1.2634767271851729e-5
9.78338231076224e-6
1.5229845141355715e-5
2.105931312835861e-5
2.3867074081833273e-6
6.816344226673166e-6
1.9240281644748277e-5
1.7329051269368226e-5
8.459121222755156e-6
2.5904438827520025e-5
7.246959640409394e-5
1.6776821142643603e-5
3.0028999263647053e-6
6.097240107334727e-6
9.41040445236556e-6
1.9832773710157272e-5
1.329791605229171e-5
0.00017446457574014657
1.3559104071675992e-5
1.9012109366165108e-5
3.0143085548048567e-5
8.141884964191526e-6
9.814740982146182e-6
7.719083830692788e-6
1.9940321463143365e-5
2.359285185151799e-5
8.31297245951246e-6
2.5940708067970263e-5
6.833579193075531e-6
2.430765720256653e-5
2.8732527800458007e-5
9.486430571247957e-6
1.3789948496459972e-5
2.0389327664156357e-5
1.739435630866275e-5
8.276380583324038e-6
3.624152168714307e-5
1.7777577620645643e-5
4.0927311781485276e-5
4.762842540481251e-6
1.2221279174532748e-5
2.239817683646057e-5
2.0093194252156307e-5
9.173959941927651e-6
8.169059508153026e-6
1.5173725277442959e-5
0.00010786539316038513
3.3498917761023086e-5
1.4503018880093915e-5
1.0752794460752459e-5
3.997016583122456e-5
4.504061337253295e-6
1.4598994646456811e-5
3.2003541956395836e-5
2.385648360049857e-5
9.082033449202115e-6
2.6266664405669356e-5
6.882605989644745e-6
2.8580150029668194e-5
1.3487745932152131e-5
1.1020668325493044e-5
1.1734271574687526e-5
1.3418981614674072e-5
1.7647632572484457e-5
8.983182277624215e-6
1.1027425530784452e-5
1.4012569172535421e-5
1.7692810722210725e-5
1.543222627148623e-5
1.3555551903711712e-5
1.158951140157674e-5
9.543626809254428e-6
2.888016344296547e-5
6.655380020153172e-5
1.4041974257504476e-5
8.94966806106201e-6
1.7948125842152767e-5
1.7958119723340708e-5
1.1032553460611509e-5
9.318647449920177e-6
9.506660418340881e-6
5.295840541986581e-6
2.7428947350947047e-6
4.2822457404066694e-5
7.660440612061476e-5
6.435054665567461e-6
1.0205477395810649e-5
6.0136690971627295e-5
1.0696746870029527e-5
2.655893323958494e-5
9.704201564098044e-6
2.1974683678322434e-5
3.462428871215418e-5
1.0048214583351997e-5
6.1644601817399674e-6
1.5490742412806063e-5
6.9838190815286485e-6
7.907823524100522e-6
5.647337675769222e-6
1.804789102345491e-5
1.0991372075292867e-5
1.1492198654967206e-5
2.9392851661275302e-5
2.904203960044412e-5
1.796211089083017e-5
1.3533046402675165e-5
5.4970250667393334e-5
2.2207476311446776e-5
2.0875864962960058e-5
4.608198983169473e-5
1.367444086169305e-5
8.863097644811224e-6
5.054906156163542e-6
1.4889837517993699e-5
2.468932892138099e-5
2.170323872286703e-5
2.453339368498272e-6
0.00014877465946145033
6.057656303166396e-6
1.0910182095214825e-5
1.2063856811988156e-5
1.9456971978993583e-5
5.012869743803759e-5
2.716041938089216e-5
1.9378165160869227e-5
1.5266831062931847e-5
2.977041725812487e-5
4.289939864922061e-5
4.094698050972917e-5
7.207243028000803e-6
1.7890430364996688e-5
3.532882509243665e-5
2.3497990190099252e-5
1.8821450268033374e-5
1.080517226519947e-5
9.166267637629527e-6
2.4097887312339774e-5
1.2962040638151876e-5
1.101794808832226e-5
1.6747602516236936e-5
1.6524505779161957e-5
6.652535884281868e-6
4.115897265495105e-5
4.5811628047194355e-5
1.2625207914487019e-5
3.900188719217316e-5
4.952854294741736e-5
3.767757409387601e-5
0.00013440462680464266
7.791436180754707e-5
7.966115482582415e-6
8.182037957793574e-6
