0.010435749082932643
0.000164913581702262
0.00020212839681230978
0.00011691690465474454
0.0001780690489361056
0.0003019795891135047
0.00042188664872813377
0.00016575844989466716
0.00023902355673485163
0.0006583152062500107
0.0001588239484782359
0.0004024100775089896
0.0001866027369274009
0.00028035554608575895
0.00028573017445114915
0.0004916658260760788
0.002527337928508457
0.000247545484388199
0.00018806854249802006
0.00020731314109795923
0.0008213546907355747
0.0002562051853094134
0.00016570799603246215
0.0012297691820195328
0.0014428936423080331
0.0004877676314316296
0.0001686558964884533
0.00021688680114481215
0.00036457646352708024
0.0001440818292411941
0.00020462621171370344
0.00017539956711620853
0.0002482982307191712
0.0003484218092108197
0.00013716776097232112
0.0002136179681789473
0.00013948913634743816
0.0006638249135763618
0.00021326926175443614
0.00019916919533245363
0.0002165778498665107
0.00040720780259395113
0.0005686651360119036
0.00017651157555340153
0.000719792341408219
0.00018732329672203947
0.0014836134226034426
0.003977752408766178
0.0002420313925370747
0.00010431790928765273
0.0002691884205734292
0.00023678937130368886
0.007354494980198831
0.000370729784370059
0.00021960088376471213
0.00044088116456452364
0.0003592947259018917
0.0030188643420705993
0.00019243625827959588
0.00028077157850705484
0.002345123011258087
0.0003032097065806376
0.0002954311422376651
0.0003798089972969798
0.00044975150581076016
0.0001328767469009304
0.00035013063399176684
0.0003418913589792851
0.00015926160513880032
0.00036244969918512265
0.0006623788619456246
0.00027494882913344057
0.0004061012944819734
0.002558349065808786
0.00017259145011015064
0.00019996684420412549
0.00021946287887034918
0.0003915694079294611
0.000464924945443788
0.00027084673338174605
0.00017331450655725026
0.00023936804522751022
0.0003629079332761675
0.0001965477493510911
0.0004979220124600301
0.000227928415750485
0.00035605604306697343
0.0001862731253053458
0.0006839556795763935
0.00037821335626652335
0.0006241945113376059
0.00018933875191432805
0.00048205012263105736
0.00029029895777156917
0.0001537563779876415
0.00044131708078060133
0.00022673983825927186
0.0008667268939752718
0.00022569567076779028
0.0002772210666546971
0.0010945809461173986
0.00014446957241695237
0.00019679234313418336
0.0005089492318518145
0.0003078148539180527
0.0005606782801854349
0.00019766634972474863
0.0009884630754614994
0.0003543600943811522
0.00011205453766378109
0.0003673750915181813
0.000601189556737149
0.00016762048454411482
0.00023479782374305111
0.00028093456596893393
0.0004424321714032065
0.0005877572925538251
0.0001941997834201174
0.00023013471496572863
0.00033266427298778075
0.0007403466152862352
0.00019892797192636095
0.00044226611541686126
0.00036045365229600703
0.00012598324782866338
0.00020101944698692884
0.0005963209587424237
0.0003130255229662824
0.00016684160100651166
0.00020659625369945933
0.0003728964973173415
0.0010526907299824838
0.00018962609027531704
0.00038524296646371336
0.00034655931403701436
0.00040993618842991004
0.0012658886100639795
0.000755011362915039
0.00025783283875313834
0.0002472134147595208
0.00017427347923045763
0.00031151378323772963
0.00046827295243471816
0.0002746049609241583
0.0003329549568895455
0.00024354175526602524
0.0001849279924134915
0.0003186235687623464
0.00048662885470405023
0.0008240290673857697
0.0003854592658328316
0.0005848616416182603
0.0007298329975623316
0.0003799585315027765
0.0002444980979059881
0.0004523196155948696
0.00042036117619348136
0.000988783044003945
0.00031094740155621244
0.0002962357218981086
0.00025757941889647016
0.0003558198239486152
0.0003041718308002406
0.0004690856574082106
0.0006045259427456845
0.00019803983896992332
0.00014610056054124537
0.0007892154229734102
0.0001744254166495454
0.0034700167303806893
0.00023688036122981719
0.0003212338181771859
0.0001932225510098009
0.00017911746937324246
0.0003060684792745795
0.0003378799343244707
0.00018988466704694256
0.0003515213753420647
0.00026932390106987005
0.00042990737746585603
0.0028109296934608475
0.00029609540208571034
0.00017914989023993174
0.0015630865989167918
0.0005070059065517868
0.0007754892246339095
0.00015405241279743204
0.00027700636938718067
0.000819789735056578
0.00022737147499576484
0.0003009797363947264
0.0002150457305311294
0.0002200297292252752
0.00027666253111667733
0.0002964838799366131
0.004534131978241664
0.00019537488057000922
0.0003706219939132144
0.0005765322756461821
0.0003141147313985754
0.0013471127350086949
0.0002489578331680364
0.0002984704123114365
0.003248567597407363
0.00019817234370217673
0.001043817535208575
0.00019491602345874878
0.00023823887807049583
0.0005479254375046537
0.00016549844888347684
0.0004952393676368616
0.0007414664724278813
0.0003430575151661071
0.0001796055187216178
0.0045029498369116355
0.00023659010097068476
0.0004951316203943311
0.0002866255188018411
0.00038117574343831973
0.000328643319699451
0.00016533101848591205
0.00019629601319621787
0.0001878566638416133
0.000866071722002077
0.0004357052864275446
0.0002378177974367964
0.00018153953318585805
0.00013895335347120265
0.0013739768988850947
0.0005143040092491285
0.0001775944126285697
0.00018000699363716137
0.00011697042435716817
0.00014496589143203292
0.00020171496485961072
0.0003159139286806168
0.0001969912200256205
0.00017669264288965172
0.0002491222733067973
0.00010612697270529452
0.00019538766549041732
0.00040677151823863083
0.0002347882296772209
0.00177615345601057
0.0001995169200181232
0.00022704298578059281
0.00034942482995775837
0.0007463139470392174
0.00015958383999776618
0.00025003360237101964
0.00023011737660254194
0.00036057321797260084
0.0004078433949004945
0.000776704380309454
0.000325492362654336
0.0006005506762342815
0.00013088067716788667
0.00028253588849982514
0.00015956531467336847
0.00024420756893988216
0.00043638130544632086
0.0003642274582023343
0.0002417382348474185
0.0002732867154665244
0.00039483850771461807
0.00022842638247761962
0.00039339802472317613
0.00016826825167144872
0.0023820956158701776
0.00047596197648887734
0.0007129976420546067
0.00028386379846824007
0.0004045363490814908
0.0004330990972321498
0.0004954538739732889
0.00023847251711303877
0.0002262773708063164
0.000398213213209935
0.00015400078096963014
0.0006412296854618582
0.0002882015417138649
0.0003059018825616025
0.00048392200546749236
0.0009370912149509562
0.0002478420549692626
0.0002612737189467627
0.00011518467626860607
0.0008327440735578708
0.00025643400803770976
0.0001906127257675844
0.00019896247233308943
0.00044709225370970804
0.0002650159226222441
0.00030718103807460045
0.0004915866742491475
0.0002413314309882372
0.00015881015242499331
0.00018934524679271015
0.0003445369146399065
0.0009741982085420243
0.0002292236715735836
0.0002978103454412953
0.0004237217349694221
0.0002019372596113691
0.00023402921678251963
0.000433984221651099
0.0005197797016200516
0.0003403650692719859
0.00028836049180127916
0.00017389542950775613
0.00025312233999975084
0.00017960194252072926
0.0004064320033265011
0.0003448536471460464
0.0003946493553102509
0.00015660893287986293
0.0008032529032986753
0.00020563572349879486
0.00033048141899163916
0.0002214181149883916
0.0001520976325587204
0.0004722174872126667
0.00018260318032850437
0.0002333339470633626
0.0003562069539307978
0.0004637650985427851
0.00019834036064395863
0.00020735204760553107
0.0001741571011716715
0.0002691514323186574
0.001312803480782789
0.0012368796433185468
0.0004733523270032802
0.0006871936158420972
0.0011649044140694593
0.006137628658617599
0.00043671280206919813
0.00019812668384096199
0.0003908244572637623
0.000416070175702083
0.00019474810331513207
0.0006190173161140645
0.00012152263782494375
0.0003019645339032499
0.0005043188912072314
0.0002732572914773213
0.0006642044577853487
0.00022877985310619024
0.00021558254513833822
0.0005684208448884114
0.000634322395668256
0.001087360730703594
0.00014066097348680926
0.0009447068353629241
0.0009478209498345048
0.0015632979176518282
0.005967864874705857
0.0005257995879535694
0.0002854873768207348
0.0004777035965537606
0.0003879222996907153
0.00015351915413548632
0.00019657959205985798
0.0001682837316397976
0.0003960310573087589
0.00021550847962192063
0.0009007814228758659
0.0002049026172180213
0.0005600377718610602
0.001139652171123562
0.002172555502068081
0.00017050613669456117
0.0011189603479224211
0.0038817304556486884
0.0002755311242182585
0.00045661753987698555
0.00019045573135148436
0.0008778921940407974
0.001025614681243021
0.0006988571170261649
0.00023002689175940518
0.0001419531052301293
0.0008497778848590104
0.0002840142913010508
0.00046305182823186115
0.00017779149493830882
0.00025561814930453975
0.011436183364304353
0.00032784337365089996
0.00035982206400200805
0.0017397274815280567
0.000770857308871561
0.00030760102013732314
0.00041814473940141245
0.0005233250285931841
0.00033037574563150445
0.00033051423744126566
0.0005660055033624433
0.00017308795704235738
0.0005672362564911663
0.0002592628039205985
0.0007745089773926299
0.00025958080255883187
0.0004452349423408211
0.0002030664166824645
0.00020437771724933352
0.00039362457474012965
0.0003245948171525659
0.00011399007632431575
0.00013613483375212127
0.00064740285793057
0.000180898373859662
0.0004467981616191241
0.0003111011904694331
0.0005686798410002703
0.0003097937779115616
0.0001386972774154729
0.0004586092533915464
0.0009449223507436315
0.00023885676816475638
0.0004160961968448715
0.0005135537463405729
0.004006835893412838
0.00039383184483728247
0.00029307151331200315
0.0005084102975377552
0.00031810329474325327
0.00036152513792517255
0.0003060008042157553
0.0014834903121874233
0.00016280596677472605
0.0005022128694259014
0.00037385310803951565
0.00023266697611763399
0.0001658938464820442
0.0005093913081300456
0.001125239696912813
0.00013938151440155905
0.0009726663274167891
0.0002444484039192261
0.00015999559206741256
0.0007374848733434038
0.00017297743854987585
0.0008134904474415717
0.0004401004412625277
0.00013524327412647757
0.00017188808306670245
0.00014410542487630347
0.0004898919344800602
0.0005210546060179465
0.0006768896284637859
0.0005736865914678988
0.0011093737308522475
0.003231318187368941
0.0002860121763911431
0.0002655311349326914
0.0005244870699003193
0.0003102001545934342
0.00018714447576263085
0.00026516056704239645
0.0004152263367316671
0.0009547416947172238
0.0003219466985914086
0.00022190768279204136
0.000541598124980671
0.0001953665082238388
0.0003617745621367371
0.00033689358791413876
0.00027435755574677404
0.00014607675568665266
0.0009826149741122743
0.00022528229130658138
0.0002190422745893321
0.0001246994129933551
0.0018382649421093754
0.00035752206387744395
0.0010302503499889863
0.00033013873697638547
0.000567198746703163
0.00017998055364184092
0.0011812758641336755
0.0007158472093904358
0.00017977878612422858
0.0002203385577174276
0.0003720896638998114
0.0003302285403751139
0.0003943000033408922
0.0002822080843688399
0.001913545487662051
0.0002267216982254139
0.0005450403105193601
0.0002612821394038785
0.0008509124831810318
0.00021833358496089477
0.00032490541363818637
0.0001868595107966474
0.0009754598777651976
0.00035762004146113125
0.0002548998443484903
0.00021607725744068903
0.00042890910580089815
0.0002364854454762299
0.0007107474642303338
0.0024007934582532934
0.001002372270064464
0.0030477221627948975
0.0003085328210732814
0.0006759304975063867
0.00016901169423266926
0.004668250718329418
0.00025500755580940015
0.000333821164977372
0.0010969241285657834
0.0007692236016253677
0.0003173539367136839
0.017108163000336157
0.004618383426078247
0.0013128577331692401
0.0002618657711599391
0.000702049244997238
0.0002884381973668144
0.00032357490892450405
0.00039534294064846377
0.00044657515054543533
0.00016326397074492037
0.0001742701721606369
0.0009420133462706377
0.0008660514120320665
0.0001712474590503673
0.00019367925075031958
0.0009187363063212463
0.0002009312018948758
0.0002762250502960579
0.000141038479480602
0.00021856783312492628
0.0001577767845133631
0.000162758477090755
0.0003814156398973976
0.00017598751751369494
0.0002212112040294934
0.00018664736810069447
0.00021532255185752205
0.0003061197083930631
0.0002792127779579328
0.0002656150082955819
0.0005091480610851615
0.00014894885532601773
0.00038717027605893244
0.00018334631047920975
0.00196933689482594
0.001772007580617512
0.00015577796606372813
0.0012643297928760944
0.00041798009323240577
0.0006094416386503361
0.0003935112863979915
0.0004476509301553176
0.00020012101602977244
0.0011691120583041668
0.000157778608976478
0.0003382445092903219
0.0014994870903970892
0.00023191479349998659
0.000459564034264325
0.0004001501217857517
0.0006124442953212454
0.00027191708279987844
0.00020674651881452945
0.00017075963051167603
0.0010487561343916795
0.00021357207353891035
0.0033723106754715956
0.0005123070577134743
0.0004929446830647172
0.00036985175579674
0.0005170238166704309
0.0005883210372756839
0.0002801084687570767
0.00034288689396880603
0.0006835616068804091
0.00016741505503255834
0.0001397972670577001
0.00011680349631405856
0.001092528999872564
0.0008336983861596214
0.00027417657358283785
0.00023318179237416677
0.00019079002163990404
0.00023415657186464398
0.00019137779457405082
0.0002550412277850178
0.00035967536463734566
0.0003125766471079048
0.0030430240319126423
0.001611253524335935
0.00031727912471808445
0.00043857541401991126
0.0007949324696589957
0.0003760073960706989
0.0009268027964481733
0.00019630612950086968
0.0013207470751778814
0.00025718917419131795
0.00015080226478778646
0.000167258568011002
0.00017318554493733507
0.000548139082682511
0.0001419363376966572
0.0001298451389441371
0.0021177328776635597
0.000389461120191433
0.005917418982956617
0.00013296846231666124
0.00029206715737959093
0.00018531671203689192
0.00020954639200491279
0.0005993262985641861
0.00020792485857277324
0.0002552004750349043
0.00029622792944869307
0.00019139654710387377
0.00023559575113885664
0.00027640698662348976
0.000299370020969278
0.00012703212500633695
0.00015772404176938316
0.00015648612754598872
0.00021505389325752295
0.00022606011703331909
0.0004608557919586317
0.0022820829985958258
0.0002866118035803238
0.0002530008145566346
0.0012222584388144077
0.00036945054469612166
0.0004295033294878004
0.00034545207434065017
0.0004172978459745934
0.0006827624940696697
0.001478883344385821
0.00041299376667454504
0.00016504492497088294
0.00031653708341443967
0.00025793670241542737
0.00030693282940839797
0.0002503020016888769
0.00025507009693841594
0.00014002758694470446
0.0001836204757730411
0.0005512688125960458
0.0001461550771965972
0.0007055233124409593
0.00011617081958534715
0.0009955689858484776
0.0006738756673853276
0.0004372415886210736
0.00028221046931065574
0.0002926531552244315
0.00029645809694083035
0.0005130922107628707
0.00015532559692257858
0.0003721796482692252
0.00030836230854197665
0.00038852268347555337
0.0002378749904976657
0.00040943215873154483
0.000417485812232323
0.00015536073004692713
0.0008463464672692289
0.0003468519071692722
0.00043097343323208716
0.0006624149306114703
0.0006061673418391784
0.0004716038279650035
0.00042982332959383743
0.0005555861581122695
0.00025660941950844364
0.0002192159071247002
0.00021828571576382362
0.0003571695603568931
0.0012353970828966152
0.0002812837106026695
0.0010703759978863484
0.0006956467806498261
0.00017210025919678815
0.001048471480287202
0.0002729288742893403
0.00020142535655164756
0.0023009606160669664
0.00037361115287534567
0.00023701853287469207
0.0002884906028193993
0.00011936718645033358
0.00036473318390676813
0.0005434517408701666
0.00017532718880620217
0.0002583565422783435
0.000331001836493175
0.008728108726999867
0.0005189837464361777
0.00016007810498044967
0.0005088667317304665
0.0004280760457959855
0.00012783940337737852
0.000154615457419804
0.0005452267029126324
0.00041249046001571254
0.0015739166482918773
0.00020401289837390283
0.0004362979738237143
0.0006106008449668599
0.0004645360046728154
0.00032560770848511964
0.0006391984269458516
0.002171019958121126
0.0006548792905068943
0.0004690627377053647
0.00017287741354692727
0.0018074977581141783
0.00028871901147262054
0.00012814105694735256
0.0006234458566868825
0.0012557897078719054
0.00013576430083284222
0.000349577915423276
0.0005521833334501293
0.0001244251710427201
0.0001601963773236824
0.00018699575166832683
0.00047847147651519943
0.0010764039204758306
0.00015660458463870354
0.00018183478081309766
0.0007501508339809175
0.0008652713320957086
0.00012165539682251616
0.0004142713993006836
0.0005564277190150769
0.0001936422754602298
0.00021023173294182574
0.00037232838299168774
0.00040825997122007236
0.0005425228204470914
0.0001971551959930495
0.0002458843461913085
0.0002605679875860409
0.00015831286921438642
0.001190324445156265
0.0002582347942124653
0.0009067078386824934
0.001164281455738696
0.0012516555957216187
0.00020519152854034885
0.0005651946635380205
0.00019908844859584698
0.00016319268585363145
0.0001421514490097504
0.00043889267475158585
0.00031037067198374894
0.00044732284537632975
0.00026084321353023865
0.00020461707705221819
0.0011695424639003257
0.000166248877693098
0.0006811795962361734
0.0001510056247384274
0.0012928791336707097
0.00027848737760811357
0.0007176966548920355
0.0002283436331921977
0.00017102020474927423
0.0002488296166515198
0.0009609778078701353
0.000427296675683991
0.00030024014613864823
0.00023926663077739236
0.00038462977684422387
0.00025390864358741834
0.00025396031680955777
0.0001639138352631338
0.0002294089707534432
0.0005601574752426127
0.0005078848759915811
0.0051564014731448225
0.00044703652308176876
0.0009533000752941648
0.005778326827027694
0.00018180278690134777
0.00014774400237445559
0.00032109913442203317
0.00031819872375894184
0.0001830179067036384
0.0006368530060865588
0.0002702833801367681
0.00027564982377643844
0.0005841248950745594
0.0005588667469733122
0.00026975363876384224
0.0006616881275700016
0.0006391276060708743
0.0003037912292336603
0.000245797835030411
0.00013986038493174705
0.00038218467303864634
0.0001769855574420607
0.0006397998240586424
0.00023943199783694994
0.0007767184467613952
0.0003334543522845409
0.0006049404521971192
0.00023770494350448676
0.00015679183876729006
0.00034984227341952937
0.000542047711629284
0.0005604917885469297
0.000609282609668011
0.000327891278053194
0.0007686275563177756
0.0005490700605111605
0.00028687101039040643
0.00020098298691129804
0.0006567637048416133
0.0011636504498587102
0.0001786053800556736
0.00021990404257643073
0.001090468221403246
0.00020790289205772393
0.00022656227522494443
0.00017532820711360989
0.0015638743097646035
0.0001525208607819054
0.00017204337628067332
0.00015861452626433353
0.0006236743686292541
0.0005934134455817619
0.00024568112727282697
0.000447188585759303
0.0005603528335206536
0.00022533298811801036
0.00030138345558786166
0.0002434060069448576
0.0004433623395114809
0.0002869387964311258
0.0008141915626304334
0.00026601030065201756
0.0005630690618074557
0.00020337641377455492
0.0005837810112897116
0.00044901606587966115
0.001989072621383686
0.00031489695679215684
0.0008788407121566834
0.000268571388649815
0.0007148207778142443
0.0011425579697063692
0.00023414997521936944
0.0007200104385090724
0.00036441921503098363
0.0007517994247470158
0.0003758682976303966
0.00045177879131254523
0.000329923084211159
0.0007101782652874934
0.00034086893316701694
0.00025987754512846027
0.0002824647474434329
0.0002115530841117414
0.0019313212613592916
0.0002930760185121369
0.0002437721603651451
0.00022578764711139723
0.0020076541339297043
0.00015107620251197522
0.00019306501904107533
0.0008289137016491844
0.00015521739591062061
0.00037100015121159865
0.0005493903566869393
0.0004243996638770952
0.000571918546796695
0.0003864035976142831
0.0004891948967669107
0.0002568996882238978
0.0005623105272097801
0.0009967692656580808
0.00012377423335054358
0.0005987666308559416
0.0001624283093372009
0.0002868508962142594
0.00021639265877922826
0.0051474171966392444
0.0003418427813758034
0.00013851260528628675
0.00029958932296678586
0.0004025344026668502
0.0002690018284918005
0.00020846586994033127
0.0003753232167849894
0.0004778628430343391
0.00022441572770359516
0.0002966233700602251
0.00024903360303904596
0.0003427077595465548
0.00034669440568631124
0.00021604152550250153
0.0002513391965505753
0.00015634770056560185
0.0010581857906278964
0.00016025799794816827
0.00016641243228648848
0.0016765833619495035
0.00015730415286991894
0.0001848950795401783
0.0004935888098556482
0.00206310929052185
0.0005338097474723518
0.00019199466661205645
0.00021673709927609263
0.00043846390887423314
0.00041968905762539485
0.00043298845315037793
0.0004804832249937825
0.0006980874522550353
0.0002847900036057692
0.0003605896829743765
0.00042726027363873683
0.00018091481708719455
0.0021691907929979053
0.00016938360916640246
0.0031512191112703105
0.000634687381557917
0.00026613735509858373
0.00019298934129251984
0.0005592765262241395
0.0029880463542077645
0.003118597795672625
0.0018401081315178671
0.0002486023613512698
0.00030849075057489816
0.0006713044969260732
0.00032821229103538224
0.0004252729112069418
0.0002118617250689634
0.0005191422111337807
0.00040337324226967145
0.0031589640015450013
0.0005720266601648716
0.0003083909848296133
0.0003057824967256266
0.00016467691103849708
0.00017340331254355064
0.0009749237477929727
0.0002866229013099061
0.000600524612986491
0.0006800044564067182
0.0001646657925291062
0.0008542154847433385
0.0002807189052555572
0.00017488695210888462
0.0003780767321457627
0.0006816986661285115
0.0004313218774033786
0.00015737539796005617
0.00021629171458728991
0.00018420718340421904
0.00013449097358803514
0.0006217302726684582
0.0002079704454602315
0.0003721062808571139
0.0005236273227670741
0.00013545520987465247
0.0004058095786850833
0.0019877067818229507
0.00033223579650107506
0.000692160587454992
0.00041279983511845886
0.00012218196343860598
0.00035557565323270313
0.00024405781424105587
0.0003024231166948278
0.0010406018681100328
0.0007612214952011885
0.0006109493089207749
0.00018714359245404898
0.00022104688059157746
0.0003815873169128407
0.001117796692639412
0.0004758611844851987
0.00026796362844848186
0.00029899153479410166
0.000436509778467407
0.0012851978369149187
0.00017016953635453277
0.0008153697812578837
0.000343274133279665
0.0005412965026447528
0.0001834405128220559
0.0004390912386940679
0.0005405360732536195
0.00022597510245437788
