4.682040553755538e-7
1.1957418622746556e-6
1.5770454001914043e-6
7.006811964554749e-7
3.213240819804904e-7
1.989863380788011e-6
2.318884578992515e-7
4.068156978871429e-6
7.332857982501356e-8
3.416151977210681e-7
2.436792909805952e-7
1.4573338407106716e-6
3.487787098000285e-7
2.648000142947775e-7
8.10059042543751e-6
6.09637215210096e-7
5.591954257218152e-7
4.027545188475198e-7
1.226437223220587e-6
4.3797309630583415e-6
2.038016214578024e-6
5.281689360391536e-8
9.063751056375366e-8
2.097964329168785e-5
1.8316679751640198e-6
2.1251577644598763e-7
1.6510063912221716e-5
2.8248999704535704e-6
2.6340097030184524e-6
9.85463715862715e-7
2.3758253388751855e-7
3.4050940351789517e-6
1.7499583447029608e-5
3.7344430386031178e-6
1.3012023311103168e-5
3.87329204869623e-7
1.93199250949975e-6
2.920085050289019e-6
2.106096797661171e-7
2.862045660563241e-7
1.3725871933003228e-6
1.5540309121299992e-6
6.213460295641895e-6
1.5350220233068498e-6
4.1404099410974975e-6
4.050341842181456e-6
2.332780444275033e-7
9.897320836022775e-6
5.615508242145174e-7
2.303950537634269e-6
6.755205729057177e-8
5.649653725402973e-6
3.4160454279991303e-7
1.1383202269799429e-6
1.2693221276334805e-6
1.056707076640652e-6
7.165830605509454e-6
1.3799038957436043e-5
3.964739169319265e-7
8.225344367676482e-7
6.4930212315474e-7
1.2414279442219992e-7
4.806879850483601e-6
6.493751775272248e-7
5.968163714874927e-6
2.8772022914529506e-6
5.35954331790244e-7
7.146859234436726e-7
1.3615874448502532e-6
7.648991707456597e-7
4.282578334236252e-6
5.462081743034367e-7
3.902546277369021e-6
1.645610535208475e-5
1.0343901239828187e-6
4.134533682923086e-6
1.487341351585468e-7
5.868639600831846e-7
1.2402375218383058e-6
3.4655374577715476e-7
2.73038701658884e-6
1.83686938272889e-6
1.4388086869803448e-6
2.0399047036108967e-7
1.5065265482437766e-6
3.2150299206265247e-6
2.719025890748237e-6
3.0166982881285355e-6
3.178645877497609e-6
1.9402426023857996e-6
5.653619042034095e-6
4.759165562914621e-7
2.1700495474212416e-6
3.0566161677965675e-6
1.5202095884019331e-5
2.978030524789438e-6
5.563083226913307e-7
2.2600915499190434e-6
2.4338254025265406e-6
1.8625480072393287e-7
1.1311013441598417e-6
1.9541466134317573e-6
5.9015684898742345e-6
6.347031140417077e-6
2.1399167139634606e-6
6.767687752843036e-6
1.6897654696596914e-6
1.3120027258052744e-6
7.97040150333031e-8
6.318020660802855e-8
5.148783903428166e-6
2.3559573978461905e-7
0.00015345840765991966
1.1655572823789955e-6
4.2881648040954545e-7
4.932517690029401e-7
1.7243616477662316e-7
4.773171924933394e-7
1.4158326423590011e-7
2.1720658246327104e-6
5.083386238221207e-7
1.2013228602813791e-5
1.3236124050330147e-6
2.895273916639129e-7
2.1867852215641002e-7
7.096530346354779e-7
1.8591624048195596e-7
1.8267838096513872e-6
8.130461288580838e-7
1.368800428101772e-7
1.0527589425191448e-7
1.4514216563168563e-7
2.0073795489458416e-7
2.3085252923712057e-6
6.316815167767891e-6
2.0320521855796196e-7
4.616974269185729e-6
3.1232168861825905e-5
8.572744814901008e-7
5.8291594085165615e-6
1.2092618999791737e-7
1.4849615876195219e-6
2.1665030675394437e-6
2.6426481190943093e-8
7.365685915602285e-6
2.5978360838755077e-6
1.6985179376774547e-7
3.806454021913319e-7
1.3691384676003658e-7
1.6874645650785352e-6
1.7845395092871604e-6
3.755267738131408e-5
2.5003799326277436e-6
5.161486139976877e-7
1.0765022452932994e-7
1.4165727645930834e-6
1.1696715062806518e-6
1.4403895604213375e-6
9.63402789241722e-6
6.751114682426048e-6
3.038197885887983e-6
8.62258949795218e-8
2.253050924655285e-6
8.856738749255646e-8
2.7173972156975975e-6
5.8452315039150714e-8
4.574703436711754e-6
3.584580436773788e-8
2.15159032919907e-6
1.1306808758222935e-6
2.6852805373317264e-6
9.670114821541552e-8
3.2863276933026594e-8
2.3973608114290925e-7
2.2202115128691197e-7
9.974850564625475e-7
1.2711286982129813e-6
1.0843979000687463e-5
7.147692523339571e-7
4.106173490164002e-6
2.14219516289021e-6
5.54877602120403e-6
4.88798410920098e-7
3.4220322780776213e-6
2.641426769962023e-6
7.6125083856985606e-6
3.1197209646780687e-6
3.475480823442944e-6
3.848273790638575e-6
1.4979548943138686e-6
2.7806495919361196e-7
5.756602292214455e-7
1.4985438714737757e-6
7.052723534626891e-7
1.044315922315603e-6
1.497532934182315e-6
2.1469725549052234e-6
1.7224666100104744e-6
1.1441350347420525e-7
4.3841479538994724e-8
1.91240679279535e-6
2.3937421295631938e-6
2.6124976513300274e-6
2.104077650207321e-6
1.04836247456084e-6
1.3203853295200967e-5
3.5395568032727747e-6
1.2819969422766241e-6
1.1271072612262266e-7
2.544929401542446e-7
2.086053003260955e-6
3.205867136040699e-7
5.5755613028755537e-8
8.114014312178598e-7
7.5664945223329e-7
5.6693807102695895e-8
2.2448280006457936e-6
1.7362673037168242e-6
2.8107376109078024e-6
7.923116064570712e-7
2.9985015468798466e-6
8.458679986606634e-7
1.0312001944857692e-6
2.2551366978888533e-5
8.903110898038014e-7
2.8119305764040685e-8
2.5634670282100176e-7
1.825947792677047e-7
2.3436019960909645e-6
6.891370996086197e-7
1.5904161458577874e-6
1.0467739627575563e-6
5.045442770406819e-7
3.7417304346573274e-6
1.798047474373465e-6
2.4847824361319336e-6
9.961661055723521e-6
8.447862675559354e-8
6.532965757345418e-7
1.975273177665659e-6
1.1695932125331316e-6
3.160167930187198e-7
8.181887856902225e-8
1.2408213063561744e-6
6.725023422498639e-7
4.2474590032974484e-7
4.91571646573666e-7
3.094313334659762e-7
3.1933031400875214e-7
2.3838246589102917e-6
7.544625088604165e-7
2.4959334373258614e-6
3.053658417265368e-6
8.84127723010584e-7
1.1828667193681312e-5
1.0243948426557588e-5
7.993649257247198e-7
2.679476855952316e-6
4.183618740498812e-6
1.0816699425128436e-7
1.528234570255874e-6
3.381703272879041e-6
4.201574034012996e-6
6.931763968066715e-7
6.243848516034692e-8
9.662065332350343e-7
1.8385808053406311e-6
1.2605354643076904e-6
3.815240754515075e-8
6.660578267875086e-7
2.3889876557526804e-6
1.3811932453722722e-6
2.8284354797468505e-6
3.476844961886237e-7
2.2629630449810463e-5
2.4381510496847534e-7
5.937416955110986e-8
4.721820365433021e-6
6.921435207754437e-7
2.280116864563568e-5
4.387516382277344e-7
1.0616123956981035e-6
1.1206610364911512e-5
4.275151926553313e-7
1.193853044854353e-6
1.5276071461328885e-7
8.206454468611497e-7
9.620535721926863e-8
7.387062173371607e-7
1.321846361831572e-6
6.734352075736044e-6
5.996539712455805e-7
5.400816440304381e-6
2.7993278987496566e-7
2.4653297804278113e-6
2.436289889780878e-7
1.748763271045366e-7
7.511017300268962e-8
1.6281174589647129e-6
4.027237179557395e-7
1.8010095815884957e-6
2.565074052770197e-6
5.518629716186573e-5
7.638362672265341e-6
2.58627868695242e-6
2.718304328015348e-7
1.546324014897103e-6
7.830024433437396e-8
1.9161650845074496e-7
1.9782243019589104e-7
1.6815094557613582e-7
3.4864429227011196e-7
1.2452141370735162e-6
2.5275199792426776e-6
2.404437516459778e-6
7.289337275886021e-7
2.5754359018577014e-6
2.2063613759562396e-6
5.581705347632964e-7
1.26002112137049e-6
1.8345733239862537e-6
3.2911361095235046e-6
1.471302855535528e-6
3.4659240729291915e-6
2.2356039740158302e-6
1.4042667206399834e-6
1.3970955677970737e-6
1.725766521173755e-6
7.216018084360736e-6
8.893407379720181e-8
6.576428245066947e-6
6.628813988403055e-7
1.3425360150056183e-6
8.057781686868422e-8
4.336672613963586e-6
2.539670753669274e-5
4.375720403696715e-6
4.1870846941978513e-8
1.401441911631176e-6
8.536200298504517e-7
3.2763221236525427e-7
2.0913124272790952e-5
2.0260521179231238e-5
1.4578380823391344e-7
3.6730993197365626e-7
2.3603148630340883e-6
1.4689353472014963e-6
8.38291668583003e-8
2.0438952169241723e-6
1.1470414665726386e-6
5.943426631825185e-7
4.1356770553054756e-7
6.710849676089082e-7
5.26043186436979e-7
1.0422929295595648e-6
1.7452401073347835e-7
2.2529530264392407e-6
2.7244750914233428e-5
3.273869075361045e-7
4.625012963969689e-6
2.1711132047387642e-6
1.6490993349937485e-6
7.876258244097717e-7
8.415443004594557e-6
3.475991811193639e-7
3.204691947340482e-7
1.8202519196364042e-6
7.496659840079182e-7
1.5879155325144245e-5
1.5439365046514463e-5
2.0125336579415155e-5
1.273489472001933e-7
1.4140775860539566e-7
3.5598918967611856e-7
1.7561761920341235e-5
4.7128872459347354e-7
1.0510452943825137e-6
4.6294691966089175e-6
6.60466070545297e-7
1.1080661358330689e-5
9.326253993540939e-7
1.263868239331369e-6
1.1506713199050927e-6
3.533641092153339e-7
2.4667322133076876e-7
2.384693253891248e-6
1.3154026957939063e-6
3.8094186122905917e-6
1.3292161705740482e-5
1.1290600448378309e-5
5.144898590728593e-7
1.223566277698977e-6
3.1047548210465694e-7
2.44225401443404e-6
2.3590676341742924e-6
2.310770954821845e-6
9.658041404295297e-7
4.5659826870879025e-7
4.2288450847950475e-7
9.464714737275922e-8
1.8676434498642348e-6
3.6894436924626095e-7
2.7612233476394024e-7
2.2194124128427936e-6
3.042229773330419e-7
1.968188386749406e-6
1.348913153362811e-7
2.8946184182681597e-7
6.037422192163126e-6
2.56148379258907e-6
3.414149917558334e-7
3.648589257839472e-6
1.7438139892739755e-5
8.334580752767613e-6
4.266842001157323e-6
8.653608859050852e-7
1.3084346265198627e-6
1.7963092466098156e-6
4.867130736163184e-6
3.113239144051828e-6
5.3435933807728685e-6
1.1905261796864938e-6
2.354896559467411e-6
2.8450975850935517e-5
3.904118197515877e-7
1.8870881485194757e-6
4.017411498229833e-7
2.0484516361876854e-7
1.2441725160115028e-6
1.624398097552475e-6
1.7897415449131616e-6
1.27615058824863e-5
3.309508933198348e-7
1.084991505990014e-7
2.9106350176033707e-7
5.204952376640007e-6
3.2120017339856983e-6
1.3484487360154908e-6
6.3358015107682e-6
1.218991547653071e-7
1.3302357629575384e-5
1.9507047104808375e-6
1.833391743541765e-6
2.0019522129298676e-6
8.169804504627067e-7
3.409686968222655e-8
3.475611583109616e-6
4.6464240157811555e-6
1.3814812618897943e-6
1.8472189346399145e-7
9.732688512251338e-8
4.222029327248905e-6
9.784997727405296e-5
1.5338553743578093e-6
1.137310224760805e-5
4.5562106004353495e-6
1.3279826232394715e-6
1.4004202129450759e-7
6.128666142105547e-6
2.816826792789405e-6
7.2414437244770435e-6
3.804854254426485e-7
9.994942790800298e-7
9.344052222822519e-7
9.921295350550411e-7
1.7601555073000836e-6
3.4309666481375027e-6
4.7591076705739544e-7
3.669088423333943e-7
3.5325442034588316e-7
6.449238343595146e-6
1.3055127615225832e-6
3.604003995226422e-7
3.7766347624713247e-7
5.7135081932723e-7
1.719940610303585e-7
1.2548555250842732e-7
3.8117268123024875e-6
1.8613427139499918e-6
1.008285625086485e-6
1.4502507907577734e-5
7.489396358808311e-8
2.2068374692833178e-6
4.89840821634151e-7
5.766416022226446e-7
1.6979968094663177e-6
3.3959564038264376e-7
1.4690708417031367e-6
7.903362372700113e-8
3.196547310313657e-6
4.304422762609045e-7
6.518648402857684e-6
5.211222658232359e-7
9.197637931920365e-7
1.1715190744186465e-6
1.1002687187383784e-6
8.309229231820623e-7
1.6910645487495827e-5
1.5252028405364743e-7
4.193351805169155e-5
2.8627445866190632e-6
5.925000007049575e-7
8.884304779446968e-8
0.00014490440166634968
4.077771267162059e-7
2.893134556677988e-6
1.0052004525033416e-6
4.864870272678489e-6
1.6059759362593036e-6
1.800348141787101e-5
1.0408293266359285e-6
4.4513088216520895e-7
1.8239181620463533e-6
1.8123267635061426e-6
3.0417310613300167e-6
1.4347904611727399e-5
9.090743231353044e-7
2.3155478839637734e-6
1.5233678021453013e-6
7.162040114326598e-7
1.7112315349099987e-7
1.6669942863511227e-5
1.0536277995159971e-6
2.911149869422574e-5
5.764388525182965e-6
8.331771491436537e-6
1.805078538060339e-7
1.962453027432249e-6
9.844886855935472e-8
2.5305415452014816e-6
3.599314767198624e-7
6.20090175899315e-8
1.7638374464031255e-6
2.9606078342592475e-7
8.308281320924889e-7
1.0599210119019735e-6
5.232268590213522e-6
5.721365775397667e-6
8.394290493105805e-6
7.988657760565895e-6
1.9514137873637588e-7
4.006064415925444e-6
7.226685543634982e-7
3.7431333732938836e-6
4.0530769597637834e-7
2.4353465307108164e-5
4.593346096042064e-7
5.416052606676998e-6
5.119724505989855e-7
1.647777438348371e-7
7.925600627402506e-6
1.21299223154255e-6
3.5879152932049276e-6
9.436525346242827e-7
1.196168855661453e-7
8.684907455611511e-7
1.053355773759216e-5
2.872414909004345e-7
4.519175125056946e-8
7.350588028498158e-7
1.0867576220124788e-6
2.9281142455144098e-6
4.902627261784934e-5
2.475801628185889e-6
5.594949865221568e-6
4.49578584672512e-7
2.2858421843049558e-7
3.5896710302902166e-6
3.823627856320856e-6
2.624656995999893e-7
4.073344628515082e-6
1.937337160033021e-6
2.3750879810476683e-7
3.0720973021678925e-6
1.034356985797517e-6
1.2830684861234301e-6
5.31020531494854e-7
2.2372771307803143e-6
2.454172429092349e-7
6.045710739172066e-7
4.9482961735896465e-8
6.787656690767546e-7
3.242579798717152e-7
2.8935111127784516e-7
5.7749667085232424e-6
3.201693906363688e-7
1.649598754721091e-6
1.8603452742855526e-5
8.61659306570472e-7
4.795238486764592e-5
1.2811977609925935e-6
6.754978718918302e-5
1.036126440125074e-6
4.241055371735718e-7
3.242467969248058e-7
3.5556946535627113e-7
1.4613251244384098e-6
2.8686668123447043e-6
2.075800799414329e-6
1.8178039909106204e-6
4.6413259624620374e-7
1.9820816679857157e-6
5.330090966470015e-7
4.6069075219531696e-7
9.547030128161724e-7
1.2957132181230072e-6
2.897048195401917e-7
8.071598669048402e-7
4.961285831281514e-6
5.652344864284818e-8
1.1358747115277311e-7
1.301736195444792e-6
2.688428331310549e-6
6.45711727833953e-6
1.4578449304319832e-6
2.1104404838157882e-7
4.671338173897434e-6
8.236883478774715e-8
1.0199411514787744e-6
2.782542612705076e-6
5.497893842276673e-7
1.7753987774679522e-7
2.233564976376656e-5
1.3882430628470754e-7
0.001112727714522128
6.549837747682591e-7
2.432956965819125e-7
3.0647273101140633e-7
9.539544331466898e-5
4.695604129613593e-8
1.4646794172576913e-7
5.638842576280567e-7
7.1989361578791935e-6
8.11093904530592e-7
1.0996975917220962e-7
1.8032091712753116e-6
8.125430192690116e-6
5.1970244923191294e-8
1.909456652010071e-7
4.431761943479875e-7
5.743614513260278e-7
1.4889319690842296e-7
3.973243614095514e-6
2.018388275306225e-6
3.123655473292627e-7
8.451222450114443e-6
6.927141457162551e-8
1.5991128157808984e-6
1.3036472253606967e-6
1.1596746804582557e-7
1.705067638990959e-6
3.2504634547639435e-7
7.624366762771885e-5
4.8508035772402956e-6
6.089431916191662e-8
2.4530614334919153e-6
1.1732168225381197e-5
1.0870301304571135e-7
8.496960711375159e-8
2.5882911748117284e-6
2.7972202941854352e-6
5.379675465727967e-6
1.9086215263170514e-6
1.1276429399744922e-6
4.384234165242344e-6
1.9045043620961115e-7
6.376139264574486e-7
3.0836988043138484e-8
1.8059701697172578e-6
5.310108847952429e-6
5.790527942797874e-6
3.172363199269435e-6
2.176148281305931e-6
2.934333072462648e-6
1.5603474453318918e-6
2.1861121243599387e-6
4.348911499671393e-6
1.4265047820750236e-6
2.1965692931924935e-6
2.1446077269387675e-6
2.199408393107463e-6
2.4214371633629422e-6
2.7579376209830876e-6
9.706338955571153e-7
1.9631301626486073e-6
9.472647087504917e-6
1.5765658993629e-5
5.0193388142849535e-8
8.401006490953068e-7
2.496719674575591e-7
1.2255955956079005e-6
8.804089404298122e-7
2.072108170899141e-7
1.03291927349326e-6
1.2306499712236162e-5
9.570035240118421e-7
1.8362353120045129e-6
8.931253900588099e-7
5.487697073889758e-7
8.888625923838409e-7
3.1900170668526133e-7
6.398977485367539e-7
7.504164866627673e-6
1.027135524609837e-6
1.018505154982816e-5
6.483152426446541e-7
2.880208725511862e-6
3.3060690431061345e-6
5.3030055016652896e-6
3.1036541687831144e-6
1.117117625661197e-5
1.2051580802823842e-6
1.0635985508330291e-5
3.6868366634800205e-6
2.262806150219844e-6
1.333544930849045e-6
7.007616327210587e-6
1.3581716677037743e-6
1.9249733489449694e-7
4.611199149518144e-6
3.5955811102120393e-6
1.1484188287900969e-6
8.827970888903306e-7
3.977230434791186e-6
1.3713659149785134e-6
2.114697089167632e-6
8.942173461288936e-5
2.6601050509750443e-8
1.5268294938214929e-6
2.744797002404968e-6
1.9483043118424006e-6
2.119437077641388e-7
9.753677480782096e-7
3.515395138642219e-7
7.297655199223334e-6
3.557351769386665e-7
2.1817073639545994e-5
3.2735258641313387e-6
1.6498172372835384e-6
2.1948785521281865e-5
5.391478167713804e-7
2.94326823446372e-6
1.8498514546793434e-6
2.261276457173459e-6
2.5429746378193847e-7
2.0788116313508506e-6
2.3527028429868915e-6
2.0600559082093805e-7
1.830800742450992e-7
1.563572206900231e-6
1.0061347655234642e-6
1.6596793409480628e-6
5.986886961671618e-6
4.7477362083383846e-7
1.6712203739945307e-6
3.0184561636703663e-7
2.68054544617166e-6
3.132740745139045e-6
1.24195027159129e-6
2.236941727319048e-7
8.455197707610053e-8
5.053813842820973e-6
3.57919725454948e-5
5.579286230214799e-6
2.514488071345426e-6
8.843378676102808e-7
7.063480907748887e-7
2.005512021499279e-6
2.4784612623609033e-6
9.225312995971259e-6
3.2698623483343244e-6
1.3226749618019619e-6
6.931329215894654e-7
5.139436416759027e-8
1.245474704441635e-6
1.3997344276647961e-5
1.253447475255196e-7
2.2923087521102655e-6
6.870590962613844e-8
1.1788829443395268e-6
1.5406586683904836e-6
7.380600204371675e-8
9.937962971826158e-7
7.189181773928921e-8
5.985395154406753e-5
1.953328644150976e-6
1.0716246387702493e-6
5.171577850920761e-5
4.4918950190807856e-7
4.018373864305908e-7
1.0959682625507511e-5
4.339481291337183e-6
2.1372043470077735e-6
2.363757392883893e-6
1.215835315891576e-6
5.936367365300674e-6
2.1318693660210482e-7
6.077254813080218e-6
1.0510982790950324e-6
2.2389549844873983e-6
3.7419437846739727e-7
1.8281038764716021e-6
1.6610853598187228e-7
1.756921624405638e-7
2.462378452431669e-7
1.4789488062822193e-6
1.9642950621524957e-7
5.243013758026326e-7
9.463773891399508e-7
1.5293755389213548e-7
0.00012518846826441502
1.8361156917526222e-6
1.6606094086078655e-7
9.080777275273677e-8
1.3674576729204917e-6
1.060903031556974e-6
5.548142344665042e-7
1.4053679648819895e-6
2.30295817597662e-7
2.2232062292354707e-6
7.668276037026391e-8
1.1637517878174047e-6
3.077672325396798e-5
2.017377222637244e-7
7.320563392502763e-7
4.818976715212301e-7
5.7379755918846e-8
1.2763858103959222e-6
6.90818906034676e-6
1.796307756096527e-6
4.337814811011489e-6
4.1164774425976386e-7
1.3362044435745627e-7
7.074429240320758e-8
9.013159480983032e-7
6.247871671422478e-7
5.963362632866379e-8
1.522775239405271e-6
2.703537929052571e-7
2.195760341510413e-7
4.692881774245504e-5
8.549878603785975e-8
5.572006915544025e-6
2.6258211772921263e-5
6.607755281294591e-6
2.6047104325266118e-6
1.4616953589988895e-6
1.0321090127036573e-6
9.594304731924836e-7
1.4250974561378345e-6
6.076635149151362e-6
1.7004903217777118e-6
5.411073207776265e-7
1.3921739264141863e-6
1.5319786213319246e-6
8.813603225039279e-7
1.2606396509878396e-6
4.6050579693777245e-7
3.030535205599659e-7
1.5355383833775541e-7
2.6152184804547734e-8
8.413342967853887e-8
1.41174409613443e-6
4.812186677350376e-7
2.282667197096204e-6
1.127219405217986e-6
2.445835345399987e-6
2.9580269396037235e-6
2.24137843093915e-6
3.5643892633435013e-6
5.060411983816608e-7
6.4649450470550455e-6
3.225377805090419e-7
8.880742968580203e-6
4.360317533830439e-7
9.759123503504657e-6
6.5838459671492175e-6
4.102180346766066e-5
1.5793856084456314e-6
3.410639279311974e-6
2.3897999846507304e-6
5.955751752650969e-8
1.0697137186595648e-5
1.7007332868829057e-7
4.583612194795085e-6
3.7005946275836747e-7
1.4222572718010113e-7
2.9601779355330537e-6
2.0735495934312973e-6
1.6903358957269646e-6
2.7441531466162715e-6
2.112042115672282e-6
8.495286766588856e-6
2.7278888627646016e-6
7.731248488637263e-7
3.7520862387515045e-6
1.3898760696197757e-5
2.629208245831885e-6
3.1248902319678823e-6
2.1543358109618757e-6
1.0404535582199896e-5
1.3395653968402949e-5
6.585840483058896e-6
1.0736282468988822e-7
1.3508234484461147e-6
2.2560928920079774e-7
4.994012870353054e-7
1.7148824993384153e-6
2.960799879029355e-6
1.8157771007349234e-8
4.817024724500914e-7
1.1869085222412795e-5
9.443407054196573e-8
2.861031958848148e-6
1.8698270294371012e-7
1.0170974366108736e-6
1.2535843701659509e-5
3.340618642488167e-6
7.316751752550508e-8
1.0127958240194428e-6
7.804162466444371e-6
2.9741149662074446e-6
2.5970224212360895e-6
4.813543046848185e-8
2.4081660461271793e-7
9.421934392614412e-7
4.958969524563533e-6
8.971149649932579e-8
3.6480890446129655e-6
1.8681271499427268e-6
1.9994131500881807e-7
1.138711634022268e-6
1.1177433096888575e-5
6.210266975009416e-7
4.098168116055002e-6
2.50256738562721e-6
3.6818870294530917e-7
1.95865979822734e-6
3.4116019992935323e-6
3.118659953547866e-7
3.3938723604107495e-6
3.3744598020496413e-6
1.6861449858900907e-5
6.763334640206941e-6
1.7024797572601646e-6
2.4493614116849766e-6
4.171883187197311e-6
7.72874596790935e-6
1.1749217792984915e-6
3.70578205963151e-6
1.3510641404454572e-6
7.922228349040706e-7
1.6379639450732406e-5
4.036354533409744e-6
4.005847618353128e-6
2.598496591510595e-7
9.614510318251824e-7
1.250942245997724e-6
3.2013279191367364e-6
1.8454355110580668e-6
2.94990040462701e-6
1.3653640114085168e-7
4.4639601865169723e-7
2.2612099036015743e-6
2.5278924380023267e-6
2.8300241569636183e-7
1.643933940615646e-6
1.4913288420220039e-5
2.5349139291975766e-7
1.4145454878504962e-6
1.7271797924941736e-6
1.268609111987578e-7
6.447182861329715e-7
3.268540069430534e-7
9.54299494545734e-7
3.5761186166651755e-6
2.8434703343292656e-6
7.09742175333622e-7
2.8739610168634874e-6
2.2189596835080883e-6
4.2551370658336916e-6
8.510543593160739e-7
3.1377819919538136e-7
4.312174896455854e-6
4.839695462756727e-7
1.8176712933893712e-7
2.3369233734168812e-7
3.2304066557965457e-6
7.488629676174164e-8
4.684396771570709e-7
1.1951782789050276e-7
1.0454440780059921e-6
7.657913724157893e-7
1.154958078890792e-6
2.622328951888551e-6
1.8449542934225701e-6
4.6561275779325625e-7
1.820441252534647e-6
6.6909840197706e-8
1.2324181316091516e-5
