1.536734587984814e-5
3.920117309029021e-6
1.0435497801785611e-5
1.7727913394439224e-5
1.5285869480470624e-5
4.708389625301959e-6
1.6406515676563315e-5
4.004546997761133e-6
3.988727136053984e-6
1.2151328873004184e-5
9.51902008001044e-6
5.015834637794428e-5
1.8879465124681402e-6
1.508687416569745e-5
9.71031745576727e-6
6.030049120600437e-5
2.9769931770353158e-5
1.3256105541663459e-5
3.7152050348297516e-8
7.486388466361817e-49
2.3104959129402916e-7
3.737446657714056e-6
5.604573961541768e-6
9.504865388778875e-6
0.002295334609298988
8.578286547608332e-49
1.0482166831265834e-6
4.3996502326588695e-5
5.7151071321574e-51
2.291738794370083e-5
2.8810843826937337e-9
2.0499899893954917e-5
0.00016107914039638344
6.589594675019235e-6
2.788581224701675e-6
2.584057430266586e-5
1.876881024923258e-8
2.0391998430102878e-5
1.7926653170311848e-5
2.6998300362822438e-20
2.824480014103682e-5
4.774139862921301e-5
2.0778745203945115e-5
4.009528333729651e-5
1.2935677009584394e-5
2.5663452512898403e-8
6.134744116598026e-5
8.934947541638303e-5
0.0007973529418528367
1.2212476707792345e-5
7.281919370640012e-7
7.260407454396784e-7
1.675127837788446e-5
5.2702177871680416e-5
3.560122799490263e-5
4.1071512141604495e-7
1.0888144937184267e-5
4.500188914430809e-6
3.7391282750572684e-6
4.605339166073633e-6
4.754702452546986e-5
2.696663975429249e-5
1.6351931217838426e-5
4.617253191137085e-5
5.7249924672054746e-5
4.8983984449108266e-5
3.1502750056661366e-7
1.20768908343482e-5
9.709128397764736e-7
9.328420762910582e-6
6.791373940311699e-6
1.3815618472165855e-5
3.4253907246373517e-6
2.75766606666881e-5
1.0761383978550933e-5
0.00010350375306923059
2.685174453715277e-6
4.062959767899982e-6
1.3739804688983998e-6
1.46966757903399e-7
7.536205123438113e-6
1.0687292631806546e-5
1.5950723219766568e-6
1.2193466400909178e-8
1.125239995651034e-5
3.918138452100499e-6
2.4700934897324782e-5
1.1971608679926158e-5
2.619212348851494e-6
2.9098021286985326e-5
1.5610578927447998e-5
1.0892845786805123e-33
0.00013256629599948984
3.256779336253872e-5
1.4504595751416683e-7
3.7546090481494977e-6
3.3609622051299125e-5
1.0239273840153381e-5
1.828314220386083e-5
2.6161737224352195e-7
2.2666218858275296e-5
8.078204227858082e-7
1.3108675675690973e-5
4.040329780266091e-5
4.659449644034972e-6
1.0054780760535707e-5
1.2676468620684551e-5
1.951492543289329e-37
7.256343275119981e-5
3.67578703747407e-6
3.6161332027893535e-7
4.2701107929860934e-5
1.8633806859785064e-7
1.268119463140309e-8
2.3159600529144726e-5
1.167637237560193e-51
9.162466071055283e-6
1.9466139116816828e-5
2.1923266234478697e-5
1.0674084617990937e-5
2.405534309567313e-52
1.9918159030656575e-5
7.811892289785859e-6
4.186719163883463e-8
4.776702509530032e-6
7.561629063483434e-6
6.100392183583449e-7
7.547210537991138e-20
3.658747563823949e-5
1.1509622260576728e-6
6.068550207365088e-5
3.565821971056693e-9
5.192950330135601e-5
3.752393153213151e-5
1.1589975844727013e-6
5.040556352548901e-8
1.6147846679028823e-29
1.6693813383824315e-5
6.573076036268213e-52
4.759537376054806e-7
1.168659260036542e-5
4.40337804436531e-5
1.2327965324568653e-5
9.66559654151273e-6
1.344242044353707e-5
2.032594977622536e-6
1.6688230384071893e-5
3.154003869767638e-5
8.671652508620971e-6
5.6046739379868504e-21
2.8565870187121454e-34
2.1883231767484965e-5
1.989622790432675e-5
9.302114624369086e-52
5.3456408684526e-6
8.957684726592921e-6
9.437656897402164e-6
2.2841284814725088e-9
7.49201655831928e-21
1.5644779322812503e-36
0.0001229350016181107
6.929927368300954e-6
2.0450423560622482e-21
1.9154686877416768e-5
1.881456395453746e-5
1.1188109005978113e-20
1.192019163699853e-5
6.371928180048433e-6
3.3484419137782795e-7
7.96473083169984e-7
5.55645982907283e-7
1.141531789887791e-9
2.9657549107732847e-7
7.725318562094762e-10
5.826722838519509e-5
1.994779589647503e-5
3.190756499486353e-20
1.4710366029857579e-5
3.001105854624267e-5
1.6540751956410652e-5
9.163210260691589e-5
2.4072780699404545e-52
5.472282761427822e-5
0.00033180789312617565
1.1727868789521498e-6
5.651586816525523e-35
8.751541259634761e-9
4.149085888488388e-7
2.689824977639181e-5
8.629302321644562e-6
2.1761818824497878e-5
5.263062072458413e-37
5.654252454344893e-5
1.964183649702781e-5
1.661661619432244e-5
1.2040883700385734e-5
5.4948842201091496e-5
1.0961277755420975e-34
1.679223531096274e-52
1.6675717126624165e-5
2.218530109186299e-5
7.02092357240161e-9
3.7319118297179515e-7
7.374439911890819e-6
2.1069825224408576e-6
4.8638617574137874e-8
2.3102395352012003e-7
1.4651333147987688e-5
1.1916911253406482e-7
1.0184922903784166e-5
4.510992352261559e-5
6.599223569989746e-7
4.062467067349015e-5
6.263002477991177e-5
3.2402180709470066e-6
1.927825879087113e-5
4.830172484733196e-6
1.8132577785826686e-7
1.223273610086042e-5
4.743258031377051e-5
3.118965130898746e-5
6.827410051608017e-7
5.616155856481259e-5
4.192686612563366e-9
1.9229601714047388e-7
4.2185173779187116e-5
1.4575303118699817e-5
3.0781696722557413e-52
6.978830137597705e-6
7.64127804293713e-6
4.627662998461014e-36
1.565536958148612e-5
1.3914114925433905e-5
5.181346316766497e-5
1.9012745190296408e-6
8.580236104267016e-6
1.0725912745492089e-5
4.130207723322283e-51
1.928481724718165e-6
2.5748102424729795e-5
2.998923723360347e-7
4.727005721573131e-8
6.782342946581776e-5
1.929883125134007e-5
1.6821683134982175e-7
1.5050609505897828e-5
1.3033159638967153e-6
1.6479650765054833e-5
1.6123785866729407e-49
6.700870452662441e-6
4.609165271292048e-52
5.2424674609487806e-6
5.57095321785528e-8
4.000108864170795e-5
4.895021654713679e-6
7.859410141855255e-8
1.7560879507955666e-5
2.4585923805734826e-52
1.5460103384540255e-6
3.7021038152643985e-7
1.7758311505224595e-37
4.9646439455562776e-18
5.757549449487702e-6
7.61587381440075e-6
1.5756257278129385e-7
5.670815113669277e-34
2.43803848323424e-5
2.8808124497771287e-5
3.378954059034946e-5
4.067297037933926e-5
1.5097428066974933e-5
3.772199378625645e-5
3.0577227072619384e-5
3.107924862001785e-8
1.3054189771734586e-5
1.6510652948643644e-21
1.2757416194729757e-5
2.8880107692333984e-5
1.5085933460675171e-5
1.40984178751014e-7
8.427686666942877e-5
5.791944124795686e-18
2.1525479892995045e-6
9.554293652866364e-6
1.2432448540411309e-5
5.2373509488729195e-5
5.87037898064852e-9
1.5227269254062746e-5
1.900130161492471e-5
1.1423554860999801e-6
6.780633859933548e-5
0.00043014071894827014
1.1595722415572165e-5
3.776985954841135e-6
8.985719726317382e-5
5.647991565916836e-5
9.859299326406488e-53
5.7818649206825086e-5
8.289059446498462e-5
4.3474400320202224e-5
1.0254822221214722e-5
1.3810882489900766e-5
7.324925841674517e-6
1.2667076957558196e-7
4.939961293666082e-52
4.756528957419253e-6
3.108727494668436e-5
1.1105098201762473e-5
4.297050274091059e-7
1.0874145839715695e-5
0.00011240023444398181
0.00014802662205183308
1.2659404885338405e-5
7.854555388628593e-5
1.490386684083018e-20
2.7828064382452706e-5
1.8268687344927084e-5
1.9926596988725167e-5
2.9078987381154708e-5
8.961733818267134e-6
1.1302814743877102e-5
2.807244352624019e-9
8.446768315266845e-7
1.856317955844034e-5
3.1081091893671325e-5
2.5445232446544724e-5
1.1015110137556534e-5
7.36370694272538e-52
2.4026555297372283e-5
4.2204670495009236e-5
5.732338695001393e-6
2.1275360073543897e-5
1.1385530744652509e-6
1.2317884123690403e-5
3.195696022741525e-37
1.9363880672551497e-5
2.9365231071406255e-6
3.109654113087836e-5
3.9236338296201355e-6
1.2820292553713539e-51
4.587547779998691e-7
7.349117940683603e-7
9.676605381417555e-8
2.0850375491225666e-9
6.893171691786442e-5
8.742187557069196e-5
1.3489083940829405e-6
7.4359984979635605e-6
6.118855038264305e-6
4.215302655488275e-5
0.0006057553281117369
2.8377423147120514e-6
1.0920136403322404e-5
8.687295047035565e-50
1.5952038026798005e-5
7.717719094645361e-7
5.556027699564066e-5
1.6359588589040707e-5
2.5190404564385455e-36
4.617658588680236e-5
1.1138074584024526e-51
9.12257074849559e-6
1.1926896762979381e-5
1.6709253188935193e-32
3.870669915156144e-5
0.00040645863930721573
3.360973047081981e-6
1.0641635349981322e-6
2.6676128720550257e-5
1.6050230032989606e-7
2.8577398843376944e-8
2.350788477692171e-6
2.1532457385879482e-8
1.5520077122575474e-5
1.1718817210561408e-5
1.772159178010454e-5
4.357867344710291e-6
8.620478131088755e-6
1.5113225563256552e-37
1.0335705202952396e-5
3.717451069051058e-5
2.426489386969156e-5
2.4586447940776778e-5
3.560155249135891e-5
2.4577470979973036e-6
4.143496171053516e-6
3.6000333889660246e-7
4.037321701941655e-5
1.4417181505356419e-7
1.5712125788335678e-5
1.7878354676909134e-6
2.6151881705544367e-9
2.5290649226185378e-9
3.6349153760008557e-7
9.713440477581902e-8
3.132488397682313e-7
1.076494932866549e-5
3.3896118861149895e-5
1.3588213387974287e-5
4.0536958393495214e-5
5.255689390337627e-5
9.700125731217028e-6
2.8286864804076297e-6
1.4576057895996244e-5
3.9092248771282794e-5
8.108437491529043e-6
1.087551099171683e-6
7.39736948159583e-36
9.667796572221366e-6
8.410522502223727e-20
2.868819966869858e-6
6.412828580996261e-8
3.4955788211359826e-9
1.1287124062234686e-7
3.10434627857783e-5
3.854510234986003e-5
5.6645551958645065e-6
1.9694930410623345e-51
2.7218482573856677e-9
1.4226968633414982e-5
1.066808567212414e-5
9.442683393954255e-6
7.150635059954245e-6
1.403359433463279e-8
9.348822354967516e-19
1.3367480740428071e-49
5.278580840548971e-5
5.9279488318695395e-5
2.0263110202027353e-34
4.483876201477156e-22
3.5845734575014504e-5
1.0039477748499763e-5
3.362975651556716e-5
1.1336224276422363e-52
1.0282373385172813e-5
1.8894444571479852e-6
3.905543288889896e-8
8.820246307525367e-6
1.4569919192582067e-51
2.2775857515815732e-5
2.9107797689022824e-6
4.852386911707222e-5
3.7834473306603495e-48
9.079418852315623e-6
2.5988888060209408e-5
8.271267276695987e-52
3.1699424526845985e-5
1.0288975474209723e-6
4.302754958862864e-37
1.0784992436364919e-5
5.723514418434392e-6
5.958019245668551e-8
7.656191108369764e-37
4.613549483097613e-5
2.6802266489677722e-5
5.993899257870933e-6
1.213883748608332e-36
1.8827681505243695e-5
1.7819983622024392e-52
5.20473566124231e-6
3.587298016142354e-5
1.4112739880127347e-5
8.436975767716873e-6
3.3810700592168694e-5
3.002535252402452e-8
3.363427571111818e-7
4.1244629581874186e-7
4.353122236518575e-5
7.284486416771086e-5
1.8227516144868505e-34
1.280312053725212e-9
4.897906393711393e-35
9.218413049004764e-7
1.0264791810708445e-5
2.3728002625279186e-5
4.66033957997815e-8
7.301013831581929e-6
2.3677687542341064e-5
1.5770011043367423e-5
2.0213215485404433e-6
3.3337073982866502e-6
5.032173617351524e-9
4.083330339607344e-7
9.587538469374939e-6
2.255919664899889e-7
4.863653264255263e-5
4.9766277617704464e-5
1.4157826346920122e-5
1.1501107029769921e-5
2.7411478110337503e-5
4.646501554249153e-5
2.479043222811719e-5
8.244312594034292e-22
1.301820728662334e-5
2.184995562251748e-5
1.7354744810228135e-5
4.232279540426856e-6
4.106287516547374e-6
1.720557250822939e-7
4.575498410481072e-5
1.3669213290194113e-5
4.1912167073826224e-5
6.199886333259561e-5
2.0027445009597348e-5
1.407968112920479e-9
1.8613054586412878e-6
2.4559457632342323e-6
1.4613467334007253e-33
1.4953047576975915e-5
6.621980698803288e-18
6.776429000355884e-5
6.783088361527698e-7
4.1854492960532986e-5
1.0593117910798943e-6
3.6294933498702676e-5
0.0002871521133650926
5.935718466465607e-5
4.7966204033115716e-36
9.928451507146418e-6
6.128532781498315e-5
7.770877161898837e-8
1.2512401988364385e-7
1.3902512049467479e-7
4.5602243766459634e-20
4.225035252415316e-7
1.1299036240066679e-9
1.4167756071569147e-5
5.666152849428719e-5
1.7460115919624948e-5
6.55819610653358e-6
1.3131918526596414e-33
3.0328893419185097e-49
1.7979418938001882e-5
0.00043883026262727195
7.827317048984876e-6
1.0193491735357029e-5
2.644530861194585e-9
1.2321809652130084e-5
8.089297112668295e-5
8.472046937971093e-6
7.314019992844203e-7
9.516433139020966e-6
6.550735451712785e-8
0.0001274519079607773
2.2437549821500302e-5
2.7645234287826315e-7
8.775997222835746e-6
6.169531837722156e-6
8.670414871386372e-6
2.97507069257358e-6
1.6423642028645124e-5
5.852648207142985e-6
2.7259676094587566e-49
1.8500488357553975e-21
6.7823551658025895e-6
4.4411213806507053e-35
1.0490834241249638e-5
1.1498991715341147e-5
8.397616898029912e-6
9.219817133687246e-7
5.491546339946785e-52
0.00038398247799616196
5.606055566994766e-6
1.4435089152951882e-9
4.536811663170442e-6
1.8193644174409162e-8
5.512778648083517e-6
2.055214292017797e-5
7.962434485727412e-37
0.0003382902411154436
2.764071954654965e-5
5.224009353068016e-6
0.0008628968330578054
8.678464458933559e-7
1.966669987042499e-5
1.3125620070809236e-7
1.1130098696104986e-5
1.3512104876848401e-20
3.914542925751202e-5
6.9804035916594415e-6
2.563275522083284e-5
5.2611644243046365e-6
3.316251663792495e-5
2.498619990046033e-5
8.237666181877724e-6
9.838542181522102e-48
6.368177551080374e-6
1.3016830790339695e-5
6.507911088307227e-6
2.6658181686654317e-33
2.274654795095711e-5
1.865344693120886e-7
6.052463156955192e-5
3.205290823297084e-5
1.5118142161911585e-5
2.004297977474587e-5
1.984316986930201e-5
4.081576799744975e-7
0.0002590775095909456
2.9675947223747395e-5
5.200333298687564e-5
9.45330951167249e-6
1.2923114256456348e-5
2.3473736067854315e-52
6.218251678568829e-6
2.84088868271659e-7
7.523510154401595e-5
1.7339243584904283e-5
2.494824724248e-6
5.9724117134046684e-5
2.6794722679270736e-5
1.9742751356928276e-7
0.00014798496889566757
1.1222463639191474e-5
6.432294964648198e-7
3.394223004317603e-5
0.0001077124983986798
5.341775103808609e-5
2.1752974259467985e-9
1.0306223468540287e-5
1.6667174492092933e-5
5.9858708355824975e-9
3.335675578713407e-7
1.252281400435224e-5
7.98058001092198e-5
1.0141458814665629e-21
1.4768281800437717e-35
0.0003573586375870542
1.0164405203828226e-7
2.778885301952515e-5
5.390980232209948e-8
8.298128056965406e-6
2.4370460172447296e-5
1.933476602272009e-8
1.110060031016158e-6
2.383196890648393e-5
0.00042441809811002756
1.5473191872157616e-8
6.378317005710062e-6
0.00017249611203071078
1.7838935811474543e-5
3.421148385173372e-5
1.6873320476125646e-19
5.46969478060783e-6
4.7482408987378864e-6
6.793997213206447e-7
1.194731417640966e-6
4.7479373843851545e-7
3.98954947726025e-6
1.8738621224620135e-6
8.836035436563579e-10
1.8501467163092323e-5
8.18343988294732e-6
1.6928892395729742e-5
7.698692909184821e-7
4.197937155285848e-8
4.621384792209314e-52
8.394402414834092e-6
2.014425179742384e-8
1.747725551932421e-5
3.0266180964130475e-6
2.1706066556736046e-5
1.487399509710503e-5
9.126593063101382e-5
5.365030502769126e-6
1.2527357025724093e-7
2.5134019141297122e-5
1.409295703818087e-9
1.1610873748300585e-5
3.711348589698669e-6
2.586844120644948e-5
9.408791633973103e-36
9.954484404968885e-6
1.6907984546005913e-5
6.2328667444442776e-52
8.978449590839888e-5
1.2175616455833018e-5
3.808555837708795e-6
3.505050016782769e-5
3.7239635966671143e-20
1.0434064897528e-5
6.773467517472714e-6
2.3654839224858624e-5
6.680860956305047e-22
4.094665521915837e-6
4.256267271598273e-8
3.3430678851961585e-9
7.789405480754172e-6
0.00017546707537103727
1.6159028373893972e-5
4.1284430452398694e-5
4.538870742844313e-22
2.0682512929841568e-5
7.599525961832268e-9
2.5323251714226633e-6
1.7649558154798012e-5
5.86910743141223e-5
6.577686286230509e-16
9.267947044665288e-10
8.962674950479253e-7
3.199991753272407e-9
8.433835683548667e-5
4.9548310334265e-22
1.425573668505615e-7
3.230406017541375e-5
1.0670624877871179e-5
3.059811926995065e-5
6.058600951886999e-6
0.00011603527091249808
9.862666451341486e-21
6.412832464044773e-6
1.0158567587169174e-8
1.89309868463291e-33
8.121782986500712e-7
5.610976576255476e-7
1.58783455155456e-6
1.3400067008670945e-6
2.0359647790387434e-7
1.5064438612359286e-5
1.7819132857048618e-5
1.2167851036271044e-5
7.264830355855024e-6
1.7663336551819488e-5
6.055186850798594e-6
9.537297422251944e-5
8.217478846931292e-6
1.403997266409833e-49
2.2381119386814557e-5
6.627063137087018e-9
3.318762682887824e-5
4.724859755249395e-6
1.2089868401431663e-5
1.4637382418605091e-5
2.5371365637985135e-5
6.126503489783335e-7
1.4260966010057623e-8
2.2915196360581905e-5
5.979836856192965e-37
3.996040644099353e-5
3.117016154432151e-5
1.9212485158618626e-6
0.00018885129363463505
1.4176141450125633e-5
5.58132369471492e-9
1.5150977158689962e-5
3.11961482031735e-5
3.1495893039616895e-7
1.0689636406480483e-21
8.674493978332121e-5
1.1546793196168328e-5
2.567833739011571e-5
4.051414684294951e-6
6.349603150649975e-6
3.8901544902086274e-5
3.694631050198188e-5
2.0176596591568358e-5
1.1091756214833306e-6
5.608601766690589e-21
1.1807008861533686e-5
1.5457660716795547e-5
3.54061714651489e-9
8.416610542336494e-6
2.867165223174244e-5
9.23559813083574e-6
3.533165552462444e-5
1.1757304197646288e-5
2.5397318091766222e-5
4.362741905309873e-5
4.733085440110842e-6
4.827115621905208e-6
4.0505397390113537e-10
1.0956138039604427e-5
4.85077539505634e-7
1.8196619158072584e-5
1.127808948342853e-6
1.0013557473200343e-9
1.7923338491606414e-7
2.138487203342323e-5
3.323767114063111e-6
1.011320285038991e-5
2.0356369253600784e-9
4.307510549538994e-6
4.507171699110166e-6
2.4910780743375783e-36
8.48983653608861e-8
8.773715680835416e-35
0.00014847978578424916
1.8185517423593425e-34
3.689814321494845e-6
2.178944606616517e-5
1.1467798756816446e-6
5.989928060332393e-7
1.564022943978298e-5
0.0001125545609658165
2.3282656050933666e-5
2.5122663985419243e-9
5.5287953481291335e-6
1.845433522385864e-7
8.130048157918091e-7
5.6660318028152874e-5
1.3182740866552075e-6
1.6703892496955273e-5
1.5640432908282887e-5
6.708860608000863e-6
4.999806730083987e-6
1.0654501645125492e-5
0.0001762563518339021
2.371846481455558e-5
3.426678545548545e-5
1.7352416103637473e-5
1.2502306442927156e-36
1.9592428557513493e-5
9.76175771541317e-50
2.902078801410629e-5
1.7813653937019776e-5
3.917283817672904e-5
1.0315459458828717e-5
6.42670725674376e-7
6.978563581475681e-7
1.5386891829802785e-5
2.2512973935939503e-5
2.7286799522636528e-5
0.0002417463943748521
1.3085990797811474e-5
4.2585465783526625e-7
4.278925031141991e-6
4.803148783642339e-8
2.1903564922828962e-7
1.8760084039679702e-5
1.1155828508896454e-5
2.803012644209574e-6
4.425789985747643e-5
3.263122174021515e-5
1.6510299889604486e-36
3.765020211470427e-51
3.426854181125689e-5
1.6258011262692953e-5
6.92223151478722e-6
2.233910443020781e-9
8.927185877927642e-5
4.527801441809772e-6
1.0596533446201413e-8
4.002271570639523e-18
2.802001248777059e-6
1.412662252025311e-5
2.4032846844265715e-5
1.5218213703574806e-5
3.5704794185829163e-5
3.7358056492220722e-31
4.6122649632380214e-5
6.373104827491328e-7
1.0996744665807329e-5
1.0437118382986831e-19
4.5071428107387404e-7
8.536663983488673e-51
1.9868288225075717e-5
1.6985639176664075e-5
5.209797759856836e-5
2.0353869350375196e-5
1.7021638615346157e-5
2.7043298684677572e-5
1.882245385523523e-5
5.573927555172595e-6
1.2740732045031126e-6
6.8547982657399405e-37
1.523614078256646e-9
9.440093829655374e-5
4.20692023210714e-52
1.2366176542622143e-5
8.334053998416336e-7
1.5206182029443254e-5
6.59503049751518e-6
2.3498754407454463e-5
1.0068099286849033e-6
0.00016314844193529742
5.475593680743106e-6
1.9934471607494038e-21
6.893571329113848e-8
3.9741269894504695e-19
1.846196371846207e-5
1.096962616523055e-5
7.811508107366102e-5
8.671611543346783e-7
1.2252361913890982e-7
9.774398440735217e-5
6.789207056511275e-7
6.415084345598947e-5
3.703432663197782e-5
1.0111076852375128e-5
1.4103467969704144e-8
9.0417550924489e-7
4.250891245323546e-22
5.107149204544298e-6
6.3787103905844835e-6
2.449152121723614e-7
2.2766059381565828e-51
2.1814056644570013e-9
4.935108126866099e-22
4.9863026646667085e-6
7.533065547924e-6
6.145752755028529e-7
1.9654080511960666e-5
9.210930944940716e-7
7.149708362115617e-5
1.678648878237785e-5
1.8747861991957656e-50
6.334607879976826e-5
2.83586860632918e-5
5.919537261305679e-9
7.273719954350672e-5
6.633631187609412e-6
1.8621530166542795e-5
1.694272038468235e-34
8.146677729982523e-6
1.1226134281232823e-6
2.6957350525531516e-5
2.8259901376828394e-36
7.650110529557381e-6
2.411398503098525e-5
5.451035661202371e-6
7.535574883534709e-37
4.379452572851757e-48
1.5583981191769445e-5
1.0857683498465126e-5
0.0012127272054182486
5.682233864715907e-5
1.3022949857125417e-5
1.5095099263099866e-5
1.020577053142142e-5
1.105578549064644e-5
5.132244981429904e-6
2.169313849472701e-5
2.4352972966956726e-52
4.371010775469704e-51
4.999632816753229e-5
4.826746135045551e-21
4.7102927670686495e-5
1.2639014860973985e-5
2.6592085721484107e-8
1.9770106833142094e-5
1.2354221136836408e-8
1.590924710530578e-5
1.8098940727405735e-5
0.00020776568982330666
7.45416030299169e-6
7.914958372880491e-6
7.56876074563514e-6
1.2769084815754042e-5
2.9082957982459925e-7
8.959225205852318e-10
1.0142205205158938e-5
1.179910208954213e-5
6.30888066081463e-6
1.7474513131291445e-33
1.3709812187840732e-5
4.092408847740374e-9
1.5188679886601964e-5
7.024982577346774e-6
3.0722447749457114e-5
7.37260265381726e-6
2.2358056820435684e-5
8.18831838707726e-6
2.3327722418101796e-5
3.6538273869784505e-5
1.516847336869425e-5
4.208475685940217e-5
1.4134147650717211e-5
2.672138660180198e-5
2.7100456844215586e-5
3.340857869161345e-5
2.1402967386052533e-7
1.603616912150063e-5
5.636644767268361e-6
1.3951255179712872e-8
1.6014081891319476e-5
2.1646964307567258e-7
1.4519311549036166e-6
2.624161953791628e-5
0.00010833219493426683
5.118209912109755e-33
4.8645419961309435e-51
9.831764694570465e-6
1.5322503305362012e-6
5.178607256549889e-36
5.034181643607956e-8
2.677752975571412e-7
3.754066709068108e-5
2.9526923979309915e-5
4.843371728584236e-6
1.2759317223685552e-7
1.470997385701189e-5
6.4533075430089375e-6
1.710016045334195e-5
2.5621552991902086e-50
5.400468801187225e-6
2.608546905641344e-5
1.9892652116390034e-5
1.2461531927735396e-5
1.989435231055468e-36
2.754473869405977e-8
