9.054633224563225e-6
3.577295652574171e-5
7.685731357775705e-6
2.1141783645417755e-5
1.1826441887343479e-5
8.60807990735685e-6
1.2133563335580145e-5
9.36939020020185e-6
1.1781429079552938e-5
7.629558234200638e-6
1.2036559616442705e-5
1.1904747969101755e-5
2.6092554447314863e-5
9.200385328728042e-6
1.3431419026163684e-5
2.217188617127891e-5
7.953873724275028e-6
1.2062209284496674e-5
0.00020339072049286683
2.6293124117554353e-5
1.4867569360611541e-5
1.7563616341175967e-5
0.0001661021999153164
1.1741835359171242e-5
2.6717588388648884e-5
8.517497383857855e-6
2.0552618408539128e-5
2.0731581012759645e-5
2.49933988385772e-5
2.7727868479594265e-5
4.9572836329846264e-5
1.4632903883900097e-5
5.778851421759896e-6
1.6066896849914387e-5
2.0443757091923012e-5
1.2366840094072285e-5
3.15912177691114e-5
0.00017440350105308227
1.4058578525329178e-5
1.3003541812643134e-5
1.4416868883933207e-5
1.2571139528918257e-5
1.400783943195333e-5
1.6353314856835144e-5
2.007770145289072e-5
1.2116050108152583e-5
1.800322668780732e-5
3.786405437279334e-5
1.4173344513699879e-5
1.4669697886207011e-5
1.4569232642536121e-5
2.6366602445471396e-5
1.397723386037252e-5
4.462668997860887e-5
7.314722461137199e-6
6.403874928332633e-5
1.301139053261844e-5
2.6104508447358885e-5
1.2397194808483398e-5
1.211341782802642e-5
8.089201088837232e-6
0.0002407777980675468
1.3560719398836696e-5
2.9510099070451485e-5
4.6906994827933615e-5
1.2420148520802844e-5
1.0608853310513455e-5
6.728986413988524e-5
2.4678799824098533e-5
2.252663402719801e-5
0.0003691081452509413
1.5227849690847598e-5
1.1565615436203014e-5
3.5824932083380315e-5
5.661725388842093e-5
1.1832905121048518e-5
1.5997328069720268e-5
8.529406537915458e-5
2.471706468015456e-5
9.584194941438656e-6
1.031356657097448e-5
2.703472965891277e-5
2.294893136350313e-5
1.544537562533982e-5
3.297601921176554e-5
3.165315535820063e-5
1.832688158616986e-5
3.4525659965709224e-5
1.0417938999510075e-5
2.5846427760174842e-5
9.780266106329258e-6
2.126822224050515e-5
2.6447395329393844e-5
1.2731652985709753e-5
0.0002244496434040605
1.9473957186628236e-5
0.00021423165754636174
4.952205748410319e-5
1.5355018251219632e-5
9.678465677812073e-5
1.4465541728103666e-5
1.1376408802583398e-5
1.2522488782383411e-5
2.2765022262897153e-5
1.3742003954584364e-5
4.399753895513134e-5
2.937926427062413e-5
0.0012569851989478321
3.318710219269749e-5
1.88294878595754e-5
1.0041470100808583e-5
1.1852605500979044e-5
4.1345332603793165e-5
1.233309468759191e-5
4.9897473171409315e-5
1.6680719267308317e-5
9.650510816681305e-6
9.680798273316483e-6
3.509851976593586e-5
5.749983781459683e-6
1.00590261875492e-5
1.0573052475311682e-5
1.0490065525973342e-5
4.729772463281624e-5
1.110128922005664e-5
1.8280111961144804e-5
1.0892129128035204e-5
5.4325355297947936e-5
1.151171864204003e-5
2.0611777902014834e-5
2.7304322227644044e-5
2.5976671276753706e-5
1.061901826730143e-5
1.2957576016595265e-5
1.2616536540087223e-5
1.0530844664348936e-5
1.0709667635043125e-5
1.5639038829299053e-5
1.1112566627234141e-5
1.3436782209164789e-5
1.6263994847628258e-5
3.5852022086500545e-5
3.614397764457026e-5
1.4805403879841566e-5
1.0152064611462548e-5
4.2677681761654216e-5
1.5240692818979387e-5
1.4855697455604209e-5
2.6616699632820022e-5
2.8067249361115457e-5
1.0413517372491007e-5
2.65229014330831e-5
1.5419177332290005e-5
1.2834715152135373e-5
2.4513101799658107e-5
1.5288186032673814e-5
2.0096822757797048e-5
3.405777494670706e-5
9.363857002917814e-6
2.5984157213379092e-5
1.2944302819051376e-5
2.0426858208648377e-5
3.2936790174869504e-5
1.6247952180055575e-5
3.0385589247525337e-5
2.057521020265473e-5
4.770391218019108e-5
2.2956225444057098e-5
1.8717853747979326e-5
4.521413118314662e-5
1.2399711100876116e-5
2.3293797004834406e-5
1.26591743649518e-5
5.0169941125696235e-5
1.0950233804976527e-5
1.0755377375953198e-5
7.649152849633149e-6
3.194112374994933e-5
1.7454803662149422e-5
3.28193331543458e-5
4.939352417526695e-5
2.8822069534961996e-5
4.316023267579643e-5
2.575100995715668e-5
1.6681672682182294e-5
3.654526327361562e-5
1.1548201916783854e-5
3.3208063156557185e-5
1.1733780063460255e-5
4.7129686569844247e-5
2.869635106752523e-5
2.3022365160491753e-5
1.7091726009180084e-5
1.4298020406897137e-5
2.0183861633024708e-5
1.637734765666841e-5
1.7692191255157334e-5
5.3684374804203505e-5
7.865811311880164e-5
1.732173546139176e-5
1.4895794310609595e-5
1.9074789722439943e-5
4.744457323682617e-5
0.0012397908740551372
2.149610944549392e-5
3.0315985089692862e-5
3.0449429229842004e-5
3.3685308836305535e-5
2.6105417987347725e-5
2.848412906751285e-5
9.26194151271656e-6
4.8828530137220724e-5
1.2680333006779665e-5
1.0505480788613346e-5
2.1995763462097353e-5
1.4220879328142518e-5
2.485970586895947e-5
8.69280231361212e-6
2.106462246840866e-5
1.8993712409972237e-5
2.4246677746169582e-5
2.956730171136657e-5
8.88608823796028e-6
2.4651765748515332e-5
1.1899215175730343e-5
1.6415438552768337e-5
1.742670757098509e-5
3.866308060722767e-5
2.2442330106736074e-5
2.8785489138800478e-5
1.13915390202504e-5
6.132524402984252e-5
1.4572533933225407e-5
1.2843266642272353e-5
9.49675475017564e-6
2.1686390658030033e-5
0.00017108934754758476
1.1702190580858138e-5
5.2333260681649086e-5
2.0679565451956247e-5
4.233290237236597e-5
1.3912069489647345e-5
1.031065689239866e-5
2.043754191271685e-5
1.9906997659506056e-5
1.2041127885458788e-5
1.660272971232021e-5
1.1671305623829093e-5
1.9585847130563088e-5
4.299878161894351e-5
1.6678266009739886e-5
2.837317391535716e-5
2.231194967466709e-5
9.622765845333272e-6
1.3714423305005023e-5
1.3397178869853859e-5
1.4653895107625395e-5
3.3829230952336924e-5
1.1034786026383992e-5
1.9979530376835617e-5
2.0300111244779422e-5
2.4287047630925652e-5
8.317163895128975e-6
5.185388741970836e-5
2.4692011468170892e-5
1.5469141719326863e-5
2.1035558176548504e-5
3.246518760034308e-5
1.302627747711697e-5
1.957305395308879e-5
2.0635303962545673e-5
5.616070885060647e-5
1.0354078584244876e-5
1.2472510338446756e-5
2.2505245186606314e-5
1.3480794690162969e-5
5.380691090837056e-5
8.351451513852975e-6
9.679152398645783e-6
1.2936840031987781e-5
3.617465372196128e-5
1.5276972086948325e-5
1.1724261132135755e-5
7.295770496306793e-6
2.5731157090068572e-5
1.129837160125163e-5
2.3253114141139946e-5
1.731811934143728e-5
4.7325750334447615e-5
9.944494144727447e-6
1.7152065307523798e-5
4.17656275554524e-5
2.315407276000781e-5
1.1149580058934919e-5
1.1174335664902029e-5
1.0009433288401515e-5
1.828177931435167e-5
2.7692299025400725e-5
1.1028057063643414e-5
2.884799017305467e-5
1.7115666981419278e-5
2.8132254514359364e-5
1.5099637250894859e-5
1.1526733972028598e-5
1.373943902081717e-5
1.6403484013858732e-5
9.680002167236435e-5
1.593600306696006e-5
3.366380140645309e-5
1.30630393803715e-5
1.5399642639140195e-5
1.654210958903814e-5
2.7450561995373615e-5
3.465870482903742e-5
1.4754313624198909e-5
2.7298208614931585e-5
1.7650534883463502e-5
6.870093667297475e-5
3.725444006509316e-5
1.4864987878529815e-5
1.685964690043068e-5
1.1238697669444075e-5
1.3442269005402292e-5
2.7104945619773586e-5
0.0001297214543864115
2.1675351966839993e-5
1.2945825996632705e-5
5.297052513060444e-5
1.3301515810360806e-5
1.726460606588428e-5
2.2987663512366895e-5
2.8205767312860577e-5
2.6886663629263104e-5
8.01339843736866e-6
3.5368001804724526e-5
1.1074775610915674e-5
3.0204014059863555e-5
1.4193019302892392e-5
2.3437368875083222e-5
0.00010646708243347827
2.9877372983392583e-5
1.428664332009183e-5
1.00664348825552e-5
8.83882231349252e-6
1.7493048791529356e-5
6.832461519666426e-5
1.5541666195213496e-5
3.2023822925339825e-5
2.1495998891083428e-5
1.84146904922793e-5
4.577481527398728e-5
3.343515694692832e-5
9.483023764015968e-6
1.5057510745673229e-5
1.4543229933418152e-5
1.751366428736372e-5
0.00010718446087211247
1.492787065750001e-5
2.3095696837403896e-5
1.867922921584182e-5
8.745691724012703e-5
1.453159268408437e-5
7.411516986294796e-6
3.9691878078491635e-5
1.291061625174421e-5
2.0550291317971433e-5
2.053106107998238e-5
2.704685479577412e-5
3.827580099331508e-5
1.3492144526316872e-5
1.7118126238698647e-5
1.3319234170991945e-5
2.1985177858496052e-5
1.8726012891697404e-5
9.258661723676742e-6
4.1430901213550267e-5
3.381083489442844e-5
1.7419158333386767e-5
2.9994832257043868e-5
5.489121612933931e-6
3.470813162004978e-5
2.234099677968384e-5
1.3961524636016842e-5
2.1031052879262237e-5
2.8455057527368524e-5
1.4988902459328202e-5
2.6628680063166852e-5
1.2196186921110595e-5
2.3516236225151463e-5
1.4172038203226809e-5
0.00015427215709033396
1.4255440015463334e-5
1.6513187479888496e-5
3.389246220821505e-5
2.1713964514984987e-5
1.4936617808572718e-5
3.6612238514712844e-5
7.863724294791348e-5
1.0865577746516847e-5
2.7215641478339898e-5
2.3721605411785905e-5
2.6518109899036654e-5
3.309086162653431e-5
2.0065008665752555e-5
1.309522676087445e-5
1.6710072101075694e-5
8.98530241228023e-6
4.408472642041245e-5
6.279204953687163e-5
9.174231262438716e-6
2.628394915396647e-5
1.2221664051334473e-5
3.051888740910603e-5
5.4485147028300455e-6
1.330172735409011e-5
1.5935017497316864e-5
1.2446969167511729e-5
6.810424141345833e-5
3.822190731032762e-5
5.781184422181717e-6
7.440909097358398e-6
1.0114138171797725e-5
3.944361981868401e-5
1.3559746169557049e-5
5.37188805886433e-6
1.2490814044316471e-5
8.268689185574536e-5
4.2613324540941505e-5
2.064958617787594e-5
3.9987361480692596e-5
1.88628479045348e-5
1.917329746456491e-5
6.62413500433644e-5
1.0847508984440752e-5
2.117303366271525e-5
2.1275364554742512e-5
2.5976135600497265e-5
7.316465817977891e-5
4.3053553554160615e-5
1.6139545171446783e-5
1.0181388367442272e-5
2.2860462119258033e-5
1.2845629367172352e-5
1.0497352408739073e-5
3.395166779232105e-5
0.00011598270703492512
0.00014177941440379708
3.398358302950325e-5
1.855420958547411e-5
0.0013937276708639527
1.5920036765379325e-5
4.0528999979182354e-5
1.843360162327254e-5
2.9288672690226383e-5
1.934863659869669e-5
1.4678455196102443e-5
1.2193083545460036e-5
1.7340053880703237e-5
3.431774104926626e-5
8.391221344531828e-6
3.547341735930262e-5
4.9668030578266454e-5
1.34510504304942e-5
3.523001373542536e-5
7.466072937979093e-6
6.955522603582675e-6
1.972909550870993e-5
1.3045328935784253e-5
1.5546188728782263e-5
0.0008171321279503932
1.3228581873260877e-5
2.0521368264228366e-5
1.9464496113449793e-5
1.0314920803242192e-5
4.2189895885059855e-5
9.052389393947898e-6
1.012419346883551e-5
8.208025043388948e-6
9.29284529372648e-6
1.2898913249442451e-5
1.696381735446974e-5
0.000338680037493597
3.941384132318116e-5
2.0281845814459224e-5
1.9971840453944364e-5
5.525759504643333e-5
1.862122092952364e-5
9.67643098454423e-5
2.427033454322965e-5
3.7957403258257484e-5
3.080789187770713e-5
1.4780627748681339e-5
1.0493942161133769e-5
2.675430804540625e-5
1.642596887125124e-5
4.860101753761149e-5
1.9059991230462428e-5
1.6061843017735837e-5
1.7383952714678876e-5
6.363333900712226e-6
0.00018758180760562436
5.231370685014183e-5
2.605080200543918e-5
1.495112044418922e-5
9.564858866273013e-6
9.717431321974416e-6
1.5405403463285983e-5
1.4575306829552158e-5
1.380808768853568e-5
1.3536999774545047e-5
1.7696331376030767e-5
1.1432901824093362e-5
2.6648306534056547e-5
3.287456998969351e-5
4.910174735761321e-6
1.1909467045777731e-5
1.665846204929083e-5
6.118027668141798e-5
2.4000708387276732e-5
1.0344201018460036e-5
1.540751542091626e-5
2.5219087797142004e-5
1.7622799226610794e-5
1.7489473712379722e-5
1.0577993055678112e-5
4.086993975295366e-5
3.705453414292442e-5
2.5423472001890037e-5
3.008339283614475e-5
3.911662688240545e-5
3.329769652836991e-5
1.428635054668126e-5
2.067927960624335e-5
2.5220448342504814e-5
2.507733346681055e-5
2.2549899106284383e-5
8.006679565512442e-5
1.4236708888019825e-5
1.7352215260921744e-5
1.5882778766532477e-5
2.6607299454035832e-5
1.0413130217117522e-5
3.0181051101691917e-5
2.817762212007364e-5
3.894571320021129e-5
2.0563225277557923e-5
4.6913353502829436e-5
1.0070457757289526e-5
1.3489553521705067e-5
1.9058224161307053e-5
1.2130133743510088e-5
1.73839467516586e-5
1.3889529798850267e-5
1.6582628940525956e-5
2.2726221672497204e-5
4.018834100875892e-5
1.171660481672051e-5
2.8806795277140513e-5
1.805441912331619e-5
2.5565110511644977e-5
1.853641217369669e-5
1.1153062329541408e-5
1.3504882199544261e-5
0.00020883606487452782
1.9196538810880455e-5
1.1096278872548721e-5
1.4550022527663096e-5
0.00012181805580561878
2.5463358834382736e-5
1.5516075221969887e-5
9.207776284964055e-6
1.9701844965457866e-5
8.006898312025024e-6
0.0002456232993286007
7.449459767419295e-6
0.0002515385312254238
1.8856316807649095e-5
5.1158645205267645e-5
3.32772232505193e-5
1.2378623778693838e-5
9.884866349221608e-5
7.552696876622002e-5
3.250657803632873e-5
2.2947442584655525e-5
2.9622772806062926e-5
2.147080047689408e-5
3.934836634511761e-5
1.1621269645636123e-5
1.3488056824867708e-5
2.0577242274687335e-5
3.174453701015082e-5
0.00011627117079705524
2.145445179971509e-5
1.3774506534324526e-5
1.0171876152010861e-5
1.2925816869319619e-5
0.0003123051393930703
4.283295745781132e-5
9.837549781542226e-6
3.9000484379056856e-5
1.790231630569304e-5
2.8194127957937084e-5
3.428972274700184e-5
1.6192991249962317e-5
3.117467474017511e-5
1.7400742841443325e-5
4.273827024231136e-5
3.965339572326086e-5
1.4430441931994916e-5
9.432821046196567e-6
1.7933767118933134e-5
1.8215862081754846e-5
3.418012511567503e-5
0.00012634887581641465
5.287218641248361e-5
1.3537963187647825e-5
1.893496444811617e-5
1.0824476079004862e-5
2.01360217426247e-5
5.174458291364454e-5
2.535704482361613e-5
1.588860977102264e-5
3.063001522995843e-5
2.0518709243710968e-5
2.9436187252363227e-5
3.1286250478493786e-5
2.4301319050977373e-5
5.8485822415422256e-5
1.1785861613449623e-5
1.233976693060597e-5
3.843478393205633e-5
9.963146176834237e-6
4.659308919757225e-5
5.113955824342885e-6
1.0633294254951924e-5
7.249891521622035e-5
3.884640099043849e-5
1.7113899435830526e-5
1.9386900823824108e-5
2.3192325077606907e-5
4.665161525954144e-5
2.5403490957102593e-5
1.660870023556369e-5
1.960676198684168e-5
5.060156996680839e-6
5.376367154398259e-6
7.468999436101783e-5
7.974528647706313e-6
4.50984014273699e-5
2.4571087254978083e-5
1.3852943691802903e-5
1.5167660385039766e-5
3.7171696491799477e-5
9.302216731173627e-6
2.526779176979618e-5
5.0628033389000254e-5
4.3616420472983156e-5
7.4346486294699365e-6
1.6212787045618212e-5
2.6608787038840895e-5
1.4842206414858402e-5
3.6708409297235205e-5
3.251669565516692e-5
5.144429715450773e-5
3.053557964230038e-5
1.1778447109806813e-5
2.9016521192522725e-5
0.00012034773757440783
1.72559304941085e-5
1.1373148784922753e-5
2.0516650192537744e-5
5.859304019418444e-5
0.0001990230599593711
1.2736648606420776e-5
7.276230061858391e-6
1.082852251817006e-5
5.3549747694345143e-5
1.193158594480527e-5
2.482463562943065e-5
7.979454897340866e-6
2.9809195247931486e-5
5.720654825037597e-5
3.3327860948923313e-5
3.117596767154382e-5
2.8100627204006185e-5
1.921870305893501e-5
1.4383165365513633e-5
2.2506201448442987e-5
2.837374096617324e-5
8.707043076740678e-6
6.118758331259066e-5
3.07821625223774e-5
1.2319851227501975e-5
1.9429993362109153e-5
1.0324648797169053e-5
1.6305681525638598e-5
2.616430839429585e-5
1.3905581807440751e-5
2.4528122272584462e-5
1.4366305261490252e-5
2.6520189624856033e-5
1.2872971410281209e-5
1.4753865434114852e-5
4.473982848381985e-5
1.1332489725605006e-5
1.667626144281336e-5
9.462239647869412e-6
5.1887183594333793e-5
5.601196715541534e-6
4.4680478892369335e-5
2.6748788202035977e-5
2.688033801469863e-5
3.521514618881877e-5
0.00010088448028834431
2.22453704245047e-5
7.201019723838608e-6
1.1960317043099858e-5
7.330691632562427e-5
1.3493306060416715e-5
0.00034963154140544916
1.7133591526774096e-5
4.399750535024715e-5
1.0443441565776958e-5
1.7996781257108826e-5
1.730841512813604e-5
2.4317714547925286e-5
9.29310206190159e-5
2.1913164010694357e-5
3.1831997881237284e-5
1.5129728373319189e-5
1.12823757747097e-5
1.1779980557851294e-5
1.4381887100926127e-5
5.698854905198085e-5
4.0784933423532235e-5
7.635225863303372e-6
1.8187105568073286e-5
4.072155403016263e-5
1.9636839921763887e-5
1.8213921174877815e-5
1.9673300034165115e-5
1.78680042737147e-5
7.6021471424651885e-6
8.448083340058904e-5
1.8012849169125668e-5
4.396468259605485e-5
6.0035265905533815e-5
1.0696818148539777e-5
4.594934856251877e-5
1.3104795007296533e-5
5.0024352448492186e-5
8.836197200010054e-5
1.687497237699817e-5
1.0164693824898272e-5
5.570494564118138e-5
2.5023033349342796e-5
1.2929618880956485e-5
1.3137020142588797e-5
6.12884898363491e-5
1.1951640291421254e-5
4.926513723311746e-5
1.0828927876229878e-5
1.4049431239227198e-5
1.019488903851334e-5
1.7140104361850232e-5
1.8067375618521873e-5
2.2185813287641055e-5
0.00016241278257707174
6.154805445818616e-5
1.3316035171593456e-5
1.0868620136512022e-5
3.525004484454755e-5
2.1242511487094904e-5
5.979283618795588e-5
3.0496338867850874e-5
2.5596184774796314e-5
3.208432172044399e-5
0.00014383565230291707
1.1530655440288427e-5
1.7897941735921655e-5
1.2215833812295956e-5
6.270819577141516e-6
4.3409801978754846e-5
2.4084911174711595e-5
6.809796874715156e-5
9.023507097859676e-5
4.5620693587930796e-5
7.830571761692552e-5
7.589793206200509e-5
1.6752494849071772e-5
1.9942798368575453e-5
3.8174988172561835e-5
4.0010005637309214e-5
5.1788317941819654e-5
7.975217086782254e-5
3.413303455894785e-5
3.1384970391212395e-5
9.06905426826751e-6
5.8359417012827124e-5
1.610102682351393e-5
1.7416294303253064e-5
3.0490132238570447e-5
0.00011726079972027248
0.00018991251785101503
1.2513674863105932e-5
1.0179667342097746e-5
3.911759942160298e-5
1.7784829379618407e-5
1.010780059680098e-5
1.0716692640149834e-5
9.749355833404655e-6
0.0002021296437069543
2.061588202426254e-5
4.66519702675371e-6
2.6037465563738516e-5
1.8545853808252492e-5
2.087756792848e-5
2.3294383493722663e-5
3.98510839791309e-5
1.6185893642538602e-5
6.338246104855189e-5
1.5820245483099818e-5
1.3860459162843306e-5
2.5814931032554516e-5
1.5880687861725557e-5
6.223046619116535e-5
3.2921700708829974e-5
7.276858936297355e-6
7.817040464414918e-5
4.884005999834329e-5
1.0479335737994603e-5
4.488810348433097e-5
2.1734066921943897e-5
2.552250622570729e-5
2.220518936830754e-5
1.1248857824449498e-5
1.782064023536389e-5
2.0472788471756378e-5
1.277260663192119e-5
1.191305325545738e-5
2.1123322686323467e-5
9.418095005521356e-6
1.880009174717783e-5
6.1032845110117975e-5
8.978320599184554e-6
1.7158306159735805e-5
3.4004171427580114e-5
5.193217010191853e-5
3.7693529662431515e-5
2.7915743794544317e-5
1.4468196517315764e-5
1.2511881255991679e-5
1.6485844838896692e-5
2.7630394365373394e-5
2.6251160612225115e-5
3.054305013586271e-5
5.1111138858988495e-5
3.759359029183136e-5
4.061353656350806e-5
1.299595670709039e-5
1.0758199674750122e-5
4.6179224458339786e-5
1.3449711538517155e-5
1.2794956938719212e-5
5.987074514888538e-6
1.7024485726301104e-5
6.288247547904088e-6
1.774238906526575e-5
2.7683677222598203e-5
4.418307204857712e-5
1.2039355052945706e-5
8.843672601057783e-6
4.294294810594102e-5
1.0947632944281788e-5
2.803403716715493e-5
1.2667386730493769e-5
2.0594651478177306e-5
1.3561841232667985e-5
3.1257654874597695e-5
1.0426643306746294e-5
1.165698588693418e-5
2.9941857809702174e-5
1.2585937639900852e-5
1.8540306289046892e-5
4.6790653008395097e-5
1.4169023497653804e-5
0.0001412724339363833
2.9648362977325458e-5
1.3732290321069738e-5
2.915830549665441e-5
5.449109268070472e-5
1.20201680365953e-5
4.8651667062134885e-5
3.6403559268472344e-5
8.429388837403948e-5
1.9382296449514454e-5
2.952628129717934e-5
5.2453851869666246e-5
1.1617429017794786e-5
1.1684895475401137e-5
1.1793424732468513e-5
3.7334176734828695e-5
1.2721615683485937e-5
4.8183537461515684e-5
2.6229180813192817e-5
2.2198103344612524e-5
2.925597566606521e-5
2.3888236788927342e-5
2.44447778700341e-5
4.502914674312128e-5
3.689233478611271e-5
7.653540513524512e-6
0.000139473581371425
2.3497079885167256e-5
2.905604156339336e-5
4.5839358183290034e-5
1.2499759384274841e-5
1.686389099877103e-5
1.215741426178983e-5
9.744549372181837e-6
2.1487610969926516e-5
1.2133640726009362e-5
1.1024291766517645e-5
1.2416668757527821e-5
1.6969506255457453e-5
2.2903610299554197e-5
2.1937900787523776e-5
1.6972089136653563e-5
1.523210627159634e-5
1.6097797501589485e-5
1.4476512194713341e-5
2.4481796278265406e-5
1.4076785423746205e-5
2.1885291021962647e-5
1.2579931335429875e-5
1.059346308807231e-5
1.1394235074990001e-5
5.076704359199253e-5
6.726027444151615e-5
1.2908737580336323e-5
0.00016688726699641267
1.806564604340863e-5
1.0682172774327865e-5
1.4701083264530657e-5
5.844982824499708e-5
1.4260148829384298e-5
1.8222579591891858e-5
9.213828837408753e-5
2.2175491182386533e-5
1.2794992152537214e-5
2.7016420130946837e-5
0.00038367908645911585
1.258293559185686e-5
3.289737960706422e-5
2.7082358620568984e-5
9.303675940655125e-6
1.5709827830506166e-5
6.426758045022518e-5
1.0948380811744127e-5
7.128678426697162e-5
0.00014300257801046117
3.25599395593775e-5
1.685917815329292e-5
9.265167607326398e-6
2.6391586419873193e-5
2.7024616674924972e-5
1.9022290742830275e-5
2.5160270853986022e-5
1.1715608673481557e-5
1.759672992751434e-5
8.510072802689349e-5
1.3799275264744762e-5
2.4977469975874835e-5
4.689185958690362e-5
3.140411931701075e-5
2.0952825661861054e-5
4.168599480270443e-5
4.381717106737412e-5
2.9017774435459476e-5
1.194957028473776e-5
2.6125784445396672e-5
8.376356427504403e-5
0.0004462690887479482
2.995980471520221e-5
2.9993182612296008e-5
5.3907922506670145e-5
7.376530717180301e-6
1.566931715907329e-5
8.07907015776549e-5
2.502795295586004e-5
4.4859660651763736e-5
2.7978273873192153e-5
8.271241813117907e-5
8.407491517134354e-6
3.167531037504714e-5
3.5081421476218643e-5
1.0368918236193071e-5
0.000311843249633321
2.793997368001651e-5
9.036400095148997e-6
