0.15129229354188237
3.611366831672245e-19
3.842546465880625e-20
1.9951869877528558e-21
3.068992570040625e-17
5.655013777612952e-20
6.196911306173358e-16
0.2762571967691723
0.0033230878945547794
6.42931665990609e-28
1.4658609492599466e-16
0.00947934691844894
0.02696268010197561
1.1411148048983361e-16
1.6289746762659878e-27
1.782429855620402e-10
0.16784901275600023
4.980766519334194e-8
6.522675422406068e-6
29.19809232664997
1.32167461896475e-9
4.3811026266891126e-5
0.14134000908925334
1.0
2.1303729861858036e-18
6.368799762013588e-16
5.430112671187089e-14
1.578791071497996e-10
1.0
0.9885301433707638
4.486290454588025e-19
1.0571276164321473e-46
1.0
1.3675458622831908e-6
0.0008209946483479402
1.0
9.990839647827867e-6
6.329032870807827e-9
4.658034519697267e-30
6.011370214356708e-10
0.0004170963599104482
30.227411961302373
1.0
3.1027583426602216e-7
0.23886368132420305
1.8477780016354037e-8
1.4890583082059958
2.1132494018552554e-5
0.017750885382550364
2987.1237657685097
0.061470976965153384
0.7553994073479133
1.0451909100122845e-11
2.696621184255494e-12
2.7362379480866966e-46
287.3684917685731
0.981249704938687
9.514921143283333e-26
5.085297040666344e-13
4.782543154469489
6.489171779532059e-34
0.0116095741718976
9.27122218533455e-11
5.319999808240294e-29
2.454751000922873e-11
5.517261199649997e-17
0.06872374171228116
1.0
2.1879914437170613e-15
1.5434497693488226e-18
7.373019148998188e-6
3.953674718780916e-7
5.420313813759388e-9
2.5416962050798197
8.014640379626621e-33
2.605687373888034e-10
0.01204848708247904
1.8348410424266166e-37
1.84054026780476e-9
0.005960173248828551
1.7872448183968817e-5
1.0488129901308121e-13
46.08358632803228
0.04846376962140677
6.983641553791504e-7
5.709957293172112e-14
0.001095330390154667
5.303124336191659e-14
1.5555322421510684
9.691035449891826e-28
6.479235679474956e-10
3.5138291181977495e-31
2.0116781743024992e-20
0.0025049852294373263
8.891884614118014e-8
0.014257785123280962
3.315237993107008e-18
5.033332674370949e-5
1.5929816372501358e-6
1.1628963823813425e-9
1.9564766132594957e-10
1122.2687542233298
2.425051778669215e-13
1.0523151062828164e-15
2.1260173608870466e-12
5.016204876819242e-10
1.4215314790965878e-28
2.138411528592837e-7
1.5037956729362739e-15
7.642163277636722e-10
1.2277922837323801e-9
1.0931180312709238e-10
1.3264921572197326e-31
0.3407329533260572
6.436897244979754e-8
7.596510525972136e-19
2.7483930727428994e-8
1.4284739268357047e-7
13.11055979600692
0.6950135280608136
28.565525551888175
3.493086430650159e-14
0.0002047866297760048
4.878190606703112e-7
2.4173115390952704e-17
0.00137217786655495
1.0
5.102222689605894e-11
2.828126512937291e-8
390.11139465060603
6.048043677931728e-23
3.0154328892354995e-25
2.1540152311998675e-7
9.625771000675043e-9
18.39810450158574
2.1696754687242623e-9
8.227083096217845e-6
4.4915378310104804e-21
0.16167055825312307
0.04519863822838891
0.026885348092361493
1.1937397538197977e-5
5.091469671127123e-11
7.137826414292415e-13
1.7880629455699505e-6
0.002358687336773164
4.6906805177945816e-14
3.142812157805783e-24
7.334549002627415e-13
3.4703919515393453e-7
4.6041253777231204e-11
8.19949950386174e-6
4.1393111919212995
12.006088233497353
1.758221423898243e-7
8.921197938090661e-5
6.881731618975653e-7
5.9238317151146224e-5
0.748985831714845
8.094863221650153
0.17274809340972114
2.507621342859589e-13
7.315549593208614e-7
3.318967290481648e-11
1.1176998952277096e-23
0.33999973045276893
1.0560052934070724e-5
1.5233671038283875e-8
4.733937658299459e-9
3.7873259251886183e-22
2.775048159866853e-37
5.027075456613384e-6
6.376736609008601e-14
4.4271612408229365e-8
2.3896136718921173e-24
0.000991190473215892
1.296998424593276e-10
7.54951258904632e-6
9.773483224499231e-6
1.0728301316124259e-23
1.5761651253208527e-22
6.567843557375111e-9
1.4767928059098466e-13
0.00022247828631338546
0.056669945547809804
8.792639839691966e-24
1.371786927476789e-5
6.39346427392307e-5
0.00013557778321849576
1.8267397609204658e-17
3.278013705600679e-20
0.0007788231540887071
0.013058654731865354
1.2723090023027122
2.7956608011686617e-7
7.815935659907748e-8
0.1483875625800982
8.169822345925735e-12
0.0306392304305062
2.2314799438087065e-20
65.6411515065652
2.1933999679733404e-25
0.005382337979234342
1.5451744322952343e-9
5.581509571004403e-31
8.14953871174325e-14
2.7485866429803055e-23
6.4732923184522324e-12
1.1504224114148647e-7
0.046154961254098154
2.9159917539884213e-5
0.02047721022298463
0.11107058411746967
1.6487678583913997e-7
2.845088810702522e-14
4.3223721737551275e-32
2.5815143282648702e-6
0.03473377407360281
7.382772830261475e-11
1.0
1.0
1.1039133854614291e-7
0.9088639670393278
1.0
1.41715197610487e-7
3.4190111807764763e-16
0.2501684126387682
3.3185508351137187e-16
1.8385338964093206e-8
1.081007959089481e-12
5.058678068624127
2.688066847072349e-6
4.601956058598249e-24
7.384817306190101e-16
9.059025767610778e-10
0.012051730819705602
1.2364029173716785e-6
0.0013672562357154453
6.1736089587593685
3.4310366222329834e-5
1.455204463878262
1.0824532627303734e-21
7.9777212114083
9.247407399576463e-6
0.00043730281359482154
0.00026183673152986445
1.9871641611183928e-17
1.3468678841637578e-11
4.115936310668823e-5
0.0002566418737060411
1.0467957052554384e-18
3.099257366836123e-11
0.00012471937089134308
3.865022427343996e-6
0.00016089138578473313
1.3724163102119188e-7
14.898926366289166
5.412232390528684e-5
4.591663452522242
6.055182508641707e-8
0.006971270377964749
0.15683659769500166
3.2568279647817573e-13
0.004165562358318703
3.689795721678468e-5
1.3770562646417005e-25
1.4295990066248152
4.118911545380553e-6
4.3859484731230643e-10
8.826968582462838e-9
0.010030323082825355
0.04368213559283959
0.04493658193871645
1.613419426350827e-17
0.0008985653892308914
3.287186223923577e-7
0.00010344172330014233
4.382607473079707e-5
3.597505117872481
0.0014804700982136208
1.972740038454964e-9
6.709379239746926e-25
1.91220514006228e-15
2.7496990680998215e-8
1.0
0.007421905726900981
1.8820328601924794e-7
1.5465763895097433e-6
1.0746574481519757e-5
1.2095245345888093e-7
1.1286813704275602e-5
1.3842174229805929e-5
0.010208950331907314
1.5807632442108735e-19
0.06275103620807435
4.3229919440167495e-9
2.5155087683206805
6.836461223522348e-28
0.012158123796873125
4.274814136950833e-8
2.3995986460937866e-14
0.15324547730438595
5.439819646265152e-8
28.968343718828187
0.0004517763338071564
6.75639323528585e-11
3.4644633907555957e-6
3.486240852383494e-7
8.147724730081826
1.0
2.8772261781032365e-7
0.6574559831785032
9.338963447127541e-6
2.8694170006665343e-6
6.261874762545837e-28
3.3422467693508497e-8
9.299456110384908e-13
4.674996263286336e-6
4.498823272240258e-8
0.053831306780470274
0.0001748376949816239
0.0005705146237298538
0.006808840540057453
0.05003780103389205
1.1510176556437508e-28
1.1341503408947013
4.403228479272728
305.517188946877
1.6815034140500901e-37
1.5275734863478393e-6
1.367212897302997e-16
2.063369378976406e-6
0.04302780059383248
2.1209329148073274e-8
2.3373152298238415e-9
0.09055004885071145
1.6038646373302151e-10
2.503238057933533
0.008679460473417326
1.0
1.296479717793398e-10
0.07472513903844076
4.729253630154878e-6
0.0031883547988381927
2.9378827757085185e-12
0.03095366409622989
1.908170601493253
0.0010786342367170344
0.0004352951709304771
0.05120033052010174
1.309484832143031e-12
96.29513201010947
0.00013065029953087607
0.0008473979126832334
4.335085897386761e-5
7.222988121340566e-5
0.003678285961082419
2.714363627611014e-7
0.0010913894539911215
0.0024143813692782267
0.000798714430103446
0.13169502302285
1.0
0.0008506932693794263
1.0
0.0034330948088024194
0.045227683430759426
2.6516514730559735e-5
0.00023913032797352916
3.022076410036142e-6
1.0
5.598554053131923e-32
2.3218250196884712e-5
0.0019919191304178696
0.0028920199635990226
2.9824505671656358e-6
2.309494073976209e-5
2.5210986093354976e-31
2.7436320332938807e-5
0.004933893504162534
6.714502205574993e-6
0.0002501421503125719
2.5033932065532697e-11
7.68419408776992e-5
0.0013921844165108357
1.304116938052297e-10
1.541472000398686e-6
1.9967565990366646e-8
1.347402463452924e-6
2.7691789418397325e-13
4.706999764995573e-24
0.1351845023651137
1.8820576569551254e-8
58.245893285134706
0.0006602497130457206
0.0001231549320097374
1.0
1.538312965191831e-11
0.0090860730301369
1.2269318111277077e-11
0.00021429442026029962
6.933088933956551e-31
7.24823651020356e-6
1.273008779367485e-5
4.727195541902619e-10
0.0002358009230044117
1.2053138820243967e-16
8.576252511729132e-17
1.6523781262862016e-20
0.004587788253108017
0.0004276442427604825
5.757478629405151e-28
7.693147316157934e-7
0.02448483555766237
9.90824406515381e-6
0.00017134409329344855
3.482791987081229e-13
0.012560668061385004
4.878943332893428e-5
3.19795223008177e-5
0.001015478558051828
3.0502994412750515
2.539426514781991e-15
1.4549776059286004e-8
2.124083427146816e-5
1.518024748220364e-25
2.9679365022117977e-8
0.004944145206820101
0.0007500395959388842
0.0002586332796740583
3.4498807609563293e-6
7.856450687745249e-12
2.7473040301969406e-6
6.341554734070683e-6
1.7725653997865274e-6
6.09130201956255e-28
6.705554944124169e-14
1.9782570747251622e-13
0.00019013387361757424
2.8712071618579227e-27
0.004530949973711672
0.7106041094944238
7.568371314205951e-6
2.9182471524258834e-10
3.403348271233282e-7
0.0014789711026527612
1.2038810938771686e-8
1.045716326312208e-14
1.1267313899318205e-8
0.00025589971270833356
4.6401890824585354e-5
0.000796163878662694
2.4961696941009065e-13
2.3282151796428227e-14
0.0006434590904518141
4.383709513471767e-9
1.8327991948192827e-7
2.963270227460263e-5
3.473951248284164e-7
0.009854091283033384
1.5865590631717994e-14
2.46651095307485e-6
6.199202069510857e-8
0.0005133704076369504
0.0008483756108900092
3.608732960510398e-8
0.0028391417200685385
0.0028186477629551054
2.654094811810551e-5
3.2880880395369577e-7
4.868019084073272e-11
1.4697968099913458e-22
0.0001808102469762287
3.427893036873926e-7
8.767578881526255e-7
6.15582239096498e-12
3.366483205612938e-12
1.6830961601434703e-6
2.1141878834847777e-5
4.3956052738871e-10
0.0001102615569124405
1.7776879043134612e-6
1.0
6.921624368655062e-5
6.0375032251673205e-9
2.3758010457557143e-7
0.004167657095576398
4.2831044811777564e-15
6.196919065046527e-5
0.0005586195791910745
1.3944165289959614e-13
0.0004355729989444251
7.626676957067988e-6
1.256287302046327e-12
0.0010617637753469358
1.1758117174755664e-19
1.8369007937533734e-14
5.133921292540944e-10
1.0729532601435509e-5
8.480652494063004e-8
7.667685044906027e-8
7.368829733570908e-12
1.9897744793426722e-13
7.004969084186331e-11
0.0010079207453395451
5.702630763019083e-5
1.71110122469298e-6
0.0026565451849453526
1.1586710190298569e-6
0.01175494922925479
0.010491083911430017
3.688125551351672e-22
0.0008077576335474304
1.1608055929039946e-6
6.920584913076738e-7
1.0
9.598063353222712e-13
2.85327496595705e-5
3.881953772979382e-6
1.6999449569920785e-5
5.492058756386139e-8
0.00034868570375611816
8.036965452100533e-8
0.07186857875315236
0.00013977795063094254
4.635440402772056e-5
5.923308261003383e-17
3.6658772945603933e-17
5.257938345082157e-13
1.9966315230994873e-10
1.1237055851861124e-6
3.5738349917039775e-6
2.8656400768525386e-5
1.2892733585253391e-5
5.0635098600383824e-5
0.0791526049524832
2.1765646084157792e-6
3.112630712067694e-6
1.2421082268491746e-11
5.167308529033092e-6
0.0003039153414014692
6.042363293825888e-38
3.5027240418168477e-8
2.4112787336247697e-6
1.745455641896563e-5
1.1734549836085509e-5
1.934498651733128e-9
0.027413740406613273
3.139664531761361e-7
5.294577526230431e-7
4.0563157881574945e-5
2.8167339295196644e-5
2.2588747175005687e-9
2.803136738010727e-7
1.4763984139257144e-7
5.364318137049033e-5
1.428185873483288e-7
59.86004817395585
1.3150980624179115e-15
1.0
1.1294286700393671e-9
2.4360244637731693e-7
9.844218210965058e-7
2.213639853231542e-8
1.3701459605959858e-18
1.291552903681395e-6
4.2987388723961705e-8
1.665495532403433e-8
0.000673944072977289
1.8461017839765857e-5
1.34071260301836e-6
5.43753060103842e-7
2.642798754395523e-5
0.025680339034273695
6.2877024247404
1.404672473281732e-7
5.785217993681648e-8
0.0015950541873187857
2.8793077605213997e-8
0.030241309172163524
3.9293286670073163e-10
9.764277353161201e-15
4.687085798465754e-7
6.195615511574627e-6
3.158962929465191e-6
1.119753560645694e-7
3.897867712561068e-6
6.268064831483674e-5
0.00042197815813167783
4.74645808409367e-5
1.3679105646483872e-11
6.131616667151723e-5
4.7131902575365304e-11
1.5489335246522022e-9
1.4990695047804204e-8
9.932854390878115e-9
8.411847578300706e-11
6.186008483108885e-6
1.2540808492463204e-6
1.760681709043846e-6
1.3382126926348641e-5
4.956345916865885e-7
1.026649615130515e-5
0.29966146070101507
4.642367627936321e-8
9.306171577841314e-23
1.5628748087656808e-9
14.710044555512114
1.2972744558304487e-6
4.3171459048589765e-12
4.4759136463781906e-7
9.004494296998327e-7
1.4565701819902102e-6
4.991081597651984e-6
5.914930738572602e-6
0.013213114330451796
9.186170661421867e-8
2.7524160344288905e-6
1.4759232762131348e-11
8.37462641697815e-7
4.687645286833381e-6
5.0997389297699225e-12
4.1095740818038815e-7
0.001831405055468793
0.1318052769134568
3.5203653368783277e-8
5.959013490688224e-10
1.0224096374538164e-7
2.8855076620764908e-11
2.6021760507484536e-11
0.9984825614859121
5.220479064135485e-7
9.072371477682484e-8
1.916780251501296e-15
7.773104204640157e-8
6.352283567070164e-7
1.2167276803012198e-5
2.4389765915538806e-5
2.7037720642447817e-6
0.00016327685495789318
2.4217652133967456e-8
3.848807658662951e-8
4.32655539198755e-7
2.1569752623114238e-7
2.625642695020112e-7
1.208715975438692e-9
4.106410916273566e-16
5.195025054383128e-21
7.918138178173996e-5
5.7124228962010183e-11
1.7379582909395264e-17
1.4969518188923717e-14
2.6181256554436306e-10
4.1747634559788495e-10
5.496015539546985e-10
5.07345883974884e-11
6.918284803940488e-13
5.168934826147988e-11
3.2923216216137576e-7
5.076621730969051e-6
4.589823751295948e-7
5.939277474087196e-8
0.00010022757006485471
3.391430519381496e-6
6.51291051236004e-9
4.935868406269368e-11
1.9897969127722037e-7
5.266801057040771e-12
5.301261940157877e-5
0.0030208009300543917
8.030102863377491e-7
1.1674602984992091e-7
0.002154638160929396
2.9606998582759955e-6
9.819770224960965e-9
2.86333657208132e-13
9.264884561989492e-14
6.509078389655441e-11
1.9580016356787553e-23
2.1922819015938665e-5
5.61394943996973
9.762822539462948e-14
0.018261250374341065
2.0133413195689084e-8
4.321422697999072e-5
8.381085328771051e-5
1.2103338100452808e-8
2.0278752209155769e-7
1.3121244183874913e-7
1.0146714742403845e-7
2.7614300896608907e-8
1.0
12.108075951997389
4.218922283898789e-14
1.3408655691485817e-12
1.0899697009645387e-9
6.802498243044203e-15
2.8427183989706124e-16
1.080936439595771e-9
7.47618863130447e-6
3.255983456738183e-9
0.024168147310328434
1.7746303968057071e-6
2.3001695259166894e-5
1.7877510275783608e-5
8.290376317630034e-8
5.3029640280128986e-8
1.2087368932198237e-5
4.599142199964535e-9
7.397360199510851e-8
0.0007790856926058836
0.00025619119722982645
2.963739907284985e-11
9.368455780157353e-9
0.00029799188504347915
1.2652734729101218e-14
2.2513330561410635e-10
5.026380681025524e-14
1.0346323192955417e-10
8.705644454681873e-7
1.1664114942185784e-9
2.343302937394215e-6
8.796638702462692e-7
2.6678076012322937e-15
7.558979703429651e-5
7.428788571418189e-5
4.673663184171661e-8
4.91384458343682e-12
6.26075270009233e-8
0.2162875293149956
4.949559448909948e-10
2.6816440245126657e-6
5.199834214398855e-9
1.712008724273071e-6
7.465614770775148e-7
7.332571878101858e-6
3.1371222014787945e-9
1.7520633585645924e-7
1.929097716986465e-7
6.516986382995236e-14
2.1694463013999112e-7
1.0964164025705183e-9
6.86938719616399e-8
3.349678034564308
0.013300875117323039
1.6700303501795615e-17
8.856778545127265e-14
1.3660977898059155e-12
5.899571176346996e-9
1.2330635227909562e-5
1.3566582229990333e-7
4.8851456845201846e-8
3.797861447501221e-11
3.6608701798590116e-9
2.8301188358088274e-5
7.723364613587469e-25
0.00013604506912070704
5.770740950190283e-13
7.988866818230103e-9
4.7634995375754205e-6
8.262202657415668e-15
0.00026775164107788093
1.0250435920877662e-11
1.446489430775463e-10
0.0012322639189192178
0.000570234732072695
5.719675866520804e-6
4.28709442061868e-8
3.5739558892047075e-10
3.995724609407696e-13
6.2452377346684415e-31
1.6912086404785688e-14
1.3686705281335992e-5
3.0524171396706445e-6
5.520649286576755e-24
4.195904520370488e-8
4.9520406174245e-8
4.938826985421627e-12
1.4952908191946028e-28
0.001246689866173807
6.714747121897341e-6
3.835870665338463e-9
3.466522164855742e-8
1.7136236662659276e-7
6.8911305781098506e-6
2.99877249538681e-11
5.256302041090693e-6
3.650903360832496e-12
6.673750641813027e-14
2.6357836020718057e-7
0.001035263318056435
7.391386258382613e-6
8.610805016293063e-11
1.0650941013203511e-6
6.305803527302078e-9
2.9269063935474388e-6
5.891954803793994e-11
4.756580154714408e-16
2.4810884198440783e-9
0.0005260013290220437
4.9410757766281425e-14
4.778681680534944e-9
1.715575356123085e-12
1.2808131160509495e-9
1.4310586857604478e-13
1.1949709295615074e-10
1.2591353628238862e-12
5.4271934012747566e-5
7.263962699722581e-8
3.555233941099628e-14
0.8837770425083996
1.9808637816505088e-16
1.508626454051657e-9
1.0442982684092634e-9
9.53895634493342e-12
3.8986674206733765e-9
1.8295870474224065e-7
5.148801404413535e-8
0.001104840576338112
2.277819295677412e-10
1.7669114232416496e-17
7.760104598965354e-11
3.31201294646356e-10
0.0010596923798044857
2.428892507684724e-9
1.154520261685227e-13
5.175772825524958e-8
2.9008028425954327e-5
6.396494949118802e-10
4.134151794692193e-8
1.437592960252695e-12
3.643549864738547e-5
1.4240628575513608e-12
80.06276757004916
4.550109724849691e-9
2.1827719940416387e-11
1001.9815541605894
8.923898344642566e-12
2.1881521240386336e-19
2.4445182140351186e-5
2.7246766475776878e-12
3.851494897590664e-6
5.093498913296937e-13
7.546506290650251e-10
1.1914786272324301e-12
5.265819979870045e-10
1.0784879720662573e-8
0.24905787578419405
1.011455183941238e-6
4.550663278314892e-9
9.083496728377274e-5
2.4326595667152903e-9
0.00039482024355050755
6.432521289011071e-15
3.898500985903881e-5
3.6801589818089573e-13
2.4804007795270453e-8
1.4043473592772989e-11
1.9711032503711722e-9
2.415385159634657e-8
5.366498480538139e-12
1.1500669953445937e-5
1.0332551870985846e-15
1.713163590947767e-9
3.776538980014113e-11
1.8983149242147798e-6
7.2118847847465835e-9
3649.259375560062
1.6982499155106043e-9
4.993287235107881e-7
2.7038256368520984e-7
8.414595248220637e-9
1.2049557034884203e-10
2.4727164083887555e-5
9.480481886232104e-11
8.916291267800311e-10
0.017774526068778062
1.0692600109091941e-5
1.0
3.532882200054085e-8
9.963374798195626e-10
3.56234898633385e-9
6.617574441103302e-8
6.532192905847069e-8
1.5206754670459282e-9
1.1896841672394779e-11
1.674535763089741e-8
4.458164267099646e-5
5.293099489893541e-13
3.6580216633816004e-7
6.187262278164921e-12
1.1126902607398868e-7
1.8819772290291495e-8
3.631132124371684e-15
2.71567086695414e-10
5.071281652098974e-6
3.09280172788964e-10
2.758970900111488e-22
5.333371574296745e-6
6.029898636702007e-11
5.766068942524601e-8
1.2299465763004897e-10
5.670806115595368e-14
1.4640877632236527e-13
3.4431530696394836e-12
2.601527202642163e-7
5.356602796186015e-9
6.344373381754388e-7
1.2648279068338438e-8
4.12528299131424e-8
6.414639001629947e-11
1.670423297665191e-7
1.86122407553371e-8
4.994040347785147e-11
1.2628407791425652e-9
3.529375357353295e-15
9.48632685671135e-7
1.815179232486494e-9
0.0016910671546951565
92.34576677209753
2.648020948425568e-9
1.0
0.002022733921315479
3.279357413229635e-9
9.24890745903133e-14
0.18750488074576754
4.6106831005450656e-10
1.0586213062790406e-5
1.1409796352917524e-5
6.251252803330274e-9
0.0007739688403971207
3.043792662866913e-9
6.825516416673452e-12
0.0018224664133192072
1.9373817379196262e-10
3.521199084793336e-13
1.4661951395528733e-9
1.8969839657211286e-9
2.748351841727067e-12
1.8171513024308523e-11
9.242982296674834e-14
9.744786091232141e-10
1.024444153333692e-5
6.639072285882251e-16
1.3449395032241926e-9
1.3198630065845854e-8
4.093808129309717
3.0579509965353268e-9
8.266588585021673e-5
6.385991658298899e-12
1.2005044016725285e-6
4.671180731846084e-13
1.1437934559333708e-9
1.7861860899765663e-7
4.6409350824961186e-7
1.8166606525884478e-7
8.580020330501711e-10
0.00018491932217918887
6.8908374082173915e-15
1.3042083888020216e-16
1.573597230761241e-16
3.978600271381496e-8
2.513171508509878e-9
1.291443755826433e-8
6.506987190659899e-13
6.797547426375227e-11
1.3228871477112936e-8
1.6016693598594927e-8
0.0003831062869475321
1.0060174735576217e-10
1.6505315829094774e-8
2.754396884077817e-7
1.4109933851023185e-17
6.317830887302285e-15
8.345012123032048e-10
5.4814066814269784e-8
8.43453798624882e-7
2.2982118936487445e-13
1.0380485547647104e-9
9.482950060502963e-11
1.2112652644472672e-8
1.101073036768799e-9
2.208625596474693e-6
3.3250724380567255e-7
3.2656624722366245e-12
1.0176973399600731e-20
0.26827640296928723
3.4220181033320946e-10
7.036876672448666e-7
7.17106269939834e-5
3.0659734204054646e-10
4.827979088282559e-8
1.4018613345882744e-14
4.271511171654618e-10
1.0586657885082686e-6
1.6065613973507897e-12
1.5344577445719994e-27
0.0002619241348784368
4.8532516904107744e-9
2.324801427967687e-6
