0.03986506183328342
0.06885998755592194
0.14229206713802922
0.7956442146687857
0.038375833752623316
0.01735690544896838
0.05544346444877414
0.011113581391770948
0.05089232570520105
0.010144802486211003
0.009525010526543956
0.12603548275143597
0.045594205938228
0.01473557838499575
0.03551597539013325
0.16856804694861802
0.05603683451881853
0.005297809196958168
0.022201791748796055
0.016644352979501367
0.00725397448233735
0.012341737734665183
0.010629815674452078
0.01582858592187623
0.06690421677593174
0.01378084896243691
0.12051165549060137
0.0629363280477273
0.00601838996067388
0.01258745906425335
0.04316384107960016
0.004158926653358209
0.420160042942687
0.05085614892295715
0.02271760853682058
0.02423617065747647
0.06119112701906523
0.037023814670263146
0.3413021711670067
0.007623808089383735
0.028697151545752326
0.08610508083413622
0.005379853643906636
0.05035779577107925
0.0316303301939527
0.05165242756326241
0.020699431588250182
0.15634179686270958
0.008775332039035293
0.03422075584163384
0.003169101063517385
0.2724430357175232
0.005448313357827319
0.023398532943016054
0.01656198219311873
0.07456105159576812
0.035842907425775984
0.010703970582113639
0.01189144922194373
0.031524675271583286
0.3704672923311071
0.024276376679230185
0.02336508005293121
0.046694001934656296
0.00755696080467354
0.038972171701849495
0.0050305387795178185
0.020315152470088523
0.030995405844886758
0.027168735608166322
0.028294537687680556
0.04039846856731102
0.052489021753761134
0.007407910566194988
0.014080579990853758
0.039330569500015594
0.03439802502551166
0.004179294886616386
0.008014376779693494
0.0646840708860256
0.034322575059837795
0.016235994235652355
0.009749277122050759
0.07080898873037719
0.00843507016027348
0.01709343086189929
0.044990564462962915
0.25531284175809543
0.03477942707249903
0.023810789586142318
0.0277243613258503
0.0336653363726227
0.00818513384817872
0.037601811765392595
0.02825386330160436
0.024962769909142646
0.07858938747454228
0.013224099514214698
0.01099306158855835
0.012880130887835732
0.012261883708395403
0.02331638688311713
0.05878420462916118
0.004441133680049175
0.007974719810387146
0.041519210352494326
0.0525823821745869
0.03812811410364945
0.015404067291907516
0.08415721105418492
0.04298658569860499
0.0037492539656565353
0.07150152459603908
0.004074674987819978
0.06367426515814396
0.021294824716469648
0.03632028838656333
0.007774564688388131
0.05574711270063491
0.07654403214507953
0.047994852385043446
0.003434362637156641
0.018866589017983104
0.05602458267568591
0.018851851474827524
0.11624564380098953
0.032139619529097344
0.048717412170971544
0.01760745915654739
0.024856162912850283
0.05363932233541184
0.025661555713198246
0.15044503973555265
0.03242780050034727
0.022141488825175366
0.09348097699725894
0.003469614420668147
0.07440203135993279
0.01425135402439524
0.03605265168945478
0.0024171387877354815
0.05213162134335336
0.01953735807136371
0.03223261550834926
0.07942973533547408
0.06385911133138703
0.029062051622454874
0.01232087030608826
0.01833933957832993
0.03915457684529767
0.08390414226789501
0.008689818391734425
0.05999903658922705
0.04828029704157348
0.01110453352353547
0.12275340342627931
0.03132835657157314
0.011684782029821005
0.0355372071248298
0.027555626487045407
0.10570016216382697
0.024842235812623507
0.13571445138579843
0.03589228118039029
0.12404061283184764
0.005565761185065555
0.0064636849957176125
0.01277406917472471
0.11817206921053093
0.11718483037666659
0.029584054937418006
0.26290246708350545
0.03524926935394918
0.019926325996316326
0.01302299952089461
0.050879280616439586
0.009436535040740358
0.026921975149546307
0.017256387052803395
0.004492695653809688
0.012349294526350281
0.04277855103210679
0.00485814942266596
0.029550509734103295
0.01100840244873046
0.017491335714650082
0.02028559411609286
0.0028901971301542144
0.06786712958974878
0.013775812164924081
0.15016251898361205
0.01542191421404176
0.048897092104061894
0.05627167992543096
0.02661258182348579
0.006263792230125596
0.05007061529840351
0.03977060285577805
0.05164341448257631
0.008035884880542634
0.020053579012551243
0.01361568651403729
0.019568038354789097
0.02465739872468811
0.03425148138813049
0.009214070869703274
0.014248294622774414
0.04059936134750149
0.1118741709097411
0.047690848323019244
0.03600692652691473
0.06467543026500791
0.29045823360643247
0.013744731071028039
0.1248020571033998
0.05721834118973589
0.04982131467453435
0.049964234443223655
0.04875239601067494
0.022519852316321406
0.12504791971859397
0.08014310858754413
0.10439998781347014
1.0
0.006879993094996094
0.07988073487577035
0.06288812120000084
0.1300317767463016
0.01584562393958325
0.008837805236932639
0.036911468660457324
0.031370674247829515
0.010104359610434299
0.03820303971551049
0.010816522816805712
0.004408803055873324
0.06993752067946182
0.03184538384862764
0.13395939530667067
0.037040478361281354
0.9919910361631059
0.02581527441388735
0.013262636535057434
0.005737304411216807
0.05164298295248627
0.034168990951447736
0.013508441271640812
0.013288236157488437
0.028151407536754793
0.019999235043404187
0.02844964133690317
0.0042052123618601025
0.006816177838458391
0.025428610773840923
0.05554527779132481
0.03362203769038762
0.00592647849305387
0.004971545601016196
0.008135019796327964
0.09570412602729113
0.1332553171280787
0.006376946438346912
0.2679049449196376
0.001656038262715163
0.02190909309663242
0.0018212337952012861
0.009755958031727524
0.002897680006810032
0.02917415365193907
0.01641754097657811
0.10307827768025724
0.05813781141898822
0.022830296163864665
0.009358881918298657
0.029482743596844555
0.22496347177787718
0.02204754942743776
0.03984926353428951
0.09234169399635661
0.015168001512933994
0.0018487764590534512
0.00858704187774773
0.03507751845521132
0.021953387014191746
0.009879056642176446
0.16777378819182157
0.022399787898558076
0.07374332976580197
0.16965248868605148
0.011974729491603317
0.05349394793030182
0.04063607854461047
0.042677619449009684
0.0030838696564465555
0.05419946299924129
0.05931579088279697
0.11063560493402222
0.083988303467841
0.24473143351739746
0.03425220097004188
0.05311320578649215
0.058078130343024365
0.2186093323235644
0.05980534884044726
0.014320267990923178
0.051270726711824796
0.22174516030702116
0.017437577751123496
0.06020523267553178
0.0035638142525829617
0.18369964107609624
0.01122684757673084
0.04435626877806416
0.05044552831727932
0.04925685225769399
0.031135165543806655
0.019825806566364238
0.01867784088707256
0.04672902657711678
0.006876028476025528
0.003481346310261551
0.032842624897593604
0.06611947718150335
0.037244233871695245
0.1413273482777348
0.02380175459853522
0.24634606364016884
0.009621334852089006
0.04321109022551061
0.006282802168333919
0.013081623801722534
0.0037761650288981705
0.013585731712627683
0.1697474224473591
0.18481911050734756
0.014621281217641892
0.026753682213767033
0.057913691550730506
0.11494712009644213
0.10598051670144927
0.9764252465860119
0.005695701595090303
0.017788071733659594
0.024379625477849297
0.11828243435632516
0.009074692886371338
0.006355051344458092
0.00802751398057252
0.03750708638655628
0.011826605378605992
0.004325234152663562
0.01722924174230631
0.19802686813553969
0.05350552313646633
0.005390205117219227
0.02415670271742542
0.024813382387568864
0.020991280307653785
0.011484378033463178
0.041926032752481614
0.20735088592909007
0.06584343429581183
0.006804097286474192
0.015819160326898198
0.004299014264104312
0.043579170677067146
0.27383245339491746
0.007415858798125374
0.1388435920788885
0.025172155056722025
0.04698844812781135
0.032162887656190416
0.017383394831502925
0.014238160012642373
0.05378825134630741
0.00758116581416045
0.030425341786466983
0.04659374729403124
0.03975046998533652
0.07790342650428403
0.019747413081879106
0.006542841359800322
0.06018049640593458
0.006394801159175686
0.011911886807600356
0.152402365159322
0.10278683099853181
0.10350865905295195
0.03831946886794055
0.034224352614555385
0.02115981542819883
0.03400322031324836
0.03432115919084069
0.06664665924467221
0.027049563580843587
0.048861700329703585
0.021564566225826993
0.07006807863696067
0.05697163211531189
0.07699515720410739
0.09191178558336195
0.36641846817136914
0.018478502507598082
0.02562692565654792
0.09096835390252145
0.052498114277109764
0.11903553337590225
0.02239035110134532
0.24264778184858113
0.03044483666137004
0.007566093632703608
0.09246648778356109
0.02888031394867184
0.2520203407725305
0.18723820325377277
0.08090881195171744
0.011210663586509748
0.11764083848596109
0.029105163812259992
0.014034529350577855
0.020171832042900795
0.07966029850938365
0.03184990933542108
0.002876569916083831
0.037833866567688695
0.007213793369530415
0.05794146071712336
0.17707997741891807
0.16569944584993695
0.017204849936092392
0.016700192648998774
0.03572618118386389
0.08755702579061442
0.018227994083446216
0.018794062627607307
0.0929439552140699
0.31094759378266723
0.005960478563890201
0.07811157716297225
0.07288037201533831
0.0541694108573806
0.009614506366316194
0.0058985440457317555
0.023882885354783553
0.09422634243945459
0.07882919775905413
0.01001938422372907
0.011696757959330251
0.07192135954603505
0.012951261945770414
0.05210742547393091
0.11400921820311943
0.006319858893022942
0.0861091742255315
0.03133894999699081
0.09084499383356785
0.009705587115098864
0.06854149924969083
0.03198988166435859
0.003895587291280445
0.14363492618143456
0.0645090228965092
0.016986119163655892
0.012267481529751429
0.13990726183475694
0.19151062515295936
0.0016519957362683675
0.08228201406570351
0.022939298813293825
0.003913004181236852
0.09541001368839933
0.007597400275270299
0.021522688811395862
0.0016355413161058666
0.01439056147887135
0.003304920169897896
0.021661548866650587
0.010282674715128134
0.01623292790167786
0.08680038850997827
0.045426230696709126
0.003563283101149092
0.06433833247698358
0.003950397211439419
0.004753757031946998
0.2909116558885793
0.014489687367864618
0.011361853394521526
0.05276963911975393
0.01031376282164255
0.01491816269055438
0.08139315508609715
0.008521568825573336
0.017142417119676352
0.030094390270503753
0.012022365021503237
0.008552973405819054
0.03911877785661404
0.06614821049795402
0.005093963605666391
0.009184634954861033
0.14577250761160693
0.015570671686173855
0.09658098052456036
0.0043931670891357725
0.06164771121764201
0.00904961287095648
0.0750855363557817
0.013515505551751556
0.0030280234877375378
0.004548338503134943
0.0383256536773145
0.02034917642926676
0.07061247315218179
0.02388977809500588
0.00828054128497385
0.010059848858942679
0.022400079479166408
0.07447431657501216
0.0029979513366534087
0.13477397373004596
0.006304991971385441
0.006949446394225366
0.08334387562870382
0.015153903779204215
0.01828817718194653
0.02353542769481208
0.1412958436256236
0.05594434815566753
0.36748577335425686
0.016075288384324593
0.06475591870303085
0.013113708993573513
0.01613355163888364
0.03346602809707892
0.006194977688108929
0.09211823764660797
0.03871049431959904
0.018369383005328983
0.057775034077274204
0.02986803039416883
0.04853715645599276
0.032128536727583534
0.02018257141527988
0.06731735911138846
0.026853949771612838
0.09035277862441658
0.04269160471142102
0.034519783002324195
0.003474650923023854
0.032195724181470736
0.01327020327546105
0.06095120326860442
0.008953164863960103
0.013935860910434689
0.07511160379640425
0.04486891534942124
0.2126539078506581
0.008874277099529237
0.05100195808261891
0.08007483323138212
0.12689055184129472
0.013520852011201047
0.051035283053462076
0.018054066198122377
0.06296085113866319
0.007213785677574111
0.012763219297782676
0.003115429687688702
0.012195955102679998
0.06586359350579098
0.0023308612742950346
0.006528992649581653
0.006987824079380153
0.012363475515276518
0.12869080483675904
0.019940266742226844
0.2426484769841202
0.0044535912419875956
0.005236670037877249
0.015246132982074204
0.026812160236223372
0.02959798411773499
0.014919020939843805
0.00157992387323923
0.006934384431713157
0.04814831813422758
0.025659757613304714
0.01324634984961659
0.041930223276333924
0.016338300730642123
0.010090922701661264
0.04302125884701111
0.00686152835866233
0.05325982976229586
0.011890554487852447
0.08297563695022636
0.02947462940280558
0.009861060373914824
0.01015125249291578
0.023654080330897585
0.466525670785891
0.01578195364471387
0.003907717690592925
0.0961424288131253
0.0031333190905333394
0.013039732736780711
0.016359926430385044
0.0141309304600539
0.12659541286510875
0.4343468097536052
0.07959061142262967
0.03758011385908617
0.03183746354229866
0.010024663679139593
0.0077143382024063446
0.0372834969009836
0.01942846994812773
0.005204098063532145
0.020353857172835343
0.016392342233856865
0.013052563518797274
0.12459662474291819
0.025302420531868448
0.03750104749198115
0.010660089968654373
0.007986040270637785
0.011455325250816379
0.09256300473081797
0.009855774314687553
0.03024734608773126
0.011533892740090125
0.024947664309491385
0.010393085543200687
0.010007718873659803
0.0035758048744801403
0.04157450549194918
0.09847695997961375
0.0569526403405568
0.035291385005803734
0.04940211603100058
0.2853526934491505
0.08711662599158881
0.024064761412894913
0.01119680550870213
0.06996067544922156
0.001747585669170361
0.020347413912646876
0.005933924585581872
0.044369110530048564
0.0477609500026553
0.0021346791685839584
0.013243495634429872
0.06829523216425697
0.013684053604631272
0.030164752167093436
0.05151142418184909
0.04010253417011406
0.011686471056759106
0.17221540800893567
0.0021160804198320023
0.1473916921903565
0.019173199323382576
0.017513857525131148
0.006771239102816827
0.031388137864530825
0.012031412547744619
0.045705787305884996
0.03121198820752863
0.11030544007736623
0.07472173984294123
0.04741162212080429
0.06387520738829379
0.08653084883772731
0.0031278214304901325
0.029948924845510268
0.016355851889724177
0.007674085808643013
0.2609789218785534
0.03614435723472642
0.03370700372416879
0.005404681807565453
0.07036204752813668
0.006742595926926421
0.04054689640054332
0.09796995131623978
0.1417541669551441
0.4198041845281253
0.04878480546097969
0.00937398024719888
0.02379877451025071
0.013968110252208815
0.0042955214051293
0.0074825496964407235
0.05730865464326391
0.016269272547073672
0.0029651334144726806
0.08367073914831667
0.12245952263718125
0.0033145403934382385
0.015305485301779513
0.0057078363837800555
0.030170013099050045
0.017699800920304223
0.010231946199559564
0.005398810705779511
0.043076146401298136
0.04853299756223211
0.2469850712650638
0.026441777184828708
0.004128927920018587
0.08757684747563561
0.2887828540365212
0.08701994118609739
0.0448071738928714
0.01583332658464754
0.004857399621874671
0.03230094277284019
0.02432120732227756
0.079340486614951
0.018393617387228712
0.021873371082703014
0.016602240652910414
0.003717650477648645
0.08691704150797429
0.007218059352215065
0.015920177832906023
0.011375132585293074
0.03781906215752192
0.008450320091895978
0.011659379672825704
0.012455307577376735
0.0624623814979077
0.010494341610582974
0.011025208752361572
0.05466859067172457
0.14071193244617966
3.408265719301692
0.06147880101617304
0.06697719048918263
0.19481065216099008
0.03588073481522981
0.05632437683293731
0.03780617975622427
0.009314209811885582
0.023615272333996334
0.16895917232508154
0.04360742118509206
0.06865334032350477
0.0429419219812071
0.08205652954475695
0.8712986918740686
0.00967333677191918
0.00261386875486974
0.016390419096061412
0.1920473199838052
0.04214021020384216
0.0018919894928621109
0.016737336274382637
0.0043022684330741145
0.03263693957390533
0.0936841385864586
0.0018540344380948755
0.11831761055602125
0.45469587937979505
0.03666094857586217
0.007824057003229945
0.11651217950193248
0.007984320956265152
0.004787567320890235
0.017408661828926492
0.042466853837677725
0.12750909972350497
0.021351438669555745
0.051380487838981206
0.003920467945871906
0.034772711340702755
0.06716224459206563
0.04126103227485922
0.04714201709642119
0.009270577772889364
0.025484077414406083
0.00854703755441079
0.004853176992291883
0.04403001302245198
0.017357706992456617
0.03322692122513795
0.06216953912034379
0.02269042342762976
0.036471701584813304
0.002927658891285428
0.006165359193792742
0.019676741268636274
0.010895678782271141
0.026675919449116
0.01221440757157136
0.026252170142305187
0.021410131974676932
0.04345820680705524
0.01291803432575016
0.0013321777905975056
0.010312412106251535
0.020272174659707643
0.0041598053868515256
0.1291318843989871
0.08243685689741644
0.10823727257917903
0.014996510056240819
0.018269436450444498
0.08244315404237092
0.08212476501010862
0.04213771928286049
0.08459140618646338
0.04307771489912847
0.008789518051879198
0.0713828658113335
0.03945715543903783
0.060582690727521836
0.019240459530632744
0.0022798930889311782
0.07962065422814017
0.0046495661512925565
0.006610654483291673
0.02737819320140907
0.012497295835043925
0.003238830211141959
0.16563474756191202
0.1086473594040973
0.06752363684689618
0.014263804701013419
0.037896799005848636
0.009881818597959495
0.0192764958739389
0.014310647153276915
0.0130141917715306
0.20526903608994748
0.02565449788666545
0.011607718870276307
0.07655037067001846
0.03937510829916801
0.05646410689923418
0.06623252112806925
0.035976217953423005
0.04090446659651352
0.1633773468573384
0.013524115858993437
0.015145178029077049
0.06744559708507802
0.004796352056394867
0.015098293090691026
0.010748176589667112
0.008979272733658486
0.030697755264443377
0.025045532517951795
0.011751844193621751
0.005946502123656199
0.08255478421257613
0.001720719092997865
0.08667990954607424
0.00829699436658095
0.02496613338641361
0.15386049105357447
0.10455038953906874
0.1170298396613449
0.003146977422912978
0.020931671603098317
0.01759573390624931
0.011830112275797465
0.0017653710137893893
0.013205009148126608
0.08064226152096075
0.01220626950555111
0.04807147357497994
0.01336987672386998
0.007732685657576779
0.38479410775929035
0.009482854064379613
0.022999719372820908
0.08267168521027482
0.014584746307943559
0.1960146763782012
0.019301185682197866
0.005244105134952184
0.009515179170996566
0.0672382467591813
0.014580634469459001
0.013295440159025902
0.05473241213880298
0.002144450412299416
0.021447152274703927
0.006434253951487163
0.01854433920922499
0.07008734760492887
0.0009822454170146982
0.010318088257732559
0.12169885711866328
0.008210908842189477
0.024145437581382066
0.022161112732179477
0.0060303923520459695
0.004882870644810623
0.033719381383656745
0.0073185909109767435
0.04423644936722711
0.02767278429818935
0.12579522210643276
0.02031264053379342
0.0730963416389371
0.04299836926839587
0.03794273915393765
0.00454891179359684
0.02067674936437809
0.0034977039465057453
0.04754242891352308
0.027711402632001864
0.018416252145553647
0.07299128171283749
0.017246287233325407
0.010067253295724065
0.012563179081902688
0.006723645350799806
0.02071271395554988
0.055280931482121785
0.013708977716585087
0.02032944293427162
0.0008459933136762766
0.1748058453879988
0.044913994176969764
0.05938758163959104
0.09685897374755141
0.003101244798894181
0.011525271467101623
0.07090920524108348
0.040844490805170885
0.002612255286630208
0.0067936877015832816
0.03902054398173627
0.041961029120843554
0.11130183324378508
0.015461247190692348
0.02888683428748938
0.04493670902704993
0.05662122233284199
0.013880603796413694
0.17520423658348122
0.008591798408039699
0.0067002893764802705
0.18419438809429542
0.002002062666165732
0.2320272402793314
0.026094548982818155
0.004822358269375254
0.026193009498660057
0.007561042802032579
0.10123415468130888
0.06468420032448757
0.12278801103580836
0.019175048351549085
0.042688589526322894
0.12937941211608897
0.006744626252453102
0.044531525088260464
0.05071540413572528
0.05862606691342227
0.006489036325579343
0.0564123420451118
0.025631428508181692
0.21765843318755873
0.029002078788227872
0.01740417206664311
0.06411005830991498
0.013850988602773836
0.03472597976830993
0.047037573935521444
0.021901027985419413
0.03586571359143931
0.03557598707621168
0.00026689452824001607
0.008768023443186824
0.0021047088207533605
0.003600988158754245
0.0035941331080738504
0.007029183757432568
0.014051473965019802
0.04751411708144917
0.09135617867867418
0.03382287349477197
0.052323959597625834
0.11721145290783525
0.03721803795148514
0.15021697402733034
0.018466946395797268
0.07235778546154492
0.012285853562307438
0.039451631707719884
0.076594898806591
0.025053354135829584
0.008224421742757683
0.009376558967495676
0.18938063350957574
