7.596089622141207e-14
6.195718632041236e-13
5.394308337506553e-14
8.998225461280124e-15
2.844917010264812e-13
4.791851491080424e-15
4.39447127149271e-15
1.6212038612536013e-14
2.2622764525827864e-8
1.1192955873073665e-15
1.8177763578279999e-16
1.2374353229834601e-13
4.384676578210939e-14
1.5634167634864819e-15
5.232282796548455e-16
3.459389713759047e-14
2.938303185988534e-16
3.2519130468061665e-11
2.6337343177318567e-14
3.1238788503437927e-16
4.656938817227273e-16
2.222401956340189e-14
1.5495648209114706e-15
3.3461084503542655e-14
4.4615028503791933e-14
2.2457140012418807e-16
4.700817311925627e-16
4.3233478831972725e-16
1.3955132057527536e-16
2.406786677991193e-10
1.34859683260549e-16
9.11909952828831e-15
3.036167528004123e-15
5.283775173296674e-14
7.24738716783664e-14
2.658680768863062e-16
2.7785669229367343e-16
3.7443192891221786e-13
2.8573116791167736e-15
2.0919468748706735e-15
2.5180507926560143e-10
1.1224457453352569e-9
1.9709793906716216e-15
3.675316477878764e-16
1.4274260775576997e-13
4.912898943746293e-15
7.213859370335054e-15
1.273907952634792e-12
1.4334332951772437e-15
2.0802980271248853e-11
8.430026331499377e-13
2.8397446205510588e-14
3.271727096573142e-14
2.2814224153022803e-16
1.2001474781957194e-12
1.2241797170335883e-15
2.959647699969972e-16
3.188662848117609e-14
1.7212662438642267e-14
5.806367294139894e-16
8.913712269982355e-16
3.90235316058745e-16
6.821439106963495e-16
9.018816984064767e-13
1.3962297837665259e-15
3.7134071086013546e-15
1.6483874857200103e-15
2.6445963775749123e-16
3.082460574631673e-10
4.183092323996133e-15
7.091446186662917e-16
2.3269765208518834e-15
6.761782009805834e-16
6.821604444943925e-14
3.221435867153234e-15
1.0623424147137055e-13
1.993998620479122e-16
0.001421955860548514
2.8259242800873545e-15
2.7515856439907076e-13
1.4538192634867397e-15
4.179271100090531e-15
6.525734569468921e-15
2.260999883921625e-13
2.2159939984589074e-14
2.3899930417232592e-14
4.486386370699017e-16
7.183383545731419e-10
1.7777929574686923e-13
2.846447094355521e-16
1.554167669248374e-16
6.700741198448577e-15
3.187511684892959e-15
3.2867637688067354e-15
1.4407305502631928e-14
7.461088761146469e-15
2.510088499702929e-15
2.0937049417892935e-14
1.3332763760544687e-15
5.856129847025978e-15
1.8009050202394287e-13
1.1098197085159088e-14
3.007590889534531e-13
5.111787170046977e-15
3.76511549803356e-15
1.9592156731535885e-15
7.942143874042517e-15
1.880868104315172e-16
4.29085969194149e-15
1.369545531575428e-16
1.3628591605482308e-13
3.192513900910034e-16
4.860717084012987e-14
1.6814046398559227e-15
1.5871843361392922e-14
5.130996528147503e-13
9.659808875817272e-16
1.1271069740711247e-13
4.0205549536515544e-15
3.7688868155249713e-16
2.312404345426513e-12
8.784524604412404e-14
9.207122350319154e-15
4.2828936737795925e-15
7.848784535103437e-12
2.4628090890910853e-14
2.7816477621253366e-13
2.5983617253052926e-16
1.8773871316909664e-15
4.751375286377355e-13
2.4269111952054154e-14
2.9923412940318076e-14
1.0132929925731499e-15
3.088715625787208e-14
1.8788833729955255e-16
2.5472845174603308e-15
1.0363006074165322e-15
2.871442515524704e-14
2.0992080030086775e-14
9.81495512356722e-16
9.506164137846337e-12
3.6712001173788206e-16
3.978124766432334e-15
1.754792090558905e-12
7.412822377154424e-10
1.210592290226366e-14
1.7343177407056516e-13
3.426636883610528e-15
3.3056742577921746e-16
1.6089118584079836e-14
5.468922014983148e-16
1.0827916911125868e-15
7.296243102420468e-16
7.695253900630088e-17
5.106289831171571e-15
3.528380869008717e-16
1.011676820611282e-15
3.3346976214605573e-16
4.1613908512683016e-16
3.625464190397091e-14
3.1109022664293384e-15
8.700351619416821e-16
8.349607014774486e-13
2.2226510363162087e-16
8.732537341050145e-14
1.378793095945217e-15
5.972377453138821e-16
1.9345017420312717e-15
8.936103227683245e-15
1.629863448497334e-14
8.118377540973645e-13
6.981983449040243e-16
1.4198931337698936e-13
6.128413664954178e-13
6.240030006769883e-15
2.4705112218238974e-11
9.705345259674728e-13
4.4144688593220335e-15
4.41643650030128e-16
2.4205536191630724e-11
1.5919792597351472e-13
9.708252269294786e-15
1.0109380807805307e-9
2.3456288062026287e-16
1.9317918536860787e-14
2.00498092638831e-16
2.3433506397969182e-14
5.583759012105177e-15
7.4473043170638e-15
1.616610364323413e-15
2.921171863548227e-13
9.864426429704376e-17
8.882192291066637e-16
5.998626019549759e-13
3.9939451680051114e-15
5.284228636756476e-15
5.415610232624745e-16
6.282419979392372e-15
9.155049152107565e-15
1.1359468983661604e-15
6.861557341130964e-16
2.946149269500247e-14
8.900245420929685e-15
1.7506742113896292e-14
4.0714328334539105e-14
7.555641429683244e-16
3.07578838729196e-10
9.707878197171502e-15
4.985023649578122e-15
2.928291585571699e-14
1.3630368391940405e-16
1.9914681772891334e-12
2.5266768057788547e-15
3.1744728322237e-11
1.6290200609005658e-15
3.529180002604287e-14
4.875170799911988e-16
3.892598046532046e-14
4.736451683318526e-13
1.390436803183704e-16
1.683009152331577e-13
1.133736642341714e-15
1.7051292138333978e-12
2.0891495964003852e-15
5.167308910407164e-15
1.8254913000018914e-14
3.779210086433983e-14
8.237036463401566e-13
3.5986943904124284e-15
4.1385242793119277e-14
1.2746358506392419e-15
5.519018065745889e-15
8.181375523096121e-14
2.218061958679119e-13
4.129494058870404e-15
7.025975768537429e-16
1.1614133030339332e-12
8.442627581819929e-15
6.888659290299112e-13
9.803022902860798e-16
2.218605940445843e-9
3.965804963214404e-14
3.8104657737867306e-14
1.4689841445618244e-15
1.838066400341047e-14
1.8193151242934822e-16
1.7133626847715683e-14
2.4479166073858017e-16
5.181225827649101e-15
3.943944950827258e-15
3.4237715241668703e-15
2.3162044561086924e-14
1.1643065607646908e-15
2.8602954408048186e-13
1.9083860417199137e-16
5.219411549563104e-15
2.96343311862604e-16
2.5236457308432742e-14
2.294942258131624e-10
4.943522770495913e-16
7.732826478811399e-14
8.29805994894194e-16
6.741287828589192e-15
7.572371382782579e-14
3.787408972142555e-16
8.041852477572977e-17
5.112638397875323e-12
5.404940618222945e-15
2.948958910405407e-16
1.1805532115581225e-13
5.475209001727592e-13
7.539018772845878e-16
3.769856682221031e-14
1.4436919710074393e-15
4.4750475152815093e-13
1.478646956083551e-14
2.928928491968197e-16
1.0074980397221526e-15
1.0195843019250402e-15
1.984286820138487e-9
1.58122267381905e-14
3.0603823002177692e-15
4.161047124929024e-14
1.2028107258483933e-14
5.347940297640673e-16
6.659895937296649e-16
1.1623519939968417e-16
6.513377910788073e-16
5.952195328705594e-13
3.2147583009666004e-15
1.2786237153806695e-14
7.214028371469368e-16
1.1418870044124609e-11
4.499312291096098e-14
1.183721453683524e-13
2.286542585009023e-13
1.0792979770267168e-12
1.1952495863007012e-15
5.918377836186417e-10
8.282829766372392e-14
2.55579185868612e-16
2.0519339577277306e-14
2.0480156582735283e-15
6.259874469568543e-15
3.4372613199936054e-16
3.2652025931821795e-15
6.2112828356518016e-15
1.6347609230284508e-15
7.455289634480583e-14
3.910463530176089e-15
2.6754778039153074e-15
2.31463384191212e-13
5.660006253721327e-13
4.937762254617879e-15
6.73570760784733e-9
5.139346941823556e-15
6.454451095073351e-15
1.6133605562255505e-14
8.723884189008943e-16
2.2070782481995523e-15
2.0621482681937082e-15
1.63535060240486e-16
4.037410115489629e-14
1.9313415826893237e-16
5.813574435624513e-14
5.554647353309404e-16
1.0737039183454115e-15
4.464274168917078e-16
1.6127139985562731e-15
2.8061795225415632e-14
2.5704684598708785e-15
4.3557854812381443e-16
2.26453681796229e-16
7.404691749029792e-16
9.913582502657599e-17
1.4575229687550813e-16
1.2296557336505788e-16
3.1545756596995076e-15
6.922333736874738e-14
1.8821627039502933e-15
1.065079506310697e-14
2.6410370617849673e-14
3.364940417808199e-15
3.572708614143464e-15
1.7718833949715851e-15
4.094695210582633e-16
2.1489157718485064e-15
1.1075936847020063e-14
2.5006697416865015e-15
1.7475108581544335e-16
3.2387571290580763e-15
6.6137780000771225e-15
3.954610241963831e-12
1.6556534802933943e-15
3.937678401994994e-16
2.282216176818137e-14
9.281979021851717e-16
1.678072066142241e-14
2.4781017399454478e-15
2.4969125484498245e-15
8.63637518705398e-15
3.679081027028725e-14
3.0006241203110186e-15
1.5072335360872527e-9
8.165506539543367e-15
1.136297557376389e-16
8.885519954774148e-15
6.198435067852468e-16
3.005786962623475e-16
6.395571850934198e-16
1.809229483690752e-14
7.566676938586311e-16
2.1786311458100883e-13
4.96951742069566e-16
2.5887801034573835e-15
1.8963656401366568e-16
5.189090678357287e-16
2.325669857383203e-13
5.557896430390525e-15
8.89729748566424e-9
1.1084317585506638e-15
1.1067039642035217e-12
1.049562797167534e-14
1.6194950155925166e-13
1.8727360839884378e-15
3.0999827843086307e-15
4.0631825695204414e-15
3.581899059576338e-14
7.350329765012972e-6
8.272440764411426e-16
1.0482824906939614e-13
6.8721979414815655e-15
9.912882979435022e-17
1.4806776728135805e-15
3.021429060431707e-15
9.3346328538195e-16
1.8464074257094868e-8
3.198953265834045e-14
3.58560120921512e-13
1.3741315750705882e-14
3.028998647511596e-14
1.786115184330048e-15
2.2744728954704976e-14
9.413074499082966e-15
4.838116730220372e-16
6.148005137442856e-16
1.3898318945738246e-16
7.82887444121143e-14
3.555859925483492e-14
2.225931372916654e-11
2.958245558407553e-16
1.712853419368687e-14
5.783418204792094e-16
5.740378025204746e-16
1.7360434164347819e-15
6.258652855969023e-16
2.9045766980308124e-14
2.837528340783472e-16
8.184809708805213e-15
3.2239786145049884e-15
6.93902518731111e-13
3.67797337049261e-15
8.184803130394245e-14
5.528603242338199e-16
2.0731666133380053e-15
1.7093495368669245e-16
1.1550843483024514e-15
2.5980115650479917e-13
1.0347573178771579e-14
1.022307333503541e-15
6.661535282876253e-15
3.636529265301724e-14
1.6821980312605442e-5
4.961198753150858e-15
3.903359161382568e-15
2.88014757083349e-14
2.8901150742717133e-14
2.161640151435811e-14
4.128753024802736e-10
6.247782520145933e-16
1.2759053838264036e-14
1.1930498378278533e-15
6.737266434489561e-15
3.896943600841665e-14
8.327338893110251e-14
8.559075218312361e-16
4.6464952839175615e-15
6.921599805187255e-16
1.3439427112040575e-14
5.0984613899801335e-15
4.462324637148321e-16
1.6644104297963e-14
4.365764366922593e-16
3.187243842921016e-14
7.443768249338288e-11
6.965406103232469e-16
5.540865874971874e-15
3.0621655918204526e-14
4.995046545403941e-15
6.870623589279668e-15
2.956725857226756e-16
3.1971438266968215e-15
7.980823041399289e-16
3.5918628429530744e-14
1.6531254714002109e-15
4.268993324902377e-15
1.1236180727907771e-15
5.9503308445130725e-12
3.103368427892332e-11
1.3832252493487368e-15
5.4344218494384806e-14
1.1219200403201784e-16
8.00298221484019e-16
3.273319143952633e-14
1.658723150625503e-15
2.0401888228170155e-15
5.651949034819709e-10
3.7172630712911508e-16
7.19541903983738e-15
1.029351985313406e-14
9.702675980168387e-15
4.624010716137113e-13
3.966860868745267e-14
1.9360907914156907e-13
1.1788322423721647e-8
1.0594399780818839e-10
2.58692678825901e-16
5.727213743845075e-16
1.6014246654586412e-14
6.714972393882311e-16
2.0697784748698868e-13
1.8377417487838544e-15
3.111293518522285e-15
2.3140781964664446e-15
9.48117521330181e-12
1.918923627615649e-15
3.767620575653754e-15
7.747791805486724e-14
3.0161662769164955e-15
2.6433518401487223e-16
1.5060528273454649e-15
4.1597698631338577e-16
8.134666041466634e-15
9.659444072413519e-14
6.733787471723138e-16
5.229526011628253e-16
3.715935053603164e-15
1.933235265769002e-16
9.757462112609147e-14
6.992044491598102e-16
1.3390784400779775e-15
5.755603386729077e-16
1.335552451318006e-14
1.7607700185514125e-13
9.452898085393132e-14
2.219835047131911e-15
3.585105383097338e-15
4.0386100119180194e-15
1.7055323323523583e-13
9.507983303783363e-15
3.0257035697520677e-15
2.3682924277208728e-15
1.432340071465053e-15
5.6459674053149e-13
2.3944838835929257e-14
3.307436025017932e-16
5.024690454150907e-16
4.124249818062323e-14
9.632270970822055e-16
1.1058085030942112e-15
1.216326455704646e-13
6.622812414061777e-16
1.5371818261539727e-15
8.09094160135472e-14
1.95939332153516e-15
5.319881234504342e-15
9.492079837915231e-16
3.162426496675795e-15
8.998238571327511e-17
1.3923662688945819e-14
8.051620763641701e-13
1.008286470345257e-15
4.753601325903584e-14
8.546221152585491e-15
5.238756503403979e-16
5.187084391788638e-15
1.5976640413454437e-14
2.3029487674314578e-15
3.955854663116932e-14
8.311625606654261e-16
1.2539605205309756e-15
9.558837766712446e-11
3.596980626034401e-15
1.0785233761825204e-13
2.292320689444628e-16
7.2772121161583375e-16
2.3835323721030502e-11
1.1518960812544304e-15
7.74245142296806e-15
1.8639146181754986e-16
5.631669900661484e-15
1.5495559914952788e-15
3.392829820898925e-11
1.9473717145118048e-15
3.5513650892756853e-15
4.895793170710125e-16
4.1891037377574825e-15
4.209546069660153e-15
1.0964175463212193e-12
7.919080617234879e-14
2.914761418009391e-14
4.179498159421668e-14
6.62375427581907e-15
3.137662664892386e-16
4.497631434758888e-15
7.977010923924592e-14
2.711929780844322e-16
2.913749743487721e-12
1.3756531201768934e-13
1.5871934014465225e-16
4.380429614460861e-16
5.698471335484457e-16
1.1928842413960687e-13
2.6186652364470482e-12
3.718733203474918e-8
1.3114571386336792e-16
2.822703230473804e-15
3.3240937645181284e-12
2.0871451133843053e-15
4.405469100236091e-15
1.3623952244801822e-15
6.5428798196488034e-15
1.7382777712078328e-13
1.5132141931306535e-14
2.1227896461915945e-15
3.0424686360047534e-15
6.483656532889303e-15
4.0197059904400934e-16
3.9218184874276277e-13
2.1149017284766625e-15
7.634350111607415e-16
2.2103084400541025e-11
1.9191314336200497e-16
8.721567417647377e-15
1.7223745685437643e-12
1.2591004807515964e-16
8.189534923942799e-12
8.679310510799028e-15
1.7543088234834862e-15
4.94237472887889e-15
1.2410407340730922e-14
2.968514657712401e-12
2.1139621734640037e-13
2.5578161911482855e-14
5.008290986785274e-15
4.4231230936595605e-14
4.162539913747993e-16
3.785830963057922e-15
6.544957132450906e-15
9.276847322604744e-14
9.907228144742098e-17
2.2842116672403697e-14
2.2635753107635452e-15
9.40778849711199e-16
8.486342984098493e-16
2.388010613583942e-13
2.409028499499816e-16
1.1316910460493622e-15
1.005340796277698e-15
2.2389247409642643e-13
9.801383998608531e-15
7.056677265931972e-16
2.8774614772759617e-15
1.069911895759642e-14
5.804588261967605e-14
2.688796993541026e-15
3.302955318878263e-15
3.1897652349169292e-15
1.292663086074928e-14
8.440429111743705e-16
4.106406253756743e-16
1.797576947552701e-14
8.241549687504495e-16
1.624267702431945e-14
2.994773951339435e-14
7.384198171359994e-15
2.5577435416895758e-15
3.428227252837005e-13
1.050794531629776e-9
1.5058323673771452e-15
6.522201551576683e-13
9.51946202149568e-16
2.47228868939988e-14
7.288060903774802e-16
2.8435931590762734e-15
3.2242959199692355e-15
4.0088945196764405e-14
6.632345533137942e-15
4.714493060541822e-13
4.230149459658396e-15
6.001483741984344e-14
6.8553199529976166e-15
2.208528726315598e-15
1.7220906988556395e-16
5.489274818333753e-16
6.768538103128729e-16
1.5443733500217505e-16
6.451742016236833e-16
5.021046608777223e-16
3.6625993938087506e-16
3.613499715391564e-16
8.898341004107073e-17
7.724455876561946e-16
2.9999136166687386e-16
2.3743182406294156e-13
2.6397295113245092e-14
6.725391372628427e-16
2.9465051020848985e-16
2.426376272148834e-16
4.505974410331101e-16
5.768913453344504e-13
8.634508936670435e-15
3.3090519855252804e-14
1.5761059463052915e-11
3.761349897686597e-13
5.0706076976269764e-15
3.530129975950829e-15
1.834654296602336e-12
2.0959727158089093e-14
9.64893537521804e-16
5.725084870078287e-16
1.4123462630195535e-16
2.864334182798918e-14
2.722613707262302e-15
2.015261913676999e-15
3.4898863520790925e-16
2.630961695654059e-15
1.0029154839907735e-16
1.926438501675973e-14
5.1122046550424266e-17
1.3182577617144603e-14
4.528140944287298e-16
1.7186136782289395e-15
3.9354211561844604e-16
4.997476653883204e-15
1.8013240695441612e-14
8.346698755185456e-15
1.0651999052584872e-13
1.2671986215130892e-14
6.1686644653720145e-15
7.064754371073299e-16
1.0783801509099755e-13
4.310365581408997e-16
1.4994903281427246e-15
1.7763529612770238e-14
7.782304398550836e-13
3.148450387156416e-9
1.622815405751945e-13
6.655028953745404e-16
1.428207616578286e-12
5.607019601178478e-12
3.3761337702018123e-16
1.4294261248270596e-13
2.945253866891187e-13
1.3079494622210045e-14
7.395037847601263e-14
4.5436874840946035e-14
8.848461744601148e-13
1.1843854845494353e-15
7.641455550610943e-14
5.647771732231352e-16
3.6765477656295e-13
1.5777387876806235e-7
1.8409131977381088e-14
4.4292633377418056e-16
7.728922294056304e-16
2.8508150314924232e-15
1.258959474452906e-16
2.085966100258542e-14
4.7049160492449315e-14
4.132931395970285e-10
1.0089662778542889e-14
4.955191966168926e-14
9.45288331075262e-16
9.847814625730246e-17
1.9006397367419127e-15
9.568399855018804e-16
6.718498551970574e-16
7.224694666131434e-15
6.751581454313454e-14
7.406863698231249e-15
2.2985769026699874e-14
7.694498854793049e-13
5.900908563166804e-13
1.0761964966496885e-12
2.690563202491158e-11
8.445030280536077e-15
1.7939698446952284e-9
5.984135959795108e-16
6.8274493578139965e-15
1.6564156127466145e-13
1.870336332203845e-15
1.1248740612802673e-15
2.3043020395018095e-15
8.012915947369888e-16
4.771949178339285e-10
9.809777779733993e-17
8.165843486042409e-16
3.5933127356861744e-14
2.560981640143765e-14
1.8819986410109634e-13
5.519177660422546e-15
1.6604782255709977e-9
5.3897240356801405e-15
1.2201513774894469e-15
4.683296485057426e-15
2.0624160205596603e-12
1.5114912359591043e-13
6.785442975404169e-16
8.976205432284314e-15
1.206402688389431e-16
2.5786429831850785e-13
1.2426173515132657e-15
8.682416371491551e-16
7.410930236426661e-16
8.614097089262294e-14
1.7084024837146676e-16
1.1976048546757131e-6
4.5569736631394184e-15
4.7054692804616545e-15
5.6373960088239125e-16
6.86630600751649e-15
4.037642438850194e-15
3.4122995388717284e-13
1.7248750685062916e-14
4.024815016339619e-15
1.0925706154153016e-15
1.373981822666433e-13
2.947858914025878e-14
9.791584562638076e-16
1.7635604023408054e-15
5.806585735377359e-15
2.041317605011841e-15
3.1913078091440837e-15
3.3675716477187197e-15
1.800883681659732e-13
6.37041545237235e-9
1.0412317849565655e-15
8.266167438953568e-15
1.1473299912109755e-15
6.2608401266625245e-15
4.054132521708026e-14
2.976949135257852e-14
2.1868403413382474e-13
2.093390596562508e-13
1.1578439635327586e-14
1.0748927354995178e-14
6.740678222921873e-16
1.4658973792616593e-14
2.150906574448493e-10
3.1161230015570273e-16
5.292106504119087e-16
2.1027161151409424e-14
1.2357937940174188e-14
7.141573647856385e-13
1.7240396549989277e-15
3.4559049544750627e-16
4.687755852597383e-15
4.148837650370685e-16
9.444880254242726e-14
1.4523996173229766e-14
2.3138093223057324e-16
1.4509620573075765e-13
2.3306711667543484e-15
2.070794096982914e-9
7.560672883893146e-13
1.1426212288375316e-14
3.339991592570427e-16
3.4331324107461513e-16
1.9068838465687785e-15
4.679568966207298e-16
4.675972035392563e-15
8.711715146171914e-16
2.7934149256631733e-15
9.627110211627412e-15
9.739969602304465e-15
4.69685231342787e-16
7.549316255937565e-15
1.6709798152451993e-16
1.81842167771838e-13
3.818206343517761e-15
1.1768780719248506e-13
5.425752762512322e-15
2.7890766478922875e-16
1.4306615703934973e-16
3.29667986908455e-13
3.767576483109331e-15
2.6757655424516166e-16
4.855669059727519e-16
1.2650926484187348e-15
1.1530398949078681e-14
9.005823371494562e-16
4.034007465535135e-16
5.887443599370215e-15
6.148825696199372e-14
1.2606209359617946e-13
1.8863888814309725e-15
1.3672090832439378e-15
1.583164493540819e-14
4.86263226487051e-15
9.566976776201223e-17
5.4561848590637217e-14
5.902490465942167e-11
1.882136984368953e-15
2.6014826787739706e-12
3.138550280103161e-13
5.0683682862825966e-14
7.682141900789827e-16
4.170358272016645e-15
6.347829356075423e-13
6.925031514492809e-16
5.04413053622814e-16
1.4806890096175596e-14
1.246452041654769e-15
7.828779676994123e-15
9.5585840836159e-16
5.458304234290715e-13
1.2359778717690056e-13
4.854215783384265e-15
5.767742861954649e-16
4.650362040257203e-13
2.6054505060971993e-16
7.537080225240562e-16
1.889298478775836e-15
9.88864052647668e-14
5.152861574013309e-16
4.385358867567015e-15
6.707673317222674e-15
2.750993856330975e-16
7.91619403112485e-15
8.340513294988487e-14
9.632604163845784e-14
1.952786529482974e-11
3.886023174596044e-15
3.507143850249594e-16
6.778778071684371e-15
3.007654649751983e-9
1.915802334352497e-14
9.197545987901117e-15
6.885158350202485e-16
3.024191524370353e-16
2.706353941139108e-13
7.671306198660783e-15
1.3429587544878427e-11
1.8278471863226668e-10
1.889742841464122e-11
9.865093744533025e-16
6.318608723638857e-13
3.973326632793625e-14
3.2417638128430183e-16
1.8481449740237842e-15
1.5568420702083164e-16
1.7689340345374656e-15
1.629191820125044e-13
1.1077538889869923e-14
5.275496232175162e-15
5.620704921006456e-15
9.920358732689013e-14
1.0124591145975261e-16
7.038118629560797e-16
1.1524615320689938e-14
3.748674700010097e-16
3.0227800254144787e-14
1.5946534343293015e-15
2.7827603009298097e-14
4.68924759487552e-14
4.0735790407565245e-14
5.946777432368676e-15
1.6086259820814256e-13
7.55206867271341e-14
2.3036563650513495e-14
2.4432264911841448e-14
2.469081566090998e-13
1.4472750950624629e-12
1.0227213089621327e-14
3.890270281582191e-16
1.1239247628194067e-15
3.6422937503977984e-13
4.732841836237486e-14
6.980709097660396e-15
4.29129442898611e-15
3.3882641185026146e-15
2.946506967232613e-14
3.2849264217159e-16
1.4380241647057612e-14
3.84972028445491e-10
8.540022990638837e-15
6.52226466735573e-14
2.3099725828195288e-15
2.782976950478323e-16
1.1352145776662419e-13
1.4122630516672107e-16
1.0675548529691215e-14
2.599702623555263e-15
9.515220937018952e-15
3.1440723531060684e-13
5.24368160410989e-15
1.4727510297481377e-16
1.3076488693474143e-15
1.1236390217278996e-14
2.983125476585996e-16
1.6854172430267753e-15
7.358807027457831e-16
5.530736861545546e-16
3.4806046447702547e-15
2.6278629728161265e-15
1.6918178076744731e-15
2.4572074994993045e-6
3.880575964018521e-11
5.920247861881581e-16
2.957082645342338e-16
1.7179361804811775e-15
5.798292255552763e-9
6.112982359857901e-13
4.204667332123345e-13
9.14383491831423e-12
6.229506566274048e-14
1.824027629643289e-15
2.1259534753635304e-12
1.5973616997473271e-15
1.3540807721845396e-14
1.2772442092974122e-14
8.552998705940734e-17
3.647013430602851e-13
1.1195797413027314e-9
7.415562058505485e-16
7.272965820474861e-16
1.6273676201788518e-15
2.960946027281332e-16
6.155423201531541e-16
