0.0032781807102496277
0.0020532230690873477
0.0032446885904868603
0.006249328960970932
0.044203107840131116
0.002006476808480133
0.011060743269989135
0.0026099437514906553
0.0028461859776301476
0.013001731003443874
0.00788210944159817
0.003018919062579686
0.019242083697613856
0.004735713343569604
0.0030344418304114277
0.0020883485490641633
0.0016404503297169975
0.0017325484107885668
0.0060801206456530515
0.007419113423731748
0.0009602123918725187
0.0027008162914079425
0.003017005235084401
0.057594722003563754
0.003006239407744196
0.006835991503552135
0.0020466215030305194
0.0016613283593354714
0.010710709336146347
0.015483164987993884
0.0021518674773679273
0.0012390431846058762
0.0017426058368580047
0.004043131960802511
0.0204806143369002
0.009077187127971424
0.004823089309096354
0.005681376258332489
0.0032632570342707623
0.00353781596588114
0.009360788724437753
0.0015373208307234887
0.007678037977009504
0.0037287442301934333
0.0015736751610700343
0.0016431070875817073
0.015831717783475887
0.0016930252794748757
0.006133205562655402
0.0010248639518738642
0.003598505148266055
0.0013445043344882937
0.002697222630238821
0.00636773341588019
0.006402710256703174
0.013952096158349315
0.01269964794051384
0.0051146112393140805
0.002669672815837006
0.002678043825544271
0.002379716592670555
0.01379206376363678
0.0022660059373149086
0.004620476050195585
0.0017651304530024632
0.0038894078090495293
0.0011514225292312314
0.0010609644102889922
0.0010175259227315386
0.0153096573193281
0.002551260168830647
0.006408813718188617
0.005077698480869061
0.004540169828904445
0.0016100467287806664
0.0024680713092277173
0.005136099595275705
0.0029807877414805848
0.005647071071827306
0.004971523690241969
0.0045047998429905214
0.006835069033328257
0.0017500514372555927
0.022894133605649587
0.004564008672489804
0.001134362490756176
0.004237305245433158
0.0057677887646409905
0.008427931752777389
0.002482245827143794
0.0012873733464832807
0.0034152176561887096
0.009448325727621377
0.007377580846567669
0.004608539960516919
0.002706074986663198
0.009570910312556642
0.007954445066663485
0.0013670215696894074
0.0038404720206918837
0.014740780503293645
0.0017225282289994074
0.0013874473901311953
0.0062678962765689355
0.0010118268398437188
0.00365395089609511
0.011889050892799017
0.0009150423866360677
0.0018198139087083696
0.002954309367549489
0.00378197822180243
0.004309805151001745
0.001681758130045997
0.0012825703254680004
0.0011530668815761703
0.0045350434242744
0.004751982630127281
0.002413292476249202
0.0037348560494672818
0.0014957038712179406
0.001348640129235603
0.006173549019088217
0.00460962379048782
0.004487937825047207
0.0022671549058011988
0.0021695296285183206
0.0015529434840447548
0.001525986829332322
0.0010968527424165015
0.0021954439348039114
0.000757080010260733
0.0057575041091442935
0.001544708543880478
0.013558726480326935
0.003806916925748336
0.010884410622573865
0.0016347046640320445
0.02438174418530296
0.011215700816591746
0.011173191968382337
0.013663022086597438
0.0017587418466189306
0.007346903761064339
0.013666627395336186
0.012838718485536483
0.0008055611026777335
0.01731557121798133
0.006141687194252895
0.014276294604604887
0.004578431372999096
0.004783150996666571
0.003393169139100781
0.004257032663810678
0.002963467804127276
0.0026013338819612284
0.006297248094456752
0.0018305923782414926
0.0011751886582417933
0.006185216555203532
0.004209720195163673
0.0021904464866862364
0.00692800112364618
0.0016159591004846544
0.004845496749813102
0.0014801868423914072
0.0073286149634335974
0.0010260427380039147
0.006980847697844366
0.010579926740937922
0.0016067342878264739
0.002310963555097882
0.006390654187459391
0.0026033127972905413
0.004561740191714518
0.004368401175991663
0.0031037005633588605
0.009660687959909832
0.002029022192828107
0.002189618483072408
0.012182018664189734
0.00224290602029586
0.010141278639206164
0.025242089443960863
0.012360755473541906
0.003090342300671843
0.0031590277748360642
0.005451368736690262
0.0025562056891470244
0.003010802216187526
0.007722016419018099
0.0043288926570036025
0.018867597302294765
0.00290271075340592
0.006179424375473357
0.006596121726175629
0.028306722057614166
0.0022134844969642657
0.0014916044411706082
0.0009406700614825578
0.013672935929466022
0.002271121276402154
0.004564281002406866
0.0023091445128999542
0.013294137463946162
0.007329249724768728
0.0022122247241070465
0.0019886208620874253
0.00892597115830068
0.002169392201901866
0.006149700756465854
0.0010100240666794475
0.002505113000430074
0.0035917166719708544
0.0008774078852639465
0.0032631922695076023
0.020068352607145477
0.0035171032206617533
0.003313265308752161
0.002393264785906783
0.01188540329681721
0.0018949019720202527
0.0017863418259202511
0.002659373856931759
0.002379152444199737
0.009003743517947523
0.0007546616778551713
0.006097752669408294
0.008031016670321307
0.004661178038413007
0.004516475288168278
0.0012928198309248215
0.00503949387651065
0.007192356513197998
0.0038267622003252833
0.00250135608626436
0.010420884077942769
0.009728852683416736
0.0009527520913091442
0.002012539679694932
0.008704002603136828
0.026619656902531454
0.07904195761290446
0.002811781083682912
0.0008858799845175762
0.0019667139336955416
0.0019800004860845303
0.000927425614865386
0.0028483850469772343
0.0029392786718031123
0.003220836611563217
0.0020563818253292745
0.003598468338104208
0.0037903692725641085
0.002058594826582449
0.011930334265703666
0.02239839548909784
0.008286207992418746
0.0010843296403209171
0.006925981844212794
0.000820509503888833
0.0064788430235628094
0.0009567465037637979
0.008873984862248023
0.0023007928065991168
0.0038165789283629023
0.006656329533993548
0.0016515651080604655
0.009630198848725055
0.0085469672791015
0.0038876483554888797
0.006857475188816226
0.007113222461986749
0.01442034674293592
0.006467461658194299
0.004844757107146381
0.002138696330433702
0.0009776601796559951
0.007406484543927078
0.003045825695169242
0.002396592435569848
0.012626304504265275
0.028472788748605028
0.012077543643608307
0.04827442519053144
0.06442186775651677
0.004239829496876071
0.0057906796652068965
0.0010971863437036992
0.0052774725705110725
0.0023208571301257448
0.0016307884815576533
0.04988104712286764
0.006025348435284744
0.0016667988669595184
0.0015784926475829416
0.0011530814896555106
0.007185907643187743
0.02179988991271687
0.003931054067335653
0.0021717731291621533
0.0013708583571003514
0.00693596187411533
0.00229416797598824
0.0078051804905348845
0.004135620008744815
0.004972168574165477
0.007302817787575251
0.014952134638603872
0.04029238859298066
0.005578167345753126
0.010176747746148664
0.010330686254537818
0.006405466654203468
0.009611239029889198
0.007328930738639391
0.0032923520882543475
0.005794497910155529
0.004548622874806201
0.005524078846445632
0.003696138833064198
0.0052730380148503725
0.0033378573580346736
0.0012303599415729495
0.005849407409398668
0.0017894939290399171
0.006894868138178496
0.0026414818573168805
0.0007322322606857907
0.00169007841016145
0.00629185119940391
0.01717269670681478
0.008277333164185222
0.0011856303517011686
0.014823953275978415
0.002116620915166741
0.006720817227840117
0.0026289658195348315
0.0021399411630803364
0.006248991664325006
0.000732525155112976
0.003218520390290197
0.009951358141526982
0.001977114814005793
0.005349662229858773
0.03791076903813167
0.0021186580376171896
0.004576687952136573
0.02076873043640087
0.015508148314768261
0.010268927539817467
0.000944726610162159
0.0027118946926090607
0.0009454389823442058
0.02496303190189575
0.009896350551106393
0.02353267127143948
0.0027786074263016994
0.002335286299491669
0.0029062873720359862
0.003538296883017473
0.006730684340465723
0.005036542590122117
0.000976699827777635
0.0018883495854193904
0.002874931073066163
0.005582821175934435
0.0034401625142105063
0.0018002812373200453
0.02240728308504794
0.007437819621890094
0.0017968594566496684
0.02046710042184913
0.0075865170905247
0.00902845600970266
0.025820055129617606
0.029311734603279686
0.014986623565651577
0.0022818175434154123
0.00414960546423082
0.006481539904358112
0.0012330226102284733
0.003493120014250219
0.021183825847754106
0.0014770970161359477
0.0033670492792258555
0.005396135201342216
0.0008077976655598098
0.001759778772792345
0.011312187294107304
0.0016092872999074429
0.013066074644398245
0.0030326727009883374
0.001159138052756717
0.05286310660777236
0.0021760320001316708
0.0009370568790549881
0.0030497987511806644
0.005134522814648132
0.002011920517723154
0.005045449562554569
0.0008153079338313991
0.00437050809329178
0.0032124526535449987
0.0024327703944958985
0.004949027010860899
0.011788161714614845
0.001347966436381122
0.00758903002028932
0.0033400117041923107
0.00523697940413815
0.006818610295850211
0.002344225709599533
0.0024932728786178694
0.005550864258494335
0.00532009032262087
0.004348460091685179
0.030402122470784207
0.0027487687074584173
0.010380673867990131
0.005818450054350118
0.0025239174420212903
0.013663822965217964
0.00577533346149328
0.0017780178602155106
0.0029596666812639768
0.001371857751771558
0.006837602543678283
0.0015539694803250997
0.3415312690329505
0.0026193479938269775
0.004172979943974823
0.0021459337923350453
0.005584289973187303
0.01615101422861712
0.00982211666090635
0.004363755869107485
0.00817499264767337
0.0031747482605139583
0.013818549596485406
0.015331918248393497
0.008959075626904272
0.0074344198748749705
0.0035528768260189273
0.014701567461278132
0.00958591844754011
0.0011497168039128062
0.0026158426355161655
0.008681541427326373
0.004465216162235489
0.0015481761621781256
0.0042621867333964775
0.0033911093209897047
0.001059989673566894
0.003934088400343757
0.0061150269951468295
0.011398064363291525
0.0020620836231553447
0.004651593857810231
0.008524037504456907
0.001856813414351381
0.015594212789253934
0.009770200815829902
0.0008835055356429714
0.016514001931382243
0.010277463603789706
0.007381041059373148
0.00350017178025608
0.029422802157590345
0.0036786126359099804
0.00808842625413898
0.01297054248907417
0.0009033016414141713
0.07043367600976096
0.0016068635379427993
0.0012978716602223689
0.058365592136480626
0.0013208380058652405
0.005542571030772899
0.00483622002162101
0.008311601263729408
0.001105904731525816
0.0023550987747619507
0.0006901538062407389
0.0047577177936975025
0.01293867632258645
0.0030386298948285764
0.007759950774803224
0.007164834901739186
0.0031645503525580634
0.013513831860536731
0.00874328730580621
0.005699603957698373
0.0025418349507752764
0.01270998478168208
0.0034806502348548513
0.0063080378049634855
0.001046856098977135
0.0013773006490853305
0.008726982677937877
0.004324805228973278
0.013847981914109997
0.004316505425715172
0.00727282574815699
0.004711776226509248
0.007493393131411472
0.0020166671108986446
0.0011688189761482652
0.0025163011815026713
0.001081415340690749
0.0019525394882257514
0.00262245952633497
0.0012340880378425767
0.005640682155404153
0.003074656939450062
0.004212004397654327
0.006282324521937698
0.07281542003889273
0.01924376185291982
0.005717426902432656
0.008123014538448091
0.010910434967096821
0.010709109947891607
0.033449106957153314
0.004647132889802839
0.003623333022490869
0.006705388870653631
0.0011729846636849707
0.0012651202243011445
0.01211109269154863
0.009906368580647454
0.0037292027651820788
0.005378091350627569
0.00734979436960141
0.007294879124103397
0.006101426037905099
0.004243651980270429
0.0013407256153964038
0.0016503801359315088
0.17995752425786693
0.0012271276324179337
0.009018738720010088
0.012922818730938493
0.005411346709102067
0.006837835856683916
0.005797947454451977
0.0018814226368104538
0.0010230555100047866
0.0025490591869362033
0.002272536756093485
0.004173823990620538
0.005529401811095051
0.0013841848535586729
0.01971848045160081
0.002060951653571892
0.001269776533193668
0.004032780385201335
0.005722415678030684
0.005508517615677798
0.0011523670910733928
0.014276938461367815
0.005203002083846411
0.006115652769147898
0.002516945105885754
0.0036026214605495836
0.003543926800426803
0.0013978809919701555
0.0014520064731923688
0.0030543682920537193
0.002286684591426589
0.0011595169721905973
0.12203786380689642
0.007965329446254677
0.001106643068398906
0.003647135603252136
0.004280399499074869
0.0031916429065888745
0.003186203336733886
0.0053328940635314365
0.008819821481356942
0.009453620378250028
0.020172079464392038
0.0027369308938212005
0.003562009977342074
0.00475018841653016
0.016681548401485946
0.004755849138924847
0.011851912369285214
0.004578613899628639
0.010976724312350234
0.002953911547471024
0.006667450159654435
0.023005040332472842
0.003932109845325617
0.026979923609699624
0.001543885711422444
0.0021881480616446195
0.03202469721808481
0.0013179459343123355
0.0009884233164375786
0.01593151897250517
0.0033927692229001874
0.001461433323728026
0.012833868842927624
0.004063240152260004
0.008456553937070063
0.0036020203652194073
0.016657686241032758
0.004894337196781097
0.00815957229310548
0.04135751296886905
0.0020185351072549078
0.0051328735386969885
0.0008022591237747071
0.002257664590161063
0.007722243677506329
0.003962489483429846
0.0009144851662749804
0.0019210099510706435
0.00832897566379303
0.005561693009243983
0.003234424705729145
0.011129171631170467
0.009071313223902422
0.010184968621155166
0.007105417432304135
0.011421380312624737
0.012222969257927508
0.025345914018425876
0.001098547505708146
0.0022284653289878537
0.0035119692740910196
0.004351731136400991
0.001375432363613992
0.0009677912452523248
0.02542987671397295
0.0025524038789825334
0.017436908853454544
0.0010053335798105652
0.0013935187766593447
0.006162678367415306
0.0036664206764208855
0.004209290391572717
0.018269597963052615
0.0013258111892662135
0.006632005877061033
0.0036625052555378903
0.0026548874307124304
0.0007567797625423079
0.04138954051960546
0.07980642067735759
0.002019032360351394
0.0027354964190968696
0.0057050139245053266
0.00322734321435227
0.006409163062677609
0.003081212455104389
0.004128909628432496
0.0019153530155024334
0.008808739780659507
0.005954800832035131
0.0010190613183565954
0.028769721515876343
0.02322383368272011
0.0023600416059735238
0.0063511575284265175
0.024800312856872786
0.0015708142063298024
0.006013055659562177
0.001388134313474541
0.0026049242717625203
0.002196967275474998
0.01006701350132166
0.008476884199337956
0.0011883065230224887
0.0009151319978271792
0.0016556829273338227
0.000989393002613503
0.002841851126774764
0.011008799117331419
0.00532387485744033
0.004804890573014594
0.002122586372852056
0.015722107715257807
0.004109324386944132
0.0014161036012753114
0.0025649115119892726
0.004116361721709975
0.0024008591634140856
0.005057048653513492
0.00315349125666673
0.004720542308981013
0.006218522896041115
0.004282271975144104
0.009018472823457439
0.0020105368993322543
0.002966559232049028
0.002133856721841806
0.004487756917660507
0.0009101265457462463
0.001677195402642414
0.004819417499980699
0.005477758938764662
0.004948854633038803
0.004956055065511543
0.0032099646206128598
0.001070446151029177
0.0017447625579340236
0.01803557183675655
0.006921740341140079
0.013088946327130271
0.0009391202508474288
0.010607911421480588
0.0018809129923450525
0.0038009170237905993
0.02412488108560008
0.006083359487491392
0.0025683658900882223
0.00910642528631104
0.0026496131057328087
0.0034610939130973535
0.0009532127224517877
0.0011820117851471165
0.008007447903551792
0.005217530238245734
0.04992317398685608
0.002095527336354312
0.010671954546267426
0.0019890049549470966
0.0025878892726231653
0.00369783462065724
0.005226623022310275
0.03954096747528474
0.002958677467224138
0.0015968532966764194
0.003464331445522761
0.0008690860848878807
0.0006848678027966793
0.0027479155027595953
0.0017850035517909437
0.002743284261203975
0.011153344633659674
0.008723554961799435
0.05498624637791861
0.004015564276816986
0.0019113658180456533
0.002242739484874444
0.0037294712395582507
0.0033942366014551267
0.000825402961256981
0.0016525890050037011
0.0033129849878377445
0.0025359960159689683
0.004565032972007644
0.008348152902071712
0.0011219761680634492
0.01855293360464332
0.017775797815806262
0.0025165386349681965
0.002945000636668228
0.0009383618725149822
0.0110513248572298
0.002637977234173608
0.0066205585805705
0.031576244555605336
0.0015967759308392305
0.003595144221705463
0.005405360666003692
0.001993064945005491
0.0012919138604252029
0.004785827248109803
0.0011864036468380303
0.0009444457845290843
0.012696760888323012
0.026959659376706118
0.0017452621652309438
0.007103778692525316
0.003218577253961134
0.002336687503826073
0.008414256001267538
0.0009988035567923756
0.0029581673068226687
0.0035130597599376807
0.0073091911571012465
0.14992068108178289
0.0059308937653414035
0.0031394716324384263
0.002170964786051121
0.004768705320040861
0.005479174698918882
0.010348150582820835
0.008471971163533435
0.019683427001736448
0.0040841037570797465
0.00948564309868248
0.013415097245939677
0.000980597707787867
0.007478327051546381
0.00498191997459717
0.014243676350180352
0.003290299439829155
0.01791978166164193
0.0009446966132869421
0.002304209654804186
0.002756408802925386
0.005841934898890426
0.003964200624833532
0.021410845935166335
0.0023150851260010153
0.007373860248533888
0.028673163665569316
0.0034653996621636235
0.003274635328394352
0.004895570911852274
0.000896126341605245
0.0011689258148690443
0.010849794967132571
0.005004656843084976
0.0007699676966232533
0.0018060723776905346
0.006471191485154956
0.00489945334707842
0.002749666870864967
0.006634663699091
0.0015085368247097298
0.009694494497671886
0.001363057040693733
0.005401736551745961
0.004647205602577562
0.004779717127416579
0.0016197534147384665
0.018332795646575976
0.003291461017962761
0.0029673264339959396
0.006591818484725637
0.002551797410607444
0.0022908307971995713
0.04108914508643442
0.001326426998636129
0.002856353261230341
0.008697761074405471
0.001187529660962507
0.0070554157291093916
0.0006799695803143759
0.003239698084168629
0.01048934280963335
0.0012380566902244255
0.0015255091071661449
0.0021774477916238423
0.05773768305696089
0.001578581055690238
0.014225815825579483
0.007260029687447549
0.006915859044921618
0.011476523166740074
0.002251982362789703
0.0022572864368300733
0.012963905564495169
0.004059037340512137
0.00534924432913291
0.015304363543463595
0.0014493167330649696
0.0072265995807715725
0.04298832070314132
0.00482494522641984
0.017182828946238793
0.0011773311943347189
0.0013655838472549488
0.014675874436155392
0.004453339177684405
0.0016957464246868043
0.009229065605330109
0.0014216340694876448
0.005719346446604061
0.013092983139931813
0.005819520733316325
0.000890298777647721
0.006612333868867411
0.0026212868449953975
0.01156098114633435
0.001020878755110332
0.0022406205773683615
0.0025147722805993447
0.003451092715095125
0.0020230443209819063
0.003038376307186011
0.0053280548227118375
0.002512980956108995
0.0010723040863127786
0.0010045611942325209
0.007152322221662642
0.0038752278544704932
0.0028583204318022334
0.0034698271101666466
0.0023549349824847784
0.0011177951156290983
0.012516327903232352
0.007940910369992536
0.00827192889610689
0.003714796927466267
0.007392598935305684
0.006203343921371713
0.0019248838092133607
0.0062610745372225236
0.004978648670968349
0.02057635080084832
0.018479113751824847
0.10569054736228603
0.03249542085501068
0.010621413486521175
0.0013093468167405483
0.001474393551150699
0.0025858890617552694
0.017899809101197123
0.00837709458322172
0.0066369587586327956
0.010501781985705005
0.0057808505651633
0.026622365508891216
0.0020216636080646355
0.0015019757210295408
0.0022564649844256848
0.01238989135175279
0.007539087485743037
0.0018056635133436147
0.002685406701824741
0.03495580616161663
0.004549008893257349
0.005424682157708395
0.0032171064570068074
0.011264506677580477
0.0009945504102705327
0.00490173841059776
0.06877549991178504
0.011037877648846967
0.04976847296037407
0.02126450650753115
0.007542541758908606
0.002246822199004695
0.007581013545963697
0.006413408179897327
0.01008426549056519
0.003954523980162185
0.0025394957812118323
0.006401516773101541
0.005863427107580802
0.009424593365640773
0.0008754337255505835
0.006205888523090743
0.002692732126491061
0.0017407695072979407
0.004671467169971089
0.005068596061469417
0.0010325978694372831
0.005183486894823929
0.005035799929947077
0.010961268443399433
0.0005595894866391938
0.0020791824353464617
0.0062017710804630035
0.0013831397280425631
0.005883591663224051
0.004811770576085707
0.0010005100036680416
0.0031276461215520735
0.007932717050216198
0.009161280090678526
0.002026829588221174
0.0007474477036499923
0.09823257232343001
0.009228521073188419
0.0018487634170214768
0.002793007585077276
0.005813139490088956
0.009777088181297104
0.0018291777693342738
0.00274097384375737
0.0038561857817917935
0.004895558304430596
0.0057465744449685064
0.01823094701943748
0.0032483796663517286
0.007838060275647747
0.001609206138794245
0.0052025248624905165
0.00417954711226911
0.004971085405003311
0.01775574215937319
0.004202771111549445
0.0039670771516659075
0.000978877891442184
0.007425028383715023
0.0028935423276453256
0.009491428690893878
0.0037779899043606695
0.003774183099630351
0.008966220976382312
0.011551825811814779
0.014764477251569907
0.002595107819981698
0.004022996213705148
