0.19146265747499366
5.546889117319696e-18
2.9521685857027976e-15
78.01668176164112
2.2981626617679093e-28
669.1948911837709
1.1149174679392107e-16
1.0
5.957377292802388e-22
2.0685533743835279e-16
3.573350196707201e-17
0.8076997311248306
1.5680202873567103e-11
1.9457468690861505e-18
0.19465128788487027
0.05956642170140824
4.540921325099455e-25
1.0
6.416681783552545e-17
1.2710280273245925e-28
0.34301462522404397
0.005573096283726331
3.149270034981416e-5
8.163696398164198e-32
3.0829130117950354e-30
7.612536753376692e-9
2.0512311477245044e-31
6.3413805485349
1.6189493253792114e-16
7.437201866670559e-23
0.00018463075380847273
9.114460559920516e-20
1.295198381069266e-21
0.17176566876917024
1.476324735682303e-17
1.5561943426630815
1.2116557273666545e-20
2.430617435268741e-15
3.4447343443234085e-15
0.06334979729967052
0.06807469772022633
5.622684326120346e-25
0.42073536434492237
1.0
0.00605659684424825
1.7777643695316687e-17
0.0011438816828558353
2.400169257504027e-27
9.240789110485448e-10
1.1135245253885744
2.9173960281364427e-30
1.711626459127806e-17
2.713851216121475e-18
4.451509437976444e-27
9.76917745889718e-7
7.760222483812645e-6
1.0
1.0
0.7850262374761201
1.1552535826371727e-9
2.377188636378643e-15
0.025519106289111977
6.682081732461703e-24
7.48357353044417e-21
2.5267219223493913e-19
1.2093491744008728e-18
1.0832886153088817e-6
2.0125416315853472e-26
1.4732433689854533e-12
8.175482936679083e-17
0.18679900330010063
1.4712973037644273e-22
3.3164410899426326e-21
0.0003896663921818629
0.012171405041920305
8.459556410973308e-33
0.0026287252964264187
2.0065772006775604e-31
6.224322741570085e-7
2.1167824674690206e-17
1.2337254429153094e-36
1.7297595898539451e-25
2.980326180695059e-30
1.0002103022396005e-23
0.0042797252919872224
0.16322068253068073
0.0004178801473879463
2.0095732386229768e-25
4.92548589851948e-25
1.4507782133798398e-25
9.611387027273671e-10
0.000364171913609112
3.4117360207698446e-6
2.89620271866831e-17
4.7958875528439576e-11
0.014083415994454373
1.1077824621773765e-23
3.757043736941523e-6
0.46350746428201034
9.635304712480411e-19
3.944494671637125e-11
6.53024878289754e-34
0.040877414740664704
191.4250065124095
7.825411972917465
0.060633067428215025
0.06283747856744146
0.3919300641011787
2.204354111809277e-26
1.2523395572507017e-29
1.4639878882673038e-18
0.18998051273073197
0.05478422187770273
2.791113530958249e-16
9.621663519285468e-13
2.5279078479497787e-26
2.1652582481868433e-32
1.072274403941843e-10
1.5122978919136646e-21
3.916574976806006e-12
3.1654666722663166e-23
0.004018058847852603
28.519990044073733
0.16232650199671703
0.0006479318026491531
8.341198363814433e-16
0.35095200367355595
2.560472852692455e-7
1.0435057846585365e-10
1.0968849238831739e-16
2.7163332085913498e-18
0.7746613071088606
8.058867718118804e-7
5.956378072683786e-5
1.0
0.09630402816426634
7.91639134600228
3.9371052515983385e-31
6.199962074113307e-28
0.0004429359363323588
34.572499381852246
0.015784351569744694
2.5224701821344558e-12
1.0
1.936077082647152e-30
4.1186620068621773e-17
1.2862220170096357e-10
2.4873623857783626e-9
1.0982631512757975e-19
7.271756266313859e-6
0.01055373891850226
6.01897443534739e-15
1.8924931740568562e-23
1.6315601213774522e-10
5.084587461574186e-14
1.0588114684846628e-14
9.530822787607278e-5
9.82589851986316e-22
1.2327510927814369e-23
3.3076496121806898e-21
1.1396096982187903e-16
7.167558388750816e-32
1.881110126606899e-32
2.2413516568667166e-25
4.3516463105542995e-11
1.6811739816773995e-16
1.3767298067791006e-9
5.587543554578943e-22
0.00038195181046413905
0.19796699875669635
4.468535106786269e-7
4.763286326283666e-27
5.135778799790372
0.03205509307968235
0.12950223447216327
2.1726528030785473e-5
0.005408279245201941
1.4167415388717093e-24
0.00013636914580774764
2.9419005132483587e-6
6.972334008771451e-25
3.660489997885339e-7
0.010795548870194831
0.008773223049127405
5.602916745402062
0.0014537968544113082
3.0810911470086696e-18
9.480301184061822e-6
2.2405458522630943e-21
9.64843647553729e-6
0.026690269228096423
5.033048859566915e-27
2.392369400799738e-6
2.9942931043865354e-27
9.255593226779223e-10
0.8399486725822792
1.889410615577501e-12
4.806945616934807e-41
1.7828394752931557e-24
0.0014395403283665228
0.07926962603184046
20.03436845441354
7.885587429314457e-34
0.002836910078575324
0.1087513187862877
7.214446237956577e-15
0.006125742767861606
1.389432631852961e-21
2.7838134077781685e-19
8.049903516495581e-9
1.8935480520716084
2.8633775505468964e-25
9.858001965615228e-26
1.5156224565678831e-27
3.378420194374187e-13
4.5177926490475664e-18
3.15777798227376e-13
0.0019347510084688753
2.27755685873474
4.737794704859718
6.568322686993944e-11
9.143710470913229
0.0005511412140632189
1.1034584114151298e-18
5.420360895018775e-8
2.327640821996225e-7
13.449532891423527
2.242451611375408e-16
2.1827017313625886e-8
0.0005042217713956876
1.2915461881488219e-15
0.3151307305174046
3.52730298161626e-15
1.6361919616526825e-7
2.6504787999221793e-10
2.0537918639471303e-9
1.022463690347297e-14
2.069732502970796e-19
2.6989977124775967e-12
0.19969489939405285
4.533596542648691e-5
0.005557621969882158
0.07535701153184499
3.805397749379734e-12
4.703822413825792e-13
1.0
4.636425396923135e-23
0.06251158207273623
3.238142252468179e-30
2.818721667821868e-7
4.889072868464845e-26
2.2858761073173283e-18
2.4226139475817188e-17
7.527302822039275e-24
6.36586887406491e-10
2.831978491733723e-17
0.030892630396940898
1.1287568839098993e-10
0.06983987582538478
0.054431596690319786
7.0248197693613986e-6
9.418733341723855e-20
5.558958293996821e-6
8.618910687826814e-7
1.4228542291551177e-19
5.7216747754505385e-5
2.2882236578052366e-14
3.065265796977292e-35
1.1502282469254166e-14
1.4283101698995476e-23
6.988675911373002e-16
0.049718729849690675
1.825659083107382e-19
0.0009635911497200232
4.8133202072788815e-32
1.0
0.05905507900423277
0.0010477625537909142
1.5434406663588273e-32
1.1683330874694466e-9
1.1206139264778936e-19
0.00023768214682570743
3.325321577615005e-22
2.769956397319315e-10
4.590774662185541e-26
7.306081231307211
7.215898513127727e-23
7.165692706231088e-27
0.0013025521474780127
1.116301135750859e-22
3.833606583924216e-5
1.3070461060943588e-26
2.1420643477294977e-7
0.024245337222886073
4.4486549322338223e-10
3.683256752222957e-12
5.852715458203974e-6
0.18382831065892438
1.5458644445153707e-7
0.00028378543359819884
1.9268360498720637e-22
6.549155843378424e-7
5.872313360488636e-14
0.0005974386383571852
4.241952677252629e-7
7.912793493907412e-8
1.3889294666996553e-12
7.165428602917495e-32
3.800704744903458e-13
0.00021118317197637855
7.7710482883104e-7
2.2894084967583978e-17
0.00013038413270941975
1.2105827387191572e-16
0.005165620709632055
4.527400191991027e-9
0.17689011182439687
3.2024631744613054e-11
4.243874496181244e-28
9.528750316553272e-26
0.007781734684989254
8.275875412070939e-11
0.00011794214329074687
9.744558514293768e-8
0.008865992084028473
4.6431345207950315e-35
2.565039273154571e-13
0.0002790578538455469
9.129598577410771e-21
3.236014248914826e-21
1.0322796232384742e-5
2.6717679407162425e-23
4.203833363449759e-11
1.7664955021264455e-5
1.8738402146419573e-10
3.0239266118532757e-24
0.00038568837089569157
1.1879902536041463e-12
3.947212795496543e-23
7.443549632433259e-12
0.0315752295711215
6.712156236864637e-5
5.470738386196227e-11
2.194020893454822e-7
5.023999415694424e-31
0.20838715126220814
2.533176843058089e-11
0.002117280165119578
0.006013168965214165
4.765915755221572e-28
4.527095974248569e-8
9.872266935738182e-14
5.380717227206358e-7
5.639966742690028e-13
1.6257081385886146e-28
1.3807097609784706e-7
3.3967638851899893e-10
2.4114691904916463e-6
3.0458217967497005e-15
6.861540082957909e-9
1.3746563015299182e-29
2.05040588234626e-31
7.212875598606651e-5
0.0030482560882539936
0.14975261348893085
1.0
7.265648946950466e-8
5.1440484590189525e-5
1.3639322351043603
7.721307433904217e-21
1.7590015836524944e-22
2.8277200857053196e-6
1.542333066336294e-26
1.4628739594942682e-14
7.090672782229155e-18
7.068628121815047
2.926099058346811e-17
1.697277356952459e-25
3.0562497429127414e-7
7.019146227905428e-9
1.633996559910454e-27
0.0015709816550103937
1.0
2.66732814182451e-17
1.0538818248957165e-28
1.939653575037891e-13
1.3638610313596716e-9
1.6307165454184635e-17
3.276351271383727e-7
1.0
0.002196309295642014
1.0
1.0
2.7080228885382612e-11
1.5690773470100827e-10
1.7019074514412015e-23
3.23829561880461e-34
0.0025535411412014298
1.9095152580470184e-7
0.0021089006107449346
5.124059795412374e-7
2.544221257748045e-6
6.126786153244775e-17
1.7482890986442056e-28
1.0145406326149026e-24
0.03911715377664575
1.8909533803212451e-6
2.7033361831744773e-23
4.662442169864481e-16
8.192293670518734e-13
0.013605782195107592
0.00019245780292899032
5.349320872569811e-5
2.2627043386722662e-24
5.305603272857717e-19
1.3977017774950789e-6
0.000598668559748883
8.190819608746023e-6
1.5536703137350263
0.0007746149523325041
0.13572103562477872
2.8733050567014796e-19
9.331298564167188e-5
1.0372149090636951e-22
2.1318373221677483e-13
8.431030573476797e-8
0.0005292573513145949
0.011315838756703205
1.0
1.0281379015161484e-15
1.653426376593086e-17
6.756668512850518e-17
3.150102987357184e-11
0.0007397418377332789
1.088792899940817e-5
9.017583561165482e-25
2.343609514988247e-17
5.71240214261321e-5
1.0
1.7810035332651947e-23
2.367797154886271e-5
1.6046670663399178e-14
4.3613168999597755e-23
5.112676344164138e-6
5.630887783957997e-17
4.069938785764216e-18
1.0229908838746608e-20
9.746644452111592e-14
1.793386305395417e-25
9.703438238508766e-5
0.012748339498478993
1.4743207533386322e-26
3.291475935368536e-25
5.435525509265835e-31
0.0004816229619754392
1.9813066222343512e-28
1.1102487767081183e-18
5.127803106953941e-16
8.484153031010231e-29
0.0007316267746994777
1.0939169347477309e-6
7.904929754170764e-17
0.0034135062359501355
0.22879439088592113
2.3833539684180357e-27
8.385412917108025e-5
1.0
3.645291472377528e-18
3.669582907065103e-12
0.003242405123681115
0.0021285517508810507
1.1363013392572212
5.720429612680643e-6
2.687114677012056e-8
5.818174495725357e-11
0.007463110058893817
0.000198109504254446
2.63190359125843e-9
8.317307351846497e-23
2.8164346095500263e-8
4.719540028388545e-9
1.129917010521402e-6
4.5914305033672856e-15
1.5957169423851393e-5
0.04296206848714075
4.6397746628735694e-5
0.0010098235685754315
0.00013724877422650634
0.0008355646362263827
0.0002473252715242794
0.02650451037113986
1.2610894131091583e-24
5.223532377755142e-6
0.00022549802504790996
2.2164575713534313e-5
1.7450319004727562e-15
1.99478323068431e-13
3.5419670642983724e-27
4.663925925355387e-21
0.00015919813860939465
1.869365295369005e-12
4.479078277423156e-9
2.1296729844907166e-6
5.557389102586646e-22
4.903821709054937e-24
0.00021306101024792378
0.0012718761683665582
3.5162504279488806e-5
0.003008910622536565
2.1650076820976204e-5
21.373269144114396
5.850820674313405e-26
0.0015552122999248639
2.800836761043127e-16
2.7580319345129317e-15
6.897081810071501e-29
9.091641649767167e-8
3.1397938566479643e-21
8.077932980393857e-7
0.00011502741870525457
0.00021384377277196653
1.0
1.7640860395344764e-22
1.3624905309841396e-13
1.0934353289278875e-24
1.3113446378710144e-15
5.678597780035855e-22
0.0006603303077044397
6.3452738318911225e-9
2.0494179150721544e-8
5.337066981661558e-7
1.3178056002037156e-25
0.0067951991997093186
2.9282072483389676e-6
3.706725588048766e-27
1.2850499448555727e-19
1.4013628267113753e-5
3.646006969835924e-19
0.00011562646597341814
4.0475217617002856e-16
4.460371902665556e-21
3.940523005685641e-25
86.12645432524903
0.00015217147394407319
4.422583656258578e-10
3.3880885436992746e-23
7.392129325649135e-11
4.436667799321344e-6
4.0980203592422507e-10
4.354459088316877e-6
4.889122870403669e-7
2.609019422852487e-7
1.9584366902435004e-6
4.2359475783846123e-7
3.292193425123333e-28
1.753434099346239e-5
4.611589292640063e-28
6.973370612612517e-5
6.1097791556310135e-6
1.2003187644463552e-7
0.0002871138224159266
2.5393948693064747e-30
1.8965344976323677e-32
6.367023029595328e-11
1.0476644072353633e-18
3.101883383240905e-8
8.605570229836347e-21
1.7287904602931854e-6
3.2288981816614375e-29
5.56552082428987e-10
0.0005596871851188995
0.002766638379218198
5.582011601483876e-10
4.617500303088843e-22
8.610719672281035e-10
0.022899476282204206
5.986934224788499e-10
1.5828681890653207e-6
2.1027339098633125e-5
2.7064718132985474e-29
1.192093214305862e-5
7.334310445251846e-5
2.0378759412586956e-6
1.5136920037752928e-9
0.09850261251475124
0.03058205692464059
7.589077993330651e-6
6.080286208312083e-12
2.3820177597280388e-6
0.0002978519505804576
6.274616232637096e-5
3.549719290215542e-14
2.369639985038209e-19
4.421580009572241e-20
142.14405067661372
1.5034443049180428e-7
0.01342591297106554
1.3665380736873415e-27
1.7490751877127826e-11
0.00036445834485970493
4.792919765742555e-21
0.003199883825451474
3.30639916418208e-8
7.02891327594594e-24
2.8838452144132743e-5
1.0
3.170075220493775e-7
9.713143863154532e-6
20.845510643118473
4.3777731399873675e-7
0.0013289888704011209
2.0785949811112253e-7
9.407723586280406e-8
1.2443906527894019e-11
3.556437455373082e-21
3.251947459161565e-8
1.7743459470277266e-7
1.759303676252887e-7
1.4975799905474568e-6
4.1878069065072525e-14
2.886219203518624e-7
3.23866757940165e-20
1.8335663705110707e-12
1.0514741839299966e-9
3.219327914974444e-9
1.747436835325262e-5
2.5362882028253783e-7
2.9212002845196808e-9
1.6956217749723203e-11
6.170945975101973e-14
1.838184528170712e-6
0.00014678620305970803
1.751764186688714e-5
1.0
1.4309771294476392e-19
2.384417396904657e-16
2.720131397321931e-12
0.00013055158033762002
4.4409510094324334e-10
2.002223454251165e-7
2.12339105718776e-14
0.00014879793196476132
0.0016772103388762141
2.5124935892712837e-10
3.190016100376155e-17
3.831401347436509e-7
2.14863445968356e-13
1.2602723158078767e-10
1.5165339100141886e-6
0.0005413793111306118
8.57436966221554e-13
9.856859227445264e-17
2.209255288439116e-30
1.0755965787527938e-9
2.4879398188257683e-6
0.0004552406439361401
2.394788415692546e-11
1.1520488427139044e-7
4.676754580871866e-18
1.3487327504281593e-5
2.267136536121978e-5
8.178136133887686e-9
3.5150919621926738e-12
4.43011352119954e-16
9.679877099986433e-17
1.884763522250483e-28
4.879071843939909e-15
1.4206879444487392e-5
3.1117542832961985e-7
1.97190980080973e-6
0.5018098159733476
2.7186821629182593e-7
3.169042424536143e-5
3.228764984677099e-5
5.004349833148262e-10
3.0844046018330183e-32
5.767279065124254e-11
0.00019143352680852128
2.3303436543552494e-5
1.560479469981979e-25
3.212488065139634e-10
6.6447655402649414e-15
2.195604241090637e-12
4.347519191774559e-9
3.2748553799250876e-8
7.012405470158328e-8
0.00012997894084265841
8.223393348452485e-37
1.1417160840485335e-5
5.1329480152864847e-8
0.0010905819670734038
2.758784216815082e-6
1.2152793202867909e-5
8.202388467759354e-5
8.747172648834103e-33
0.013456465887317259
0.010231631549401477
0.002254762939840871
2.706904447633669e-5
5.514803764781626e-15
0.00043333165524512494
3.87480847927161e-5
1.0979205821409726e-6
1.107202614965181e-5
9.289673215293328e-30
3.470672141882862e-14
4.817657092975228e-6
8.897673922784149e-9
0.00029760337225055093
8.302877894154986e-10
7.781003880274734e-6
8.165524326594792e-11
2.4160990831256943e-9
2.8580869876520154e-8
6.061679888712851e-7
0.0006588340830362594
0.01545765228017103
2.758586203002099e-15
3.571189226834278e-8
2.236397559876187e-11
2.8960772673029117e-8
7.14705354359971e-8
1.771905460534187e-11
0.00030186574674581586
5.2692253708961036e-24
3.60133024466888e-8
5.814632625823067
1.2620537042861635e-11
1.7602335077404576e-17
1.4831412952552662e-5
1.3581061833585744e-12
5.559089698375392e-6
3.4309554476419697e-7
0.0008006503017926549
6.120821718627243e-6
5.998210973258463e-9
8.310279585519883e-8
0.0001266457269443092
8.611087329050519e-12
1.345102597965443e-7
7.275264537827188e-13
3.717931777251946e-10
8.479579888091341e-9
0.0004017234811536132
3.5599241078875096e-16
0.0002624417856760766
0.21007547500271215
1.638557520776577e-6
1.7756016920990942e-5
2.0774662092822968e-6
0.00012595163662178392
1.823210815442183e-14
5.165690549504478e-6
1.0949595993035556e-6
0.00015928631601827195
3.0365681027808997e-5
1.5290561638922761e-24
9.687583790319719e-14
1.3846346942309691e-8
5.5382892806909203e-11
4.583796117798409e-5
4.102632267279086e-13
7.499162264590884e-12
0.0051642881886911456
1.0
2.5694196018036346e-14
2.1691918015800157e-6
3.695216257275129e-8
2.7246768396840083e-5
2.2132545288210654e-8
0.0002876619614244266
5.527283394584185e-9
1.0723305168994837e-16
6.692067286436125e-8
2.9452767502723495e-12
1.7422257225426455e-10
2.533425557963138e-9
0.0022688912168686887
1.9480042797885813e-11
0.00013273210924431077
4.811417637766822e-28
0.011968975610712107
1.0361163253882489e-7
1.1342278411828388e-10
4.44576971851827e-11
4.290019871575993e-23
57.67605406371593
1.4092813667077851e-7
3.499127805353498e-16
1.0371321910729635e-7
4.350502985929875e-7
2.9608699771948824e-8
6.282645022607994e-5
3.22329196156824e-8
1.292950334026479e-9
1.5735234528239439e-6
0.17566592512688325
6.9551192731815556e-9
3.191958391055055e-12
4.196225313360112e-9
4.967190760625534e-7
7.44564965672775e-15
1.2047267733041972e-26
5.065714366847016e-5
2.830846295514131e-9
3.8390933746899344e-7
1.3303093309205557e-13
9.27408821834198e-9
9.367381051379115e-6
2.0208823487506613e-6
3.3896155954234233e-6
3.298517226479341e-8
1.0
2.2888054642869694e-11
4.327209689187998e-12
1.1945642053948872e-6
2.723403440135132e-16
3.227784033273776e-37
4.2844069151388023e-19
0.00013021398067238472
5.205390339680433e-7
6.0850784149766465e-9
7.215475599437961e-13
9.5612424435692e-9
2.241206684700056e-11
0.3467114873179467
2.127611023898863e-12
2.7598020702927128e-15
3.048317992952998e-19
1.6234994912967097e-7
6.894566086985172e-9
3.821496807350164e-26
0.000341745140979638
1087.4731108814124
2.006857828710332e-25
7.849310662142468e-34
1.067918593545936e-9
1.560180435646497e-16
6.285137939516025e-11
1.155724974949818
1.0690115416992276e-7
1.7768479936008157e-9
0.002055684718268204
5.347870758404565e-12
1.0472161809097455e-5
3.547089747328116e-17
3.964362165258681e-5
1.3483089683284375e-8
1.0523939273742768e-7
1.2243595982604344e-10
1.2269366912736823e-8
9.403116518658929e-17
6.236523216789351e-7
0.0018759122107321886
1.3758435863753462e-8
2.7818774652807253e-7
6.403682058452724e-9
2.415101900125718e-24
5.396491734714089e-8
2.2859453627249912e-17
2.292587726412107e-8
7.689734284924755e-6
2.819671781323746e-5
1.2110683323874958e-9
1.8547287280043918e-5
1.0
3.6277277389346014e-9
4.9799673208303017e-11
1.1102112632568113e-8
3.081972773439263e-7
7.48485585045595e-14
0.0002524714681820042
1.0984951015516337e-10
2.8239133659885724e-15
9.668613780173016e-7
4.344350691664815e-19
2.8061506527522662e-24
1.084865556135013e-19
1.2288183651061847e-6
5.637480448717982e-10
1.4432353385823011e-16
5.244434336095218e-9
0.0028077752611338665
1.6463389349295106e-9
2.4274822118214574e-11
1.2556998929270129e-16
2.604385625819659e-9
5.3032139636217296e-15
3.0337533473153475e-10
6.178823519830853e-8
1.3075543609569032e-10
2.0040600246002235e-17
2.027596774607554e-36
5.000584580474865e-15
2.4047928414036256e-6
2.2932057077733786e-27
1.953613441396719e-12
1.4217050188182938e-6
6.444033648850988
0.4292348674828695
0.25772600377947685
2.565366806116354e-8
3.854656731571022e-7
5.667705281071355e-7
8.796100778939894e-9
0.0004341589992458092
1.1493962328913573e-22
3.0368054666091207e-7
3.953819338584542e-8
1.5794893693567863e-12
1.0818342229887496e-7
1.2749494817805943e-6
2.771343335646901e-9
3.0496813445818065e-8
5.547627163056916e-17
5.223232878438224e-14
1.2224405966580849e-17
8.845685876354087e-9
2.38643661662237e-9
4.089006983676536e-15
4.711270501959504e-12
1.6207762567735472e-7
6.953604470433211e-12
5.225269498535567e-5
8.227090743091648e-29
8.062816526061506e-31
4.4822576752239176e-10
1.5197414211279388e-9
1.7634620981304487e-11
6.215532067847748e-7
1.5631790043300006e-25
2.5039904024208227e-11
1.0721117144019227e-8
1.961983256350108e-12
5.658325697683748e-6
2.014594229686596e-5
3.5482004289766968e-9
6.623228448215198e-6
2.978517010316425e-13
3.169120775707033e-14
3.6348530923950317e-5
4.3772736541551404e-7
1.4419865647515005e-10
1.311330356286821e-15
0.0005086930579958692
0.3835613486436185
3.991755787943575e-31
3.1239002675507826e-14
0.0009786760506914276
5.541112941344162e-22
9.89349838434365e-17
2.4858272156082503e-11
9.96832009581908e-8
3.926331724057341e-23
1.067584005359528e-8
1.341527800520372e-6
4.574693552066888e-12
4.0494907886200923e-17
1.7050479931240858e-34
1.8642184528675237e-9
5.519857994807975e-17
1.8861340734103656e-23
9.561712699329054e-23
5.571678942484648e-7
1.1156031682211112e-29
9.629258927022416e-7
7.572843882505235e-8
1.7562451017022e-9
9.761532229967206e-8
1.457253693464533e-15
1.4796593649941293e-11
7.67193043329212e-15
5.812513201693016e-11
7.198917551385429e-31
1.195255354461436e-16
1.8721896340320047e-7
3.543460800648618e-11
2.122749998420882e-12
3.138929099616409e-15
0.25782921814817317
2.8987201646486737e-16
2.0832880246908372e-16
8.8239063839624e-7
1.114894864409294e-8
2.380613305043872e-12
4.4143388374280566e-20
4.5298933581363675e-12
3.0810186046176557e-9
1.1453076679881732e-14
4.0924576492392304e-29
1.2228208962464142e-7
1.0038765377039778e-8
1.6114658882889605e-14
4.0312358499323446e-11
7.689186814720032e-7
2.9071084720877537e-10
5.1003475019495585e-25
1.2002244978353205e-9
5.998513523819294e-13
1.8417295809594836e-14
