3.3537101053607383
0.5397751659480617
0.619050709473764
4.281713702196554
1.664230157868981
1.22979476800752
0.5588764165913221
0.9339846095045872
0.37877510033475936
3.462966027286613
0.039195030849192604
1.6277111837390212
1.762235060766717
4.326136497936327
1.2185509206997025
0.9665906784667391
0.14803511512578985
0.9766288909757507
0.2526826121834231
0.6314167337029765
0.5512423239754103
1.1967955619004602
2.0729235886694095
0.24781388657410558
0.38200961290327456
4.2693730695533905
0.7576854007622142
0.24673464936720788
0.22727164047484896
3.9540178142247746
2.039677668778741
5.107442323251362
1.336150638701735
0.059666228453416535
0.16036209765144432
0.13712648761537216
0.4129351545930816
0.1842148229688504
0.28072126607200415
0.45418943585481625
0.08247025007770323
0.3131795137182065
0.037908707285785125
0.6435613505950427
0.3490886832005623
0.028934156015037776
0.016754399278713757
0.10141956311293132
1.833747077372929
0.07976050751083535
0.16790425915619836
0.05290237339613633
1.9533113875395198
0.012596523546582276
1.3203462940097637
0.3138630650275423
0.03981895623676129
0.07054377866284393
0.04043190052180968
0.5651832398199693
0.5285138898178321
5.32228922835081
0.10038170602695036
4.2864777544099075
1.1241882574208468
4.213631069680559
2.8388033572574347
0.02998840770713856
0.18827954429824623
2.575879149760751
0.24649758668188934
0.10366524771831441
0.010968947038226996
0.39821859119134884
6.565239801064895
0.007844172187390303
0.0070360180400872805
0.3968856850524906
0.2572217559051693
4.481300495861334
1.3658971470124592
0.0554298616250241
0.02101357518287449
3.215925966738529
0.4106245144445865
3.1509379258388535
2.2249076529598892
0.7668406441391888
0.6647336260020819
0.15993201636171353
0.029352904390280862
0.15201745238283149
0.017048866180373372
1.491575235035294
0.0018934979467745108
2.8492162853250815
0.005377381060028216
1.5551525761711331
0.04524286083627601
0.03518122360455562
0.9519951920141232
0.43690233228319614
0.01282403907433479
1.149815873392794
0.005664120644777516
0.06992390555824297
0.0035266458224561315
0.8199092518464917
0.22442956150764176
0.06960671471612842
1.1994244812072912
0.021923236061162917
0.002936019805457313
0.014266376978659588
0.09339107866387777
1.799472976710451
0.017897443667554646
13.55860058641918
1.2206905166865798
3.7082189488266204
0.4764721752238963
0.8416088518365132
0.004142246542020322
0.5074018955157784
0.07438688480927134
0.18730992547085024
0.011986253673343697
0.0017031531953596694
0.3640064328665683
0.010686264451653976
0.08039180366888657
4.432626050376168
0.6456093785243116
0.008282703380844176
2.135061476211225
0.016061575345090368
0.22653861198178674
0.10074588612999054
0.1526604772223162
0.0034276013316625734
1.2284717576946342
0.026882128997196733
0.11846521390564282
0.24730346888332552
0.016805595834026032
0.10861357315028886
0.8562884041513239
0.697681093127683
0.5032720006975532
29.534592386895103
0.09762004818467655
1.4265634487480683
0.04874255789442917
0.2427927381216356
0.17382977669281513
1.0
0.22331561258643973
0.01607416782832098
0.22197495283816326
0.03363142541624578
2.220171576627439
0.05858092352680881
0.00617979490217544
0.3871725223056876
0.19923485177432945
1.1769839371389907
0.28561471774849273
0.23867261049320634
23.68621621146365
0.10058327378792928
0.016038892505612683
0.05325479792518803
0.14982934295227673
0.06136755823541305
0.795889605283664
0.2593935470463755
2.074735044608752
0.007792948065654414
0.12731540768249433
0.01073993430521685
0.11668640398164572
2.839641727644853
0.0030229411039316414
0.29082965251056586
0.20200148630589612
0.014725117821239588
0.03697820683857184
0.0031389350828222914
1.0353641382029577
0.13317914025083494
0.14859578533475473
0.0538563162091143
1.1567785291571193
0.1537513139330697
0.4125660330822218
0.04945120100226733
0.09892642684575834
3.983541034728788
1.3830746023848386e-5
0.1628645284548533
0.004863917175294191
0.08724456965690465
0.3487342108880554
0.01928829394187927
0.08460903491067592
0.04240612162159072
1.1275833488714369
1.6105710476244153
0.10354460453641424
1.2869258550186555
3.122462652224786
0.0028879637610779653
0.09851127797060315
0.10764630512575954
0.014658200148490707
0.029932153467479048
0.20308885630009768
15.683860441899274
0.43788550790491276
0.006847001574501299
1.8500290002388549
0.03610247623918551
0.8391265967154699
0.2322693984857905
0.06953187484426267
1.4814143865636187
0.10582931394917859
0.004297837413501908
0.10819405251756678
4.089595142256086
2.7266118227812557
0.011198069277829029
0.04860278889721122
0.00012145160272245859
0.03005935685137255
0.20402709956866177
0.02116075519673709
0.15934624674378078
0.01494944644310808
0.44249549378252445
3.2420685206077358
0.014114620865290844
0.027124873792792544
0.12364312661754898
0.5419346665228071
0.028660605380614993
0.01101555829957269
0.2903793832429576
0.0016794246754829522
0.8876786468339674
2.7743061902248093e-5
0.19330712937138222
0.08904581028643345
0.39997579629262325
0.014200716652175854
0.15543210478339314
0.4119870490971493
0.24643700592306209
0.3120907678946355
0.47014030889811553
0.04293502365382316
0.00019629266714385268
0.033529682612152584
1.9794122486584271
0.8620739750693901
0.04994406133820452
0.037649932369369275
0.9142723848923995
0.15122228294229004
0.2336168640788958
0.446796397606811
0.11472357104724326
0.033103635095771924
0.00022777467372162895
0.15757736939553493
0.06653757295078196
0.004455862546676055
0.32305754666075037
0.019259647509754264
4.191237027407769
0.029681689586427747
0.010907898784173068
0.0012297933988852712
0.637119181280737
1.4365693206302088
0.0006247518065621132
0.1576305272616774
0.02646276122467905
0.027165677282480594
0.3696953328231555
0.1827591702379733
0.00023950429910591574
0.0011637388490925355
0.22412642041763664
0.020493708362327556
0.001745440360829876
0.0007818648668761365
0.07254625715069236
0.03138429281022013
0.0010871282294184518
0.27536904162507947
0.47461062081409844
0.9264938342120291
0.10726647884218764
0.009589931439002356
0.11091590199916478
0.002295722996662771
0.5468287957697907
0.0312990461893631
10.806307879439691
0.2502166336863275
0.016115843188655714
3.5561751523770786
0.029837557335264515
0.000763852837159614
0.11612574312342845
5.736696278476954
0.7665342998279308
0.0005829011792632468
0.044677448884125594
0.11656985475940708
1.6936641937180672
0.004029076678235438
0.004645801310020968
0.022290972562434435
0.004421940239113077
0.4628050979052956
0.00012569875250084437
0.07973065183382717
0.5048703264438827
6.2793401966087385
0.010245990116219818
0.0008382302933334001
0.00067136324095738
0.17122765588819655
0.505442177097342
0.08218706213181692
0.0481214297592768
0.0023499470823895984
0.2711153158781462
1.0837238176125894
0.002989169943959804
0.0017269465209001325
3.318335071438013
0.0006159894405446308
0.033102949971008204
0.3428002636616614
0.020202854899854697
0.020459742876221758
0.01768069710787723
0.037951242921448705
0.3300523757158101
0.3829944151827851
0.2254030256020134
0.00029297891979186805
0.07735386241377684
9.50151178418985
0.34567571093187727
1.3962415786258706
0.008046389432299385
4.161844373311555
0.02879354829360234
0.3035507804582499
1.128843847447643
0.04909421489660313
0.1157335208782759
1.6077763516512478
0.00016628991985203817
3.542392334563884
0.013750492064038647
0.021956105227493736
0.1037846976448139
0.2955064336975352
1.8000981416334203
0.3669248132727905
1.884410078177095
0.16013667277928553
0.016435826405777225
0.9104514247327645
0.17979017256920732
0.18789111080285725
0.38601051064229575
0.31108099079279183
0.09711340279018922
0.2208451165950161
0.00613446774858609
7.029170329937253e-6
3.2905544261746376
0.07297968907379676
0.03375570569571484
0.2540608807196997
0.8619639120292103
0.35523236167265215
0.005582123575428358
0.04806097082763618
0.04704050251630756
4.366378329156121
3.1934797845051746
0.00758490558163928
0.18422924926310358
0.026512397432972973
0.03684593052984747
0.008558413299858847
0.0007856508077405518
0.5362513895065053
0.26325498089984906
2.0048653345697818
0.01413028548772532
0.0001251155631366441
0.004745019985141822
0.0002808591987132744
8.910987326078232
0.008293861610431606
0.012702110845419588
2.255651365272981
0.029841637572769798
0.0373440681635283
0.1322940149186953
0.31893615424148264
6.0551961114148334e-5
0.003841782490905275
0.02944332265073169
0.09544410955871159
19.350323060961834
0.06881726013346436
0.296043328543704
0.07385986497534096
0.09246086660365099
0.8708816272413447
0.0003742167222181233
0.01567569823516781
0.00267847484720824
0.3664447795469943
1.8790876767904456
0.006345882503276684
0.024747207719067556
0.00012932466060700177
0.06700574216348015
0.011204873041889905
1.7278103943217271
0.03073485423394007
0.0003143466418261221
0.11798175562871532
0.003944993967470072
0.039617045628260454
1.7000723235826016
0.04672105812822278
0.00016925707090573595
0.0005441085658295217
0.5802793616102404
0.025793303239244808
0.3330806364327298
8.278495696451279e-5
0.0016709432702363876
2.298425607613342
0.16171247184735812
0.17938118269080097
0.46011335162956724
1.0391008670632218
0.08912129853088725
0.03616401619858014
0.6373704117460424
0.01679640363907193
5.028842513539483
0.6239145437449116
0.004982768586174801
1.9462776986085912
0.01499659314050977
0.4589661675918743
0.0033636619257361553
0.00011822192384917322
0.7578358374117654
1.0502118212581573
0.014865767007801083
0.06137791866961295
7.564401899628328
0.22994516641939525
14.032435254837775
0.004130631421944518
0.008452649414698477
5.361717594234152
7.25325738150305
0.009452376388804123
0.25639459468568054
0.0020938691448325127
0.0031064361520540666
1.0
0.06456665506571845
0.017809959776451282
0.0010362995461355548
0.04202425975575397
0.36663656035331793
0.012241268093969497
0.05008773530741544
0.45591412565532113
1.3740775816897752
0.024114132841162487
0.0006395383215146229
4.243127079711776
0.03735032472105074
0.24001316897813402
0.15650572953334582
0.13017288252970707
0.6064909040710903
0.022215815996846675
3.750103894705457
0.0263606321217354
0.04134208199162634
0.004359496242718991
1.7108809141219853e-5
0.007663478126808158
0.00130190933492897
0.064182585205849
0.6721014341789008
0.035784311659358775
1.869060354832888
0.6093819630182465
0.003351088223946479
0.06958579579459016
0.0030720911725953984
0.035543533688038524
0.007837938101832339
4.692813307095781
3.919324188592204e-5
0.03288713157160941
0.2396235848510438
0.2927369883712587
0.8637173643109538
0.000981990267344354
2.038018002875821
0.002303903645224152
2.9413941731112043e-6
0.02897863363770501
0.5810391489107283
0.640197476776114
0.15233997834317367
0.3235831821063659
0.8023205687740771
0.06419740887911225
0.054102663747807006
0.01700935836235006
0.07058294313577947
0.21484636342346297
0.04473173160156259
0.10694344149729593
0.010950930510398088
0.016447053370466144
0.32289299262046267
0.012248637780287404
0.0014736552227461734
2.8081191152459684
0.009757710221752054
5.203045834973944
6.742847263086285
0.0005585421439275192
0.14574697410912937
0.0020619894814329198
0.20534662005086884
0.008329295993221441
0.031357849817482915
0.3042653138850378
0.0017982282982199217
0.037320281455609616
0.9920623777162738
0.013642757585851123
1.6553287278512652
0.02589017229816812
0.01689770464778986
0.0035718713168005605
0.0003981484222528308
0.012700142258818568
0.1336912759365702
0.011073895546295192
0.1765613598550885
0.6344145191871456
0.012608765188155667
0.4537648422066197
0.01828619711952185
0.719991895887621
0.07968152396766066
0.022251128388441743
0.020682148842632243
1.5810455777184498
0.7303590012141251
0.07374891453382677
0.0008435975666523636
0.32652026333075684
0.15876292993257213
0.0016285777308444405
0.0003270005315309723
0.000705798369766022
0.06701851641017878
0.5226228376426035
0.21872961839237848
0.025416878187872378
0.5103434338387034
0.003790869840438369
13.73693575802324
0.01676838284638169
0.031292172576001406
0.001095386380686834
0.001297615078775595
0.012436145896521368
0.19003679784619307
0.00224387483420281
0.0038027788035596877
0.006048146009424032
0.007738875224219399
0.010670547891027091
0.004858387693425293
0.015373441756642079
0.011890015578273
4.406644022865532
0.0027532183155663703
0.009881770496384184
0.007301752776187933
0.0414094244782014
0.00026801696034278196
0.0038331456655755153
0.13158982229458605
0.007567336573459639
0.007128203293042738
0.2387469278131589
1.5852518158878812
0.17814266195842035
0.2780299416116942
3.5297198327052105e-7
0.0027508906847775725
0.009729673905055192
0.006310897131908493
0.018694700427935446
0.010727724435743765
0.8499775566736752
0.09508538103017602
0.06377215648450094
0.5868228062865077
0.0021616431102051965
0.000994241613983594
0.007383112095765658
0.0010236699124297616
1.0156455879786046
0.070335071513978
9.260240481719626
1.4278446789843318
0.795594414949075
0.19519316751182111
0.26228518250460336
0.023157442441977802
0.0009959832938112084
0.11793904963738037
0.03681963283189489
0.44225852349091405
0.006692835443384319
0.232115084211945
0.0005135049361804598
0.35798790528723584
0.010622475081812344
0.2989831307791819
0.06168094821898921
0.0006440009405037069
0.011757879437404433
0.08632033183167465
0.021524428339177438
0.006540150054032913
0.0052249357691465294
0.04946087281576989
0.8521819863507725
0.22125170001407532
0.07138616838824519
1.2226663893139131
0.0049240437658758
0.046412630247686354
0.007327006619094692
0.03174689650315126
4.7261348685209175
0.01735461752919589
1.4665771670376389
0.07961214532822253
0.0006388192564896727
0.1625968157045253
0.008430201061527327
0.11747028641681807
0.050142103029469774
0.005669082967653035
0.001287447632577155
0.00019028413032545275
0.03984903084145661
0.09416688587234154
0.0061716331807304195
0.001756152969835412
0.0003086807500649602
0.00848666837859988
0.01896138228588996
0.08714481112634863
0.49986974701998715
0.021979931661015
3.349623503896562
0.0002564944345700846
0.011989541015328335
0.14719775424017745
0.00011832322195183777
0.07541232786331344
1.2569624934790835
0.3132388349512326
0.0005566468787462438
3.314260992713741e-5
0.3559793208892929
2.3283375943168827
0.003153385401887672
0.001883744039676259
0.002977156937288647
0.025305264269080426
0.0244292535253644
0.1348069901496806
4.0553166742413
0.034273042342378456
0.0009190827441653813
0.02466149237212294
0.046266145703936994
0.4007242011701357
1.3576628531502382
0.0004579512731869595
0.03614314935238677
0.002004188038798788
3.777861477817775e-5
0.0027124667066301795
7.278113725239259e-5
5.375768565492177
0.00011070909885901062
2.291811055609126
1.317139720135539
0.000670290075037071
0.0002615475868779221
0.0071090280258222175
0.02265700940086755
0.05757013594445766
0.003739649461721391
0.00699113916073246
0.17401063686279317
4.801104250276507
0.00042776423940970714
0.050597827431914544
0.09617540139282245
0.022016488305044858
0.0066694717429680766
0.000846805087345881
0.12242576252587557
0.19423066726490099
2.196151624388527
0.056437052547357834
0.0003969141023736424
0.02956912512639272
0.021304568659251365
0.9004001639876269
0.0038255513059996023
0.6176623659104654
0.03626270016800601
0.05261389610609199
0.029358178790371562
0.0021806656405594115
0.014965144362971479
1.8603682762896454
0.3831645864919671
0.1186625638552336
0.0006418728934523033
0.00014967173651653224
3.9596869908406207
0.002234068812921183
0.9107005454655908
1.6078381122548032e-5
0.004325817166895659
2.4071385986854638e-6
7.2387278769689
0.02397542172502223
0.3141690139078482
0.001376568270789365
0.01057583347109862
4.585291830608165e-5
0.5422554741203737
0.13633933238736196
0.04498676424594356
0.001756912420670143
1.1663003818711237e-5
0.08314054428144584
0.00033957373787456236
0.37300118309237595
0.05702891646397959
3.338177423258129e-5
0.003763554723167014
0.3311350340256724
0.007947185583585831
0.8724741260172592
0.1142479662501493
0.005812308676432705
0.7520028432950212
0.0075066927121272276
1.607397040371502
0.5570789609851091
14.576021361113451
9.821386039225515e-6
0.0008113568144560119
0.02624189124096201
0.0049835707241735515
0.0006167944245100595
0.5930979620119823
0.04433493049542783
0.37776635143709414
0.004014929579305103
0.7018937352268821
1.3691018267442656
0.01281279073328962
0.6217321023535501
0.00411338796431262
0.002064034583504267
0.7947208661562635
0.004528077377934637
0.0016439607434962375
4.027413268480284e-6
0.0017225195565682887
0.027662556713737466
1.2683656195481145e-5
0.041164007961164116
0.1699245421517445
0.014414809131728374
0.9156818211106272
0.2955256489879268
0.002660308742514258
0.0020131902750014823
0.002268808460461178
0.0029687997670633406
0.012375099370824476
0.0017660940170985226
0.006644594484038866
3.341126828911781
0.00045823540362941644
0.0011388547889485763
0.04460065549008021
0.3790270672982705
1.3926077025451251
0.0020919603145615594
0.0042498839227655206
0.028592338069943418
0.04775964503993001
10.541051541907022
0.004042980353019201
0.0028339585333642826
0.0029617545749533866
5.720856845717296e-5
0.0051054861619161986
0.0367164490279354
1.4224969932224842
1.594348956220946
0.00016711277446321325
0.03062320578804436
0.0987894189066645
0.40056409825006867
1.6436183311245506e-5
0.0818381611905263
0.11441908739594013
0.47924618176535594
0.0011625992029007496
0.025005150498909938
0.0026824203486613585
2.0734516809264344e-5
0.2349726273859205
0.0010939509183733763
0.03462478314647047
0.22071009067814404
0.029479916564373466
0.005282843622692298
0.0009715816411199683
0.07580501424707048
0.08515322742715162
0.023025822176261052
0.11942652696849666
0.024740677092022434
0.039289731005018015
0.1476568547835606
0.002689991842570969
0.15669484802379027
0.002588505438082021
0.0017293224991008426
7.773079578429159e-5
0.015280973162881642
1.1554721062565934e-6
0.0016294457534599697
0.0035756276480327525
0.00031296148514843483
0.006748617401547166
5.642913433309458e-6
0.00235950769852161
0.008440561398303115
0.0015281624920179605
2.978388990170117e-5
0.004326236752604947
2.612015190103002
0.006801663224771716
0.012370984689945652
0.16469879124797351
0.027164547293490455
0.0002317713169364066
0.005907745536905058
0.23074236207064924
1.0167764709904383
0.09483717442590718
0.0009900157023887159
0.0017746871093287553
0.020459273233681515
0.243310394655018
0.0011749891684141995
0.00021711850952051652
0.33449048139272014
1.896598603040063
0.007562958338205192
0.11891984745395931
0.0003040947654112673
2.859357540979698e-5
0.0012314022210991736
0.0322067184801206
0.051553209554760095
0.0756898277423499
0.01053490798871382
0.0068736895596560755
7.140167908804442e-6
0.052167655354601154
0.0017773371088541754
0.0015576031438336187
0.015676437240882485
0.00356465065067971
0.13509233623892958
0.07660978011378566
0.12472695347135355
0.07015346096380355
0.00021785471091283255
0.004772011923117321
0.015898262303132415
1.401071556833243
0.004127694124092074
0.0008266483121812892
0.0009803893042298736
0.19600000921471308
0.5613863941562272
0.04408296199048118
0.005630448914585307
0.062269109870733655
0.0011146568090561059
1.2525584510071102e-6
0.056444866063877275
7.127536068792053
3.370606735323908e-5
0.0005343785255268292
2.105169907919113
0.1638593341661411
8.27597855922906e-5
13.42411329949451
0.05000216016904798
0.1020585137920415
0.010359465927427633
0.10985636996638436
0.21162550136001154
0.0013268342556515948
0.0736971452254605
0.0063158226639554275
0.04907930008961853
0.08929774363996903
0.000372029882116172
0.004790954821750379
0.43831317698275624
0.00025290750327103696
2.5695409782695406e-6
0.023068281275559776
0.057912318030497366
0.04475522129960563
3.8467926009276396e-6
0.03157542764498442
0.011584049525892776
0.005754805835736494
9.093534418124715e-5
0.22692692532394157
0.37125583110836174
0.005485053037503997
1.9972239876133417
0.0012203628195255026
0.08106835960812954
0.10453664096561106
3.987256830853844
0.012727731987823152
0.08719643023388209
0.059277456436305956
0.33379877291610055
0.38589398643415773
0.03240415296805651
0.16152112415606856
0.0011482310972242586
0.009191123325071755
0.002390193675259625
0.04561836391243294
1.828570756273771
0.005834323386118538
2.578235202028609
