8.724394045251482e-14
3.138698324095847e-11
1.4118050640193114e-11
8.589142559121638e-14
1.7600952260003953e-13
4.524488906233582e-12
3.697734036906562e-12
8.557942870071425e-14
1.0703792764299874e-14
1.2639679029438169e-21
2.7178291521077315e-13
2.558027573304597e-14
1.8779495531235953e-13
1.2583329445678124e-13
1.8400359797489782e-14
2.150626594599771e-13
6.359188697632643e-12
1.731946905742759e-13
1.1915185495952828e-9
1.4287241901632788e-13
1.7289880702223423e-13
1.2195189919430347e-19
2.2291159194343026e-14
1.2350964715279854e-21
1.4951140370179202e-10
1.6074651719272893e-13
1.26147030587264e-13
6.000521994534332e-13
1.750638228891372e-20
1.0493603407749175e-11
1.0242711867146867e-19
3.162679968873806e-14
6.0889243067310655e-22
5.54332949552607e-20
9.998145625858908e-13
1.61562545059587e-14
7.751537553501419e-14
1.3043368137754507e-14
1.221044415585173e-20
1.4423050137405216e-13
1.6938081032438583e-10
8.537081035281326e-14
9.55884488613618e-19
8.06894691049942e-14
1.666063578538855e-14
1.8974106072575572e-11
6.110350791600275e-20
5.08437960766595e-20
1.2636448652427329e-19
9.946856815037993e-14
1.0470524129538183e-18
2.1408490805436767e-14
1.6259187298473378e-10
5.609127008656773e-17
1.2148579949541205e-12
3.31933611303234e-11
4.2173839656698344e-20
1.3129669057403173e-11
6.258894830375643e-14
7.379864267221429e-14
9.717173555002304e-13
6.452079212221221e-14
2.976945214915428e-13
4.894910434849482e-11
2.936672896039241e-19
8.283201606882829e-15
7.5752179591429e-14
1.7222016956790656e-39
6.04590804359434e-13
1.055221603212021e-13
5.518271790815298e-9
5.175769829493165e-13
3.524275623914556e-10
2.9112075277525047e-11
1.9315325938045746e-17
2.706866035486363e-14
2.0582525271205596e-13
8.360893478475755e-14
9.54795113581534e-21
4.292564295710135e-14
2.685384707193051e-12
1.8650686317388707e-20
2.7965031831188105e-13
6.0367072864133336e-18
3.207497942683576e-17
1.184925273146445e-14
7.72091638319443e-22
4.786587131305568e-24
1.8565672380463468e-10
1.8535400662737376e-14
4.329814216714657e-25
8.422683602919105e-20
3.907779612139399e-24
2.551179270589706e-21
2.0492625696406987e-13
5.803060369437937e-14
1.320907914868495e-10
3.5692144126258793e-12
1.389480866294769e-13
2.244623624417399e-13
5.525334895516372e-21
9.497370487854496e-17
5.7058806303983125e-24
2.7399848920157688e-14
2.212647206506416e-12
7.085188937352574e-13
1.4078986046992655e-14
1.3452463621214844e-12
3.345898642855642e-11
3.8683751875002224e-14
7.235856284021062e-20
2.837598744008501e-23
2.222648696587133e-12
7.14950463094267e-14
9.655622537198857e-14
4.590665134073714e-40
8.896651801679992e-21
1.027247400000927e-13
6.317172750618904e-14
8.764284951017568e-14
1.4128084127568205e-13
1.7675275285719525e-8
1.1113452440799176e-12
2.0933547874761617e-12
8.268024843504812e-37
4.898861380300615e-20
2.05139541188326e-19
9.284518116919984e-16
9.283071546910036e-12
1.3929644197747995e-13
1.0526890830472791e-41
4.473533499482085e-10
2.1162557036996497e-22
1.4385600213292293e-14
4.244197755299825e-10
6.686981423391255e-14
3.464435229722969e-21
8.479387034604113e-11
5.0070341082694726e-23
9.186763198505583e-9
1.6285574284115637e-14
1.9993031697702996e-13
3.816376849640892e-11
4.08557746858513e-21
3.715195121106415e-21
9.505226138626887e-13
5.362422574979163e-21
9.247009467054061e-12
1.689947967854989e-19
7.846909919140205e-12
6.404212188464457e-40
1.2432912332733116e-21
2.377292737079866e-14
5.7659413714675e-23
1.835365670707512e-26
4.0223830221619676e-14
6.771482957630019e-14
5.508672222771784e-10
4.533982286373175e-14
5.101819499931525e-20
1.2426408466437987e-14
1.434931635797571e-14
1.5567181545264476e-12
1.266791211254604e-12
1.5501891718521268e-12
1.0017947119678898e-20
5.511552232038305e-14
5.04115134784327e-14
3.697506014912871e-14
6.293219380765858e-12
1.733708605588755e-13
1.7000554850007864e-10
4.715607278686719e-13
7.020120344992088e-16
8.85788964732231e-21
1.8306449921398216e-14
1.0439736436986545e-22
3.631296065855054e-22
2.3878063337211306e-13
4.992336766581669e-13
1.0537854394132803e-19
1.1609526196179928e-20
4.079869557259968e-12
3.324526916686079e-15
8.196745782892118e-14
2.2890243226391485e-17
5.0591773728226555e-14
1.762376626318303e-14
5.2650717753260716e-21
2.891761342679241e-13
1.2247268042097916e-27
1.3880807724772015e-13
8.84865908625091e-21
7.037383608444542e-14
1.6553860725313708e-13
1.2116675445759188e-13
1.1942927217689433e-13
1.9025406739088076e-14
6.745195817039e-14
4.588519459132347e-21
2.555944031880811e-14
1.5887001354053966e-19
1.4300621294298244e-21
3.253022598968343e-23
2.927011416029023e-14
1.78624287734577e-12
4.18343942763574e-13
2.1106810403234374e-40
2.0976744857470793e-18
4.423054063161528e-12
1.3660848847387274e-20
3.9982500874322765e-14
3.219719540990157e-14
2.463553940880855e-18
2.2312348221463956e-13
6.797961970912576e-19
8.92203634513371e-20
1.2818648109225788e-13
8.073175774636729e-13
2.1865694071128296e-24
1.2838027093652286e-13
3.0841579546904245e-20
4.2726140507038266e-20
3.6397944699742194e-13
5.411372622208888e-13
1.2153040412099283e-14
1.5756543854759784e-13
2.2177500178012394e-13
1.9391029631774035e-28
6.34917124094875e-10
9.963749324868358e-20
1.876959443807328e-23
6.535510779762042e-14
3.24641643423969e-13
1.814248070737573e-14
3.452953008453759e-17
4.490157501599281e-19
1.8589861804366142e-14
2.044626557471265e-9
3.91363717410967e-14
4.295806895016475e-13
2.364910032935748e-13
1.9087251469767176e-12
2.4318617293474527e-11
1.962487650508408e-11
2.416885551559232e-21
4.981490464597871e-12
1.9832209058454078e-19
6.98702267518433e-14
1.6280435160430888e-20
1.3857582433670092e-18
4.735450088759719e-9
8.420732348194458e-13
2.1682688874017883e-9
3.0570338195105444e-12
2.7175594773753012e-14
1.7862721538630495e-14
4.262373280625536e-13
4.986013917295386e-11
3.266909500705632e-14
1.1924975634596677e-13
5.686867310027253e-25
1.1928571544226488e-12
2.3809795994082943e-11
6.4529202217782906e-21
1.3060372958719306e-11
9.145706411466993e-14
1.5546532566281824e-12
2.472486103418047e-12
2.679554470310076e-14
1.42321932636884e-13
1.8805278048664614e-14
2.90841877915348e-13
2.991413653939911e-19
1.848937481258719e-21
1.1730375357853832e-12
2.8321532720049976e-12
4.937014685882217e-11
2.6863510527258653e-35
6.223479315089378e-42
9.331852279399172e-9
3.007104626619671e-14
3.9950588174648495e-10
7.32963034946568e-13
1.1259885411205288e-12
2.4837160616328735e-13
1.3681210638790324e-13
5.290670686125361e-13
9.107102617658529e-14
1.195092820468765e-14
1.5358048696787082e-24
5.095237856519195e-22
2.00819014939354e-24
4.1336639517512686e-14
2.8317428578640867e-12
1.4756467152103056e-9
5.887013489522278e-21
2.145701948060334e-17
2.0151261170995793e-21
6.875520705486241e-13
2.211468861445573e-9
2.43975136095949e-14
6.805741575213608e-16
2.4840144238028003e-14
3.8164948663334065e-13
3.8228500421295546e-11
6.416971744949027e-14
9.702031058644198e-14
2.669913651005583e-29
5.960186475968443e-13
3.6996882245338165e-14
2.9258149976660967e-13
1.939382254315733e-21
2.8455591775923927e-20
2.6926935596389453e-11
7.580298668572236e-13
9.550560486825657e-13
5.790939459248668e-14
3.843427097944222e-15
2.5045759148659572e-20
1.7249155780663925e-11
2.1122468795447548e-11
1.2458470404746919e-11
2.498820023838955e-20
3.0714763730030786e-14
1.8915717305444468e-11
4.3936202145450365e-21
9.268104762176931e-13
4.5640819528378185e-15
1.3921686660348513e-22
1.0220443463705704e-13
1.9631558426061265e-11
2.5052759534147055e-12
8.069983650062781e-16
6.78537323415616e-14
2.549630939974865e-14
3.2664764058380004e-18
6.002597440550274e-12
2.8160417304230805e-12
2.1361225462035567e-13
8.277809691760832e-24
1.2856140677372488e-14
2.1224774773504985e-14
9.93393275061292e-21
1.7394892287831298e-19
8.368248863994515e-9
1.299999284377979e-27
2.5474274476304804e-19
3.1482691958471335e-12
3.769691185324849e-14
1.930138966946115e-11
2.330173606422905e-12
1.1919660773617485e-14
4.276226197282773e-14
9.985695716957818e-13
7.992678244741084e-24
9.924129202982552e-23
1.96588362045663e-12
1.4544701471575995e-12
1.6173185477611022e-12
1.602781324695407e-13
2.8668163460533345e-20
7.866184861870307e-36
1.622162565229015e-22
2.448812539050804e-14
1.7185769625295548e-19
1.523448927516552e-14
3.805916702804379e-13
1.0907533512961352e-11
1.7698363502545786e-17
2.720416050490394e-20
6.176509050497794e-12
1.6166138019119953e-13
1.733905567784689e-17
1.6476052068588796e-12
1.051014168401932e-14
1.0939425093796739e-13
4.902599795291143e-11
1.528835786262426e-22
4.1874722211173634e-13
1.3232824677012762e-13
1.0401227155710757e-14
1.6790917134166223e-20
1.540994333665307e-14
5.65889489553558e-12
2.7496995989499566e-19
6.697999659524146e-21
7.22879541243831e-15
7.8970416489336e-14
5.7177657280605724e-12
7.816769696892208e-18
2.4768074316883083e-18
3.912826518551678e-13
1.8683347426924738e-13
1.3458087031888872e-21
7.546009843993259e-14
2.805847434768094e-12
6.572986096355146e-17
4.2131601823534724e-11
4.4590387609495635e-12
1.4715065374494484e-10
9.951576226212138e-13
4.155444112980123e-13
1.6666971039402001e-19
5.921105243346997e-14
2.9090898088648235e-19
1.5672517557826965e-14
1.477295803840991e-14
1.611634396557156e-11
4.4843535513826655e-18
5.7140400933341366e-12
6.029222139320179e-20
1.9045447631539733e-14
7.461937092567254e-14
3.4054196843447413e-10
3.214823518041714e-13
8.453665179425032e-11
4.079840060572056e-13
4.3798204633386223e-14
4.936159387387175e-10
6.13135372692046e-11
3.212851061203843e-13
8.105568339397335e-15
6.1068923304154035e-21
2.116063454732361e-45
6.111288114959856e-21
1.1534927010030793e-15
3.5119164273481534e-14
7.063323151780673e-13
1.17919612963619e-18
6.4383678882032765e-22
1.7396198845233717e-12
2.6196556126633032e-23
1.5185126954877124e-22
5.219144666328647e-15
1.1642067201839774e-12
9.433812162743215e-12
2.247528769086471e-14
4.922906548675351e-18
2.4919205279852894e-14
8.190529500432316e-13
7.172978736334067e-29
1.996311549204321e-13
2.1897472769820638e-24
2.9727249594365034e-14
2.0365884339545633e-13
2.7130889957020394e-21
7.938293625370816e-22
2.9976143642988173e-13
1.790625514163064e-20
1.4932486011193797e-13
1.0651790394981696e-12
6.242048979765377e-11
1.8123913327772323e-13
5.197850545035895e-20
4.001829104898272e-11
1.2281923593276039e-13
4.815087793182454e-13
2.0357288845964555e-12
1.248673687994404e-16
1.4762827930211705e-13
2.1466105219892678e-11
8.755840651262631e-20
1.0768437659120537e-22
1.2191765694232938e-13
4.0173508266350697e-13
1.4246489568511051e-13
2.870223295735859e-20
6.303073458066389e-17
4.5381830267734356e-11
2.682610510563316e-12
1.1485094549477357e-17
1.8055446254979462e-13
4.195981743655052e-11
8.200381101293857e-13
3.7550207085987116e-14
1.1445455914465482e-14
2.8534229784836887e-13
2.504317570685133e-12
1.0648927721913717e-12
1.016366288337625e-14
1.2443604531856578e-13
3.98626716864858e-14
1.4861757303357526e-14
3.960922633332293e-12
1.988446084310207e-20
1.2832801670042175e-20
2.5075359864863914e-13
7.73992869839305e-14
8.563939173115786e-21
2.980353746121382e-15
2.661046498728658e-14
6.46059016449984e-12
9.12450439799792e-22
1.0133951077544112e-9
6.900620100676063e-11
9.847029771383845e-15
1.5550695669629675e-13
7.014704070134756e-27
5.764031055351298e-14
1.0261116901754342e-12
2.196928696782136e-12
2.0958346585008737e-22
2.8117909068589395e-13
1.6416511375341365e-22
9.15448933908777e-10
6.694430483137393e-15
3.3689129440377633e-18
9.891546006841386e-11
8.049844340692822e-15
2.7316426681678712e-12
1.457989321635471e-13
1.2304091317655001e-18
8.45634392319007e-13
1.4675743247647833e-12
3.0564144826804514e-22
3.960261351611291e-14
1.0225345208083881e-12
5.935326204905462e-19
1.0550856089348347e-17
4.066473581752231e-13
1.256212062378243e-19
2.0703550614967297e-13
6.598562679253242e-13
2.5868661638595517e-14
5.336429068541836e-22
2.4433321508438722e-20
1.5867017240474527e-21
3.650057776368024e-14
8.714118186256406e-12
3.282405566309013e-22
1.423192536107215e-13
1.672712748482057e-11
2.4104431899236313e-13
1.918447323793776e-21
6.004343702883067e-17
2.5976264819184105e-15
7.704307630975985e-14
5.722541613633732e-22
1.1575923108021352e-11
4.5699839865040535e-14
1.2251431051259675e-12
2.4728984376310535e-13
2.6110863609008388e-12
1.243576048933333e-21
5.831629873470698e-13
1.1408817380877428e-14
1.197267596011033e-19
2.375088310381341e-13
1.9878987550614872e-11
1.2601694438943005e-16
1.0131297785829917e-20
3.6943357161035987e-13
2.0026246314382746e-18
2.345456118392369e-14
2.777565029438427e-12
1.1129299573023979e-10
8.814170594820483e-14
1.0369450636547032e-13
4.398788609290635e-21
1.3178141295354504e-23
1.433850185838038e-20
1.322261235390135e-12
1.5070422146436908e-23
1.348625112217879e-10
4.117700033738776e-13
3.0767987617974606e-14
7.293629159648931e-16
1.1479901393350799e-17
5.781165188289499e-21
1.268523497404848e-13
1.8388567356396162e-14
5.258196232012772e-13
1.1542453444989007e-11
5.77098698229397e-14
1.6409940109759353e-21
5.744457392085456e-10
9.220639211688124e-20
1.3979276399241448e-12
1.2519277480594464e-20
9.69776408679975e-19
9.466855895969309e-14
1.3763959611410945e-17
1.7302761893060655e-12
1.1892391970730198e-14
1.710920175796927e-20
2.671005053016683e-14
1.949328471256136e-15
7.279026897811914e-14
4.23320761807729e-14
1.3831028745676725e-10
5.089822518183111e-12
4.0548823668097374e-38
6.810447252945227e-17
1.0142745183851071e-19
9.581688170290934e-14
2.198571119705652e-10
2.0009847647384363e-11
1.5670545574094637e-18
2.880243633023765e-18
4.1676488302708935e-20
3.7050657390526947e-13
5.737134926899986e-10
1.2699993275755078e-22
1.0349408389905685e-12
6.013605219804423e-14
7.550242167413207e-21
3.015801923249874e-14
3.334729512291484e-12
1.8458358016358157e-19
2.1965871868565977e-14
3.5875246113554304e-21
6.159325033654912e-14
3.000251434460087e-22
2.25536191553675e-13
2.9857928545665957e-25
3.751429874115896e-18
1.0598639797331399e-21
5.926318535405144e-13
1.4191494117286516e-14
2.949562329451384e-13
1.4652707325106257e-13
3.3128637523304024e-17
3.055591679192474e-11
1.0896381398048484e-19
1.2428234790314258e-14
2.3969098936610515e-11
1.4554900639439982e-21
1.5725761400776759e-12
1.0411365064016448e-21
1.6114789878499327e-15
7.792160874439226e-21
8.588823341302613e-19
9.232503301895568e-13
2.0034731121049198e-17
2.5525729481262125e-13
1.0894952234077983e-14
1.7706856095582282e-12
3.305315057191794e-12
9.847337781640666e-12
1.130329771797551e-16
1.6975679150935298e-13
2.3840228016278324e-14
2.6825872886700386e-13
1.9720877999620962e-13
9.943450147967389e-23
1.7804188107795872e-29
2.281555632786859e-19
3.881326959315235e-11
1.477785240092311e-14
8.289709905116786e-14
2.9080979686435445e-12
4.653835974798963e-21
1.0615920287150537e-13
7.986116599278166e-14
5.501885271228106e-12
2.5628820941106575e-13
7.118745275636192e-41
8.752139444265407e-12
4.3171538166253706e-13
3.062963206929828e-14
4.8588661628702786e-21
9.438546371565622e-21
6.129612025718627e-14
2.6098955464150277e-24
2.2604028533432146e-14
1.727206471286323e-17
1.023943796028926e-19
7.635432502901666e-13
1.894339882377159e-12
3.05280169870192e-10
7.294861684726789e-14
4.203933279150494e-21
3.426845569028907e-20
7.160921139088197e-13
1.1607032950838163e-10
2.1474659773710445e-21
2.533862116202909e-20
9.39076591994628e-15
3.0840772660907935e-14
9.355459073613686e-10
4.191332034786216e-25
1.3096223652914363e-12
2.8966105764224985e-19
1.4334480857166646e-13
6.297269814331243e-13
9.39298811137655e-15
3.94471533143297e-24
2.2663306570413112e-13
1.88079759961755e-19
7.867701013721899e-14
9.78920294909616e-14
7.023173958000629e-14
1.3739724650546161e-12
2.5550899180045455e-14
8.249578872507583e-12
2.8130217118649363e-13
1.3264652030268264e-17
6.548266192444168e-13
1.5243106240751173e-11
1.3403941942753303e-11
5.628889496503968e-12
6.587746221118257e-12
2.0405183960737993e-14
1.7241001151430366e-20
1.4002607964408465e-14
1.2882361767253155e-41
2.6277864582984496e-22
1.025558548343483e-19
1.4607223608000118e-13
4.322634756381604e-14
5.058340954208791e-17
3.1544578570157927e-13
5.464319567364237e-13
1.1401142955492693e-21
1.1143346020079718e-14
5.487834520344043e-23
1.218044910915339e-19
2.028255493486361e-13
7.127420737803751e-14
1.8689874102757002e-12
6.006311722862069e-14
3.522133806065253e-13
1.1557516491728382e-20
9.39301718007239e-14
2.762407040988413e-16
1.4728776983614327e-13
3.474043209131329e-14
3.512857555727855e-14
2.8667784193170164e-22
3.363369123803114e-14
5.115548835571333e-14
3.745689144589739e-17
4.8966716897718816e-14
1.078019799844266e-12
2.3133317451795873e-13
4.198105293086988e-24
9.276716622265111e-12
8.69979137026816e-12
3.329397258162818e-13
3.689510582877194e-14
1.8432528278247844e-17
3.185999026794048e-12
1.0776183385071688e-21
4.983651065260357e-12
1.855377822398848e-8
5.011601491221741e-14
1.2849299415314075e-22
1.336962997581755e-13
4.791764173369333e-25
9.351466435557973e-13
4.482643590965672e-13
1.6763676449998005e-13
1.2241130922127312e-12
3.23331126883809e-24
3.2929592857632448e-12
4.938122944620644e-13
4.294919368699697e-40
3.0028860642027643e-12
3.0276728529609417e-13
2.2997429833920992e-14
1.6107805275023183e-15
1.0872498251099726e-14
1.6891378599903504e-13
6.669616935611588e-11
2.899322796103145e-13
1.0380158080321058e-14
1.0048944155893232e-16
1.2830908196339458e-14
1.535654362449448e-78
5.888810152111877e-15
1.479223530262355e-11
1.0510799013301668e-13
6.79114334523595e-13
1.4332297248171627e-13
4.956953506411593e-14
1.6083245377151078e-14
6.088988434450104e-16
2.0944025761081016e-13
2.672960943121403e-13
7.44691662946351e-40
2.857408872922006e-12
3.5436233878551147e-12
9.898421415056803e-41
2.962970264273842e-13
4.797210097973218e-14
4.120972377767114e-17
7.439058017868484e-13
2.710888833195682e-18
1.3384645481926299e-12
1.1140949851835713e-13
6.559497672116795e-17
2.485369254406239e-14
3.565114073442392e-11
9.474907298731718e-15
6.591258534364087e-13
1.3648069797038427e-13
4.6258545951746144e-10
3.9606824015786274e-9
1.7596364841606192e-13
8.497605859317534e-17
5.1007273160099215e-24
5.1563321062336866e-14
1.4297293792891681e-21
5.730231145041881e-14
2.222323121840057e-12
5.257187030119946e-14
5.784935938255426e-16
2.0444272626834898e-13
1.668054066730417e-14
2.3160986647945335e-21
6.330091360753252e-13
1.766009898484597e-14
1.101456252141068e-40
1.502372017551095e-12
9.918495838924655e-14
3.0882854655323167e-13
3.1728566720281856e-12
3.5612182568181186e-18
2.56853160657907e-11
3.1456125298433923e-19
4.6271059552188384e-14
5.510452424228934e-17
1.0404260338288914e-12
4.896636639506104e-14
1.0380278742941253e-22
2.4490519174703286e-17
3.494646994057875e-11
2.2130099206831256e-11
2.6154126695147925e-36
7.574197373305763e-14
5.445453552758457e-20
1.5635237561867655e-21
1.3391333498596095e-13
8.469616544322097e-15
7.768147770987403e-13
3.1999429246435145e-20
1.464910106228997e-13
1.182152926112068e-13
1.7094976686868262e-13
1.057973710925833e-22
9.786607944130159e-11
1.357978017241064e-13
1.6163482119636978e-20
6.625837075383568e-19
6.853060750334388e-9
1.2560385772411125e-23
4.7470155243444774e-20
1.9954867554550944e-11
2.866139865229124e-24
2.611022281803504e-12
1.9309912317057714e-13
2.538887510464475e-22
5.249265225154853e-13
1.7575049641412996e-14
3.279934721013508e-14
1.683816867401036e-14
8.427116909194625e-15
2.7110278108714327e-14
3.765535689607503e-23
1.8314984075015826e-13
1.5008924042600446e-12
6.317125384798816e-14
5.379649974655939e-20
1.3575039152257821e-12
2.869721815839057e-14
1.9445861611303047e-20
2.969061638286283e-13
4.6493064966809315e-39
3.8691917907584344e-14
2.5963479433231712e-17
1.1659884865804754e-20
4.662067852994085e-24
3.071503847454518e-12
8.112021706978184e-21
1.4451124504893106e-20
6.532030543726349e-17
2.2845151070348957e-12
2.1631035232544237e-14
1.8114156204680839e-22
2.2873425064647497e-11
1.9082036773265852e-13
2.576710989295835e-13
2.2037801977424538e-18
1.5756804239177324e-17
3.356686184583847e-14
2.2072711441826484e-18
1.5786590013632036e-13
2.1004174873963704e-13
1.2407504676495562e-19
1.3559451847949869e-12
7.310907211292199e-14
1.7151880157620878e-11
3.8355674721690916e-11
2.016316909286167e-20
2.278888894718441e-22
2.73719034059608e-13
1.2808296924905106e-19
1.3189850313013096e-27
1.0842796165431841e-14
7.429747620660133e-13
3.2129038643811713e-15
6.589270676949159e-12
5.462153227309746e-13
1.7274182219982073e-21
4.8546780958619456e-11
3.047957121279522e-11
4.482264625926693e-40
6.602610683600776e-10
4.1714253067989007e-13
2.2538460745743622e-21
2.185250943508379e-9
1.0542913739055098e-19
5.321848500430624e-13
1.7848516356440336e-12
4.59446611794925e-14
3.901452915293893e-19
7.63904234232023e-15
1.1125730505076272e-21
4.204236437788995e-14
6.4202797071612414e-12
9.594544312615752e-14
2.0952581793199183e-13
2.4090499624279993e-14
3.8784526920984275e-38
2.801135419302199e-13
1.4023034914744785e-18
1.521547992594824e-17
3.3645057041880553e-19
1.5261437577890137e-14
3.8380958052495514e-21
7.220090728243844e-11
2.5164633763218204e-14
1.0506124595013903e-14
2.141913062349816e-22
1.0870115498961765e-13
5.89956696501542e-14
2.247410612902726e-14
3.295511254758014e-19
6.154694916430673e-14
2.653631717140837e-21
1.663158387281661e-14
1.1889988388080699e-14
9.365091755310787e-12
1.2633009621235177e-13
1.587553541875138e-14
9.41577762628038e-12
2.2384960716980243e-11
2.0749661342960202e-24
1.5329569874846074e-18
3.431353817825595e-11
3.6617461518947414e-20
1.3981302067892909e-13
6.823270332513027e-16
3.823953157078834e-12
1.0415931812661944e-22
3.2198532934175395e-7
1.4114284551077794e-16
1.1728230162041269e-12
1.379968497166566e-12
1.2149160422084125e-13
1.0035361968414211e-12
2.1602462550903096e-12
1.624149408414543e-20
3.671205850310135e-13
5.636227130137183e-20
8.850523286272212e-21
4.710369923502992e-24
2.4010759144579878e-20
2.0268163489040495e-12
4.089988834076995e-13
6.319385608025165e-14
1.9602254215514622e-20
3.1012169184382085e-20
3.200849948599825e-10
2.5593335672543372e-23
5.6388673592526704e-18
8.785224691234868e-18
3.9441841911980025e-12
4.6696692814610015e-20
1.0566027119858837e-16
7.093241740476215e-22
1.2909166696854528e-25
2.240567537858096e-13
7.447822510073496e-38
1.46849774505972e-21
4.38422381708661e-13
1.012924024529801e-12
1.466184787819686e-12
2.1715016856453705e-19
4.1581922961887737e-14
3.9382066825552315e-20
8.791811256104227e-24
3.704675243427171e-13
2.269731112236953e-22
2.5780162869349947e-18
4.110529936306295e-13
5.961631140412281e-12
5.6291017253060664e-14
1.232577606623379e-14
