0.00036258455876601154
0.00018298147624847108
0.0001755126544162993
0.0014285251911371017
0.000184446705569821
0.0001726763756648133
0.0006378323367152381
0.00024571747528221154
0.00017067127523251775
0.00010232877629937821
0.00018875134152971496
0.00022834006490788305
0.00033896541290383416
6.780723242239311e-5
0.00013205581488061853
0.00025913598760213334
8.368097860497758e-5
0.00022960089798732816
0.0001739098296970598
0.0001373692680368299
0.0003780289564767261
0.0001857464729699805
0.00013642322509255347
0.0002058219325316851
0.0006677649289410036
0.0002723399563600853
0.0008336493801855336
0.00011299323141493406
0.00030324104226617785
0.0002648900382776469
0.0005650952824928761
0.00018031427382747176
8.30565806964021e-5
8.276708968956155e-5
0.00044952267115796736
0.0004385341978245712
0.00018665483345299048
0.0003717951176281248
0.0001602699687576751
0.00033600742960280725
8.798306681791236e-5
0.00011025531222178091
0.00024268803743393848
0.0001431954951024544
0.00022845154201170872
0.0003957226068519846
0.00030570885523158344
0.00010211788078948201
0.00012077812254581531
9.899976646477991e-5
0.00026772107172162355
0.00014044848552568454
7.237587638792807e-5
0.00038766900260513035
0.0001163399024155145
0.0001380986325045204
0.00011144446571346737
0.00013735603330356687
0.0003631274807850833
9.380541755630431e-5
0.00010101607454882861
0.00015299660791284964
0.0006859881722008677
0.00010310558576263867
0.00017560748121416984
8.768081227714628e-5
0.00013612134837568535
0.00011178091954302487
0.0005602530850333918
0.00010117584251887775
0.0002602132043469348
0.00040740746369331165
0.0004962225469605526
0.0005075196610064215
0.00028368667146009456
0.00012566500040468712
0.00033140803964579803
0.00025461695949514674
0.00012336249033290673
0.0001719041665501051
7.915304100827092e-5
0.00017332644375695847
0.00010396638938770581
9.395942019154985e-5
0.00018142634495478476
0.00011589854749564636
7.597390923650591e-5
0.00012331742560660469
0.0006699180519934902
0.000167022966499606
9.195800391611506e-5
0.00014820099729756124
0.0006576152760107822
0.00012028517765058652
0.00012535135437199472
0.00017724018491118194
0.00037911115098842083
0.0002681155674753127
0.00019233195549874362
0.00019594626273852672
0.00010841736830697779
0.00012920054729983785
0.0005260692878154289
0.00023246579532229395
0.0007024333087041315
7.015806508013892e-5
0.0001588642293392438
0.002468056137714269
0.0005593907101976224
0.0021804159022515966
0.0014296027018336445
0.00026712851438510867
0.00012473372511871334
9.95022408785797e-5
0.00011923833089786273
0.00040952498910244787
0.0002646675062571941
0.00020608905316726886
0.00018632625506745032
0.00013300891751014492
9.07346388650825e-5
0.000167694168777546
0.00013850704775917049
0.00014622993574533414
0.00012714163380131443
0.00021760838000923962
0.0003417835831910017
0.00019680671425614658
0.0001350469678825162
0.0001308676909095464
0.00019935444155684082
0.00011573593126128995
0.0001236565616329001
8.98833787161515e-5
0.0005810357237150188
0.00017834758108813692
7.918441058075653e-5
0.0005416950886376091
0.00017888346235280954
0.00020201420303256397
0.00021615300994440312
0.00043613562610290713
0.00011637735783171787
0.0003963233719714169
0.0002498343396646855
0.00015823275792069554
7.11961784223356e-5
0.00044492942551703095
0.0002253638098542601
0.0001864175169413142
0.002170046536653147
0.0015837389452572003
0.00029455806885139794
0.00020944666285057614
0.0002379417116432939
0.0001425316699799085
0.00019792063771926165
7.517801944730307e-5
0.0002960284233071398
0.00016318819358842243
0.00026890593116549047
0.0009424767468514896
0.0001376373368766703
0.00019531670267948742
6.782396597110682e-5
0.0002782034717044198
0.0007801724144660425
0.00010004640309227645
9.599895097466216e-5
0.00055233338567939
0.000198617933455071
0.000591163764157178
0.000221267546934811
0.0003086558886130014
0.00020436399237999735
0.000579723644857591
0.000325176898983507
8.785857655078158e-5
0.0010121984561145506
0.0011606105445620405
0.0004014386448252922
0.00010448261154129172
8.349063679470668e-5
0.0003116749441060601
0.00042437814535850843
0.0002767089783245898
0.00012679113968201637
0.00019833137339285567
0.0004003182222984071
0.00016556827037548087
0.00024471373692825326
0.00010045106689502757
0.00010006233073760536
0.00010836316344969897
0.0002185180515849651
7.507614772597065e-5
0.00018535592991612157
0.00015931327745261783
0.00021500550284437388
9.509763666858917e-5
0.00011731053750515775
0.0002254435658220778
0.00015527079941686815
0.00023109899777439018
8.626054303655124e-5
0.0002170095102867659
0.0006724973831398927
0.0003005548784830095
0.000650987693289802
0.00015094578904657885
0.00013694914470785953
0.00012476541721746925
0.00010863047623068979
0.00012047357947805046
9.618583275071222e-5
0.0005789896775037726
0.0001292715607243069
0.0005317487467251379
0.00013320461355214425
0.00018752449891198164
0.00031594286566606676
0.00012688692251461905
0.00016069778554080245
0.00010410344127679759
9.978919788119045e-5
0.00014494581158919643
0.00012262294191736766
0.00013690996938012245
0.00018708818102888738
0.00011206802729752551
0.00025220512941922005
0.0001504074417197089
9.897732820832156e-5
0.00019952305649251589
0.00019693072567779235
0.0001728700473338789
0.0001752129197701353
0.00027903286860793327
0.0031599543594452435
0.000196031361898651
0.00017039101367680013
0.00034800546603764936
0.00013386885715011327
0.00037102886714597116
0.000130613171976112
0.00014056710952180132
0.00021786780214513317
0.00011376147957024564
0.00013318666106542179
0.0002699249380506186
0.0003190292194184836
0.00012007586750078921
0.00010345371007817447
0.00027068995935806045
0.0003450715148803656
0.00014203259347729506
0.00019715996327218218
0.00017747102661630254
0.0006022960954059623
0.0002155850121033809
0.00041817820518012366
0.00023284670627287478
0.0002088479817449989
0.00010896445018958277
0.000574955334867133
0.00012779833524146278
0.00033293911166587916
0.00012594928203408997
0.0012693255311494506
0.0005755993105656502
0.00033352103370876037
9.369996452133567e-5
0.0002512954993914777
0.00022260893256164152
0.00014676889301850355
0.00016605138918070355
0.00012043843997997178
0.00010131530300278404
0.00017406544652003362
0.0007085066103168813
0.0005282953374218884
0.0005580078644388596
0.0001337154875091124
0.0003845785382118413
0.00016190412884314943
0.000152196752893964
0.0006975459097892887
0.0010126839174075212
0.00036766415393828537
0.00037016043515765846
0.00011577676873359627
0.00014816305831164797
0.0011062058391588029
0.0014523991506717687
0.000875917846300624
0.00025292212583492645
0.0002523725692013649
0.00027353633957055663
0.00031770466850034707
0.00012483798460064495
7.776725439148717e-5
0.0003666110699558033
8.21602887208865e-5
0.00014436532604275378
0.00010640479633958285
0.0001755377368336367
0.0001552658099623022
0.00038173986827589966
0.00028719335578549735
0.0001345726485414229
0.00011815199936911573
0.00010972026493598338
0.0005354903447347851
0.00024404335627687974
0.00017697139747839723
0.0001101426526003567
0.0001357832030180126
0.0009772952204967712
0.0002067285073421881
0.0001277000689399961
0.0001828012596117598
8.074713651983715e-5
0.00025308748197668636
0.0003363867704971988
0.00025728939573193047
0.00013024688753211094
0.0001320807159072647
0.00016003883331873017
0.0002539099203489482
0.00025745816374450966
8.679962569929971e-5
0.0002946247190365242
0.00015971706188675882
0.0002073476422306498
8.780885368329644e-5
0.0001011560263612207
0.00016259637047721514
0.002070057714471621
0.00018682682516383336
0.00014287376202780177
0.00032123367429539223
0.0001567704400098634
0.0001759062980160697
0.00017236954522085118
0.0001308657057105365
0.00011193482310400474
0.00014807423462203913
0.0001948441903670863
0.00010352693208902102
8.316877641990905e-5
0.0005090538946356788
0.0001340881841310714
0.0002405393527761481
0.0001967501535291145
0.00011758910959395329
7.39465473108777e-5
0.0003508646154181738
0.00011241455209555804
0.00013045536949012691
0.00013687431847303973
0.00021132197470677516
0.0001246081412024442
0.000235424622747412
8.266071138707343e-5
0.00029073759405268856
0.00024826248739593233
0.0007863429449960446
0.0005137881245131915
8.450861377257855e-5
0.00017602633614184287
0.00030501063722978124
0.0002298724264495882
7.685834199600183e-5
0.0008713081655787608
0.0001650856467590458
0.00014379210556866837
0.00045788203748838116
9.640403431607322e-5
0.00017148852953709047
0.0001294905462002824
0.0001638821029478707
0.00011228808525921647
0.00046103016700445364
0.00012324550749011345
0.0001045538555465082
0.00010448474838082053
0.000466734013751593
0.0001377301005256172
0.0007274847653680078
7.454248987115225e-5
0.0002728419622340381
6.490983190542133e-5
0.0007470177182999164
0.00011744370849883881
0.00011914342033883455
0.00010526328222937298
0.00038747709780461554
0.00012643689518007423
0.00013790707149732967
0.0005178284215656102
0.00018711476812741882
0.00011413183136484587
0.00022592345523856825
0.00015470541115249344
0.0002613439892530442
0.0007384572047237459
0.00011749392035734098
0.00015117608893752495
0.00019053109266847808
8.773179036525129e-5
8.34527421599162e-5
0.00023752454225945703
0.00018946113674552526
0.00023306436931360103
0.0002757720110460169
0.00019780371502423077
0.00012855586267898825
8.056961537653221e-5
0.00016448612860404908
0.0002849566215609023
0.0004525720755850453
0.0002988653650905274
0.0002964659318304286
0.00021719558101963922
0.0002945568457672697
0.00015464785148646854
0.00011524596886873402
8.905415686796506e-5
0.00012391736699793584
0.00018744030820450508
0.0003464913184297379
0.00013987508338479665
7.927860513092454e-5
0.0001417358662812542
9.334682845786782e-5
7.843127311723066e-5
0.00022598714561564604
0.00019711742244654578
0.00024441850096590975
0.00011382774622863821
0.0002316762979793632
0.00029184970031643674
0.00021212075070192775
0.0004012806917734985
0.00040668703179045057
0.0002027890157139248
0.00016068860918839315
0.0002117123191619885
0.00010123695404766433
0.0003705778611823783
0.00012588191505299813
0.00010945196102641298
9.707784739297985e-5
0.001785151081605081
0.00018808917315751467
0.00033443992219099616
0.0005332481321759065
0.00034667880469854093
0.000404557625304608
8.18102660360388e-5
0.0007858472264562229
0.0003191559351312085
0.00010073230755785745
0.00014666072017961279
0.00020123587847151688
0.00012087426120212008
0.00027543309987066757
0.00032445028704684343
0.00021209768156091959
0.0006406737594286397
0.000355233455122026
0.00017330187109627283
0.0001291531498939114
0.0004102353730940996
9.213671703686933e-5
0.0005262569339368849
0.00025936866275960425
0.00023803872834527552
0.00010865884520691673
0.00022326281032063688
0.0002948303287122855
0.00013382977718767692
0.00016185768521864884
0.000458584929411736
0.00038439482647828835
0.00020347897601895356
0.00014758761853233434
0.00012816224431907208
0.008454373403994167
0.00019353595487619054
0.0003316887726821711
0.00057154645264378
0.0022110504047287765
0.00011599495157487967
0.00011081599960007123
0.00012213790962127313
0.0002286156778645929
0.00019786555935405868
0.00020311619917393221
0.0003776195858818943
7.457977349271113e-5
0.00032095099074836456
0.00045836351576237773
0.00026278143831291235
9.410053287859434e-5
0.00010059922675753479
0.0002796785646412547
0.0004059031744743074
0.0002043713733448841
0.00014622273303518068
0.0006435854661222414
0.00020908524956704403
8.601881863976591e-5
0.00024093303727808378
9.028128644999733e-5
0.0002102293948771642
0.00017879882343081703
0.0003077766092188825
0.00041316909807352783
0.00027227873638882447
0.0002893456562126514
0.0004231188163946942
0.00025193561359726654
0.00018891796661823072
0.00010473882472895237
0.00015733910188915412
0.00043355565831029757
0.00029121456549886527
0.00036475330427297725
0.00034399154728161725
0.0002784666011995317
0.00046488460732376044
0.00023574542002511857
0.00026194900272357677
0.000120702375410837
0.00016011562363293637
0.00019510860063159165
0.0004305225419886209
0.0002442688143651976
0.00011269674567016397
0.0005092474472261178
0.00017241853260014018
0.00016480788351967392
0.0002183698535161776
0.00030839230084469133
0.00013921349230876177
0.00025004413700199866
0.00010992708664239566
0.0002880382682455656
0.0005096203559555435
6.88101864955826e-5
0.0013741298164407056
0.00022332303465308202
0.00011879305715874521
0.00012012237675011028
0.0004581826757692035
0.00011899232797034858
0.00018971691842869257
0.0005148016107817384
0.00012992301617908346
0.00039599878900351075
0.0003025217503159466
0.00025656012125740215
8.543515231348418e-5
0.0002690918003448105
0.0006126620864524565
0.00017395907739140172
0.0027191135551902315
0.0002450726950208514
0.00021137891507001804
0.00017182318123289218
0.000123589393351475
0.0005148447782346887
0.0002566428586631317
0.00020698482497429242
0.00027595469937160096
0.0001159189159350456
0.00011248868001844939
0.0011774664011946466
0.000982547440148969
0.0002800059841016685
0.00012460402972318914
0.0002992699438230828
0.0009300253289736639
0.0001601688101039886
8.847630891487594e-5
9.800556846480272e-5
0.0001640738423677493
0.00026424180688955465
0.0004023202039095719
0.00017912544803933448
0.00015340039555832951
0.00010287534233065249
0.00013497921864621007
0.0003583691435528211
0.00023469360887006934
0.00013775820469657025
0.0001424279720073663
0.0003455139464405343
0.00038249051048735164
0.00024534640358305263
6.919811593044295e-5
8.119313798256014e-5
0.0012445899146949035
0.00024360432746720135
0.00026769671886990825
0.0006762873558236256
0.00014345819580584849
7.972836181687645e-5
9.150604476172926e-5
0.0006247053888469618
0.0001608513997963828
0.0001519592631568824
0.00042912426464128666
0.0005217089046832142
0.0018173166659154263
0.0001741436700039509
0.00013153455335954378
0.0006119775235795516
0.0001519821906095487
0.00014722886462365442
0.00014443420562518892
0.00043463952493860225
9.981912703483121e-5
0.0001984267821948287
9.293349015225637e-5
0.0001520037854434277
0.0001294941589319962
0.00018437667495560585
0.00020712189624806746
0.00011159080595936086
0.00016952568113094035
0.0005230048439072892
0.00030824589270684173
8.564981281968392e-5
0.0001584218463052725
0.000332054421468575
0.00023589232824061446
0.00022688493424750044
0.0006256331477980219
0.00018342289476896612
0.00018878171028762213
0.00011029238145506843
0.0001488306506469718
0.00017906498729214216
0.00019401252034192718
0.00014942589870054848
0.00020082253926999378
0.0008369739886460179
0.00010274452481106551
0.00011799200380999585
0.00018559284454390453
0.00030114421516294127
0.0001569484125098702
0.0007462326150322271
0.0001264665749230442
0.00022615433304186625
0.0007252416183617439
0.000194084420950567
0.00014100489629305978
0.0006065482967791561
0.0001828498612840337
0.00010076765553421328
0.00013929177281143146
0.0003417278680934046
0.000197578585793443
0.0004912188415649547
0.003500749900077805
0.00017759777988848215
0.00015456462407556983
0.00013210117715475742
0.000183213443424974
8.059398510297961e-5
0.0001356212064670626
0.00019314981721047745
0.00017144161770161375
0.00014702587041992655
0.00037420342794474657
0.005284930113392206
0.00011476569462293871
0.00037494745534386373
0.00014878483737398068
0.005127314304592758
7.998334477066796e-5
0.0002957794886377992
7.147192279439162e-5
0.0004287036749393819
0.00023628541943843817
0.0004921455998867952
0.0001049923335049599
0.00011042363511211272
0.00017068915353393222
0.00015607409475246696
8.584489154594005e-5
0.00040275578047978136
0.00016622289814922944
0.0007024319761718606
0.0006325899566524856
9.725939139093161e-5
7.31321136841746e-5
0.00015568008341197915
0.00038689649431707443
0.00018430463022932678
0.00020431010939726718
9.485918923575701e-5
0.0001447569306219707
9.388281549611704e-5
0.00019684059312777608
0.0004416466399968596
0.00020812922007806855
0.0014825752286622975
0.0001219127811660031
0.00014561883218466553
0.00012363831524801912
0.0004583685153671538
8.297974130020825e-5
0.0005048280739196644
0.00026882343729360943
0.00011800882385819794
8.464339356879018e-5
0.0001253491626525887
0.0001071079766508759
0.0001862994965117251
0.0006831575789259655
0.00010521867450132905
0.0001685528492754078
0.00022862172950154983
6.759629681963802e-5
0.00020717129863338907
0.001634390772406313
0.00024507270023705355
0.00014502129696187472
0.0005759522893860737
0.0012655547513915134
0.0001576376614938145
0.00017699881133272235
0.0002828404782063301
9.677723751719525e-5
0.0002244059510654704
0.00015848132377298417
0.00038886951757446264
0.00010997193610111348
0.00022395797028339047
0.0004372000834831551
0.00034742311074402406
6.813142762263147e-5
0.00014375027940029681
0.001126481657278273
0.00010012496092568522
0.0009672802338507995
0.00013698516003734932
0.00022718883353515452
8.673893264251066e-5
0.00031982250760993
0.00014125275151100544
0.00018430193665398603
0.0003184884384959763
0.00016598903215628454
0.00017451955239441543
0.00010170193171560419
0.00024267264006871505
0.00018420437828515156
9.850250362981357e-5
0.00022656865499472102
0.00010029409815067913
0.00024518509495782066
8.086451480214605e-5
0.00014157762656644005
0.00013249417357039315
0.00013081489583449142
0.00024669565976997895
0.0002756115561153163
0.00012009143072375693
0.000219723336133457
0.00014777435131860993
0.0002588600911283351
0.0020667140237372312
0.0002563961330100122
0.0004250841166593649
0.0015052667449140435
0.00013513036878045007
0.0002629229407635921
0.00014284634142912019
0.00011920659320411793
0.0002508636818984118
0.0005047988609666617
0.00023688429330011082
0.00013080188096006396
0.00013004518438960286
0.00031026305521129286
0.0008887156464743294
0.00017493440691402674
0.00023738115768344323
0.0014376583862552167
0.00023185347865678832
0.00034121107634009176
9.02673592326698e-5
0.0003269696813268926
0.000953025604768873
0.0001439147654285441
0.00021150866617082736
0.0005139115983282928
0.0002802930669489965
0.0001575883224112479
0.00022381370897828394
0.00010015703717910635
0.00044235157506771546
0.0004426843095775914
0.0002190831021957571
0.0011903287749187846
0.0003692901662241531
0.00012301080454949853
9.962419521128563e-5
0.0003511604002220886
9.343620783298496e-5
0.00017040606978749458
0.00012499512067259662
0.0001090018292443628
0.00037948014464847486
8.874840520174967e-5
0.0001119959808048165
0.0003841503121199203
0.0003310804901093494
0.00013952834093212567
0.0009248211567698944
0.00033089473410551485
0.00019059989493055835
0.00017335429949050276
0.0002518785982866509
0.00022421827834387387
0.00035339033026087315
9.112835017893987e-5
0.0008113558923589779
0.0002154869888499159
0.0002433613935698403
0.0002696445468284924
8.830649851914687e-5
0.00010238187240200735
0.00016822941822321695
0.00014374049953378408
0.00018155078981183683
0.00035017665970959116
0.00010817739902876568
0.00010792835587146515
0.00033417543213452573
0.00012104654950568834
0.0001808358670773478
0.00011331467967757966
0.0004917829764113256
0.00012885433643222005
0.0003379176480742443
9.914386799272005e-5
0.00015558334247461384
0.00016379407914803858
0.0001305255418155422
0.0004374242088856337
0.00043854890346143026
0.00042662191650410717
0.0005391785300917354
0.0005901450929352253
0.0003593736233656097
0.0002515379738595848
0.0004286924807174927
8.035006735815362e-5
0.0003516922481342717
9.292248536801886e-5
0.00011675473306883185
0.00036236696714562143
0.0001819164901434641
0.000980526065800966
0.00014613767217749312
0.00035648803469781474
0.0005529180977325402
0.00010578748881040686
0.00030976623331720643
0.00011719253852252335
0.00010806940206869552
0.000299617369935472
0.00023264643990657965
0.00010479867190525686
8.86550575635162e-5
0.0003341414164484478
0.00022517119869253004
0.00012451284210794427
9.841153614150783e-5
0.000371338043330261
0.00010386554954152251
0.0010042806422068176
0.000346694383877305
0.0014069220640327575
0.0002693137639797997
0.00026906062909179076
0.00020667477416248616
0.0009291073157844031
0.0002649356787606255
0.0007066472389595092
9.873569380041622e-5
6.336078422000201e-5
8.424159127934446e-5
0.00038834253757145736
0.00021747039597431786
0.00019112724751725135
0.000319997659421235
0.00019540247409925308
0.0012626259676007643
0.00024038537253633912
0.0003204603908283573
0.00016587975268223453
0.0002788901220279107
0.0008559562705985241
0.0001183200812735976
0.00011048672968969284
0.0003195729740382095
7.6425610753153e-5
0.0001451669169659713
8.31982314211431e-5
0.00022566752166472542
0.00030355741448159307
0.0002465212021129322
0.00022601196481808822
0.0003890328826331106
0.00010743270654976837
0.0005481799511695254
0.00016390351003487807
0.00022046916600474523
0.001271501178653833
0.00015853868985013462
0.0012282671891184372
0.0011397715707867863
7.494997041156564e-5
0.0006497297489759101
0.0005968006550073728
0.0001254323699254057
0.00037028366781877544
0.0004682763461747577
0.00010777955478293598
0.0004968682940634971
8.658123151771368e-5
0.00013004313060446774
0.00013802611199351895
0.00021314339062200263
0.00010058114552267748
0.0003390698017503056
0.00016573758762568325
0.00023807163539769365
0.00026754766731603775
0.00012753348076329797
0.00018706217591711588
0.00025581112013782666
0.0011038400863718565
9.923380201882345e-5
0.00015410783552035725
0.00017050970367181548
0.00019285035907192651
0.0012981339139942157
8.913501525512322e-5
0.0004523319588895947
0.00015942179620972497
0.00014611071613081277
0.0001358474187770569
0.00042783683824430563
0.00013121990844036839
0.00017466495587721882
0.0004817751744729122
0.00045493517548617215
0.00019948229090978588
8.907966532160229e-5
8.806334627064974e-5
0.00023803477915693787
8.417546451781919e-5
8.318956623143516e-5
9.13760868655596e-5
0.00016060797939464403
9.15541140365518e-5
0.00038164419604180594
0.0001774466254262306
0.0001307380733629923
0.00023529600696480912
0.00014505315184630763
0.0001592599775274327
0.00045947721852367004
8.253289556713673e-5
0.0001457412561302067
0.0006360251982094303
0.00017198874898478756
0.000121262465112754
0.0002758463984531413
0.0003858418960078599
0.00030170350733508476
0.00014241720226346424
0.0006894674622790779
0.00035150176603934274
0.0003836205532839629
0.00026222121446673564
0.00019671013873913114
0.0001954832635635782
9.753965124273779e-5
0.0003528345736394014
0.00033124547445803854
0.00013781432295358937
