0.10449889836825284
0.01830038824994248
7.682544636314362e-36
0.07342733836705664
1.908177703716522e-58
0.029487323536430205
0.016902337368937686
1.3248595862079054e-58
1.1872575518284084e-33
0.05368679191192161
0.045304911042303136
7.501264478982584e-60
8.679666903828747e-60
3.94299576973161e-36
3.101684003861194e-34
1.0890134069170601e-32
9.476512172303022e-60
6.292288584480798e-57
0.02713487165364896
0.10339059497910785
0.04594825171385062
1.8143514244367867e-59
7.226088045458145e-59
0.05152405582975429
0.018871517019526805
0.010215949466735456
2.5395640173290934e-58
7.378952780659029e-60
0.028857516009084584
0.05497936877857403
1.651930739050553e-59
2.8551141869616496e-58
1.9310484203499457e-60
1.229022951492876e-53
3.123463662221099e-57
1.4460117556278333e-56
3.9744587601041207e-59
1.4408324540041355e-56
0.010493676996365244
0.009369163881765011
0.08039413128821138
5.966614393465146e-57
8.43541443335472e-59
0.1884385458528852
0.032595152014143
1.0730564391735418e-59
0.006654837412559268
3.845845265821969e-36
6.122163323858425e-59
5.614754041969242e-57
1.3365276675243937e-58
0.04139870727135844
9.729773577644517e-36
1.92185415107415e-59
5.564694182952785e-55
2.59960043193085e-56
1.2221502888798039e-59
3.0805112479841242e-55
0.0066445114724710454
1.4426547451681297e-32
5.647808717120816e-60
1.6948988174658672e-57
2.3809050391424681e-60
0.08319780846438345
0.03616780067796194
4.414337623225397e-56
5.181806125671764e-57
0.03737902574209055
1.6356454180160422e-32
3.46787674057879e-60
4.7429799886507327e-54
0.11035635015345222
5.002884025449084e-56
0.06101318228831448
4.0146645778181594e-56
8.012372450001889e-60
0.01554920251345464
3.9024142330464465e-54
7.862126520933019e-55
8.457384684597815e-56
0.012791092509557223
1.2085030284487875e-57
0.3684348650597562
0.020011154700732555
1.5457436981356624e-56
0.006578653813302803
2.4306607723288263e-45
0.0480839381177834
1.045323937059255e-54
4.723862890935917e-32
6.070992438999958e-58
6.343347417358474e-57
0.005103258333096839
0.1333778879930313
0.017212224878039927
4.032922108879369e-58
6.274166395157853e-57
1.6358285180479125e-60
4.043370586147749e-57
0.044200611727306924
1.5448995819580903e-32
1.2916523307274587e-35
1.5353709359282345e-36
1.5980959493066485e-32
0.009742748939530942
7.704635296912321e-36
7.922319788197636e-59
6.867930628899749e-59
0.02492100798696009
1.4407568718407647e-58
3.2141466104116166e-57
7.955224430036908e-33
7.205099903818267e-37
2.0792559068896493e-59
1.3875338335075422e-56
1.21798727642287e-57
2.5903657726369684e-56
4.6471669208607996e-57
1.146063770147183e-56
8.073789482097687e-59
0.007548383093856145
0.004577251732746579
1.536909262007618e-60
1.5050159760636788e-55
1.9069808367667383e-30
3.1978441647563915e-35
2.7217694171362164e-33
6.715576296062248e-58
1.9388048752057042e-54
9.043817215793046e-34
0.05408618829992646
3.423045827849427e-54
0.16014296616479975
4.029015836820145e-29
0.023791015896195797
7.437950811901964e-34
1.1330150889968981e-51
0.021231372903150678
4.8824970300243054e-57
2.104811786602243e-55
1.0720304408729627e-59
0.004774261929684641
2.4870091771801826e-56
1.106789585475248e-56
0.011029875913682517
1.645229410698624e-32
6.478778104905734e-58
0.05067792177020001
7.8157179525099e-31
2.916279857265394e-59
3.6226963994996166e-58
0.014909948396692515
5.7375352578914014e-55
0.009025346925334224
2.550576111293244e-59
0.00666212823465181
0.016724388450006813
0.04631521441526031
6.388758937451233e-59
3.962343528251519e-59
0.32835843931660763
1.1852644154023301e-59
7.866438236979046e-59
1.8762460126869922e-34
0.00451684615143271
6.814207992459603e-36
1.2292614706649781e-57
1.1228711529487314e-34
1.2281153349138737e-34
4.358044448768009e-57
0.013124021339872335
2.8025738053145507e-57
2.767614885072986e-58
0.039902008438068036
1.7812407457596016e-52
4.7438819963384763e-57
6.449639795548892e-14
1.4934606149352158e-34
1.095511366513838e-57
1.2216553828355978e-33
3.671335240372141e-58
8.631027348531635e-59
6.884172766566923e-57
7.551803095429302e-59
6.184663251786731e-57
8.662566588189126e-36
3.173915868232662e-57
0.021220087307960427
9.597443347717557e-59
1.074241481309919e-35
4.847970544710202e-31
1.1595571180489549e-55
0.017856347167821387
1.7524853261927992e-34
1.114531903409115e-59
5.222172915136798e-34
3.9305789124007673e-57
6.953080817096442e-60
8.964562090650693e-60
7.744777114998775e-60
1.3410706528477154e-58
0.11092145760668053
1.7520368908766515e-58
3.96505749106088e-54
4.883060891108382e-59
5.560041451877391e-53
1.90314664334295e-54
1.433353844062011e-35
0.051560368778621676
0.02485801267454038
0.0144861002925933
1.4614996761929083e-59
2.3709067823787054e-35
6.589596023734618e-58
6.394705280493182e-35
4.150311400749986e-36
1.1021766141932841e-60
0.015791880762006334
6.701138450019504e-36
9.005426097112526e-60
1.4617246696934122e-55
4.5840640489022336e-58
6.831340376127752e-37
6.730261694289691e-56
8.958929322961414e-60
2.8996842366351218e-58
1.8570636904105808e-35
4.27185783985201e-55
2.6155443266545223e-56
4.1006068616094463e-53
0.022210137962899796
2.452127670618502e-59
6.117966691390052e-36
2.992932892750106e-57
3.633183550750026e-60
0.01668179507204824
0.04117904424396101
4.515164168418931e-58
1.8430595257193267e-56
4.567017530234462e-58
0.029198835240286783
3.9654853666438215e-56
1.460762107386958e-60
3.693986230030164e-38
0.07917124726478034
1.020550068039715e-55
1.6274006448317376e-57
8.964405497492794e-60
6.922942363395705e-53
2.844504193853851e-59
0.03489628618018636
1.0
1.0015635495096043e-58
0.03514304996803127
0.17703025431410113
5.907767181780703e-60
1.702038388185022e-57
4.3792375902165964e-60
3.870740035511536e-58
3.445768299184604e-16
4.4714515679915805e-35
1.926238403085572e-49
8.293209763151206e-55
5.738136003459662e-57
3.878394254102523e-58
2.5237103428291343e-35
2.73847569169011e-59
1.9273694036846747e-57
5.334991821578961e-36
2.516984757331713e-59
9.050282974805497e-33
0.014282581590633732
0.01246596260237828
3.5220189141900275e-31
2.2875309765137771e-35
2.1580423737923794e-58
1.0614266152343892e-55
1.4943433007609443e-53
2.9487396294275797e-58
5.395331794094209e-60
1.7012420406878259e-34
0.09527358222510565
0.09825989052780873
1.9019977581911725e-56
4.408266243931815e-54
3.7169403955270614e-59
2.129978814403613e-36
1.0035914862411152e-37
1.7723708076830726e-56
5.525281045654091e-58
2.68210079482396e-35
7.03913254268925e-36
0.004791834343837113
3.6146589415472697e-32
3.3839073785316025e-59
1.7372923642358682e-32
1.212490064182321e-37
6.381144772994318e-56
7.730183537806285e-59
1.0153868925957422e-37
1.3025488553588307e-37
1.5539024119068152e-37
0.04072296662940071
1.613440747574108e-35
3.6764891659981367e-57
7.667521234489374e-58
3.553201387977363e-38
6.434784915606746e-37
2.733956904187285e-58
1.1133782720169554e-58
8.044963909344596e-33
8.285349628867595e-38
8.973402354522026e-33
2.6546462919836677e-60
1.4656358099269968e-36
7.257683644379785e-27
0.012484307870542864
1.0219302457288676e-37
8.984493177663181e-35
5.299300863991049e-16
9.954275835596008e-57
5.236536679211533e-58
2.945394228102586e-60
3.874637122232556e-36
1.21623830951256e-47
5.493836186763931e-37
0.10053765499390924
0.12147470136687864
1.2878052447890918e-56
1.678584581418319e-36
0.0859986356398169
1.3338521912267287e-59
2.4317431395857655e-38
1.0293048209112706e-36
7.09644761540253e-59
0.019457685546042634
3.4608167320590704e-58
5.8180088444514295e-61
0.020122412201163665
5.889651242749947e-56
2.252614483124991e-51
7.670377406103805e-31
0.029511783169408622
2.8022122222203313e-57
1.532968935674674e-59
3.1655258060336667e-26
9.944750003348268e-59
0.011303667767008621
1.2201858299698266e-54
0.009580135848628386
2.123929554794611e-36
1.8460592295653085e-37
4.138602797251665e-38
4.4347533844927094e-30
4.662330721808741e-59
3.986610057127695e-35
5.766637946477213e-57
8.276197383958808e-37
3.7010926731573126e-34
0.05927890065263704
0.05712965979613943
4.608683350265335e-55
2.5119670494838571e-57
5.140874971401698e-60
2.433148786501001e-57
1.6664877050585727e-59
8.062324042082652e-36
1.3336226021450161e-58
6.06827284378849e-59
3.870689744040917e-55
0.0899756561190976
5.439001509059077e-58
8.429471913952029e-59
9.687052568864537e-35
1.3062985949721607e-55
0.013353752552679682
9.223689301909943e-37
0.015074222533486082
2.077851755390246e-58
2.321776478736658e-16
1.2440397673047327e-59
1.3815647917513714e-30
2.7495359776809257e-56
1.9783869017723946e-56
5.86120011296346e-36
3.475273094633189e-37
2.2671742951245837e-35
0.04047643214318207
3.898376248044828e-37
3.7422211268097856e-38
3.6326574651121674e-32
2.832932870965838e-57
4.838692296169998e-58
1.4050012163408719e-55
4.390243099388265e-35
1.7406846989292247e-36
4.2487700779004565e-55
8.880400029660976e-57
2.218449883608219e-58
1.4862169365916987e-58
9.65436791231105e-60
0.008086463444179529
7.736217199946487e-36
0.14013491764621316
8.116497982165382e-57
1.5303120172529826e-35
2.7705131339196135e-37
7.326313184351887e-58
5.702820056187097e-27
0.14775573510635587
4.088037946751482e-58
4.665228046287178e-60
0.03460938763263735
5.366354934782838e-58
3.0405498385002632e-58
1.7162254211781616e-58
1.6927571359810868e-59
1.5195107402146423e-37
2.4431780458630348e-36
5.0455415716590406e-51
3.3840096130063228e-37
6.639551014060864e-57
7.079531395858223e-38
3.313751191394815e-38
2.2758414959989284e-31
8.505781962625456e-34
4.726541098979126e-58
6.35018969551227e-36
2.2615314569804652e-59
3.0928961783078584e-35
1.31907212786926e-33
1.0690120353443114e-54
3.36224316698372e-35
2.4673559970705612e-36
4.5276347283089314e-38
7.569327031708614e-34
2.467013339373946e-38
3.0589220234245413e-59
4.5307628219822764e-38
0.01189038922380696
2.5755183020402102e-30
7.746375483511445e-36
1.120314441105482e-53
3.043949438848478e-37
1.4980492599053423e-58
2.8219791830802736e-18
0.052621305886480306
2.8178436010442784e-56
8.174273629396452e-53
1.8644061477605335e-54
5.291261156954598e-57
5.0680027133384395e-59
3.1897882140038632e-37
1.78251048601873e-58
0.03812848588535446
0.14015261731166498
6.335338114378124e-58
0.07386091183260649
1.2152951419487635e-36
2.4786450935426542e-57
1.7476323911896552e-36
8.022283065393073e-59
1.1826661010001376
1.3777941287130757e-56
2.7575608541836635e-34
1.0780965800503771e-16
1.0457905609968694e-34
5.795578591895458e-15
8.155617543065073e-59
1.0131589261331308e-37
6.3023298983893e-33
3.859949701733162e-36
5.7024395822351615e-18
0.0063064621352016065
3.022830751675356e-57
1.065939817469859e-58
8.92776690903893e-37
5.616910239908905e-34
1.274822108606442e-14
2.5294555893145872e-55
8.991716520078724e-38
1.5633757988069457e-36
6.1909686506650015e-18
4.599936989140501e-31
2.4740982987729538e-60
4.3963907564315316e-18
5.126275803612674e-58
4.799773589313113e-58
3.0562897447681288e-15
1.724375231452532e-57
1.0816141904793498e-39
1.2868927422897083e-41
1.0950757251791014e-34
7.349589870699448e-33
8.258053370537796e-57
9.130310507776468e-31
1.7969229375129025e-59
8.105093064337889e-56
1.864667917845983e-57
4.453149344748745e-55
0.008082934190387511
4.607554041484526e-35
8.080853373357977e-37
1.5152586365449596e-35
6.937758671687056e-60
2.656095947264769e-37
0.11720477242293323
1.514684395817244e-36
0.004372011324603572
1.1363783374350535e-37
2.8161829574036113e-12
3.9869429169395065e-37
3.313325132138591e-38
1.5763398576475077e-36
5.328614326384563e-58
4.686705642566096e-37
3.8463603615750144e-37
9.201771846682156e-58
0.016350529761786168
0.013330907169674881
2.72240372674236e-36
2.439763281233522e-16
7.216309943730666e-59
1.0802853799408028e-37
1.2350869295868345e-26
1.1885309638177107e-57
7.241447206005029e-60
3.9631307253006295e-37
3.577337418157982e-59
6.074101206211247e-56
8.591363907409043e-35
1.8327182421930905e-56
1.8317411749009517e-52
8.203024114651582e-38
1.4730305587021655e-35
6.772837477824732e-53
1.8733026495304127e-38
4.0884352989858086e-57
2.645452468336283e-36
1.505812779588321e-58
1.4424243158060957e-34
4.2300433771971417e-38
2.4723344763855393e-35
6.808243473730343e-59
6.601863877642822e-58
5.054497848144998e-38
5.056875183532017e-35
1.8260204059301352e-56
2.64147438713851e-34
1.3622387815739777e-37
7.405846387476501e-38
9.283094541504443e-35
0.030486671410861886
9.070010376439674e-18
3.0861667218412163e-35
7.3969906999295105e-37
0.011015180085337086
0.016800668979439496
3.112942178658328e-60
2.8041116691286415e-59
0.011119333115424556
4.885487289948269e-35
0.16010173508511427
2.4990160962941678e-36
1.7719026116675186e-33
3.171271471264292e-38
1.6672296482020093e-36
5.381442419374667e-33
7.673095324865413e-29
5.627990427818342e-59
4.472995908677354e-35
0.01595679364454015
1.0365586495792477e-15
1.6218582760903468e-37
2.2658484603946153e-56
9.401251858566965e-57
3.2940246518404097e-59
4.258848619629712e-60
2.508565279986208e-37
1.675728784908262e-59
2.3467209554940432e-38
0.020100664092074127
2.780183466313558e-58
1.4399798203220502e-55
8.71470849432476e-58
3.708124552630912e-30
1.568627128458707e-54
1.0818183307839945e-36
1.2207778008046679e-36
5.561290728586772e-34
1.743288918993199e-18
7.299624076809952e-36
0.0030587567021263563
7.20829639102435e-35
5.869212891024963e-38
9.628798932451104e-40
7.910900241582376e-35
3.94721714291161e-58
3.235590476352644e-58
1.937066967906017e-38
6.636214818096573e-37
1.850721635032196e-35
3.782290607775307e-55
2.3836203507157936e-37
7.960965266754849e-37
0.016849229644648123
0.009602404066479475
1.9723247832796995e-56
1.7306857036536357e-37
0.006638316712880121
2.1544785279768743e-57
1.0202441489149355e-58
3.796330957950449e-58
6.520286090882299e-58
2.4315248352525022e-32
7.926683544146778e-38
7.785315316089317e-55
1.3054931913123634e-35
1.9009780384589218e-17
8.905884628625467e-57
0.040763534239822895
6.188964020912832e-59
3.4023124457107778e-37
1.2583311495875052e-56
5.372733276332012e-37
1.413924347463148e-55
5.100402788845454e-37
1.2173543762419e-38
1.5950348886752058e-37
1.1212144840417754e-32
3.4140631538179197e-38
4.93081387043035e-30
1.528613590586448e-58
4.241793600757092e-59
9.882666153043828e-36
5.7284503815877906e-36
1.3077662048744206e-50
4.084305523711616e-36
5.625640227998382e-57
1.2252636782897092e-34
0.01776072896390498
9.249030808288735e-51
0.018048243264801023
1.9622245320773348e-36
0.12984087979929407
4.3482607436175196e-12
1.6586852134558616e-58
0.009650378009717497
2.6424292621794825e-38
1.3748886530906424e-59
3.257552415880848e-39
0.017030739238690088
1.0359833189233496e-58
2.1736952196987787e-29
1.323613899148612e-35
0.186885358119792
2.5044866557377698e-14
2.091062086502951e-52
8.60016957440452e-59
1.8968575633427278e-35
9.184174441755785e-60
2.727117763282083e-34
2.7651515967121874e-57
6.503637407275977e-11
1.317225635189194e-36
5.863912280284541e-37
3.372278875909963e-35
3.0309071015005017e-57
5.3072245907708045e-59
2.7813479741473825e-34
1.3967758351437137e-26
1.0318833426153178e-18
3.3780012161994353e-37
2.1548951880644557e-58
9.075755443900265e-37
8.95066065417112e-59
5.740998766209142e-27
4.450313703137605e-50
6.47486180317522e-56
1.4867450345453554e-36
8.286602588189865e-37
2.4430166046413595e-27
2.2339896068572544e-48
1.0122603407452492e-36
5.692070305077974e-37
4.563903768474876e-15
9.21933305933021e-18
1.3396331242645564e-58
2.9356329233479493e-55
2.433767538642339e-34
8.481549987152532e-59
0.03029246439214862
0.12858985817942423
0.0027162505932710407
1.29971684974421e-18
3.3502404938081254e-35
6.244752366366648e-51
4.675767398195959e-56
0.22912097919341148
1.8192620498607983e-59
1.222150288880113e-59
5.530453590627945e-34
7.001408760410681e-38
9.38879273598643e-35
2.9814531945258005e-56
2.692178437685564e-34
1.3984780032193525e-25
2.3483364195078492e-35
1.356862864314273e-60
1.741925638692505e-60
1.382394905050267e-59
1.957144288909068e-33
0.16820277903289332
0.1607331033041614
3.1340454914044626e-37
1.9427618819648832e-36
2.7841782711114656e-50
4.584259814293929e-38
4.846126571145556e-34
9.407598752729798e-35
0.009227226621246604
4.1382866030340545e-38
7.519122462031305e-38
1.4893715946057102e-56
2.231231142479736e-33
3.1750459301076015e-36
4.78885324713455e-56
5.733461349908047e-38
4.844489918436896e-56
1.133599374089277e-29
9.613612617973335e-38
1.2766319172988086e-31
3.718392841190768e-16
4.0052552081598717e-38
5.038629057071573e-57
4.299624903507308e-33
2.3217647639731877e-58
1.6771141686353581e-56
2.4463778510810184e-58
1.978776162111608e-36
0.0037439128525508653
1.1830895669502796e-58
3.224835184657081e-37
3.172886158147705e-36
0.029928969818503036
5.081866394720981e-58
2.5956513394745487e-56
0.005099482917967283
5.0657627023065917e-45
2.725346267763832e-36
1.8941010128533655e-34
0.002423309506794349
3.602386727181438e-33
0.04053283430771666
0.00650357634331839
3.698701574933031e-33
2.7089644107372776e-40
1.7335695580570352e-36
1.132113623758522e-56
1.1537220464643971e-32
2.1080511261393516e-30
9.454775192198865e-37
3.923360298352515e-57
5.328204743079887e-57
3.545137445368043e-60
8.98805699269155e-58
0.02668470129841519
2.071223784634035e-58
0.013064187213961848
0.013192043469905382
2.502195607971027e-60
6.407190362863225e-37
2.0255161205271696e-37
7.1683550166524305e-59
9.458934930059501e-14
2.6823182912331776e-35
5.358325545431392e-35
0.010807444404743157
2.3465340640952588e-60
1.1870447512167849e-38
2.5054766797954445e-38
8.701034899084694e-37
2.7271957461420317e-30
3.2036143167609513e-54
2.881610763348425e-37
7.216621491984514e-36
2.4489648156974712e-54
5.854366359948393e-59
1.2562484160020716e-37
1.988895059064311e-34
1.2712375031926249e-58
5.036638121763519e-38
5.672726545735056e-34
5.559869388943761e-37
1.1091736282016046e-28
3.6635880046797394e-37
3.701853772207778e-55
9.785219581281813e-38
2.2392301454672153e-37
1.0666148922199608e-18
6.620010531688632e-34
4.181687216267186e-33
1.0797703630240243e-34
1.5062915228249477e-37
3.413608346436201e-38
4.7822619813145034e-37
1.2973893196478154e-53
1.459379024483138e-35
0.040529692418981245
2.6073323306685363e-34
2.2001009007727254e-33
1.7074261292018588e-34
1.110431375548996e-59
4.461500937141753e-35
5.115449329437628e-59
1.3057735918619568e-37
5.481948604164727e-31
4.472233976442374e-36
0.12260977059289911
6.131935236651573e-58
7.551317624802448e-33
1.4118274205862755e-50
1.40560047320922e-59
1.910760533328915e-35
2.6993903627112267e-36
3.8320627741665545e-17
8.916747516035227e-14
4.685557822573202e-13
5.6475258207934e-59
2.3478483539428967e-32
6.601327776268792e-36
8.507079600688884e-18
4.230810429921688e-30
1.438559501065431e-53
0.01135270250990711
0.004997246079244821
2.214230873159964e-57
0.00904135042516404
0.06867222787097993
3.070176228251096e-36
4.780915537036598e-56
2.161696835852538e-13
2.6278211050227012e-36
3.978909560286896e-58
0.05618136609161813
3.0856412840830225e-35
2.3053336857066563e-36
2.376578599251236e-37
5.6308769907286956e-33
2.209399555356395e-37
1.544317976531583e-35
0.028765025403569813
1.5310838568020251e-35
5.199725743289977e-38
0.01386690085309083
4.05486128901265e-34
3.94401690445738e-59
1.3137883951510053e-33
1.6937018816836014e-13
7.440702454359527e-13
2.036625832367895e-49
3.625975453261465e-37
2.10094121269207e-31
1.753638381280296e-35
1.826030236888214e-31
1.475694272117645e-33
3.756544778381153e-36
2.5095218117250086e-38
3.703334989669964e-36
1.4236817552810603e-52
0.5543848249744047
4.224711055076373e-58
4.628532225687308e-38
0.03395258252512415
3.632869549393715e-38
4.344107942379561e-36
1.1556363944306941e-32
4.67338752343204e-37
3.5599556462058404e-37
2.2164752140017282e-36
0.01814429520519472
0.015914288764246307
1.3631355889980258e-34
0.14335730753682566
5.496931994789352e-36
0.01100653066142242
1.3751661857310955e-59
5.168379105979909e-38
0.012643904963819898
4.054285806230139e-31
1.7416669341638873e-35
0.015493682207968299
1.2628492308767007e-37
4.3552108076380074e-38
1.0725084580513797e-32
8.495756003720149e-57
1.2059406664846006e-34
5.325561922191425e-34
1.032733317065965e-33
2.22777698887309e-37
3.210795277868403e-18
9.792061688849485e-59
1.0964108580837611e-35
4.3468748932124915e-37
0.18228347571340703
2.3741298830302748e-36
2.955765683259158e-58
1.5291229610092123e-34
1.1320604015701882e-56
0.029718204818371674
1.5459779546421896e-37
5.377389592447693e-36
1.8743840344460152e-42
4.838631970182988e-36
1.9161917396158652e-34
0.042282062241852374
1.380422178247484e-18
1.178672313215638e-32
4.770281188636212e-36
1.465811679444381e-57
1.075373171817895e-35
6.068494248145193e-37
8.869115705849384e-41
1.997016519929421e-34
2.1060161968197546e-41
1.3873245908441896e-58
4.8335465487771064e-33
0.004678479647000901
1.5022626688095435e-57
0.055100682692265084
1.0459406212727923e-58
8.705580820675024e-60
2.1739240361981633e-38
7.59643643616816e-37
2.489845854757192e-38
2.2136367063692198e-34
1.3456539128305358e-33
1.923805957289973e-36
0.06347231562849098
6.397393643446398e-57
4.719212327006365e-58
0.22089867143865938
1.2157927255085942e-33
7.038898715166802e-38
2.635061770583769e-37
5.828806645918766e-38
2.1484003149018114e-57
4.995217386303949e-59
0.00465061023913302
0.0868744666185477
1.0358525506161288e-58
9.586733706014684e-55
2.750098962747817e-58
3.7739068674925364e-59
3.6816717305659593e-35
1.4822912558566426e-37
1.966486569390642e-57
2.5596738421210935e-34
1.58937716080786e-57
1.1454012147758595e-58
4.0484500684382337e-60
1.1174671376601118e-35
5.676332906739188e-37
5.936401029832747e-37
3.225445427523192e-36
2.910089406216104e-38
1.0026439246749938e-57
4.851365949656644e-16
7.252380988974605e-35
1.7120814536574922e-59
3.3184089050169444e-36
0.06525023183571126
0.03606374815603388
1.113837443859821e-57
2.3513202582779367e-33
6.600495661348681e-58
0.006292165950032863
1.9861752872474563e-58
6.179600600780107e-59
0.05736390419263331
3.603470079312307e-33
2.0907572530310603e-35
4.691192694396846e-35
4.851040658622158e-38
0.013106979699157825
0.017593414711865117
0.02369977988338041
3.8092816759485574e-35
7.370692391700156e-59
4.289386880118715e-42
5.624365850115768e-37
8.122020605830956e-55
5.848726520065473e-36
9.302100629479338e-38
2.090673164971342e-37
3.416337827834696e-57
2.153731376507676e-37
0.11250553280190995
1.2562611569583811e-38
4.1633987719155524e-58
