0.0034507702889035436
0.004918948744273613
0.0031862570200282205
0.008852086681405
0.005029737668180123
0.007961286451431168
0.002969395468066156
0.013915266286850338
0.006972600039843215
0.003844024921644283
0.0017018835457319912
0.004999012631478423
0.007680757133115739
0.006428980209374393
0.002288155829028726
0.0018117046505905453
0.003043456101624584
0.010817783003191674
0.009796669318831124
0.0081899812768424
0.002151603513531085
0.0015018217542389788
0.0027176596303885277
0.006040511481415644
0.01101498291629485
0.0037585053428573142
0.001343124030005824
0.005000703824853647
0.006228682681863004
0.0070497162230345675
0.007363740376404684
0.007294739592463033
0.003367434391012752
0.014317312080038823
0.007585548868806257
0.002284956926122204
0.005014229817339555
0.010212310291453766
0.004098533883790893
0.00586682156682981
0.018906250458680825
0.004786976108697965
0.0031975530348222194
0.006361824432491635
0.0024718589052526298
0.0019869515948380432
0.004992820409381181
0.02316648689257337
0.003429650214862447
0.0012636302324965107
0.0042636409473135
0.009661961684324018
0.0023623402226221196
0.0023464172483356653
0.009125126017021014
0.0036212045052437373
0.006434587407425331
0.016457540436850625
0.002838778518433553
0.0020125243791877094
0.006506411878737872
0.003067560145613594
0.006011135619587047
0.006470891469345608
0.004467868362216907
0.011665581086431065
0.0026340283252909735
0.0030026939864900553
0.002058744291708112
0.0070272944993213324
0.0023734032353809054
0.004511502648869613
0.004776456398387422
0.005208529872181323
0.011586026595041984
0.0021291429614105723
0.0020783112707197177
0.0073982079201633764
0.003592579774110517
0.004607090031727085
0.0026685552458741587
0.007082946947979785
0.0033052540379521415
0.017567368677452667
0.005709520523598122
0.04608920492710706
0.006219477715577847
0.0067547075628355165
0.006033732743434721
0.003785213862454521
0.04069763957511407
0.021558411307449194
0.018769453000668478
0.0018286853405494743
0.002887031121652462
0.021002968465193353
0.01006659576239543
0.004303347947620781
0.0024862774216400344
0.003601179822806075
0.0020370865806080035
0.004645422284737915
0.0019287074854642597
0.0034558573927046888
0.003676772670334558
0.00211377108910005
0.0009925400934137
0.0019460152697375378
0.006558243777813947
0.002539440076471015
0.007060363597934807
0.002920826752340811
0.0026821170810486183
0.002162649859768755
0.004294148291622948
0.012312676034592906
0.005463308824863032
0.008747428894011462
0.0017904065953748048
0.0021929748049046697
0.004278034625555293
0.001527435992149285
0.0018182534177097521
0.008887164225088834
0.0023551693415112423
0.001997407016270906
0.009592975340976459
0.0009925166724899198
0.0012979242378339604
0.0017346342174493152
0.008622589656115185
0.001377357814224907
0.002853322500357076
0.00227506133024465
0.00862923259193245
0.006572451278535965
0.005283921632009271
0.005069611883546815
0.0012648036969824027
0.011468576778813733
0.006002283303180466
0.0035382924479459184
0.010298761870802845
0.0038034941215816694
0.0015484285321454843
0.004377383934215191
0.0007523071448916184
0.0024664047237459553
0.004933589883667842
0.010265241367240894
0.0009730530840568254
0.01436954418973218
0.006269242857831378
0.004414015955655895
0.0008789098639480377
0.004989129085961927
0.004371617710451262
0.01567860334429433
0.0021036027777139405
0.003541425236944243
0.0014426425929109723
0.007875183356549572
0.001581341006418143
0.002103066607498831
0.004396862607202171
0.008159822423249273
0.0017318719630715718
0.004311692663669989
0.010936166729357214
0.03575866659983623
0.014912468519245938
0.0021029292473316867
0.0010632375453411707
0.0027143398726931873
0.0028941136470530247
0.0021913048071131504
0.006041823351504036
0.007202310663905677
0.009316335845535973
0.006621347681484404
0.007619223081536041
0.007212983829140603
0.00238869227259711
0.005232354388946725
0.0055128452328410595
0.01214013320800726
0.007842478956990312
0.006275086174209268
0.006322562138616903
0.013638724605172134
0.014003526943369402
0.0044605406180205235
0.013404748055385012
0.012289134626784666
0.018151941364135456
0.0018833632446430754
0.0070371772446311065
0.0017490797406161593
0.003335795777065561
0.0033871540901118436
0.007095851884393709
0.0013332589541251289
0.011851734301061224
0.01146288379637627
0.02090606386208059
0.0048450510363660096
0.04593537457299346
0.024708181560986798
0.00191783081016322
0.0021712406604252566
0.01675828672423675
0.009365719210536392
0.000867711971158721
0.013888919789267963
0.0078010888627296
0.013719694432590525
0.004393554407778299
0.0055523872007944754
0.002911762331067202
0.012147735130746157
0.0064206205770831635
0.0013046580202451213
0.003361723857939285
0.008391780063361264
0.0011504871834918352
0.002099349494008321
0.0031050552312979498
0.004680355024608859
0.0028409596370802936
0.002020302667341567
0.003960763052808332
0.00938349884860669
0.0014682564610867337
0.05281455305001014
0.05245441318425107
0.001857953499652579
0.00478337869681856
0.002065524402051335
0.005587069075312577
0.0023860838792038918
0.00411752153451472
0.002289383131846301
0.002239596431754799
0.001942054537162973
0.02319209812162314
0.0014323113264387156
0.004910662545259866
0.0028146997301493476
0.0009241826361050705
0.004057374170013634
0.008107572345719821
0.00202941339912855
0.0027209887840045762
0.0011379789549220698
0.018711008070704
0.007420045807973085
0.008690091783064133
0.0020175573207032813
0.0022790386712287242
0.007177334249979831
0.0031739406653422215
0.0086158469773719
0.006158943107083952
0.004499438823611183
0.0007818071142611407
0.0021551969169692157
0.0018477243461509792
0.004438700117870066
0.006445821027673942
0.0011498720683976364
0.004004005153796762
0.0032726907844924484
0.04108011977521526
0.009602354730302966
0.017164800296502643
0.003297656733815457
0.005704706487484334
0.0078446533192664
0.013716859073779855
0.0043087985211996875
0.008260066774312362
0.002263377521631108
0.012026147808236591
0.0025706948259265824
0.01826525940163867
0.002421466113070569
0.011844444943934778
0.0022443464477080208
0.00199429135141885
0.011327227689882091
0.010615011209341971
0.0052157220672823384
0.0033535495094565745
0.011415569202460719
0.0026590832257988033
0.0031410398286676037
0.0020478553742416888
0.0028673969567833526
0.010765735560062994
0.0034772856402951594
0.0032822560070604827
0.015537544289226407
0.0040732031437142316
0.0020319064848838275
0.0011040039627330457
0.004309590324934576
0.010189612703947177
0.002508543140006911
0.007826118740209467
0.0025959988662671712
0.0017663460304400485
0.003220502169413772
0.0034323541296810787
0.0037537464387377823
0.009303784882183662
0.0027416638614043897
0.0007535765310951631
0.0024239515587671347
0.0030436815508465454
0.002358989049213567
0.011497166522532451
0.008183353758112103
0.005127161778947607
0.002859884340978658
0.01042797015933419
0.007941003753647195
0.012220873071541792
0.0011328867157594802
0.001716615661207174
0.002774298101531464
0.003922396167499062
0.004418626258393993
0.005350115323263263
0.002457063232963332
0.005867823992392335
0.003433090442972422
0.0052271114755847664
0.001451568781662383
0.003605309171167271
0.007230330264389981
0.0008205395996360719
0.0013512828816118862
0.008957271062284717
0.011187690504134758
0.0026045292626298436
0.009240951713159484
0.005115840088161693
0.0014195678969333636
0.00551853998620027
0.002819575021911329
0.016118166751450228
0.004031063994271586
0.002882411283942347
0.010218681634910295
0.007207878472067317
0.0055259066752297754
0.0017014375608077302
0.0017724156454012503
0.008423058174663288
0.0018208954066847225
0.008639201049467549
0.002990724044285578
0.0014356073259401217
0.007696115219407167
0.0022419203405961933
0.02058089974574718
0.010225822076045285
0.0014172745326447714
0.000659647797301264
0.003083316060833566
0.0015746969781786169
0.006674635404615244
0.0009077338906816265
0.02209793833794567
0.007395559342970838
0.002697523589715066
0.0008804380540916399
0.004109088741487742
0.0017884102132609528
0.008785959117890976
0.03276560138603044
0.004693733682124333
0.0025789238737454544
0.01219512246526656
0.0026022231686517695
0.0011006948840626145
0.010602190845274228
0.00269285636231365
0.00355536684075477
0.008218436642434707
0.003418971703567168
0.0026668709224860437
0.004382278358639336
0.003265018645174374
0.0039889621838853076
0.0037896872618809973
0.005512081505510196
0.03368820720099756
0.005676491228797236
0.004708968029227588
0.003528936719224773
0.004622472030205891
0.02613672901161924
0.00331519343807103
0.006372444796068587
0.0015459093909858522
0.014511154889517392
0.0008210669381480171
0.005144077958391619
0.002270649418297941
0.0036171251819426837
0.0019913264465149243
0.005316208183029797
0.005102396566328235
0.009254022375226021
0.0010267736806878114
0.0013617505079548163
0.0014897642746485103
0.0031992736217638946
0.0021928269094416944
0.003830718207115914
0.010639489293999027
0.0010782739203413982
0.01927118199403305
0.0027138629998515193
0.07087657896485627
0.009631498234927083
0.017164614724133182
0.006674281864477372
0.0056755295492282596
0.004080782574470786
0.006612974877925702
0.005227788754425156
0.005055763896943636
0.0011463296783687275
0.00653673110067165
0.004259631993047265
0.00725640096673637
0.0029235726058979487
0.022825220317982824
0.006671130017027298
0.002864799733137063
0.005682549074644802
0.002948327342489675
0.003399552504267401
0.004551208213634129
0.011240487521463687
0.009603232725340033
0.007803320124305263
0.005149330933976341
0.006134505728270924
0.0014524088784273702
0.006260166626007049
0.00891840336301098
0.005249206814760232
0.014678375191316477
0.00739402226340029
0.0035225007333833094
0.0038684484957973403
0.0009580526764356495
0.0014707019315971378
0.02972981735055709
0.003199741563422861
0.002651693856924073
0.0019370246669248735
0.0034752382966721377
0.005429202112655489
0.008423721564955626
0.002962248331044369
0.004869375092423703
0.0032435553317652945
0.0010067643486016693
0.0033994589108550096
0.022558322602855008
0.0014254728663067283
0.004346410321549803
0.003048585674748123
0.001723455179739886
0.0027723770923777256
0.0012619351138055536
0.0040722040676904915
0.0213880394114233
0.0015834842923592948
0.006528032710952352
0.0045161969082335935
0.0017463511120224928
0.0022574071532320524
0.011236807959812401
0.0008392720124371149
0.002918174419806122
0.00922442220965274
0.026340288634701742
0.005463543234230876
0.0020611841806019086
0.004461921376976001
0.006519055985426945
0.002621385046647857
0.0012072730320389117
0.0010258016900926634
0.011207201118071927
0.007915394803290605
0.0028280357670771587
0.0031390428893329813
0.008835612386727646
0.004334196703781273
0.01479857628475889
0.007960949070121431
0.004325916960144953
0.001988978456189462
0.0047129548295020435
0.005669388713171671
0.010453136194246962
0.1165502838456649
0.004885406037321651
0.0028724289459241144
0.003804669982176808
0.01899264290341053
0.0016668188145964138
0.005359106703459175
0.00797582138729343
0.0016700531038284219
0.012332736435958842
0.0013089845159205183
0.010964263164781109
0.010058574953103864
0.013697963384102277
0.004132987698470072
0.006583125019948991
0.0013322400547292335
0.0021711236286897986
0.005706932703842375
0.009944829334094758
0.0032080342914078885
0.0035210004159604655
0.010126635500667445
0.012424583064747993
0.007740284524425412
0.015274423302234157
0.007977783432451084
0.002762433091744513
0.01160319103562595
0.004920495845370003
0.010522704558695913
0.0068510212637880735
0.0027415816730961347
0.012806712601643117
0.007711784673566241
0.008457400069016269
0.010780562780983799
0.0054897320551924676
0.06601344417988701
0.0012642733295636813
0.0018421662011376316
0.0010404664086055763
0.010924497871742055
0.02920845011852348
0.05032253710776756
0.0022520210894844015
0.003139188699312295
0.0061397834228487025
0.005085922417467793
0.0028704399216154296
0.0033910533640023484
0.005916679752053892
0.023664979902921074
0.004853268672245779
0.006820381168726185
0.015214330788719676
0.001982894265728325
0.009646090201100781
0.0026599683119623717
0.0028326608510825407
0.010777412867441384
0.008107935537612538
0.00277051679041432
0.002872561671509658
0.0012136266716494559
0.014016579822636507
0.0019497334005825603
0.008144464486827097
0.01748811662048112
0.0020013413393743457
0.004560596193299162
0.009849608936940027
0.0018719533553899377
0.02469176191499672
0.02833565981804792
0.0059663565536640685
0.0037616639677314477
0.010809035976635933
0.004835109753645656
0.002822404344876374
0.002427589081387953
0.028189004655511506
0.002371729961308987
0.005647339315618442
0.014565801806994702
0.0039548669127711725
0.007693505613705075
0.0011290247209335257
0.001167123371877642
0.001874727455294281
0.00558678579654202
0.0008057812222467002
0.0058782956468770515
0.004806559313213355
0.0030233505653974313
0.012361199460039258
0.004264963871792168
0.0015727055769508512
0.0018779946493126924
0.0019305849730917952
0.041912450267450885
0.005018029911352426
0.0015007357565424697
0.00130837690492278
0.0021502541677697463
0.0015554219044719355
0.005982252261505956
0.0017358095715258733
0.006286616309742379
0.003053404229976665
0.002409836400112144
0.003486191331549764
0.00233006306948915
0.0016919314865121175
0.005269596484490809
0.0012158418997642918
0.007311484069766049
0.005971752570712095
0.024508030266950337
0.010423556369387991
0.008045585374442903
0.004236754932047634
0.0013020685557723953
0.004420499244638038
0.0058892277855268
0.010064065601723612
0.0026279749215538184
0.0030128918614424362
0.003309253437869902
0.014771079736673383
0.0018426824846940238
0.0044793591436434145
0.0033509544797961704
0.0015739897275064236
0.007581389086570282
0.017861937665689786
0.0017225997745053754
0.0035868931179089732
0.00860135688620553
0.002475457786773803
0.010115612699577411
0.0019350752277531179
0.0033979452934347325
0.003957566249275561
0.006784313975496293
0.0013748214591846896
0.002151231757265532
0.010047814593699664
0.007161318291749463
0.009442354220693802
0.0026100928702018486
0.009211425492932027
0.03791110790121254
0.010179788626725111
0.02128879454767227
0.01245108605759882
0.029268496416487884
0.002100612048963013
0.006271281719924109
0.004423649023527431
0.04612593473452118
0.0013135100361799834
0.0035193882075057184
0.004903372980031367
0.003119837479041442
0.0008461113522682126
0.0025246207453728155
0.055018993920505285
0.0013279146651724164
0.010394001589207823
0.010770052958231763
0.02396592881162697
0.002179444271171887
0.004967933901041292
0.0035051906647766925
0.005452933675842386
0.0016836129358398246
0.0020895648781722965
0.001764065964772202
0.025602575944897035
0.00768069287033239
0.003836179208869529
0.016042202408255005
0.0015626790626031852
0.01003613065561932
0.00448508621707567
0.003748369392082204
0.011839995203828281
0.0016563639748277963
0.010055526843762042
0.026156087425508685
0.01617673878951316
0.000980303780191002
0.02139453899956953
0.007634097486167991
0.04591226243224191
0.021374957053797983
0.008322464142175965
0.013838726866652887
0.0025843024619030407
0.0011538782363064459
0.008171234756866751
0.05407385843510834
0.005834580709467553
0.002516100630309115
0.07017346463684165
0.0032843400934236574
0.010266804041345568
0.0021617788732435526
0.0022203167022002298
0.0017182910262739414
0.017560946326245927
0.0033723436740013585
0.011790450188034955
0.003334845935113817
0.0046799840179922265
0.006764749068365059
0.013140900862317367
0.00654923560883826
0.007740475120726735
0.01469163030078599
0.003456125406952866
0.015534927008736953
0.009388397769892058
0.0018812522900294854
0.0021380608517374243
0.041990596627046683
0.001973414186276437
0.001003041996087082
0.0028822134493697244
0.0026380322573886575
0.004421211358361375
0.006895974047029878
0.003310260833226993
0.004511180555327128
0.005721114768722647
0.004167272134500867
0.020737325249272923
0.0007128753200416069
0.0018133443108702327
0.002305143392912491
0.0024477758677470826
0.007330422172764913
0.0013916605382086602
0.0042207440157248964
0.015427335115496637
0.001220807286704856
0.006514560882346402
0.011908144301370051
0.004566732348123775
0.0423932491099072
0.0037240108595692585
0.0016878458026076907
0.0022904296370177897
0.008611562259650372
0.001857258702958171
0.03421608452023591
0.00963138647212726
0.0041179105526224944
0.007816268637731853
0.009405370324804214
0.01265544376716137
0.023280013995239303
0.001070933164769571
0.005073363558833536
0.008829328601853278
0.010565579908015248
0.002817262647386896
0.01368099217939412
0.0017124863575916417
0.0012763647386899448
0.006944443185123835
0.05520107652654567
0.0016808684319584654
0.008309700424693258
0.0011523761395198192
0.002898872878440013
0.0031545238520357824
0.02105738309195291
0.0013703459529713679
0.0031724901029524773
0.001211759117928433
0.006499951238893372
0.002415482070432555
0.0029149355885261232
0.0022666409028428737
0.0009455437341998868
0.01195198314692237
0.028514912294325123
0.004077838584539751
0.0029383856981712473
0.004483922230826092
0.004191105748271777
0.024712912128501463
0.0010551295472947014
0.004432818966615244
0.015394342140163669
0.0021732830900548575
0.0020447577710329557
0.007403893580113651
0.0021963364763582997
0.016968445547637236
0.0015689682619270924
0.011639724952810704
0.005701164312901623
0.006772242936556227
0.003714405702748993
0.0024187510437013353
0.0015482209884357509
0.014271613409856884
0.002863444664554759
0.004736687799348076
0.01718433764741232
0.003373863190775885
0.010187200817717857
0.0013343271509851074
0.0015527686853238885
0.0014464460861721446
0.0022932482337658655
0.03519490239440191
0.009384170040369792
0.02105235670672322
0.030044828536756895
0.0021037088710286677
0.012390688148857371
0.014393001221538346
0.0013575087550445981
0.00786430803938843
0.003906444982460217
0.015513465739178391
0.004384365097734596
0.010158519661235906
0.08639357397565288
0.0036192869775208934
0.0030985117352537927
0.0035615549120111027
0.003854921622850493
0.0016393429456660765
0.0009472843006123542
0.01613045989325315
0.003218901020053681
0.0043863567959351755
0.0035261513226653796
0.0013041660858572224
0.0010500780300603946
0.0016237834313707314
0.002340824425696131
0.00800038434607377
0.006051645261430261
0.006816363748958328
0.005413667652680318
0.003598752856820577
0.002694184775548806
0.04549570690988196
0.011735072260152832
0.004054731624672415
0.008384322957795181
0.0029146755567229293
0.003974257405602962
0.010395834899605173
0.0010829131963607797
0.008444016211743692
0.0018691918262789028
0.008390769782445172
0.002919318372181132
0.036355045678445365
0.005171204379131971
0.07138753880552799
0.001769518148590307
0.0030715294400513837
0.013077442610211118
0.004271034569796032
0.01654977442524674
0.004181583861417315
0.00823852965738565
0.00469348548015974
0.001747173622321593
0.0096740380846069
0.0021041943514645838
0.0022761991757550295
0.002741266373941475
0.00541463254201789
0.011576877031545522
0.012902672178141141
0.0057261686698679365
0.026003788620125767
0.003600110252138339
0.0268857801636313
0.0030715023292441873
0.001659461674034073
0.0015794179138255958
0.003386974702965774
0.0011399330824171554
0.0072119874297625845
0.006544452826432025
0.0026774138233734233
0.004234752133091504
0.002975739160855072
0.0050132111573849255
0.001095727098084563
0.0016557077387976012
0.002405264960553494
0.00414843152808416
0.008135791757324037
0.001934884304099924
0.010707748339855489
0.022531069764022173
0.007111643122494291
0.002728579550110083
0.006796056496921912
0.002092122141819791
0.02594664705116779
0.009794679052385954
0.012824830014969174
0.0033845153078743023
0.002933233504220984
0.04991449933073059
0.005158331393189938
0.005839333907915763
0.0007936080186533595
0.0010191408027494316
0.004926590952324834
0.0075931735680636265
0.005912263510585244
0.001054446641499394
0.0018669551379470234
0.012942797556106863
0.001168378207539179
0.00212861364972874
0.0010994218090598826
0.001017645932648017
0.01209458472452986
0.001979109768405726
0.0029968261144279512
0.008903799765336819
0.015327940552954786
0.007755509675376955
0.005905619433537617
0.0013397042568342374
0.013133871436008778
0.010117561161549935
0.023030605069890138
0.0028727136274089263
0.0066713610135755155
0.006575393186511431
0.0033908086763725412
0.006384121515328996
0.002223499506685254
0.0015758554317518696
0.012251712433438961
0.0030951954340970923
0.004407399450005991
0.0015894456647416776
0.00333716610168744
0.001437370038303261
0.0020487120848682507
0.001695471500799204
0.003512998441949575
0.0008961729586982934
0.028163892511322494
0.0020761973412933734
0.008187994070184253
0.03224679329994299
0.0013943594499851134
0.008327235990457628
0.07112452297112117
0.01439696589321465
0.0011472234144997357
0.00127015891868819
0.006377946782403594
0.007723270682544592
0.026077859773459985
0.003953676633242685
0.0011823215208326492
0.003410770465303106
0.0016793959362714354
0.2744567148292015
0.002065691874321935
0.0007195310556946043
0.006306348215992379
0.00788427703845001
0.004389577240220923
0.002697536861632181
0.011497202926966477
0.0026004957265596865
0.0036350525076051738
0.00730544752296016
0.003275436801049005
