2.768252372168207e-6
9.45034211068513e-7
6.942980697885286e-9
3.5977637790715875e-6
3.316661244027056e-7
5.433939316605245e-7
5.531631671690765e-6
1.4427691428476562e-7
4.3493797307305746e-6
1.327527327610876e-5
5.6358554726548725e-6
1.5774235962342394e-7
6.09041172179412e-6
3.6069208521155058e-9
1.1542822185526684e-6
1.0096484935965767e-7
1.4189529893331818e-6
1.4546633117048856e-6
7.454227277779948e-7
5.197953595092199e-7
2.8907519637508077e-6
4.3010235651488786e-6
1.027421872324158e-6
4.32304607096691e-7
6.477814945941889e-8
2.5608656912392005e-6
6.214840613604305e-8
5.126637874491871e-7
1.254002060217269e-6
4.689078214060755e-6
7.520871395608883e-7
8.427655433348214e-7
1.6049002037685345e-7
7.704671353464877e-6
2.2003199693630622e-13
5.088091847990574e-6
6.642197277191842e-8
2.556417080171322e-7
6.842952913399539e-6
1.5886239719908648e-6
3.557494393760882e-5
1.1864157494174016e-6
1.8118224897637047e-7
4.200511861268512e-8
1.284485043372049e-7
1.268977901957529e-6
5.471294858815549e-8
1.2854432761829257e-6
5.905114520673123e-13
6.883762019514903e-6
1.229097918526922e-6
2.3640352921557146e-6
7.771404729315996e-7
1.5870142189001388e-8
8.792061657876324e-7
4.5533285036581605e-6
1.4595673586807084e-6
7.626705829225141e-7
6.62920709933487e-7
1.3170174936180157e-6
4.809754928451544e-9
7.245656913079918e-6
2.2119166151260468e-8
2.2927937323243353e-14
1.591628848788468e-5
2.3206561323958103e-8
2.771372515642765e-7
7.552336928256215e-6
2.0359515193600824e-7
2.7033384263393983e-6
3.127306438133196e-8
1.619183112894408e-5
3.3254838750344554e-6
1.4473350527092493e-7
7.453329572399878e-7
2.2130813558539212e-7
6.303701072840328e-7
1.070629477749524e-8
6.299171423992546e-7
3.114878103471561e-14
1.677555988141409e-8
5.126364642032768e-7
2.4249924703707085e-7
1.1062933229673477e-10
3.1854287184035442e-9
1.7382414018938773e-12
1.7730740316496477e-7
1.3388655478963507e-7
1.2834360981263156e-7
3.5865145772826526e-7
4.054253339661482e-6
2.31852118150931e-10
3.893480700499294e-6
5.418636782466762e-7
3.5539056116950914e-8
7.031511113098406e-7
1.1368219649122482e-5
2.2724377662199279e-7
4.666462729520815e-9
6.1470930474704365e-9
1.4824250821238647e-7
1.19045936867771e-6
4.655855398437723e-7
8.557274802307117e-7
4.986142887077843e-8
1.4071231669654598e-6
7.04738242901609e-7
4.53778084783146e-9
5.272297529475211e-7
1.0417128068545701e-5
7.019796536479107e-6
1.4012382395977219e-6
8.936726113619787e-7
9.138930403879042e-6
2.2258076184113906e-6
2.0768450987285903e-6
1.933860792114799e-7
5.060579506188342e-6
2.0900967310583478e-7
8.216520696987011e-7
6.661632046556241e-6
2.519053010391184e-7
1.6464260128560275e-9
6.906995722384732e-6
6.162336076614357e-7
9.960901323244624e-6
2.0176655994659502e-7
3.747678488953739e-5
1.9586640617903605e-6
0.0008284753493776698
7.118447175504501e-9
1.5858168389145788e-6
1.3363704238983373e-6
2.2036958377664583e-6
1.7354635709205793e-9
1.302041097232074e-12
4.820345620726726e-7
4.854380338827533e-11
6.7510685147894995e-9
9.693377539653395e-11
5.005901471736984e-7
1.9071704095079643e-7
6.389919229847773e-7
2.48747677442722e-6
3.8868887436288495e-6
4.7303816600036827e-7
8.718611330218938e-9
2.655004446908408e-7
7.316777279905142e-8
9.586749205303055e-8
2.2979034131626037e-6
4.321874169884401e-7
1.3006507658666773e-5
3.5666397583309242e-6
5.976141058313458e-7
5.285849382916916e-5
2.9203168709131193e-9
1.201660618592382e-7
1.2163351110414765e-5
6.281394266263035e-6
8.553206846671027e-8
6.450255983542532e-6
9.983252276466506e-6
3.751104685380916e-6
5.809984435059537e-7
7.455611682433625e-11
1.335361000191305e-6
4.4438823675944146e-7
2.2253062507204241e-7
8.29037545262779e-8
4.012651076517777e-8
5.020965378110914e-6
2.5515407234143898e-6
8.099361794618995e-7
2.757461796016109e-5
7.08495265220544e-7
1.983297944935528e-8
4.4310487765956354e-8
1.1486837449588563e-8
3.8557570855049967e-7
2.5565117020104815e-9
2.665519421453491e-7
3.7266260832233843e-7
4.931379252038703e-8
3.5509002587440757e-6
2.1510951089228234e-7
9.528583842033585e-9
2.4762900257214507e-8
1.163790030349403e-11
2.0737844899280208e-7
9.956188839601212e-6
7.360479900665132e-9
5.539810765134769e-6
1.5702588954909397e-7
7.248787285796999e-7
2.83960949759934e-6
1.1279608555130455e-7
1.7561844195454184e-6
8.368813561502692e-6
6.403902930433513e-8
1.9172737039516918e-6
4.525033585796691e-7
1.0412590699683055e-8
1.1147820153137096e-6
8.498847386144016e-8
3.330504995566495e-8
1.0419501037013748e-5
6.6191483125800556e-6
4.901252774342239e-6
3.303584306856755e-6
5.515510644938919e-8
2.9380227562294054e-6
1.8306172949484028e-6
4.876349666884724e-7
1.6275946558238034e-6
4.878328642462533e-7
1.126547030825409e-6
2.6903381032889458e-5
1.155934922787799e-6
9.825988459188908e-7
1.5047181748353302e-7
4.6251740035773603e-7
1.9898835940177956e-8
7.090792433789658e-7
2.1361362660149482e-6
9.50779027575012e-10
3.2121372418814286e-7
5.825082922226632e-14
1.4021596080201696e-9
6.127584657476637e-9
1.563748330730283e-6
2.076122982854049e-6
1.4120968245198415e-5
2.1151976778451912e-7
2.5994291994335637e-8
2.2228172203478857e-6
8.668043735607176e-8
8.455559876242955e-10
5.919575101832557e-7
2.9113966770102045e-6
4.766557458678433e-9
1.2339711770700006e-6
9.975594047083238e-7
2.6652718389998473e-6
4.294660039907174e-6
4.5561365629315915e-10
2.144659596870504e-8
1.8409904404091547e-6
1.1197138467756908e-5
7.082722276203666e-8
1.1800474683806314e-11
3.028576660779569e-8
8.443894654718922e-6
3.8470434638837204e-8
4.1677019067277206e-7
3.092523086210295e-8
1.5450552581734954e-6
4.036162924436595e-6
2.0852617780670985e-8
0.00012394259521111118
3.168913129353327e-7
1.7595748364554633e-8
2.8961859883457247e-5
2.828810721059215e-9
4.001467792313795e-6
4.666154482466656e-7
1.2577192233299491e-5
3.2212013442517792e-6
6.490399711686937e-7
5.945160838046554e-8
2.5529355417054016e-6
1.0087407379308736e-6
1.5443525302620335e-7
1.2488959528609922e-6
2.72992204335303e-9
6.936457003017312e-6
7.040586920336323e-9
5.8094188076658974e-6
2.2152223456710417e-7
3.130913883703908e-13
1.0476957526469803e-6
2.3223713194569224e-6
9.058214427655514e-8
1.052370964677958e-6
6.344679808692175e-7
2.604942977728445e-10
1.6569503311483486e-6
2.6889240006442e-8
1.9642209351984263e-7
8.955935417933348e-7
2.2225941169650287e-7
1.4354050729629888e-6
1.9453093577018883e-7
3.892862067237118e-8
6.621427417891843e-5
2.5550383546944947e-6
1.4170991447445484e-9
3.5088199632814344e-7
3.0687526210264e-7
2.40508094633945e-6
3.926798208321593e-12
7.288547970922133e-6
2.82388890987972e-6
6.03423525962605e-8
2.3386521040212785e-5
1.6534383602476844e-6
3.0745425112679204e-6
4.4193839601255865e-5
7.987658982243466e-7
3.0159007027346584e-6
1.4538217106617944e-6
2.2299897617910066e-7
5.561700490580808e-7
3.3473553478589616e-7
1.2993476129075783e-9
2.9841166693616434e-6
3.5970528638772102e-6
3.2884516995319575e-9
7.83102345264001e-7
1.3350811354770363e-6
3.618377740477456e-8
9.151569742324056e-6
4.501492693001387e-6
1.4511585328560726e-6
3.5124117173922373e-7
8.631685343532335e-7
3.252386202826282e-6
6.672414642304344e-7
3.6906686353628786e-6
3.7725871629275916e-8
4.488488329184632e-8
2.423914067276684e-6
4.528482406473582e-8
3.4454829443449753e-10
1.6313997969253794e-7
1.8574312205037047e-7
1.3944167190733155e-11
3.1528154396821264e-7
1.7228666025377113e-9
3.396977715989842e-6
1.2453288490650014e-7
4.8807340578125454e-8
3.151791573834642e-6
1.3795949182323763e-8
4.994423612591122e-9
4.7401238557060715e-7
8.542225183665656e-8
7.335407433646241e-6
2.1089946606188826e-7
1.077576861550021e-5
0.0001283628566926787
1.8399982322147755e-6
1.5780428022742695e-7
1.3435440890034074e-7
2.563520609216482e-5
9.309502032868116e-7
8.593758534134115e-6
1.6652156962411314e-6
4.243764669246689e-7
2.6452882145284038e-8
1.837243033041273e-7
3.0323621800831627e-10
1.1016882208059235e-6
3.1542578050468986e-10
9.401568758938396e-6
2.406880180797427e-5
6.670921631794339e-6
6.377558219676181e-10
2.7721837328156015e-8
5.92759165732757e-7
2.5840365501252254e-7
2.0612887398834766e-7
3.680729693468285e-10
6.37719855221381e-9
4.098889395092532e-6
2.500829065472483e-7
3.867934475883335e-7
3.239724743440447e-5
1.2679050451473286e-7
7.781285331406233e-8
1.2185771930951473e-5
2.6541392591305307e-6
5.343278700568708e-9
3.9953287826318e-8
2.5787542732713017e-7
6.696454700813329e-7
1.7004000624450928e-6
2.8916647177713586e-6
2.0229151477831897e-6
1.2056122328773218e-6
4.3208019127440987e-7
1.245139483875258e-8
2.404252652609213e-7
3.922210709342243e-5
2.4502724691373243e-7
5.233189326404181e-6
6.848831705208555e-7
8.482393994044576e-7
2.1786647117670025e-7
1.2196176640353872e-6
5.966657507950824e-8
7.226030676836959e-8
2.9162018027730946e-7
5.7723723685036616e-5
2.155771012115348e-6
3.027635879101099e-6
3.989689911335243e-13
9.301907027477485e-6
2.8644521635793874e-7
2.3242256982725984e-8
5.315740328772578e-7
5.423031666351003e-7
1.663665384355544e-8
2.168848766273203e-6
1.9875360725451985e-8
4.032580498741099e-11
3.296678352214376e-6
3.9474798791602957e-7
3.25882092055571e-5
1.3172891518313277e-6
3.7355456384900916e-8
3.1160036250380154e-7
5.976271135843839e-5
1.8038511248455708e-8
1.603176262798453e-5
9.763158287014238e-6
1.421102037679401e-7
2.000236699450408e-6
3.5792396304485204e-6
3.4459417657723884e-8
1.3079143434341076e-6
2.201681794827037e-5
3.794344174374352e-6
3.1776732066006486e-8
8.102420146458025e-7
8.064822775477508e-7
1.107741705525988e-6
6.376739689572732e-10
5.744119406718859e-7
3.877038297985861e-12
3.949322332163547e-10
1.1061771223072615e-6
5.902737911388339e-9
1.2773648732299876e-6
1.2861712617601641e-6
5.001060147049258e-7
8.116992680907011e-7
3.4421334285953847e-7
4.395530718177852e-8
1.5556461882714106e-6
2.592796118535005e-6
3.1463563149573053e-7
1.5043742279646398e-6
1.918994141355472e-6
6.416448860247809e-7
4.7231194308396244e-7
2.136328961739617e-9
5.207881707483115e-6
5.906679721471565e-6
1.575449794426068e-9
1.259243598743255e-9
5.819272382116154e-11
1.4913070073373564e-6
8.599486889601476e-7
1.503920350587822e-8
1.122844110634794e-6
5.130400137588392e-7
9.901981447810488e-7
6.069769780824084e-7
3.237649856420139e-7
1.6929852925404478e-6
1.6445052751759642e-5
2.4634285021358127e-5
2.100919194357827e-10
6.982910852043593e-10
5.02730830984093e-7
9.611056113431499e-11
8.301632834936228e-7
3.7426221037471523e-6
4.1244448925557455e-7
8.512241904651838e-7
5.869418693007086e-8
1.2996923819343583e-5
5.454452365830628e-11
3.905481352335404e-8
1.1092198710941879e-7
1.4601214918608402e-6
1.6458082334246175e-10
3.375456285390463e-7
4.002416070938201e-9
4.089056206034115e-8
9.399956988411622e-7
1.5999347378310488e-5
6.717827343513605e-5
1.254458657294162e-7
2.6546977862803076e-9
2.1952941368335125e-6
3.2897820769255004e-6
3.508309760684483e-8
2.920820118356983e-7
1.4477884135800813e-6
7.072105627741584e-6
1.6874207812420228e-6
0.0002119472345821986
3.4559814790385454e-6
2.746035010107473e-7
9.440193389712516e-7
4.380016573616302e-6
3.135723112319782e-9
1.5252146062885922e-7
2.716578338777009e-8
6.415285256487122e-7
3.03422104698082e-7
1.4004474090699837e-6
2.1854548933625504e-7
2.0024006180556335e-6
9.54992165236456e-7
5.682213736910798e-8
3.1117042445844134e-7
9.578004737762893e-6
4.5709472189909604e-7
8.755193005004865e-9
6.705636436398748e-14
3.096093707349536e-8
3.576686717289051e-7
8.812096055766265e-6
5.362141011170677e-5
3.735375809303063e-6
1.537874253513933e-5
6.616915984613629e-7
4.990196239703939e-6
3.058538489846344e-11
9.57700421859639e-6
1.520663969798658e-6
1.8819691225658248e-7
9.696255196529773e-8
4.143075405424401e-7
6.732711856017056e-6
2.715880641424782e-6
0.0004460806218288215
4.006778408662601e-8
1.2837374019750763e-10
1.939631414679387e-7
2.699224008926893e-7
7.516816335134971e-7
4.7550827530331145e-11
4.129323494353261e-6
6.752437967414946e-7
1.8471913820177385e-5
6.9985561825203e-8
3.0919321403841204e-5
9.57522626132537e-8
1.6191268942431444e-5
5.362081227088631e-6
7.898308249863519e-8
7.708695679372404e-5
5.312704271950561e-6
2.5762077844974904e-9
1.7987197651826553e-7
4.24031679161034e-6
1.0921429870060264e-8
6.837966987424982e-7
8.411432945368534e-6
3.406574275035178e-8
8.649904734211138e-6
2.8408799419090937e-8
9.938325658101857e-7
9.848488678081615e-11
3.787739873172265e-8
7.543302366418121e-6
3.2331834933098e-8
3.3187918765949403e-6
4.530168379850314e-9
4.769659425020557e-7
1.6621490007542362e-7
3.697876039601495e-7
1.6607130718977746e-9
7.976194549653967e-6
2.4169870022649308e-9
5.410513499934252e-5
7.020525903342578e-7
1.21224329629486e-10
1.0513276789256728e-12
5.720355316055946e-6
3.695625598730869e-7
1.271708315905231e-6
3.091826376765201e-8
1.2260752895721931e-8
7.510337684962649e-16
7.052504156774711e-9
2.762842929132836e-6
1.1683917667491738e-7
3.3939659659910444e-8
3.9893039020797594e-7
2.5332226460065594e-6
3.173138268071237e-8
1.2374428418165483e-6
1.3810607482842214e-6
1.8106482888454968e-6
3.0917766270002615e-6
2.0937951184985454e-6
8.500733936897033e-6
1.3604914305455376e-7
1.7855162255553057e-6
1.356997265499391e-7
1.2486182271843692e-7
2.1678727753223368e-7
1.2721288032787364e-6
1.5821491622321674e-6
3.262043538900283e-5
1.74513156509385e-7
6.292644546351491e-7
1.587703251176563e-6
1.4964899658354264e-6
3.4737824698342687e-7
4.437867535319218e-6
3.5913396529323164e-5
1.3580449970053669e-11
1.0459398260951934e-6
1.8872275746488042e-8
2.3724495781688365e-6
2.0712272181837193e-8
7.836197650158871e-6
4.8479350727392415e-8
2.3984564580957137e-8
1.1632178795422837e-6
1.1585214858249837e-14
4.454949918869431e-6
7.892497894905052e-6
2.268935949301941e-7
4.309697115010233e-6
9.035649836090009e-5
4.30495129320205e-7
9.096734019248998e-7
6.918620329976081e-6
4.5186872337218803e-7
2.1006312517656494e-6
6.207374279065074e-5
8.475732178408142e-9
3.4309006166064495e-6
3.796823976471242e-8
2.996872727510096e-7
7.81513380211676e-8
7.727880630933231e-7
2.9428056839683447e-7
0.000141504519103208
2.841377548072216e-7
6.123839209604905e-8
1.2161875338968999e-5
5.9158805539231244e-5
3.5181123090331955e-6
3.6872183989947534e-6
1.2055559402199993e-8
1.4743032533799127e-7
1.3617156455171845e-6
3.797893076463387e-7
8.891014374515268e-7
4.7458238111577774e-8
1.617241282903025e-6
1.1211209334075317e-7
4.343559722875256e-8
3.0910899825010473e-6
6.193915357762436e-7
2.2347917587142592e-7
2.414069383722371e-6
4.928091671186715e-6
4.255213966378897e-8
7.250004869978351e-7
9.022468573951861e-7
1.8924236168952874e-7
1.3844494229971147e-5
0.0003575731789020551
8.751355995248555e-11
1.5056827593619647e-14
1.0103376143773614e-5
1.7009058368179616e-6
2.860917525807827e-5
4.375683335022794e-7
2.3393285406563476e-7
4.924472739827567e-7
1.5686355594906547e-7
1.0916827683977207e-6
4.769299539030381e-6
5.522299651742019e-6
3.862602150713773e-6
8.802612318855409e-10
4.6437234832293594e-6
4.541048542598604e-6
2.789178355048205e-8
1.9951427579171949e-7
1.1466022520543264e-6
1.7737536013205418e-7
3.951786997269698e-8
2.3395089908905833e-8
7.572621363323774e-7
2.5672765672088805e-7
6.442157064130787e-8
2.336952818282967e-6
5.554446327927954e-7
3.707981496838014e-8
1.6462924859555124e-6
1.2045310273121467e-6
3.096462515738664e-7
1.088655045954751e-6
4.9023343157383575e-6
5.140414274589838e-7
1.2942116927451697e-5
9.672070893970664e-7
1.2642942486890956e-14
2.604251022957068e-6
2.5474741946280537e-8
2.5344292887844746e-16
2.8418688223388526e-6
2.3706810773571574e-5
5.28551214117998e-8
8.139375201936131e-6
3.582995101578222e-9
1.7225228167564229e-9
7.02773353650389e-10
2.1917011253821388e-6
1.1030007018525962e-6
4.0995718152829603e-7
1.5636040809872405e-7
1.680537864211093e-7
7.137938482206704e-14
1.8723038052021031e-6
1.275104209291344e-7
1.840496085377057e-7
8.162565722822375e-7
8.225080748587507e-7
3.9888024879795555e-6
1.1292951692711123e-7
7.882303029758071e-10
2.2029350880314227e-6
3.7013138164488054e-8
5.52827734275476e-7
3.45715445384e-9
9.858010167032245e-9
8.961284634505891e-7
7.979257833555742e-6
3.4757640731245277e-6
1.98860787380978e-7
4.4687904997064166e-8
7.66980709483036e-8
9.515047176863296e-9
2.1571333602467962e-8
2.517359778257376e-7
7.560490454658911e-7
1.832351000363714e-6
2.206792963933391e-7
1.093427058042551e-5
7.132323331269649e-8
0.00011886774778605042
1.0585390078704736e-6
1.6458405466534507e-6
5.337421545099725e-7
4.696470030311613e-8
4.53728124330236e-7
1.7876441189144032e-6
1.810159566499805e-6
2.6103078400422534e-8
3.708296107020801e-13
2.154250145474427e-6
1.5535826236253373e-8
1.595509314464013e-7
7.273724773258018e-7
1.329946480574158e-7
2.0917259120037695e-6
3.229634480864352e-5
1.3477727311861087e-8
1.1167585750385899e-8
5.996193994303989e-7
3.809757656883363e-11
1.8768492629328704e-6
1.6664123049639707e-5
2.079064995310449e-9
0.0001422558503517161
1.6001671772158036e-11
5.290852679471207e-7
1.1023809775768813e-5
1.3409854099770668e-6
5.487635891165382e-7
1.0111260593321671e-7
9.64878801201228e-8
1.3639149531882976e-5
3.1282550563884894e-10
5.634495417617901e-7
1.881568981334205e-7
4.259945051967633e-11
5.672040600645668e-6
1.4618468314246658e-6
2.7975146157951396e-6
2.7270585571846756e-8
1.425375499591972e-7
1.980934785772034e-6
1.1793464257210297e-8
3.873079635587482e-6
9.87758177351649e-6
0.00012061203462709514
2.2200415515295934e-6
5.072971765887352e-7
2.0797243233798634e-6
1.0209434895265734e-6
8.825505451962748e-7
4.4701997238025966e-7
2.1387743082777612e-5
7.957456617047754e-10
3.480005176761647e-6
3.268869142141835e-5
1.3934483731692877e-6
6.175464300124966e-7
8.631072033679511e-7
0.00011674152786548953
1.5170136794173222e-5
3.2867553478994235e-7
1.1694313778593412e-7
2.6711834486874408e-12
4.448049535993981e-8
1.1262976261684536e-8
9.34793932658982e-6
7.182897056071952e-7
4.855036549590548e-7
1.2060062547628103e-9
1.34280148316088e-6
2.5348425813826326e-7
4.434820591615424e-6
3.4685789262520963e-7
3.3136002434424147e-6
4.953293858448135e-6
1.0349700067804147e-6
7.117750967275175e-6
6.757717201664792e-11
4.581783605209292e-7
1.8300022188325797e-8
1.7980030295328136e-7
4.493950777708184e-6
3.380330648440614e-9
9.424829845176985e-7
3.694613757076476e-6
2.191283158897941e-6
4.7997881003971075e-6
1.126175818698405e-6
4.250356293155619e-8
6.434619599631675e-10
2.3162357089188947e-5
1.3594101211339449e-5
3.9798583333401166e-12
3.5083478758071115e-6
4.3288293939018267e-7
1.6851993228023343e-7
1.4300632373435158e-7
4.4214231443326486e-7
9.029947835642341e-9
3.0696711901375874e-9
2.1621495720374336e-6
3.954584962624154e-6
1.7862555308562953e-5
2.065652361259301e-15
2.867652955812587e-6
8.15669810142337e-6
1.4517386600604708e-6
8.872359787518215e-7
3.140887475898054e-5
9.310762188409008e-7
6.943682890122784e-8
1.716471224607745e-5
4.679130197035496e-9
1.6773363312619542e-6
6.370927963439406e-11
1.4989685303558473e-8
6.064195688430537e-7
7.844155190701011e-9
1.6584745924651393e-6
1.7592979371945933e-7
4.275405202789612e-9
1.6220600336948777e-6
4.7465108552656854e-8
7.54710127944272e-8
1.668978575736921e-7
2.2788438439932112e-5
6.541242220733777e-6
1.5576656957111455e-7
2.5681772045105258e-9
2.7397984617775545e-6
9.319971774481744e-7
7.910603777476973e-6
1.9034301932010418e-6
1.250408924305935e-7
7.039631546583666e-6
4.572885674267463e-9
1.8179181444569336e-6
5.148961549050026e-7
2.052928408240108e-7
4.777174927127524e-6
1.8460279191624688e-7
4.430620872752321e-6
3.7239335226078974e-7
5.710655113228125e-8
6.865181904578391e-7
1.1243395950296621e-7
9.611489746643208e-8
3.193661691919714e-5
8.229142305897969e-6
1.3742143825007625e-6
4.567964908738501e-11
1.0740373676872752e-5
1.2017945455340597e-7
8.113527481354015e-8
2.872290892316945e-8
1.4562375876038534e-6
2.137160162887014e-6
7.027517874904143e-9
0.0002850891197354788
2.2510820811904198e-7
1.7553051535114328e-7
7.18892066633085e-8
2.914683246148963e-7
1.6719494883986417e-7
3.85362046191052e-6
8.265740689374218e-9
1.726889775328198e-5
1.1250480957391477e-7
2.390626092624323e-6
1.4379619046558548e-6
7.669969357115169e-7
3.0780891749891344e-5
4.014876964213696e-6
4.2024678415269924e-8
5.769743367187495e-7
2.975015805216409e-10
2.4389805838617552e-8
1.2560915200683031e-8
7.333569938279358e-7
7.421283791399451e-7
2.4698046411621403e-7
2.6008352323803763e-6
0.00015391748927044797
1.5185501964762228e-7
1.9691130430034075e-10
1.1020867749508617e-6
1.1341835522250596e-5
5.610982044784047e-8
2.421777147601046e-5
1.1500705363138527e-6
3.5189674258625295e-7
1.3530891697092514e-7
9.347147387480399e-8
1.0538781677746892e-5
1.0796932915149989e-8
5.386258931703702e-7
4.918784772750315e-10
1.316282610898354e-6
6.274280832558892e-8
1.575975869218706e-8
7.099914113783667e-7
3.1759995034129527e-7
1.0062556354486665e-6
3.9290859050522996e-8
4.6979744442363114e-8
7.213379913295076e-7
9.145515779800761e-6
3.841360744638574e-12
1.0937038678966277e-6
9.342348887379372e-11
1.2743261059119371e-5
4.007745629472253e-7
6.40784340215685e-7
3.2824083065922263e-7
7.756352380796151e-7
6.376006558562247e-6
8.516497389535609e-8
1.4223658244250884e-6
3.3770472939467004e-7
4.996607000751023e-6
5.577015093463315e-7
5.456681826704898e-7
1.5293023884581937e-6
9.251273066797008e-5
0.00011270162935850668
2.7313787789351757e-6
1.9482081632492192e-8
8.527776050644023e-6
8.918241648074033e-7
2.377237155644955e-7
7.235783669247313e-7
1.7854710189077351e-6
3.1669478995481247e-6
1.5717951685884542e-8
3.864057930558108e-6
6.965123196146131e-9
1.8075036172027523e-6
4.630832823011636e-7
3.3538569246414223e-6
1.9905992840258534e-8
6.00112868216216e-6
4.5548385873710805e-7
2.7539019902768153e-5
6.62102242780571e-8
5.853699672531951e-6
9.134240166505874e-9
