0.028287382753940184
0.0023368809066612976
0.003315152747967389
0.006502758157091236
0.013012960741536959
0.01620225779163436
0.0020572683386901373
0.005838491441659311
0.005559181791359841
0.0024867689676921537
0.005184610333680266
0.007139454494768422
0.005161698237368533
0.00808416397844017
0.007497907194154219
0.007412013801849078
0.010274945619611842
0.0014278771821371135
0.0031697419910722275
0.012340403120271435
0.01325689792464229
0.009606146926074885
0.002995953461078092
0.004686694514474252
0.0042231257708457304
0.0037041093962672774
0.002029824202689183
0.009628271489223766
0.004402680016349355
0.002511835320676996
0.007158928967663546
0.002221156134915335
0.015888759324197813
0.004794042229979338
0.014808326197432232
0.0013811317780044188
0.003066755612619603
0.0027990672389286175
0.0014293262709772908
0.010220193156808274
0.008212665118644987
0.023854984606006196
0.008596774961314967
0.004083084982338534
0.003470959853225453
0.007923444205096745
0.0030348764256063203
0.0031639631803750236
0.003084998959269928
0.005686330817744393
0.00917619856170743
0.0030522795310763302
0.002141956884749908
0.02776662388374624
0.003111801563148738
0.0037553613860246545
0.002959529897478623
0.0018461944874965392
0.0038684677216865746
0.03360931764398294
0.003090452134964736
0.003016717764127146
0.00919502979538891
0.006405928201083757
0.0028336897983555548
0.0060962844852566755
0.008111459744970151
0.02999618513352754
0.010174936926628228
0.005356025125108088
0.0029460326442030814
0.004125719765305055
0.06840440714558618
0.004268750107733455
0.004023797313439005
0.024436819480792397
0.002856207382200585
0.0019665341539635874
0.0028722024858529346
0.004657096919346294
0.00158588077730512
0.0038359102714646282
0.006994982078139471
0.005041665081778963
0.018014517780188442
0.0018925079333461335
0.005684609245416126
0.003453095664041426
0.02546139504213944
0.0027587907066325694
0.00448042087932127
0.02702931598015741
0.01103617208036069
0.004317660054545543
0.003456929888373283
0.0361236141499645
0.0015958641582617633
0.005427965021826319
0.22992543370878862
0.0018793507635351191
0.006904026500083348
0.002721507225564143
0.009353075372893885
0.004616190621860098
0.002103685359232552
0.0011448077350511565
0.0069510464491643964
0.005783222557132375
0.027651018639988784
0.001999645805794041
0.0017259409158602726
0.0074242183690030085
0.013073367735601795
0.004837133616616742
0.0048513859199654985
0.0019677933350700136
0.006968781791578439
0.001672192184138185
0.005823268682167751
0.007921688323174811
0.007431552057489607
0.003018983416436141
0.07236113504499563
0.016483932991172175
0.0039057411135512117
0.03244738005296828
0.007843962853098824
0.002232505150865081
0.012731116368170987
0.0026307349345081497
0.005989143110989574
0.0028440373110966053
0.0024055354392976984
0.008708249872721093
0.004576711631139872
0.006919012181890642
0.0030610988457329827
0.005867721589512697
0.0020859198392681505
0.007078858724751593
0.003504156743880401
0.005955019702562961
0.0017113258916863017
0.010647065508996932
0.0028939977305241335
0.0019188238795330842
0.0044293005246836825
0.007093311448744532
0.0065814712520790245
0.020757403211484657
0.006702081974957129
0.0019692134706784897
0.001968231780474599
0.009523725063738806
0.008786052626074821
0.0020474239947231004
0.003480179264908434
0.008899283020925887
0.0049728342430872974
0.0037597955739264413
0.017305718311931673
0.0054229739372131415
0.026481036222268745
0.015782431601038645
0.008459249698736473
0.00856037605801958
0.003401841065397388
0.022890435289343706
0.0019144553382542142
0.0023512119336510542
0.0032495010825789768
0.0022133090973673435
0.006276015141917762
0.0025011444507546336
0.02783071378298386
0.003983734447879473
0.0012637261375715546
0.005076678960243531
0.013455607176570135
0.004950142463127142
0.006007857993451384
0.009226860058650444
0.0019492062359795401
0.010482338319481737
0.009572507426820254
0.003226022455812692
0.0014780092724675728
0.00488128517308673
0.012026389693843138
0.0015650672438227793
0.006257182641498528
0.007628332170063699
0.0019479111558828712
0.004363151073121835
0.0014566718948021736
0.006265989475755793
0.002988018355042559
0.001838155951936486
0.0020648458625607143
0.003533512965963348
0.0055305871880149205
0.0017072862335979133
0.0025166048401722373
0.006289101952632893
0.0015837758988658888
0.0035764358171588616
0.002785078630618329
0.006366934295839203
0.004188129537859665
0.005620613577092822
0.008408529739036394
0.0050765825706339095
0.0069951598170724496
0.012584966387923016
0.005253981786516415
0.025474865899209484
0.002999471582488555
0.002186668482081534
0.0024501685421027155
0.004729250284022752
0.002192477902742196
0.010960506520948104
0.000972516876152995
0.007363517450988735
0.0015692339489501428
0.005891836599126497
0.002788353585137958
0.005369651328737972
0.003238447609368829
0.0021046824331817154
0.002126049341763613
0.005933942080554161
0.35180628623703275
0.014264547004732894
0.0017413309944392156
0.0024698673541543093
0.01071369270820448
0.002571683159521431
0.003907175213068845
0.017493924540080384
0.024972778784016905
0.005423121907151277
0.010771586023544015
0.007270563773549607
0.0024004386225573546
0.0392478233237505
0.0057001801211167815
0.004129316452074278
0.0015418972026353414
0.0028667789989461263
0.007323592549059063
0.0029573434035802173
0.0029962404344846373
0.007883401209131242
0.007999974669706516
0.002155497326756031
0.006686590955896325
0.028603370569668593
0.003585055449394103
0.0023896737964976293
0.0031274046081460416
0.006814961214634427
0.010591346976029356
0.007360074268168122
0.004221587017885874
0.0014070283497996656
0.002783954041338733
0.0024577042930845156
0.0027080804287526747
0.0027632544470192503
0.0038032505948753063
0.0014938868522510265
0.005031339878855541
0.003940169735930258
0.005556695213666381
0.01859044726739309
0.0707246634972527
0.00860657636639115
0.007784731813684891
0.003432967143235824
0.013425352718524956
0.000997859028593824
0.002078508348144034
0.002711447336136307
0.0028632796517090203
0.0026774212161777763
0.002120696789806452
0.004201350321139822
0.0012699289290505243
0.056389297567553905
0.0034002672863383838
0.0025564200951145306
0.003035240512416553
0.006943257026281757
0.00764919494514704
1.0
0.0021888709149510003
0.003069132373538266
0.018699570612666323
0.0027199900652155736
0.028674834673347523
0.002451241743026694
0.0015699747155610325
0.022508515519808092
0.009398947084614022
0.009786249789272594
0.005516198647219567
0.00257145596326715
0.010678863444865527
0.0028880750873260313
0.06394267165757159
0.00853580517162831
0.004518578878269299
0.003394523082528703
0.004760540497762229
0.00475755803739716
0.0013737829149473098
0.009885221692572556
0.0016747731328313072
0.0040488703557642865
0.012599456950424573
0.003248141574933267
0.004047947326807941
0.014479874031497246
0.0045933834486888625
0.00177092518747405
0.007315413699237207
0.0022169744468030603
0.02321879786641836
0.019251430119024093
0.019714359661581797
0.0015848244680061504
0.0029461779004437676
0.011239034215757584
0.0053604788723701806
0.0015286495675574956
0.0022298406764251306
0.009152300316687142
0.0020472946235952035
0.0012848864154089814
0.0065217539385323065
0.0024412228180850605
0.0023350859727891775
0.003516033836212029
0.010356234074600061
0.0010333740892218021
0.006135624095593547
0.00331817025816998
0.0022667051098067595
0.008854727111892042
0.017946805136461637
0.0021361677389989866
0.004439340866469597
0.007052393081176139
0.005879620948957743
0.00354225823212129
0.0013498465963348804
0.004139228793174113
0.015971539063936117
0.006560577580250736
0.0013967419386267123
0.00744398399740901
0.004890014655372036
0.008069190570338933
0.01177268405923971
0.004154433502480152
0.00345765367492135
0.0014535435237329345
0.0018640185031070587
0.0042559972323037544
0.004955638024624805
0.0038755553702025415
0.006642646993819273
0.01221125082884475
0.009082183253467558
0.004338131742307529
0.017191983377540486
0.0013527292251992707
0.006967947675273601
0.006946196988896878
0.19091883394872244
0.0011715257171482025
0.0015452114052610206
0.0029663286238389036
0.010068032630205568
0.00638293389532012
0.010027963785572042
0.00589935343270623
0.011836190546062856
0.0037915928325996926
0.009143485294521563
0.023763772302387475
0.010333574610566701
0.00489758575986224
0.005957830928569824
0.005464114606122581
0.007676950500799432
0.007644464116198373
0.002410356942509242
0.004322078433958154
0.0038250586612175517
0.005688403672714329
0.005952105340135383
0.007489302955988941
0.0023671921482355243
0.004974153590107767
0.003833949517911607
0.008512996977513934
0.0020843767379578235
0.012813463348905853
0.005627154762346869
0.00543953341387789
0.008985228585609293
0.0033740263327330625
0.005317037513224336
0.012605506971374584
0.001025161360769393
0.007621462410368682
0.0045229574536573055
0.01775730602914362
0.026178208649885206
0.008730490258538516
0.0018392291715120526
0.021485198781366385
0.007066462507931925
0.004495568721924124
0.009638197310254032
0.010474571155119267
0.0036857913224025186
0.01017722068970984
0.004207333253496851
0.07515916743152186
0.014928741175360158
0.006562844826223127
0.008093676669239378
0.004404995164393154
0.0015758495702813677
0.0013305198833789649
0.0020781552821399238
0.011193384756206733
0.0017859661380989576
0.003793631902248763
0.004195420565494852
0.007770755773841133
0.005190324557145841
0.007744157416533691
0.01478315210885102
0.0035557887996698753
0.02032881703038625
0.06303960715860828
0.0015023109845083424
0.007767711213900127
0.0034885117615806238
0.01929812467290946
0.006060221364272508
0.023884783660832555
0.008433181802060551
0.004554315027601822
0.0060027846387645635
0.007075323615831141
0.0035099197638452217
0.01307636944026852
0.00298662380921256
0.0008757059375745981
0.0015102983193186663
0.0045617769143221415
0.019786266859816104
0.008645874977343624
0.0018363193946262894
0.014132798447740394
0.00444355152164727
0.004471716562552642
0.003945350599868803
0.010427871721873963
0.0028598713358166253
0.00958583696251651
0.0022684883441539106
0.0024130162734623877
0.022773344352335034
0.007368207489283696
0.03247482332308319
0.002109663396660605
0.0023323263195244043
0.004092457768370951
0.004678720580455125
0.0035115455553317632
0.0037392826692396377
0.0033297923045724383
0.0049934850285276175
0.011637641922538496
0.004741715258528943
0.001026112603102841
0.001369949618180138
0.011629430778769925
0.007072888333870164
0.001242810585164697
0.003138539048453662
0.0040452313539253324
0.0024273188222820267
0.001490667520239444
0.003572567216489178
0.0035006177577242116
0.005838635814446681
0.007637824257677676
0.007847583238984593
0.013443994386512503
0.0013225889733393993
0.0026721281100424744
0.002196272006940091
0.0012363355529702278
0.005308963705959775
0.006231111809878485
0.009962583427506722
0.0013296300568254118
0.0026118131467707507
0.0010069629529898534
0.003805784439030211
0.00800355598728255
0.006838870365268327
0.011662419412860014
0.003246905262078607
0.0012565419571485585
0.003463546094968669
0.0038582772559081035
0.003873463164772949
0.0028348030214673634
0.0040994814488478585
0.006116888554902791
0.0063573322197143884
0.007587460547779572
0.0019505223250487961
0.013810418414890523
0.006666971559630035
0.006594590624534999
0.001889909487759669
0.007258635467722382
0.0028303995191676736
0.0027345550716607434
0.0012937788762596907
0.014074103802295403
0.013705358280162469
0.0015481334851017224
0.007073973657102586
0.0020911206081705895
0.0019445439488010663
0.0025835136296174645
0.00940795160590261
0.023769544391251958
0.000998638426722064
0.059123587481257255
0.0322215654126892
0.01817669473005937
0.01038857543090587
0.009551552551663836
0.014904100166385426
0.0045366362504442245
0.009874607431060632
0.0025658971055599997
0.006182881719999983
0.0038103589194192953
0.0017915506048255606
0.011742814691186328
0.0059701824287072885
0.002350053584858867
0.0060998719433175575
0.003585403833287608
0.016611601279765142
0.007218604683235941
0.0014077920755261083
0.01245348981331902
0.008059353485405554
0.002931747865642301
0.04794365100078581
0.010589478826906126
0.00457703596747909
0.0027479447263811835
0.018045386673850562
0.028374014664512674
0.003177164711050439
0.004343849008970343
0.0028405334608099446
0.005393998048787019
0.002539254699873548
0.0018382616227696493
0.0017000541468745454
0.007294598943155224
0.015972333700488568
0.002335246085940628
0.003831981885746675
0.08804749839794165
0.002448657800767558
0.011536620061696324
0.001239626692151721
0.008024970051593873
0.006950104185339833
0.019862762645587673
0.005236194119551872
0.0009030532420570621
0.011453590013728178
0.002750620979518004
0.011675287692203168
0.0023896039732548614
0.0046395234054640525
0.0023386429979770054
0.012985825072361594
0.010198589774737041
0.009478231069897734
0.001852470986947718
0.009480881428791887
0.0032302070064870354
0.012984054737139721
0.003643745103122262
0.0017418383283996895
0.0009293556740493145
0.003286074163639319
0.0051312621813862395
0.0021081942185703917
0.0009394215325881066
0.0049761642003012035
0.005411090678662881
0.0014535894931249032
0.011674615028990866
0.002970127937626235
0.0009286551748294618
0.004739799414125935
0.0016449303009271553
0.0016754039123670313
0.006948323232546653
0.010679140994801443
0.0051694376668607765
0.006685953302777973
0.0015273754895110746
0.0027153772893356676
0.013028782106909963
0.007068794468798463
0.002104575946850718
0.039675981907219875
0.0056127115179007555
0.04163277634368527
0.00408175096682821
0.03988805618783764
0.014286384981104877
0.0029556840751958904
0.0054308664125133155
0.012617155175029758
0.0022845593988928903
0.024987909074925353
0.006181649972968127
0.019171833844051144
0.06798866492535365
0.00840302086471085
0.005147269345870593
0.012889618341772118
0.017256225448964012
0.001779496388122812
0.0034912711048158775
0.0360348588516995
0.0026155293977499455
0.001040005903835729
0.006037618060334823
0.006136372797759453
0.004014991629173197
0.0021660349040935408
0.0026474884635548494
0.0013753193095158132
0.002938895676093308
0.006775405849690387
0.009673933481528174
0.0036643706037144896
0.013482188190774659
0.003086803393881884
0.0017983071989464724
0.005646021265989866
0.0028938019798887254
0.0009271189172979567
0.004564718606250193
0.002563235121168381
0.007741558939582392
0.005957091235894242
0.007940165817793981
0.012052590511885885
0.0014563341206567683
0.0019639446995776398
0.00855691324673935
0.019631216951770673
0.0023843711287431326
0.03441523058913349
0.0011589696639136924
0.01103161964746921
0.0028067145074290346
0.008906911569103214
0.031891563538658775
0.03116251852416831
0.005739179452269764
0.029868827961796195
0.022952679773530067
0.002227247921535098
0.006984641729854277
0.009202237170828192
0.02536028962126918
0.0022816749522065805
0.0023740092198571744
0.008581849095305476
0.0046390059593915105
0.007065747517450169
0.01644274414945111
0.03015745982389107
0.10685213852448838
0.0021402480079159235
0.010912089304056837
0.015121699348386643
0.0016960005946756234
0.012911563643994303
0.003971413650888907
0.007163626930162583
0.004961513862232568
0.008064890343477368
0.012790179749468663
0.005707939657214302
0.0014095642673044426
0.004445714138144902
0.0010637316104982536
0.002052620925098636
0.002797662756961665
0.002592575235629528
0.014767423046874523
0.01497306323911111
0.006838744841182598
0.012694361796186998
0.01545497308443988
0.0022994230141473947
0.005351011911052356
0.003271879113765781
0.003648136702935233
0.018982312647693945
0.0013519390678994854
0.002335996046379362
0.005225897914580625
0.02024341449903098
0.006047443214786116
0.0009745018367961168
0.0030365742148734244
0.0097265598080369
0.001993475271755771
0.06496419938563999
0.004388661139189734
0.002270529939129897
0.03903986022780427
0.006777299676981195
0.0017346185719302489
0.003258718541275616
0.004562952831934604
0.006495115152663371
0.0033188705381399157
0.0011983633598183165
0.005367346909807614
0.005188243744230299
0.0016046828269847557
0.0027617850997329646
0.0015437723392846558
0.004362795722937079
0.0021937504674337375
0.0008687782277873918
0.0009388920102873275
0.004634891462218854
0.014264171305308012
0.0024066406857215406
0.0052026377007513905
0.009077989178751567
0.016806478644878498
0.015789678088498245
0.0012636895155628235
0.021492950521140308
0.0016573608762745482
0.010415216364713003
0.0016673752410024374
0.00377862748015774
0.0021616762537583732
0.0078019884368861515
0.0020168013198344752
0.008906300623759916
0.007733110762026467
0.002711723439451781
0.003720994381445307
0.003952728565188647
0.0012398626169074056
0.07278934338302664
0.0018845399802328573
0.0038305754671081787
0.01363860559355281
0.005888389981628376
0.002326679205821464
0.008716547762054336
0.002844283399679667
0.0023645757518192837
0.003723059939514707
0.0023264540207689846
0.010802988945837113
0.0032344286668309894
0.0034716658709735178
0.0021015979348608486
0.0013501039266841394
0.01092197616177232
0.00560842144381574
0.002337110750541589
0.013126670919472198
0.004828859817537647
0.013845536852891256
0.0024734756097763745
0.001908401777891988
0.01382773417239526
0.001685576468435952
0.0010411637842339427
0.004310969033189079
0.0013375652139705626
0.004385336224611391
0.0048165863934020664
0.004529924477482342
0.0011942256391894704
0.019283502553274396
0.0022786983963608756
0.0012317667146019638
0.008424309489186791
0.009546174513557468
0.01197850122212507
0.019967266664211055
0.0587566996835775
0.0020164715799103937
0.005550193458172171
0.0024567173460303404
0.025812972581673903
0.011229389250803887
0.0017670992334594062
0.011247391342549267
0.0008099341756552113
0.001967626731226555
0.006718581234652729
0.009882076318277784
0.0018776238238975866
0.0062963875946079025
0.0026701444833701453
0.005125369345949221
0.025381427842856442
0.003432862621095763
0.003142425875961605
0.0035094653843035116
0.0028313313455115793
0.028236629846585447
0.006507232134964039
0.00277955539538511
0.00884215581151874
0.02018193755139598
0.0013911814724212133
0.015668060470884284
0.01136908238749511
0.003237822953812907
0.010077030491743555
0.0017508453603248932
0.004197201420529832
0.008168757544850988
0.027965494382678775
0.02258137266411842
0.021910694369171185
0.0029967571947285753
0.0024878135532382874
0.00211260893014188
0.0071758577194336
0.004973292972746653
0.0020424367436065135
0.005930404188227391
0.0016744074537734363
0.0016728051496501342
0.003428788260425332
0.1299517691842093
0.004122505437568536
0.0013804955704726295
0.004532803658270977
0.0023798542632271977
0.001398432576087461
0.0013651555302127043
0.003740764276069972
0.006036419772954211
0.008575492249808895
0.0022940713372712187
0.0018686636629659254
0.0020531506190709
0.016430032934956033
0.006353264391224273
0.030399820316905586
0.003414458884160558
0.003177431622867107
0.029813591380411477
0.00814897149600748
0.0028218257239046836
0.0025631916687954732
0.0027736571709244436
0.0066723249957432555
0.006382556959028211
0.017129758601567777
0.00704086735717884
0.0015340809905617363
0.012064638884262392
0.0069731293342277
0.001644055522114162
0.003476041951249445
0.019144371998711343
0.0022466634871839684
0.01150953385895461
0.007409045488124009
0.050684073476533045
0.0031586174865826724
0.003108340053810392
0.005316909274949228
0.01813852335852944
0.0025856114655929386
0.0034045146167812966
0.005591851439819817
0.007551222656138492
0.002183427063070561
0.005581922811547049
0.01341010841611214
0.0028197876222841914
0.00554149804986585
0.008520277434334988
0.003963723828501435
0.007099315098912934
0.20606007971562545
0.005500543141104846
0.03240834976074152
0.004856038419750953
0.002262417428205499
0.009912943929763857
0.00822535128150949
0.006919627047046714
0.004593742986874536
0.009613694590574132
0.12990464592174245
0.004693168996013005
0.00819779684048737
0.09085328872086766
0.0013827268677422267
0.003304329002043605
0.0007523893706415602
0.003295955908871029
0.016058262239349728
0.004825812533704224
0.02859928983190257
0.0020154438792692755
0.0037863552695099833
0.005341967383173409
0.010895316716784474
0.003073590583795615
0.005678987925226975
0.0036145491162926256
0.0028695183777914324
0.0039083618945191445
0.06563888473066776
0.0030660874605507554
0.005001434123422579
0.0020482772872875998
0.017823631268067772
0.001851917817943309
0.025775349545379946
0.0033063403662910665
0.06747580262541375
0.005160065083156521
0.001268813532916904
0.0034226491845539358
0.0026120736240274403
0.0017719023150488552
0.0012390205372184101
0.004272618238193096
0.001584823671231731
0.03195578409396069
0.007060451999583471
0.00977562465876694
0.004895407890156575
0.0016243670736347713
0.008214865976945826
0.009360511037821505
0.010103378976537583
0.008424204015094404
0.006874562769320285
0.011671675102430747
0.0012139957905418835
0.0037345929069601963
0.00581836634095322
0.016790271014734667
0.0020533427094823896
0.06796975650323445
0.002977808668978901
0.004442248010660631
0.02026976033244344
0.0024792115161527566
0.005572710274508879
0.00272712797974365
0.0013763751168273388
0.024027718037530787
0.014880452283415115
0.0022629858046531175
