6.196367000749754e-34
1.4297675319326718e-28
3.9246248130086755e-33
2.150414288370279e-35
1.98796546399549e-31
0.008023023585966375
1.1730360790268206e-19
1.378322686687377e-31
0.024081285002205285
0.026765410992280147
8.24593207916111e-31
0.03329263218266922
6.066898262717562e-35
5.624291883163519e-32
8.47251872045744e-33
6.215042433921675e-30
0.017968664300473756
4.893642488983663e-26
0.07089839558022505
5.077975536403383e-29
6.086295070160674e-36
0.01591313422978478
4.018021434638514e-34
1.852878892032948e-32
1.6871425547685738e-34
4.58760671221454e-34
5.554287791520881e-36
1.4732504645309344e-33
7.458580439578595e-29
3.6378287645818884e-36
0.005582509044132811
8.123860455039637e-36
1.263255541242073e-34
7.210840149929796e-36
0.07826122874979821
6.37070760979869e-21
9.617323548989879e-30
1.212999553826719e-35
4.124104517164682e-34
2.1436887084635575e-22
1.1510303531342169e-34
3.9872258648294253e-35
5.904231715417543e-36
1.713259759598684e-34
3.4621998731247757e-31
3.151210794487659e-33
2.1283812379603417e-33
4.118762039685276e-34
1.3985591402924711e-33
0.03967128667105683
3.7875073916395917e-31
2.4990063804813398e-33
5.60802041612848e-31
6.844625809137837e-34
1.053605914860584e-34
2.0546370840524088e-33
3.557768197361782e-28
1.0902361772484518e-31
4.092327834323646e-34
4.13151206219624e-34
5.192354825399066e-32
3.842555576238098e-30
6.056375745392131e-35
9.73765923293078e-34
1.5019973933434166e-35
1.3286337759434868e-33
7.016792874567082e-15
1.5147818171036058e-33
2.041218774660803e-33
9.43998358447955e-33
1.3294144018304361e-34
0.045533842566339036
3.2524574367014294e-19
1.7114844125606243e-33
7.17383162298013e-29
2.9388022914137493e-36
8.98439338688776e-28
7.148782332543083e-34
2.0157766050574995e-34
4.215236404310822e-32
1.7384242824362004e-34
6.397503596441777e-35
4.999275499645448e-27
1.0495979834778766e-34
2.616347817760689e-36
1.7979178127929485e-21
3.608993574918622e-31
1.1031982178818197e-19
5.6718579067983055e-34
5.459480809913655e-36
1.0028316185745205e-34
5.730333216300682e-34
2.173707139111739e-33
7.834895465151746e-29
3.873266942879221e-34
6.522713018243921e-36
6.641793682285102e-34
4.2790363020279605e-34
3.0678679362443358e-21
1.0255858899012618e-23
1.1824675581653172e-33
1.3940702693734726e-20
1.0988629545856085e-33
4.860511004411367e-20
4.162259879016562e-34
0.0015635320856765133
1.433097897507895e-29
5.3748539416554996e-33
5.592500829046877e-35
4.344581298163071e-31
9.038949104195186e-36
2.0507333001941065e-28
4.858435088824849e-35
7.336353634614018e-34
2.641000804067613e-32
3.503832409363186e-36
2.4259888555509967e-34
0.14049545764584864
1.9565428102717596e-35
9.090018877828442e-35
3.283873293035397e-35
1.6290246820226634e-32
1.2447243841833862e-34
5.6057750354321544e-33
2.6072971212533054e-34
1.7650002236762048e-34
0.02659718402441361
5.998170564935456e-35
1.512660819528473e-34
7.202566953154804e-35
3.1292128033571776e-35
1.3973036960161943e-21
4.208621022447588e-31
3.955848719902565e-34
0.023215592151859653
1.4615315098470262e-36
5.031272306027968e-26
8.14109618637682e-35
0.04808987829254473
2.6562277037340108e-34
2.3575965097258555e-35
4.822932851286197e-31
1.8639724930645587e-36
0.0004580080825722051
5.471956324786746e-36
4.4506219657919963e-35
2.2184908034036067e-35
7.439988134665911e-27
6.496874920294854e-35
2.5183182077693715e-30
1.9806242052484675e-36
3.0526393198479466e-18
3.3159503896936884e-34
4.312245567668051e-33
1.7975887800381165e-34
1.2956850889661147e-33
4.3533288215176954e-31
5.4062022642036245e-36
4.548031760514042e-36
1.2394255472772853e-22
0.0005367026790470602
2.753603546300049e-37
3.450944455536502e-29
2.41776318878781e-36
4.6835658763617506e-36
1.3389588699836274e-35
4.1454572077150787e-35
1.8545599321493565e-34
6.19284732616722e-32
1.8383895269465622e-22
9.71683238888719e-35
9.005445487975379e-33
8.41264060042956e-35
9.715549677230382e-35
3.85673069113578e-36
2.4672504820544917e-31
3.739310778990602e-35
1.3754123077054886e-32
6.578434609649916e-22
1.683708896736169e-35
0.015072803898014955
1.2146843051731128e-13
0.09980412059182654
1.5855435112693563e-35
4.598191093209481e-35
2.9392623809554358e-34
4.744646955163267e-33
6.834200537154236e-36
1.4901152355720354e-35
0.015442946848898596
1.4552853379054698e-32
1.0585501063704661e-35
4.16144784612207e-33
1.8096164408324868e-35
1.776957716168766e-29
7.724896777541969e-36
5.105770788623673e-36
2.3852414675212227e-20
1.8219765560234899e-35
1.3022295086380872e-34
0.017196508564269037
1.5605861825532973e-35
9.986413960591393e-36
1.0153003478413453e-32
1.0149515526197959e-32
6.0072512414693095e-36
5.9451831504627255e-36
4.819270307846599e-35
7.996716540866108e-23
6.2066243720226296e-21
0.00010591463975111478
5.15160849577234e-33
2.158741603568949e-34
1.4748386800099881e-31
1.1332886491789375e-34
4.093692550738244e-34
4.618597156910154e-33
4.467935548310113e-35
5.6346252905871166e-36
2.0545577151675738e-32
1.6794950033872054e-35
7.673607255028381e-33
4.6543759765713726e-35
1.2585602950666544e-33
3.59235872401951e-26
1.0634385232207882e-20
2.0436900881749492e-32
0.23619882159887262
3.1185825559212515e-34
2.0480065764297845e-16
0.030178566269802608
6.060351890633127e-35
3.0138148353319535e-35
3.554314804333969e-35
1.5417166991711156e-31
1.5997552064576711e-21
1.931170916701565e-27
6.937940819628433e-34
0.033221052461123425
5.178933609156395e-34
3.6284991441120476e-35
2.2122770455058638e-32
2.329372881570963e-34
7.764801100269539e-33
1.3388843852830638e-34
7.136017142535748e-34
2.372847503037396e-22
3.502417703104476e-33
0.0015628579593495982
2.8998288357054977e-35
0.0024707214078198486
4.331618035304696e-35
1.2632696479725108e-31
0.02131156233614257
2.4206673747854575e-35
5.201476822244726e-35
1.4780730079569044e-35
0.004228127857495034
7.266424453658545e-31
1.1580634398465615e-33
7.220637189027938e-33
6.024795409600455e-32
1.517080636790091e-32
4.086280690002613e-34
1.1384912426556593e-35
3.3083305521458206e-34
2.7433055608737913e-33
1.1037983493658877e-26
1.7328908871875696e-35
0.013192560470277372
4.1300053430646666e-36
5.278867440477127e-30
3.7044585370524184e-35
8.441959905089617e-31
1.1491773941977675e-35
1.7212192053238604e-32
0.002005319253588928
3.3610227295454123e-34
1.6316635430391913e-34
2.6356948403336326e-32
7.916527427386741e-21
2.2586151231917954e-33
7.07799804324115e-28
7.258104804273309e-31
6.954800771780341e-34
4.573423419536948e-35
1.0419536676606471e-33
1.6960010604448442e-34
1.1189387469727495e-33
2.630559865664226e-35
1.7924295102554183e-31
1.2899886927402502e-33
5.893208682047867e-33
2.876594836110259e-31
1.0891395335244173e-35
7.968149547251031e-35
0.0002197720551199041
2.0357031937154223e-33
3.396891675748317e-34
0.004444116261418161
6.625377887176457e-26
2.5085163987511657e-32
1.2340032410526285e-29
2.7605044080803883e-35
8.344112903989551e-36
1.5634472789191803e-34
5.711371876567089e-36
3.282220203344258e-30
1.5183428193095007e-18
1.0040341823187355e-34
9.668821016778346e-32
1.987371385126382e-34
1.5789066110249637e-33
1.7824635327742612e-31
3.620534431354251e-34
4.592216760637554e-34
3.585286616377571e-33
3.947391729914132e-34
2.2199099137821424e-36
7.611503803961185e-36
3.2036764674550974e-33
1.0838527415140466e-32
2.6625747483093154e-34
2.0982791572585354e-35
1.4568347823183508e-35
1.3322721221042514e-32
2.690241756963516e-35
1.5659650128732007e-34
1.3765655361282691e-34
3.157065468011181e-30
8.36450663598372e-35
2.6764127583077814e-18
2.1534371383695552e-27
6.130855929716303e-21
2.7061708531163076e-35
2.3271454829529984e-36
4.465156587764412e-22
4.8616777852841924e-33
3.044823975311995e-32
1.5245396061007639e-33
8.638007988841923e-35
3.441724887928871e-31
6.94526363875242e-35
2.683783704049425e-32
2.281272315351095e-34
1.2719514724598745e-33
6.028094774322358e-36
5.475993013338365e-34
5.217292350287599e-36
0.09186307165410461
5.265554890068295e-35
0.004573941594448602
3.8575919119304023e-32
5.281934080805421e-35
1.0955871075238664e-34
2.0931381868468733e-31
6.504852168693077e-36
9.043996850913822e-27
4.2718172176384145e-32
8.785162776737113e-33
5.570541332056529e-34
7.062626451808224e-35
1.91009651706346e-36
4.4642027110659845e-27
0.024866293833120123
2.96922906769425e-36
2.786971660468208e-33
5.660653508020387e-32
7.232614897322946e-20
1.4239619289223322e-34
5.797292935770381e-35
2.635074266949164e-33
2.5454607182865618e-34
3.5831394679784254e-25
3.6196534760832523e-34
0.06436388018634677
2.4377044495079036e-33
5.6678876369649334e-34
7.071533592246336e-34
4.69116463458353e-30
6.849873935290532e-21
6.206603842255597e-35
1.4317937787482737e-36
8.0938729653149905e-22
1.4513450483632859e-36
1.9867730815965087e-33
3.5626655448311594e-35
4.3335268695033407e-35
9.300474026233734e-34
8.613048932974616e-35
1.9337686219298303e-32
1.0071749935119608e-34
0.0010935310745468522
1.9726943669451782e-35
0.00038480525439415716
4.903359848104964e-32
2.421488342068938e-35
2.0525498303617376e-33
2.7015310560203095e-32
6.746262785063572e-36
1.0474202454010281e-35
6.437449085303965e-34
4.102011343162308e-20
1.1547608707548563e-36
1.7040742847187728e-34
3.733620772310606e-35
2.433991029047911e-22
8.5586072688414e-35
4.012704556279928e-33
1.427578121123943e-30
1.1557169874263014e-30
5.965730098040468e-33
1.555832014988767e-34
6.377802529391662e-33
1.3699877625471388e-36
4.102146376123547e-29
2.764664965447635e-35
1.9602877075482656e-35
1.1792438964623172e-34
1.952645778347628e-21
2.8891547612832286e-35
9.303809382084761e-32
1.6807536953884723e-35
6.768661495414878e-32
1.8579659349700788e-35
9.027298236488508e-32
5.38157808016248e-36
7.257920764790717e-30
1.8582540103356824e-35
0.0005894122323290421
2.832886719001414e-33
2.838708034287555e-22
5.7960091378452935e-36
2.5625202047486163e-21
2.5871536784689194e-33
4.684338417428098e-31
1.9399776601575045e-35
2.80193129522141e-35
6.081620564849988e-34
2.7337537987583895e-33
5.298414252937553e-35
5.026045180014414e-35
5.96850620594065e-34
3.777996069684647e-36
7.278863382031444e-34
7.682189884188968e-31
8.526894006052559e-36
0.0005840132472336252
4.063129731900342e-34
6.955609213904259e-35
4.173910912279254e-36
5.235973719380194e-30
4.956796586295489e-28
1.1014547738712755e-35
6.462371514548162e-26
5.202210183430329e-36
0.0007424221800363402
4.8515401498035035e-32
0.011462619299278349
1.4393085984270448e-33
7.043671702888362e-30
9.427929831836683e-22
2.6160611953163365e-35
2.631932539509922e-24
1.798786529566022e-33
9.468244523784278e-33
2.5117366983648217e-34
4.7460119370052555e-33
1.1504202201698582e-34
1.0046094444439831e-35
2.07597490338165e-34
6.06077282080299e-22
5.479788312388556e-36
9.296329763731745e-36
1.020009710802537e-34
1.1031120790567925e-31
6.89078385403392e-36
1.8809673450570491e-34
1.5020517858185376e-28
0.004783625186495294
0.03328289521252239
2.0405327169001032e-35
7.28118541950362e-36
1.2863270842003074e-30
3.341485552596772e-34
0.13044890493995906
2.625084853640768e-18
3.353768824240155e-33
0.001807122695085757
1.719304098479971e-32
1.233353298551384e-19
1.821889684922862e-31
0.0011702923342193873
6.325594975902661e-21
4.534416400571873e-36
4.409733270431577e-34
9.053554735052653e-29
5.535956508116916e-28
3.9290581958894195e-36
2.3644122482213415e-34
1.999701808027387e-36
2.6224567003691656e-36
5.853884131817027e-35
2.0344147764868313e-32
5.588048873440031e-34
5.008226786714554e-36
6.175385201151153e-34
2.8137886798963745e-34
2.0614728840510345e-19
4.7304334107792164e-34
2.8380434180227755e-36
0.002119075354595197
8.791197767052229e-33
4.823489434900966e-32
8.879998984176235e-34
5.080716563494387e-35
5.87932057948379e-32
9.899585859858189e-36
0.023743702079886582
2.5273633287817857e-35
1.2686670392890563e-30
1.9104885247651796e-31
1.4436019596136972e-18
6.791753466109189e-30
1.383441220730338e-21
1.459988948041082e-48
4.261128076399436e-34
1.9061635362092011e-35
2.4615440099905436e-29
0.012529735690461345
0.0010705617134188963
1.1338469870557444e-28
4.0274437268111545e-32
1.6141636864871222e-34
1.9626017672648068e-32
3.6718220319583875e-36
6.043291857199428e-35
1.9623987847441202e-27
8.52351158560607e-31
3.918006248093209e-35
3.2006825534035164e-36
2.921455106613231e-28
6.54599271964272e-34
4.034694928060666e-30
1.7206949625117258e-36
6.769039852421187e-19
7.83183556589057e-32
9.226975823280531e-35
9.297124865487064e-37
1.6327002628833105e-35
7.406172513639211e-32
3.710901322999134e-36
1.0971608523231852e-35
1.0526352128495487e-31
4.2074913618431903e-35
1.92678807443136e-33
5.663003676289048e-22
0.03521576326129229
3.2638080078445833e-33
1.8850123628419218e-31
1.4330300630292354e-25
1.1129481219074921e-48
3.100847171966457e-36
3.0466586889333397e-33
3.711697939784687e-33
1.1809999161557482e-30
8.142495928743002e-35
5.7012255558697946e-33
8.883569461394485e-36
1.9865668226843124e-33
9.576291647684313e-32
9.190576701052652e-30
1.8874992210489147e-29
5.75941258535718e-35
4.3696481483979956e-35
3.125139771348408e-33
7.716817211649409e-36
6.328954155595598e-34
1.747096486902264e-33
1.4474091078565706e-34
1.416766521957104e-32
2.168334756488049e-29
2.125769273805467e-32
1.0859386111713312e-33
2.7910080988132963e-33
5.188889127026045e-22
6.485665511279393e-36
8.137790523368545e-36
5.359327381363632e-35
1.3489091020794608e-34
8.059895036952426e-35
4.9904158038669695e-34
1.4055305991689816e-32
2.3577931258818567e-35
4.2025214109555386e-33
6.00550677153633e-34
2.4641586858927073e-35
6.497123249260747e-35
2.6748164561859753e-36
8.521014910664295e-36
5.023701280776903e-35
3.618948963477968e-19
1.2257103456271953e-34
1.0502814258657086e-30
4.955351585953818e-37
1.708224958284829e-35
2.9624653299115286e-34
3.188288771331294e-35
0.00031363274329188236
2.559121639317123e-34
1.9781379262522798e-34
5.590277461673668e-35
1.637027722688826e-21
0.0002915478434960013
7.466899531808625e-33
1.3270475658434203e-33
3.1174614907421362e-30
1.1621691789811256e-30
7.324715077027705e-36
8.361492532257545e-35
2.275179805248213e-33
1.1243743652264494e-35
1.1727880559888699e-33
3.2406344441049903e-34
6.421668036364301e-37
9.595205512316382e-33
1.5893906889194811e-34
6.420360626281299e-33
1.3220954873502648e-32
2.3856308448266533e-35
2.1350456983657006e-36
0.0002811662772472982
9.71309934772502e-36
1.2801731338235807e-34
3.6845752139851344e-28
2.4916026247255614e-29
2.8093879578362234e-19
4.238594068546706e-22
4.970005534299038e-35
5.872119697628028e-35
1.9784024400823005e-30
0.06743427806184767
9.707020684204813e-33
6.861279436162762e-34
1.0278054361115147e-31
3.12810483127116e-49
1.0664314082226226e-35
1.5072327656199737e-34
8.076554394501072e-17
1.0796966843251767e-20
3.6702934880273545e-27
1.3286830140436865e-36
1.1245615376456617e-35
2.0215976782691932e-36
1.4089300103215792e-35
1.2034788556102198e-30
2.441178215529235e-34
3.6592089616359476e-36
2.4170732204864244e-30
1.609599051863164e-35
2.37098385103773e-33
1.7698762117009642e-34
3.218760049307076e-32
1.139017423991528e-31
1.449334044239609e-32
2.0951199084659066e-30
0.017702945201867017
5.766895417966548e-19
0.0017395546750794938
4.55462959011931e-35
4.31175950072157e-32
1.661321544553665e-32
1.6768938619201971e-31
8.82390651009076e-22
2.0738790809249992e-32
5.606386627580946e-29
7.009966091873332e-34
8.047813019532561e-33
0.01071605810613894
2.5019778696193974e-36
2.1614817517385703e-35
1.1215912753623489e-33
0.004956526808942087
6.209287991265762e-34
3.903094003461479e-36
4.096178733805551e-34
3.168788370445001e-33
3.209837149446569e-36
1.444285277382753e-31
1.6739215685001644e-19
1.8129998176526962e-36
0.0006234058006200522
4.937662484524892e-31
7.885178950728182e-27
3.800883970790246e-28
2.5759133230139377e-33
1.9015706254589567e-31
2.1526102175973918e-36
1.8410528802228902e-34
8.649678906206373e-35
1.2469339379901004e-33
1.7408019508978756e-19
1.91714869555745e-26
0.005394749790062695
0.0021855835912593944
4.687735024696083e-36
6.649815338333824e-14
2.861323485468946e-35
2.852737322443554e-33
1.2725871391672146e-31
5.806441758440891e-35
7.872382614050479e-33
1.0028658716921103e-35
1.6612196543653096e-35
6.197681908941624e-35
5.868643825454662e-32
0.08165660012177801
0.17572068008248304
0.021338460392631115
1.234093996196953e-35
1.2237490830329806e-32
4.890804411580633e-33
2.752756162055343e-34
1.763681626314272e-33
3.269670032805496e-35
3.274030820347091e-32
1.2343552959586978e-34
1.7578068163856157e-17
1.7337501204731563e-20
8.17597742281496e-33
1.0352084299508333e-34
3.023527540423731e-32
1.0457691570055743e-35
1.5894426382794556e-33
6.156294306682622e-36
2.2794430980749305e-34
7.563095655581091e-35
3.1629301495363376e-33
2.849744668551504e-32
1.337489958306708e-29
1.4209856461725207e-29
2.656731617183766e-32
7.868560943405038e-35
2.456460069137223e-27
2.7185963704011257e-34
8.79674123168085e-35
1.7624601647233607e-33
2.5280344503353397e-35
0.03659101223464731
6.630153935906775e-36
7.762656713390428e-22
1.0355661514882481e-33
4.209091428265861e-35
9.302382197347411e-30
4.752958895620987e-33
0.000525092250891075
3.86478935201877e-34
0.014632348929403662
5.4446213297502336e-30
1.3504349852530837e-35
0.054388750978928056
1.9040247079093849e-35
4.551631348923623e-35
3.0992952906920393e-37
2.772549974636744e-34
1.3413796351255507e-35
1.0154790402433166e-29
1.4474062660219088e-31
2.191893881924144e-34
3.8793667765219445e-35
1.9355328199819512e-33
9.166384571972826e-34
2.28694587640345e-21
2.1464062353876744e-33
1.236672257084741e-34
2.8922332338813947e-34
8.466587109775727e-31
1.4469526490764405e-33
1.7025882317208934e-21
1.687334497979019e-24
1.8761891509280818e-34
9.352833383103423e-30
6.475586462899184e-36
7.73513097803412e-36
2.5680205348616745e-31
7.686617697383711e-34
4.457196306425157e-33
1.9708919730049886e-33
6.048286029760563e-32
2.718837436869376e-35
1.2089737525987467e-35
5.982188485447636e-36
2.762685358883062e-50
0.0007684896616197812
1.0487188720628399e-36
1.4773181266648603e-32
0.0006565959873398521
1.640909324829974e-33
1.20027068136593e-34
5.074429168817454e-34
0.03359847701589104
1.6831968200712404e-33
3.4606139799703853e-36
4.9249836991613784e-32
6.1625301992579795e-34
1.341630361164247e-35
8.021677067933538e-34
9.87359866627246e-35
2.0344040502674087e-32
4.997843066163808e-35
9.391319323583318e-23
2.5306806239390636e-31
6.165012273870583e-31
3.7105115272478724e-35
6.990321959884891e-31
1.5686151408492232e-31
1.8290904668849472e-34
1.950950494121657e-34
1.87499875517443e-34
1.7242132033038024e-48
5.02854636859254e-34
2.828545817688199e-35
2.993429267814419e-29
1.0242574784495002e-34
1.0743555787092267e-35
1.0722516917402574e-21
2.690821882505296e-35
2.8434974026654647e-32
2.2137559494363e-34
4.121331875935265e-36
6.602769202146154e-36
1.981759674174261e-35
2.0462634871791612e-31
0.003245640960321012
4.023713000441664e-34
8.83328874005283e-35
1.1772205851571567e-31
3.9298833729364507e-35
5.029049470177997e-34
2.952995287147565e-35
1.9198068935358687e-31
3.4688278428871286e-36
6.133711470705867e-36
9.88537144674e-37
5.822652741286641e-36
2.8570461493777076e-35
2.346265707455434e-33
1.4156024469604873e-30
9.732199982954059e-31
1.3852065096613756e-32
4.156534549418846e-34
5.673067134217651e-34
6.546084092580984e-35
0.005014710762927352
5.536439676877195e-36
1.0250590331219774e-34
1.1374789602437386e-32
1.0382996341769767e-35
1.7731480067114777e-25
1.3013910620022857e-34
3.1856635098403955e-17
1.500638721216512e-34
2.3460801085046145e-33
9.638744556712501e-36
1.1452013490652021e-16
6.574384347113783e-36
6.414558289569474e-33
8.87370660429427e-36
4.456766836718128e-34
4.206701386701923e-33
2.5911545500409775e-36
3.7358610111328146e-33
2.2463963351891017e-34
9.52028728274182e-51
7.237283365694346e-36
3.591645076991768e-34
6.113705348999448e-22
7.07536573429834e-36
9.193456103251128e-36
2.15890812610146e-31
5.054977055587738e-34
4.0031352076977363e-35
3.987203238588743e-35
2.2373701805551494e-26
2.161411861174973e-36
2.2725789928686248e-33
5.873915756796942e-31
1.0851161031920033e-27
4.5581002041188814e-35
1.9863987761709657e-34
7.254448919652574e-32
2.9907964824923524e-34
5.277536506916989e-34
2.7699768123772937e-34
7.93782181494383e-34
1.3201344629807166e-36
1.7772388002194253e-33
6.279658944370734e-36
3.170946865698592e-47
3.4677724766507406e-36
0.003302480951590778
7.362263825678378e-34
1.587058302162813e-36
0.009571528361148201
3.6123510000294304e-33
2.0093862425489886e-32
1.0962921580615973e-34
4.799051863880547e-49
0.033729905043997865
8.219314981255255e-34
2.199638775537031e-35
3.619647723794586e-21
8.565430361186682e-32
7.337634349047939e-31
8.561661814082045e-29
3.4421700813783077e-32
1.6029271502878178e-34
0.008674119748414947
7.454600581585762e-37
4.966447809851317e-33
1.3287306280060303e-26
4.4588177561601895e-35
2.1624535542932305e-27
2.777000544761766e-34
4.6377189136525754e-36
1.8853270299866102e-30
5.074154933182421e-23
2.1584017394794365e-36
2.2363508298448076e-36
1.0618157750249178e-47
3.686586396069324e-32
1.4859390599853127e-33
1.4691646555402154e-36
2.831822988179507e-35
3.902595234304283e-34
1.5120665309447452e-34
8.101412737781112e-36
2.86272734267334e-28
3.9641692783643753e-36
6.021648008517977e-31
2.7059227242176166e-32
1.6511511345281848e-32
0.01247001957860556
2.0907942163817763e-31
1.344298691365916e-33
3.3014317297971856e-34
3.6034950163928506e-32
9.775262490750005e-20
6.639174205922498e-33
1.1239042918533461e-35
3.264423611560411e-35
0.006189836646265524
4.066030042014753e-32
2.856497428547179e-33
2.2240484322821575e-30
5.842888288745226e-33
7.64438615806794e-35
6.988272786964793e-35
8.407751337362984e-34
3.634022919858477e-29
1.0490736707510439e-32
5.852523810997079e-33
2.010824081237996e-34
7.088852081582248e-32
8.941875972346757e-36
1.584537481039922e-36
9.736753972658039e-35
0.05035147282245143
0.0010137531552265216
1.8179030824503257e-35
2.67553711749745e-31
3.7756258147461653e-31
3.098332950089408e-34
4.983117074898674e-36
7.77945129799504e-33
3.8617642707350605e-32
4.496523632889542e-31
2.187622748111701e-30
2.0271052440476053e-35
0.027272676604974753
3.1981964554321125e-34
1.8351334814883515e-34
1.2991662086070148e-33
1.4905180382009415e-33
4.146700224386798e-19
8.044863847222565e-34
4.064783669589389e-29
1.496181540330639e-31
7.053978281506965e-36
2.7092357044229552e-36
1.574981705809542e-26
1.935557329088032e-35
3.614894487963038e-34
2.5075318080011936e-21
4.2590236528533607e-35
9.533301580614053e-31
8.977301208203701e-35
1.412519901018534e-32
4.087929867599839e-35
4.5293703241658134e-36
