2.556301233738547
2.57906476642019
2.5376037296748826
2.5542746090102186
2.564216352852958
2.506158638600956
2.5216419050832473
2.487672095819847
2.5041176967885526
2.5023474768722656
2.500225687179894
2.495305853619179
2.5087747153267013
2.5261185559069412
2.5370977057113206
2.5590104371312963
2.588667719529168
2.6182235496165176
2.6537055319591674
2.6993981812613663
2.745494931198448
2.817546798604484
2.9199481281117077
3.1177680368048626
3.6151710262973857
4.941460756643171
7.5560531670161
11.987266515692353
18.56257298188904
30.03240838087091
40.14139593372194
41.85536009890593
41.86471865441701
41.654982084712515
42.026078835244704
41.77046553554387
42.144609506281434
41.538833170080764
42.12842996362548
41.82688939371194
42.028489286187124
