2.057276175225
1.8914870525249998
1.9889853948999996
1.6431747301000001
1.58713427995
1.422380690225
1.3965485475499997
1.404542600225
1.404611360025
1.3627386698999997
1.3111730373500001
1.316942170175
1.285899945025
1.2563177951
1.2399438950249997
1.290595165075
1.2998620500500002
1.3877418524749998
1.4294330449500001
1.4574015825750002
1.4641826624749998
1.5234683898749999
1.5103499249999999
1.475402007375
1.361102404925
1.1926286175
1.0407487075000001
0.7610226974750001
0.6160449876500002
0.24454815982499997
0.07534872729999999
0.047321842574999995
0.04312618515
0.04658557
0.05279438245000001
0.064524364925
0.089308662625
0.1396775775
0.23668363497499995
0.4232274450499999
0.8126797675499999
