1.463846838658068
1.4385761858069996
1.3755133846540208
1.387760607079491
1.3494603488110393
1.3601720798464088
1.3185561764185267
1.2893579213500992
1.2830996739941414
1.270924072673012
1.2622969846303902
1.2624569774407761
1.2655896358457297
1.2795274085183599
1.2938843437720546
1.309640355518242
1.3255080534376191
1.3497634592077008
1.3697436610448954
1.397550085537728
1.430043692663687
1.4908266082443586
1.602701159257668
1.8906356136922209
2.627154405635338
4.261696024257324
7.359719061782258
11.822522106844442
18.29886941229138
31.756916134883994
39.91457630828595
41.82392202152586
41.66138924029422
42.318849604712916
41.59204915311613
41.99406669426571
41.46294807800149
41.83058507228351
41.745965487127364
41.78362689503346
41.72140460571275
