1.6440878925500002
1.6226619925
1.5977307500500004
1.627297302525
1.616884334975
1.6995237825500003
1.6832753975000003
1.7093248425250003
1.7651321
1.7024281074499998
1.766079842425
1.70962788255
1.7135906200250002
1.7235172949749997
1.701832162525
1.6053142499750002
1.6487379274999998
1.61913413995
1.55888346255
1.5837177
1.4542466050249998
1.3831667675000001
1.269791214975
1.1348550625500002
1.0253966499999998
0.9189010449999999
0.8320828449500001
0.6596837725500001
0.511688944975
0.359710235
0.19673376000000004
