0.1254161271486448
0.12574104014544846
0.12625164794045693
0.12694043757360723
0.12752155019740807
0.12862046896773077
0.12948610091346918
0.13046314212231142
0.13183234410521974
0.13277929578225683
0.13383381875039652
0.13547056155961204
0.13724972850398615
0.13842239615748858
0.14104423471644603
0.1428575471557953
0.1472988798453771
0.1509120647134215
0.15950332324649089
0.17396187448295425
0.20511139566577546
0.26400661809062526
0.35558549727355654
0.5067829391015263
0.6978778981613478
0.9893592439597336
1.3421767507896167
1.8200998795584602
2.505190218502451
3.6541979867673104
4.032851925990128
