0.15000063880041017
0.13841982264404057
0.13326393031266623
0.13377309849191404
0.1353318582168156
0.13659820287895022
0.13794446650880654
0.13977000296586833
0.14229522392116414
0.14448078487063457
0.1483045316735378
0.1519347922397473
0.1580324117841841
0.1657053442987687
0.18039465017646522
0.20260207834860075
0.2317128834874913
0.30971663813055883
0.39326132294075666
0.5351482596099423
0.7773636202602189
1.15765791026956
1.6773451942848978
2.361543606258267
3.347498771820141
4.890552328669232
6.807079277850681
9.332845538449343
13.588208986574562
17.201918169944097
20.308426497786552
