0.1985029596571513
0.15814605267444634
0.13911074381829772
0.13841493976002242
0.14013199267653928
0.14282924271133074
0.14489789864703562
0.14802936236622366
0.1516927105657305
0.1556506152225135
0.164823521003011
0.17800983722014246
0.19973413005259613
0.22235470961141074
0.2648249748233794
0.33395276584140365
0.4025834458397096
0.5408361775820488
0.7202435027985752
1.0235291625127994
1.4722961188104375
2.2425981428904067
3.2634133897313595
4.698638795438976
6.8173048993283505
9.52458920813739
13.557546758825143
18.278123084927792
25.722695866832805
35.68758572557077
40.400582452401686
