0.005526184034640947
0.0048849603642472355
0.00872943112960486
0.007755286860299618
0.007846843048154157
0.010941921107710027
0.010782428653039203
0.013019376410690448
0.016750320037200023
0.019617730910957174
0.020580117548531136
0.025187755445558707
0.030913217054721397
0.03987299603867725
0.037034229571592234
0.04862448989327578
0.06011584480545926
0.056231170164868435
0.07028959065585881
0.08617849716885581
0.09371847847854821
0.12029072678778001
0.15807190139553423
0.1735104585294851
7.274421116080221
7.033188422754884
22.1931304697084
23.501840522452454
33.2414192771834
40.54370073200137
47.163771337835215
