8.435098306554044
8.293723044077725
8.161988951663451
8.102118019554513
8.093696968000856
7.840998074362635
7.634968895459856
7.34020431537207
7.433250365222565
6.842245551510421
6.220405449450131
5.953909822674169
6.302332667569976
6.117005669166174
4.999203520712689
6.284059101337607
4.7308904321809075
5.788158488772209
5.967474412778591
7.509858243454628
7.5765282625728885
11.202058550915009
12.538629521576775
124.43851397412884
135.8006080167044
635.323253841568
2286.557171106496
3387.9778540777143
6900.345951771235
50336.104216345455
2.0633436472814884e6
