0.044993099263082315
0.038899097823374716
0.055242335134021256
0.07108971558319396
0.0658566026446715
0.07941614222241906
0.11970618477055042
0.1256327620083074
0.1558710371785442
0.7160031003316943
0.18191879222231172
0.40675269638902484
3.1914993238810054
0.778543730793043
2.208092683925704
2.2524180855882365
6.337219244271681
5.563008118338664
8.315850952605341
9.421771925685182
11.957815559841057
14.408851345891083
24.124905843655753
26.704709734302554
38.662581852796706
32.01478811642137
78.40372830702078
73.25084650717231
90.28405676260344
95.24462055759184
147.3956953757765
