0.0357777965884325
0.02574942895089575
0.02915976441144874
0.03334957114513957
0.037523562434505595
0.055154447936497666
0.05220135737371653
0.07294769013603766
0.08716298503776895
0.12934137380808877
0.14709000011553003
0.20180459839758255
0.3495880631013659
0.6217205085006774
1.1504168960041805
1.8771052834817041
4.063891894565619
4.943043040339153
5.924740266431694
13.385215904106593
15.075536769332473
18.53751486514396
16.81606799798327
23.86836141366228
28.891381132316837
47.17510019413085
59.024345815391165
55.81773832834815
83.8114734255976
99.38266232336981
138.66926900886327
