3.0569444865999986
3.1848835668333333
2.8648110667333335
3.0810675797666667
3.3490926100666667
3.5033581863
3.460079123366667
3.458992076566667
4.092282653266667
4.425385069933333
3.897828929933334
4.043155016799999
5.097935776799999
5.2276303698666675
6.272932826733333
5.522267803000001
3.944528710133333
3.506853246933334
2.7263360634000002
2.1963264265999998
1.5926061735000003
1.0551284299333334
0.6869129831666665
0.32636468329999996
0.07619878990000001
0.04481409989999999
0.04613385986666666
0.048260199833333316
0.05291837986666667
0.06436862360000001
0.09116700006666668
