1.601029115
1.5794305350499998
1.576912117475
1.640528745
1.6669922249999996
1.691008482525
1.675713382575
1.7032741975249999
1.7751283400499998
1.698624970025
1.724257620025
1.69318597245
1.6670699824750002
1.6307938550249996
1.600793435025
1.5119718450250001
1.5452222975749996
1.486773779975
1.4519459999750002
1.4949531500500002
1.360171082525
1.3225673850250002
1.204632605025
1.077448127475
0.9767654775499999
0.8746429850249999
0.7909991923999999
0.6276514524750001
0.4909214250000001
0.34381441245
0.187943614975
