1.8309756218415871
1.7062469092116235
1.228065256870503
1.07991873032711
0.6286321431314132
0.3803323138784242
0.20100466771395126
0.16550642069511173
0.17876616194615175
0.1852814107967861
0.21141494583285597
0.24081619146180291
0.29722436602292573
0.35941867063054367
0.461460421086314
0.6102393210304993
0.8037669062698193
1.1371037731005682
1.756004499361642
2.7847376540842563
4.63012569266989
7.492010717241252
11.055466047921248
16.207357480988
23.553016396255774
38.5362435424947
57.7253705544858
64.76335154409135
65.61858317190558
65.82672637986691
65.92812651116354
