11.184252961240228
12.142546280350299
11.158889017761414
10.988000843660592
9.436976067773601
8.81330051560325
7.179807038361852
5.417969565370824
3.7281910587057068
2.1840857278593857
0.8458869009782758
0.7378251151074937
0.8930734915771855
1.201551328852446
1.660042228118473
2.346202542902412
3.4857267066559063
5.225883933157425
8.597406260538415
13.867256860140628
23.582647337082797
38.7097598207641
59.11383339058033
93.70968484585208
105.5524107268288
105.95005727195218
105.263056813834
106.04375725893692
105.44235193345342
105.68600233085898
105.44537953123272
