2.683675386666667
2.4604459668666667
2.2427907267666662
2.5791693300333334
2.645266486766667
3.0352060232333327
3.1472997001
2.7433913401333334
3.1420403268
3.3681438333999996
3.8275925099666663
4.1746230568
4.019302466666668
4.466455446666667
4.6545419999
4.78887129
4.3198760699
4.035055597
2.6433911501000003
1.7533559199333335
1.0762588735666665
0.6838969234666666
0.06015831993333333
0.05492176
0.05164187323333334
0.051003879899999986
0.05006453353333334
0.0578364433
0.07473583973333335
0.2181514600666667
1.1647995099000001
