0.5706765537191021	1.4146738711637514	0.5856703134316374	0.6722193191852763	0.6293425520999629	0.5087548967158209	0.6820925664115045	0.8619883167235626	0.6808090108524545	0.7089968429998496	0.8897821263575189	0.9286517058078972	0.7430117101457143	0.9973209017714701	0.9215832482232035	1.0752866450590735	1.1590721691777426	1.4290817116939327	1.3832261533913308	1.9285509159878051	2.952488702737311
0.6321873129024733	0.3534287769949023	0.7411740511375514	0.8125962065142301	0.8224341442075112	0.8380520745968364	0.9206216012184116	0.6591959529350263	0.6135496590282744	0.7790342197876609	0.709417095177984	0.8543386865714933	0.8588273877076773	0.9629671147830468	0.8165511593083463	0.9793465982655042	1.0595377331869216	1.320070920579942	1.3541266087045791	1.5989567039097843	3.8936989558943176
0.7687988902402035	0.4740287178285112	0.6485480430284973	0.6937567094437829	0.7171384197098618	0.7706712101804672	0.8297800420104245	0.7775924267433216	0.7714949388250454	0.6210528314105728	0.7959531916602887	0.7952539486283959	0.9124105593191677	0.9284185679070609	1.092368196265404	0.9916166836789023	1.0672458620767618	1.3420467093927444	1.6033746205854666	1.6421788889099502	3.118618410259991
0.7894095295751209	0.6582014716870982	0.6862063412974976	1.4058622295454215	0.7322428046973509	0.6088077758677051	0.7897822296314702	0.741820015487949	0.7880997852870093	0.831239886735661	0.9811632454353788	0.7549538066931756	0.7725286536570859	0.845805475262483	1.0744463324470879	1.2014434276186692	1.0967169397302563	1.388308393169423	1.3760770383370509	1.714128110242502	3.1041393859061723
0.770124624201805	0.7176006293632853	0.631315989521221	0.8687374505437883	0.5594198474790107	0.673480201121174	0.8454124835180679	1.0211572275969392	0.628875139071457	0.7059569670878102	0.9459913688300342	0.7356501050332731	0.742206001552097	0.8687617959777281	0.9479413454873095	1.0243539895052882	1.2309000309785545	1.2933358991462274	1.565108394275316	1.6585751091875127	3.5908478618765294
0.45225862582269744	0.5605170695681252	0.6947137042115772	0.6443269221322434	0.8404267697533028	0.7786686237597858	0.5970771535440897	0.7385617204282234	0.6420446880643242	0.6370333148141223	0.6943519854013762	0.788472544311189	0.7709978443613279	0.8493358733313339	0.8980015297412739	0.8953880160852721	1.211315411580313	1.429367508654118	1.4214443353929835	2.4396245377629837	2.9542653818889044
0.8949431750129468	0.5025163863101045	0.9865098776740744	0.66378178367639	0.6629485075770534	0.6719130807869559	0.6319441210772886	0.6636215768671843	0.9457843949492033	0.7073143192619956	0.9473007769965992	0.8137902097191445	0.8701906369030868	0.870019767721134	1.0301511536476557	1.2571356833257754	1.1432355900629725	1.6066424678916198	1.305358787054653	1.853963605508668	2.877383075988427
0.8800033036744321	0.9725813171787259	0.37716293550462354	0.5096535098715965	0.6819150076052303	0.684951757753022	0.7566206436441452	0.7910883860561899	0.9766527887843923	0.7523557622746715	0.7493589485808768	0.7087391712020632	0.8223545562602514	0.9284828443545887	1.0528326070746155	1.08175003444564	1.2757918129675954	1.4258289385281437	1.3049362738525576	1.7792793795637771	2.4818100029352945
0.8143628831210434	0.7086612246755037	1.0285797512809225	0.5205431037990911	0.9759934279108392	0.7426702292502643	0.7799955739100172	0.8173616772983906	0.7762112069871453	0.7851474549103741	0.7423296804731145	0.8776939251977698	0.891836818357125	1.0042475198572047	1.0466671482427967	0.8992421018613123	1.291622144457775	1.3265840314255701	1.8476741900477462	1.6663982893880196	2.362973154888349
0.6835125947486	0.8715865492486803	0.7551382944479975	0.6132889506807453	0.6414164989000333	0.7967184870669113	0.8251784226856722	0.8099540672216053	0.9137089636544274	0.6126244032947818	0.741608570303338	0.7955701646956292	0.8012102523902996	1.0523959264986114	0.8667880965530662	0.9073334773717614	1.2503810580144141	1.2132312122465718	1.4777608535860036	2.10942560520478	3.3655706842230244
0.5611494385291798	0.5840146324434385	0.5778915405581797	0.7018272207755236	0.8238240914952851	0.7071529412843909	0.9948934613459112	0.6796569900836158	0.7817279247548361	0.6818626913329873	0.8140943407246353	1.02785938780131	0.8628747673064195	0.7775641758117051	0.9746970114232618	1.0694335072525558	1.3008796451051463	1.1585257738399588	1.2929673845380911	1.5448394657986313	2.6477041023487424
0.7608567161946114	0.6747921692783292	0.8312160198260562	0.5664492146843672	0.6499752012920329	1.0933708800159092	0.6790628940646282	0.9860489940689545	0.7027650898120036	0.6840272648146042	0.897896924276636	0.8268770049656787	0.7645971908147764	0.9892143477563566	1.0503433605954025	1.0772032615880858	1.0080608974589382	1.269350613902813	1.4261971638727575	1.8825879047064693	2.412794898928717
0.542471319958949	0.7289690415229795	0.6955283233556152	0.6494246752211028	0.6811431962864084	0.5837072975786034	0.7969737801656254	0.708486637598506	0.7916237867912705	0.636584481361547	0.7716791884478791	0.6978834262796697	0.7716891915657178	0.8699714874372878	0.9494803919429904	1.1379545837728777	1.252445603541442	1.4093378586929424	1.3982177016208734	1.7992349000728876	2.9477477939416774
1.0551416716638076	0.7881650779530658	0.7553482745562035	0.5717115960153935	0.5975446780795388	0.7416869443451373	0.35577999777392105	0.8058846611721442	0.7358397785269942	0.7987318359646307	0.7250319620345796	0.7850242436685455	0.898851056810895	0.8398167704039781	1.0165556969873442	0.9999462957780625	1.2314423269318655	1.3561906873115608	1.5255518674364594	1.7456513404442253	2.990419611408623
0.7678703947993234	0.4706804728232061	0.7152544708583412	0.6531144751455445	0.6917091048243588	0.789606288452595	0.6977224506925025	0.7410798380162041	0.8813936153354569	0.8366769095336449	0.6874790518320975	0.9829895575612624	0.8239619869629629	0.8633098323593374	0.9570105176009152	0.9849801836982934	1.2738952639979086	1.4398408368789504	1.472975430856069	1.6257261301809776	2.551867013795518
1.692807513159096	0.9030104168445435	0.6972503569722497	0.5037425744221169	0.6575608846914627	0.5421002451407604	0.8511310910270715	0.8745986288689297	0.9255073204638108	0.7620175155553144	0.7646547389331988	0.8194714728362561	0.7791938134168331	0.9857460852808699	0.931465001953986	1.1262666885342159	1.2375862931066655	1.4643540000432456	1.329994245653645	1.9378902067603638	2.7778837620457546
0.4080904587010126	1.0332881121446524	0.664015206488515	0.708555050067466	0.5474808313003395	0.6710016811203005	0.7598185969567238	0.6579391379141587	0.7077980349283554	0.8135321118561674	0.7199237046588687	0.822362846685007	0.8669864828397608	0.865601223171349	1.050691730897475	1.019803581208766	1.1881358802766027	1.342416426320199	1.5310750913504456	2.2129370739850756	2.745114072951009
0.41798245695546377	0.7977050878045353	0.7762524515539078	0.7178215490077637	0.41990775033086236	0.7180073610513384	0.6375229451011135	0.8815333886605481	0.5988701017184697	0.8077366419082197	0.845868153813375	1.0439721782659375	0.9076697639206392	0.7901721060941899	1.006051268580366	1.1501852346828416	1.258030864115529	1.20941911548694	1.2702064783177403	1.771972487715928	2.667626113416176
0.9149266563806018	1.322312334845246	0.6827995672613044	0.7481417791239992	0.779874357752342	0.764317546882449	0.9566812855969461	0.7259817466826409	0.7541874238333823	0.7009181159244828	0.8557221030387294	0.8611338229398248	0.887931309717572	0.8477136880291791	0.8840562138675927	1.1155374110079523	1.2493065843070497	1.2849142913600515	1.469059022334399	1.6804140769062619	3.428897479930727
0.7340722601765833	0.6599297032164414	0.581082656210232	0.6887444201193881	0.5894812953619919	0.6612149849965563	0.6048586557589632	0.7581171214675899	0.7103593970343933	0.8714754342502988	0.6904152163240058	0.7856679465472552	0.955549579099215	0.9076110552082497	0.8594861231314704	1.0269613923231071	1.333115259475781	1.3097493173298767	1.3221386384191138	1.850878157618244	2.8329602787681507
