1.2430612433604105	1.2373879540719548	1.2509178169518784	1.255543549239266	1.2559945141738476	1.2558327842111336	1.2605924473305261	1.2537346665036009	1.2573091008920745	1.2547053843428906	1.2623505783481286	1.2741353281108938	1.3009062209322295	1.300116826841279	1.322646869893935	1.3604730982471376	1.375303641876114	1.4253600141961003	1.4745151878150582	1.7806837283219834	2.2394578506089244
1.2410964734565064	1.2456863859429397	1.2443445043779209	1.2639850725786401	1.2545655197993442	1.2606654752931836	1.2599344319440615	1.258255119762513	1.2645547471663512	1.2548773917433347	1.286369759491897	1.2686141492828114	1.2903859007514247	1.3026812692819887	1.3129869472945719	1.3557084396013936	1.4031361175637485	1.4338836803227295	1.4961248647339584	1.6258347699981508	2.8742450143690297
1.2507445288989292	1.2462856951304297	1.261699001632147	1.2484806665892145	1.269296745731716	1.2577928432830259	1.2666454721320748	1.2626133381228342	1.261323626166955	1.2719182195773409	1.2641377222156358	1.2759476780630516	1.2952214919673286	1.3022042224504846	1.3253885551424973	1.3507548956910302	1.3864492114042046	1.4294783632611503	1.528102502817485	1.632107389762936	2.3337604491378956
1.270903204381098	1.2424336619666678	1.2464719349329618	1.2571691197628243	1.2597488170665203	1.2520832274062301	1.2549528891276505	1.2506052728397437	1.2615641139646074	1.2663270389898882	1.264904598383986	1.2732222298685956	1.2935943864543777	1.3215504047304614	1.3234129697380497	1.3610747747917584	1.4010923866600464	1.5015578419335682	1.5738861584158053	1.6521044984774387	2.642155647193785
1.2559366895951511	1.239333397089195	1.2396614074227061	1.252380269721103	1.2579150768105607	1.248562380141809	1.2556828043771047	1.2541088295566358	1.2614693116062934	1.2559856697502993	1.2672052080885081	1.2646792463037295	1.290591307294154	1.3265005495933753	1.3303771251129324	1.343624771379582	1.4188014654757954	1.419940010015476	1.5283044969648372	1.8746030750781821	2.152786179696148
1.2649361432036754	1.2376669875429311	1.2455513758242591	1.2457432901612617	1.2605443842709083	1.2482306835821009	1.2534807637376195	1.2605097908143936	1.2569598745164547	1.261417478400914	1.2662181199275744	1.2797240238220262	1.2826213978064245	1.29944347620928	1.330397258643532	1.3439803284003806	1.3746634657983314	1.4221114595896347	1.4967246659944176	1.5906923645111717	1.9749570379559034
1.2535009769006304	1.255104109172471	1.2518059898026144	1.2372589091331756	1.2548521611334171	1.2539992620118103	1.2585691274428177	1.2831591861396645	1.258505277817304	1.25985995646726	1.262060777798301	1.2732819157247541	1.2804218293203338	1.3120261304727077	1.3405907912651829	1.360589725331077	1.3910742951910762	1.423957985230162	1.501433736903706	1.594044902696762	2.0834101753040426
1.2515410929647142	1.2517728312364187	1.2505012317840534	1.2562855277839584	1.2479515751904944	1.2651198647939117	1.2580581138428928	1.2572615943077294	1.2613716827173163	1.2623439815011819	1.2572435773293176	1.2748045579680263	1.2906741642959836	1.2988575639988016	1.3417105878787026	1.3385370900336069	1.4044285018715437	1.4415600234980595	1.4897401353485837	1.9082292990138023	2.101013314033803
1.2398500708899456	1.2507029968410333	1.244890844667819	1.2642737528016859	1.2450780846376297	1.2467361892977291	1.2518352732797202	1.2583486601422655	1.2568207821279358	1.2689421634625238	1.2664148089959917	1.271931774327392	1.2876247960103593	1.307337064123714	1.3179290518301914	1.3611112624793968	1.392002972018134	1.4163161098429027	1.5059760827769657	1.6756894226972485	2.29973143901049
1.2609697143603695	1.2451368020366897	1.2516220652160457	1.2535796802496193	1.2523640968682097	1.2547058257301844	1.2582206007537788	1.247470340895261	1.2698458912839972	1.261685132741887	1.2792362025652744	1.2845816429331898	1.2841039005384265	1.3076949161666058	1.3258148381860084	1.3638825348604569	1.3884470671892577	1.4465739625146399	1.4937534617335395	1.6153041074057406	2.99441244537343
1.244409301092802	1.2428984225299766	1.2414092071325895	1.2441277501227088	1.2557073988157479	1.256125985338944	1.2533865138160154	1.2552885926498365	1.2653999358860324	1.2636482695367928	1.2710987040183523	1.2763309504357423	1.2979097571666438	1.3332871302064746	1.3355491748223391	1.3525268521913634	1.395966228680911	1.431607931256459	1.5529202337686616	1.7186457004231144	1.975807469689968
1.2407116819815327	1.2527734833457893	1.2432563382698647	1.2497180881050223	1.2555582151590317	1.2540144679764764	1.2573014070951496	1.2620542936535395	1.2524416524908208	1.262228446894248	1.2693442548449714	1.2714819813575098	1.2918783187967466	1.3043781073912046	1.326709102192078	1.349275559488475	1.4233437676789777	1.4566357197960584	1.5176956134682726	1.715973837381275	2.0689884021172555
1.2592597615197012	1.2564814994685063	1.2448062569816392	1.244887847687665	1.245702968343332	1.2611463818865443	1.2578301695911447	1.254720431858406	1.2573116602244239	1.2611701309699122	1.2660617722974243	1.286261339432055	1.2820283838316169	1.3057026578994846	1.3223064546720817	1.3609746975326276	1.3789978317321037	1.4404926369691253	1.4922585904165437	1.7076354944709318	2.2777481893692793
1.2522357796007482	1.2510778825732813	1.2590231077349596	1.2741218882480907	1.2607399350450483	1.254716765739997	1.2604357807742304	1.2643634734983342	1.2689307205524045	1.257332315753842	1.2833544575814275	1.2731489387408883	1.2884984994934887	1.3003601140739576	1.3284370614882075	1.3577251128791157	1.4104506010295115	1.456364629357893	1.493980816639353	1.6698080036417715	2.076313173729791
1.2532941073590342	1.2526837617413866	1.2541732073664504	1.2520247188526237	1.25512393948083	1.2541292634133676	1.2458994193113933	1.256258517063933	1.26479593061999	1.2616325175400274	1.265267902408599	1.2876677502497869	1.283872226811831	1.31285779760099	1.3228115921423746	1.3460963467568061	1.380429845337632	1.4373685840533112	1.5068970687372598	1.7532310506801299	2.0465012255643464
1.247992513244423	1.252823373351876	1.2477071874917596	1.2476834971172859	1.2581756490103575	1.2514545710945755	1.2550641566877525	1.261074310513376	1.254567173027999	1.2574447082289315	1.2863351628310233	1.2773810336034828	1.287798466371718	1.311966228263588	1.3299719085165713	1.3454434865547573	1.3920457365962333	1.4390749057477845	1.4892037856540514	1.8060417661741726	1.9634230328497413
1.2447557634142046	1.2444503180656241	1.2464415132442734	1.2509080421617649	1.2504758689031674	1.2487176386953525	1.2483231186023664	1.2711271213249606	1.2576502991366632	1.2647512386840505	1.25610113902573	1.26522306922399	1.2774938723264686	1.328045984839246	1.3337326565192367	1.3459770485588207	1.3993741604597987	1.4689178598163453	1.550866172624576	1.5840171780330636	2.117358041335846
1.2436688834216403	1.2442258877936403	1.2476297311680187	1.2437554074442732	1.2611874954278985	1.2529728501837107	1.2550056532400848	1.2552761532500767	1.247891947597492	1.2548768583632364	1.2800049800035915	1.2632926149280945	1.28478956398633	1.3131136461902198	1.3253517415449287	1.3431147686220164	1.3898229595581955	1.4175640830087013	1.4903906450843558	1.6736049605443395	2.1690324447077107
1.2421420235261618	1.2677838737141165	1.2562542147682556	1.2442605387314898	1.2519439127027605	1.2639991714757381	1.2560374098607174	1.2606879507502917	1.267135832349616	1.2569823764827723	1.2714350197252027	1.2803069593234602	1.27550090694603	1.2973815072955832	1.334879927621144	1.358951433980327	1.4038570492559446	1.4426553668370086	1.4931757194123139	1.7562146726721357	2.630879621338818
1.2577650546666583	1.2547320847674586	1.239247476626986	1.2424851863562967	1.2528144695779013	1.2580374671369172	1.2536523378309692	1.2603605448925128	1.2545771111600303	1.2526394735906152	1.265056066449787	1.2756609613746375	1.2895996687604345	1.3035647329381845	1.3319804594698494	1.3537171420929994	1.3845926602399208	1.4744059385759396	1.4922875575393348	1.6292040876373102	3.3000495521708015
