13.240720526799999
11.287926476700001
15.636380876599999
11.383116076766665
14.911895479966667
14.659354666699995
14.440884496733332
15.643841910266667
17.2201084334
15.274510629966667
18.203708096666666
20.56013168673333
17.186261550066668
14.9519364733
16.889118036600003
14.146102326633335
11.237524460066668
14.241906773433335
4.2875099234
1.6598136201
1.0580340333666667
0.7632788399666667
0.5824646367999999
0.22126874996666668
0.0601418466
0.05058674320000001
0.0519869767
0.05932474333333334
0.07214479659999998
0.1262654699
0.3274666166666667
