28.4625048694934
24.925372186712956
21.73470488747727
19.079213476012736
12.380047545351493
9.903056831078848
8.204944024761593
5.005126389324355
2.0274352551320955
1.0961234899279384
0.6986315208069066
0.1531719077792833
0.13973268426539093
0.13317215873613059
0.13714917298871568
0.14101210528668648
0.14804847862404288
0.157092389275226
10.625331496613947
60.3616852005249
108.94305202196215
139.6719425366486
173.67831300889412
197.53992753683087
221.25168727640875
221.86353172590714
221.91769656913837
221.5640731256826
224.9212275191514
222.03624957003092
221.44983564073738
