8.920482909966669
8.99336927663333
10.08346685
9.568192653333336
11.372588900066667
10.234560080033333
11.81913919
11.5098551167
10.743124999966666
9.198127616633338
7.694813863333332
5.8918311833666674
5.915402636666668
6.3231561133000005
6.872953316699999
7.9781345566666655
9.931923386633333
13.923598943299998
8.813274516766667
2.9440945199666664
1.4352956099999998
0.8448360633333333
0.4024019666666666
0.20673797326666662
0.04698702326666667
0.04379373666666667
0.04537950999999999
0.047258146733333325
0.05261228996666666
0.06300830663333333
0.09608971993333335
