1.5889286799999998
1.5735646065333337
1.7527991566666663
1.5740983599666667
1.8427087599666665
2.03524653
2.1137511800666666
2.343299626666666
3.2306775133333328
4.321106536733333
4.497109526633333
2.8842377800333328
3.015079749966667
3.0367384533000004
3.006841966666667
3.1352776
3.8864939966666663
4.958451113400001
6.281635283333334
9.90382424676667
3.3679156266666666
1.3798224099999998
0.3439401266
0.0831424933
0.05026938666666668
0.04950598999999999
0.04460692010000001
0.05133550330000001
0.0546218433
0.053236773300000005
0.05197342
