1.518481323333333
1.3553474767
1.5446303299666664
1.44699208
1.5863571033000001
1.4229165366666667
1.4200745966333335
1.3606507200333335
1.3062276767
1.3873209066333334
1.3364812866666667
1.3286458533666665
1.3584475567000003
1.3670191499666664
1.3816224399666663
1.3767787833
1.452494690033333
1.474361420066667
1.5853651266999997
1.8212834465999999
1.9064310166666667
2.33691541
2.9135853700333327
3.800144679933334
4.180375373366667
1.2429725333333332
0.6226998700333333
0.36238448006666674
0.1540098233666667
0.09444469329999998
0.041064166666666665
