2.578651793166666
2.1750648368
2.4862807633666666
2.565407753333333
2.579024929933334
2.6673596533666672
2.7686282333666665
3.370193959933333
2.7808147032
3.3314476698666673
3.302087780033334
4.2496086534
4.135691950033334
5.7213685534
8.019687436666667
10.653622556700002
11.4675126633
3.5438779368000004
1.6752448399000002
0.9453403833333335
0.5805589535333333
0.11297422676666669
0.0577493199
0.0575857268
0.06230338676666667
0.06052715
0.06778838996666667
0.14984100003333334
1.2240512265333332
18.68975116
0.0
